Co2(scd40) raw_signla(sgp40) aiq(ens160) tvoc(ens160) eco2(ens160) rs1(ens160) rs3(ens160) rs4(ens160) rmox(zmod4410) tvoc(zmod4410) eco2(zmod4410) iaq(zmod4410) resistencia(bme688) Aire/muestra
32,41 65 473 64,28 80,13 36,86 25,14 4,87 0,0272 402  1 200039,0625 1
32,41 65 473 64,28 80,13 36,86 25,14 4,87 0,0266 402  1 168089,296875 1
32,38 524 873 57,18 61,58 22,74 25,14 4,87 0,0266 402  1 168089,296875 1
32,38 524 873 57,18 61,58 22,74 25,14 4,87 0,1731 403  1 168089,296875 1
32,83 1672 873 57,18 61,58 22,74 25,14 4,87 0,1731 403  1 111449,71875 1
32,83 1672 1152 50,14 47,15 14,89 25,14 4,87 0,3106 405  2 111449,71875 1
34,29 1672 1152 50,14 47,15 14,89 25,14 4,87 0,3106 405  2 88306,3125 1
34,29 1863 1190 47,26 42,19 14,27 25,14 4,87 0,3106 405  2 88306,3125 1
34,29 1863 1190 47,26 42,19 14,27 25,14 4,87 0,4275 409  2 81321,476562 1
35,78 1842 1186 45,24 39,53 14,34 25,14 4,87 0,4275 409  2 81321,476562 1
35,78 1842 1186 45,24 39,53 14,34 25,14 4,87 0,5348 411  2 78696,585937 1
37,08 1650 1147 44,21 39,37 14,99 25,14 4,87 0,5348 411  2 78696,585937 1
37,08 1650 1147 44,21 39,37 14,99 25,14 4,87 0,6304 413  2 78696,585937 1
38,23 1523 1147 44,21 39,37 14,99 25,14 4,87 0,6304 413  2 79134,46875 1
38,23 1523 1121 44,44 38,26 15,48 25,14 4,87 0,7145 415  2 79134,46875 1
39,14 1523 1121 44,44 38,26 15,48 25,14 4,87 0,7145 415  2 80025,007812 1
39,14 1428 1104 44,33 37,94 15,81 25,14 4,87 0,7145 415  2 80025,007812 1
39,14 1428 1104 44,33 37,94 15,81 25,14 4,87 0,7864 416  2 81089,640625 1
39,95 1373 1088 44,26 37,35 16,13 25,14 4,87 0,7864 416  2 81089,640625 1
39,95 1373 1088 44,26 37,35 16,13 25,14 4,87 0,8479 417  2 82982,171875 1
39,95 1268 1065 43,87 38,02 16,64 25,14 4,87 0,8479 417  2 82982,171875 1
39,95 1268 1065 43,87 38,02 16,64 25,14 4,87 0,8992 417  2 82982,171875 1
40,64 1239 1065 43,87 38,02 16,64 25,14 4,87 0,8992 417  2 84712,109375 1
40,64 1239 1058 45,09 38,57 16,8 25,14 4,87 0,9436 418  2 84712,109375 1
41,26 1239 1058 45,09 38,57 16,8 25,14 4,87 0,9436 418  2 86079,351562 1
41,26 1124 1037 45,01 38,15 17,31 25,14 4,87 0,9436 418  2 86079,351562 1
41,26 1124 1037 45,01 38,15 17,31 25,14 4,87 0,9812 418  2 87942,289062 1
41,78 1039 1011 45,13 38,77 17,98 25,14 4,87 0,9812 418  2 87942,289062 1
41,78 1039 1011 45,13 38,77 17,98 25,14 4,87 1,0116 419  2 89136,492187 1
42,23 1000 1002 46,66 39,23 18,24 25,14 4,87 1,0116 419  2 89136,492187 1
34,63 52 429 61,68 65,56 38,77 25,14 4,87 0,7827 424  3 167101,828125 1
34,63 35 425 63,14 67,7 38,93 25,14 4,87 0,7827 424  3 167101,828125 1
34,63 35 425 63,14 67,7 38,93 25,14 4,87 0,791 425  3 133090,71875 1
34,59 534 876 55,37 52,93 22,77 25,14 4,87 0,791 425  3 133090,71875 1
34,59 534 876 55,37 52,93 22,77 25,14 4,87 0,8792 426  3 105916,421875 1
34,59 993 1000 49,72 46,5 18,31 25,14 4,87 0,8792 426  3 105916,421875 1
34,59 993 1000 49,72 46,5 18,31 25,14 4,87 0,9193 428  3 105916,421875 1
35,76 1179 1000 49,72 46,5 18,31 25,14 4,87 0,9193 428  3 96294,90625 1
35,76 1179 1029 47,81 42,93 17,57 25,14 4,87 0,9562 430  3 96294,90625 1
37,17 1179 1029 47,81 42,93 17,57 25,14 4,87 0,9562 430  3 89604,476562 1
37,17 1104 1027 47,12 41,53 17,63 25,14 4,87 0,9562 430  3 89604,476562 1
37,17 1104 1027 47,12 41,53 17,63 25,14 4,87 0,9899 433  3 88215,023437 1
38,39 1102 1026 45,59 41,0 17,64 25,14 4,87 0,9899 433  3 88215,023437 1
38,39 1102 1026 45,59 41,0 17,64 25,14 4,87 1,0195 436  3 88215,023437 1
39,36 1002 1002 45,59 40,43 18,29 25,14 4,87 1,0195 436  3 88215,023437 1
39,36 1002 1002 45,59 40,43 18,29 25,14 4,87 1,0444 440  3 88215,023437 1
40,15 955 1002 45,59 40,43 18,29 25,14 4,87 1,0444 440  3 89698,671875 1
40,15 955 987 46,56 40,39 18,73 25,14 4,87 1,0655 443  3 89698,671875 1
40,83 955 987 46,56 40,39 18,73 25,14 4,87 1,0655 443  3 90459,367187 1
40,83 863 967 46,26 40,31 19,35 25,14 4,87 1,0655 443  3 90459,367187 1
40,83 863 967 46,26 40,31 19,35 25,14 4,87 1,0827 445  3 94325,71875 1
41,48 852 964 46,61 40,25 19,44 25,14 4,87 1,0827 445  3 94325,71875 1
41,48 852 964 46,61 40,25 19,44 25,14 4,87 1,0968 446  3 95808,382812 1
41,97 774 944 45,52 40,68 20,13 25,14 4,87 1,0968 446  3 95808,382812 1
41,97 774 944 45,52 40,68 20,13 25,14 4,87 1,1078 448  3 95808,382812 1
42,48 761 944 45,52 40,68 20,13 25,14 4,87 1,1078 448  3 96403,6875 1
42,48 761 926 45,95 40,97 20,81 25,14 4,87 1,1163 448  3 96403,6875 1
42,89 761 926 45,95 40,97 20,81 25,14 4,87 1,1163 448  3 97338,40625 1
42,89 753 938 46,59 40,68 20,35 25,14 4,87 1,1163 448  3 97338,40625 1
42,89 753 938 46,59 40,68 20,35 25,14 4,87 1,1225 449  3 98860,78125 1
35,3 28 408 61,14 65,78 39,88 25,14 4,87 0,7258 456  3 168255,015625 1
35,04 61 408 61,14 65,78 39,88 25,14 4,87 0,7258 456  3 169761,265625 1
35,04 61 478 58,87 65,56 37,49 25,14 4,87 0,7729 453  3 169761,265625 1
34,69 61 478 58,87 65,56 37,49 25,14 4,87 0,7729 453  3 129850,367187 1
34,69 573 888 52,84 52,79 22,56 25,14 4,87 0,7729 453  3 129850,367187 1
34,69 573 888 52,84 52,79 22,56 25,14 4,87 0,8207 451  3 110297,289062 1
35,59 758 940 48,92 47,31 20,49 25,14 4,87 0,8207 451  3 110297,289062 1
35,59 758 940 48,92 47,31 20,49 25,14 4,87 0,8568 449  3 102297,703125 1
36,93 857 968 47,68 44,08 19,54 25,14 4,87 0,8568 449  3 102297,703125 1
36,93 857 968 47,68 44,08 19,54 25,14 4,87 0,8898 447  3 102297,703125 1
38,17 866 968 47,68 44,08 19,54 25,14 4,87 0,8898 447  3 98975,453125 1
38,17 866 968 47,71 43,65 19,55 25,14 4,87 0,9202 446  3 98975,453125 1
39,19 866 968 47,71 43,65 19,55 25,14 4,87 0,9202 446  3 97896,75 1
39,19 867 968 46,69 42,48 19,55 25,14 4,87 0,9202 446  3 97896,75 1
39,19 867 968 46,69 42,48 19,55 25,14 4,87 0,9468 445  3 96567,335937 1
40,04 812 954 45,67 41,92 20,03 25,14 4,87 0,9468 445  3 96567,335937 1
40,04 812 954 45,67 41,92 20,03 25,14 4,87 0,9699 445  3 98461,539062 1
40,83 752 938 46,34 42,01 20,59 25,14 4,87 0,9699 445  3 98461,539062 1
40,83 752 938 46,34 42,01 20,59 25,14 4,87 0,9889 445  3 98461,539062 1
41,39 724 938 46,34 42,01 20,59 25,14 4,87 0,9889 445  3 100431,539062 1
41,39 724 931 46,55 41,56 20,88 25,14 4,87 1,006 446  3 100431,539062 1
41,97 724 931 46,55 41,56 20,88 25,14 4,87 1,006 446  3 100787,398437 1
41,97 676 917 47,87 41,87 21,39 25,14 4,87 1,006 446  3 100787,398437 1
41,97 676 917 47,87 41,87 21,39 25,14 4,87 1,0195 447  3 102297,703125 1
42,41 658 910 45,35 42,19 21,69 25,14 4,87 1,0195 447  3 102297,703125 1
42,41 658 910 45,35 42,19 21,69 25,14 4,87 1,03 448  3 103288,28125 1
42,85 605 897 46,61 41,57 22,23 25,14 4,87 1,03 448  3 103288,28125 1
42,85 605 897 46,61 41,57 22,23 25,14 4,87 1,038 450  3 103288,28125 1
43,17 569 897 46,61 41,57 22,23 25,14 4,87 1,038 450  3 104875,054687 1
43,17 569 887 47,13 41,98 22,71 25,14 4,87 1,0448 451  3 104875,054687 1
35,07 26 406 60,0 68,74 40,49 25,14 4,87 0,6656 449  2 170951,59375 1
35,07 26 406 60,0 68,74 40,49 25,14 4,87 0,6195 437  2 158415,84375 1
34,85 185 674 57,98 61,68 31,38 25,14 4,87 0,6195 437  2 158415,84375 1
34,85 185 674 57,98 61,68 31,38 25,14 4,87 0,6862 427  2 158415,84375 1
35,09 588 674 57,98 61,68 31,38 25,14 4,87 0,6862 427  2 127236,578125 1
35,09 588 892 52,33 52,03 22,58 25,14 4,87 0,7282 421  3 127236,578125 1
36,37 588 892 52,33 52,03 22,58 25,14 4,87 0,7282 421  3 113374,664062 1
36,37 742 936 48,99 47,12 20,82 25,14 4,87 0,7282 421  3 113374,664062 1
36,37 742 936 48,99 47,12 20,82 25,14 4,87 0,7663 415  3 107653,492187 1
37,62 718 929 49,96 45,59 21,1 25,14 4,87 0,7663 415  3 107653,492187 1
37,62 718 929 49,96 45,59 21,1 25,14 4,87 0,8022 412  3 105654,148437 1
38,66 742 936 47,45 44,87 20,86 25,14 4,87 0,8022 412  3 105654,148437 1
38,66 742 936 47,45 44,87 20,86 25,14 4,87 0,8349 409  3 105654,148437 1
39,5 692 936 47,45 44,87 20,86 25,14 4,87 0,8349 409  3 103980,5 1
39,5 692 922 47,15 43,66 21,38 25,14 4,87 0,8636 407  3 103980,5 1
40,21 692 922 47,15 43,66 21,38 25,14 4,87 0,8636 407  3 104298,226562 1
40,21 669 917 46,61 43,69 21,57 25,14 4,87 0,8636 407  3 104298,226562 1
40,21 669 917 46,61 43,69 21,57 25,14 4,87 0,8889 405  3 104298,226562 1
40,82 635 906 46,8 43,45 22,04 25,14 4,87 0,8889 405  3 104298,226562 1
40,82 635 906 46,8 43,45 22,04 25,14 4,87 0,911 405  3 105198,273437 1
40,82 601 896 46,34 42,75 22,46 25,14 4,87 0,911 405  3 105198,273437 1
40,82 601 896 46,34 42,75 22,46 25,14 4,87 0,9296 405  3 105198,273437 1
41,36 600 896 46,34 42,75 22,46 25,14 4,87 0,9296 405  3 106644,445312 1
41,36 600 896 46,22 42,8 22,48 25,14 4,87 0,9451 405  3 106644,445312 1
41,78 600 896 46,22 42,8 22,48 25,14 4,87 0,9451 405  3 107585,625 1
41,78 570 890 46,39 42,75 22,77 25,14 4,87 0,9451 405  3 107585,625 1
41,78 570 890 46,39 42,75 22,77 25,14 4,87 0,9582 406  3 109238,320312 1
42,17 499 866 47,1 43,68 23,91 25,14 4,87 0,9582 406  3 109238,320312 1
42,17 499 866 47,1 43,68 23,91 25,14 4,87 0,9691 407  3 110083,851562 1
42,48 531 876 47,02 43,62 23,43 25,14 4,87 0,9691 407  3 110083,851562 1
34,82 23 404 59,91 69,0 40,86 25,14 4,87 0,5948 407  2 174803,6875 1
34,82 23 400 60,5 68,46 41,08 25,14 4,87 0,5948 407  2 174803,6875 1
34,82 23 400 60,5 68,46 41,08 25,14 4,87 0,5964 405  2 147848,6875 1
34,82 282 786 55,33 58,61 28,42 25,14 4,87 0,5964 405  2 147848,6875 1
34,82 282 786 55,33 58,61 28,42 25,14 4,87 0,6503 404  2 125922,28125 1
34,82 556 883 51,62 51,66 23,14 25,14 4,87 0,6503 404  2 125922,28125 1
34,82 556 883 51,62 51,66 23,14 25,14 4,87 0,6903 403  2 125922,28125 1
35,93 673 883 51,62 51,66 23,14 25,14 4,87 0,6903 403  2 116231,554687 1
35,93 673 927 49,37 47,56 21,3 25,14 4,87 0,727 402  3 116231,554687 1
37,29 673 927 49,37 47,56 21,3 25,14 4,87 0,727 402  3 111231,804687 1
37,29 680 918 48,39 45,9 21,62 25,14 4,87 0,727 402  3 111231,804687 1
37,29 680 918 48,39 45,9 21,62 25,14 4,87 0,7622 402  3 108751,0625 1
38,43 677 918 47,68 45,23 21,65 25,14 4,87 0,7622 402  3 108751,0625 1
38,43 677 918 47,68 45,23 21,65 25,14 4,87 0,7941 401  3 108681,804687 1
39,37 663 914 47,07 44,62 21,82 25,14 4,87 0,7941 401  3 108681,804687 1
39,37 663 914 47,07 44,62 21,82 25,14 4,87 0,8231 401  3 108681,804687 1
40,16 602 914 47,07 44,62 21,82 25,14 4,87 0,8231 401  3 108474,578125 1
40,16 602 901 47,21 44,23 22,34 25,14 4,87 0,8481 402  3 108474,578125 1
40,79 602 901 47,21 44,23 22,34 25,14 4,87 0,8481 402  3 109448,484375 1
40,79 592 894 47,1 44,68 22,69 25,14 4,87 0,8481 402  3 109448,484375 1
40,79 592 894 47,1 44,68 22,69 25,14 4,87 0,8704 402  3 110012,890625 1
41,29 549 881 47,65 43,79 23,28 25,14 4,87 0,8704 402  3 110012,890625 1
41,29 549 881 47,65 43,79 23,28 25,14 4,87 0,8893 403  3 111014,742187 1
41,79 523 873 46,78 43,87 23,65 25,14 4,87 0,8893 403  3 111014,742187 1
41,79 523 873 46,78 43,87 23,65 25,14 4,87 0,9055 404  3 111014,742187 1
42,2 530 873 46,78 43,87 23,65 25,14 4,87 0,9055 404  3 112478,03125 1
42,2 530 866 45,9 44,14 24,02 25,14 4,87 0,919 406  3 112478,03125 1
42,54 530 866 45,9 44,14 24,02 25,14 4,87 0,919 406  3 112256,085937 1
42,54 493 864 46,83 44,38 24,13 25,14 4,87 0,919 406  3 112256,085937 1
42,54 493 864 46,83 44,38 24,13 25,14 4,87 0,9302 408  3 114362,296875 1
35,37 20 400 59,77 68,14 41,64 25,14 4,87 0,5546 410  2 174090,453125 1
35,1 54 400 59,77 68,14 41,64 25,14 4,87 0,5546 410  2 175703,5 1
35,1 54 465 58,97 66,34 38,85 25,14 4,87 0,5977 407  2 175703,5 1
34,86 54 465 58,97 66,34 38,85 25,14 4,87 0,5977 407  2 142538,96875 1
34,86 415 840 53,04 56,14 25,61 25,14 4,87 0,5977 407  2 142538,96875 1
34,86 415 840 53,04 56,14 25,61 25,14 4,87 0,643 405  2 124543,90625 1
35,66 565 886 50,33 51,12 23,2 25,14 4,87 0,643 405  2 124543,90625 1
35,66 565 886 50,33 51,12 23,2 25,14 4,87 0,6819 404  2 117512,046875 1
36,97 633 900 49,52 47,86 22,57 25,14 4,87 0,6819 404  2 117512,046875 1
36,97 633 900 49,52 47,86 22,57 25,14 4,87 0,7178 403  3 117512,046875 1
38,19 603 900 49,52 47,86 22,57 25,14 4,87 0,7178 403  3 114669,65625 1
38,19 603 897 48,29 46,58 22,71 25,14 4,87 0,7503 402  3 114669,65625 1
39,13 603 897 48,29 46,58 22,71 25,14 4,87 0,7503 402  3 113980,40625 1
39,13 593 894 47,69 46,22 22,84 25,14 4,87 0,7503 402  3 113980,40625 1
39,13 593 894 47,69 46,22 22,84 25,14 4,87 0,7801 402  3 113374,664062 1
39,91 584 891 48,26 45,33 22,96 25,14 4,87 0,7801 402  3 113374,664062 1
39,91 584 891 48,26 45,33 22,96 25,14 4,87 0,806 402  3 112552,210937 1
40,62 527 886 47,44 45,18 23,22 25,14 4,87 0,806 402  3 112552,210937 1
40,62 527 886 47,44 45,18 23,22 25,14 4,87 0,8288 402  3 112552,210937 1
41,2 529 886 47,44 45,18 23,22 25,14 4,87 0,8288 402  3 114592,65625 1
41,2 529 875 46,99 45,01 23,75 25,14 4,87 0,8484 403  3 114592,65625 1
41,62 529 875 46,99 45,01 23,75 25,14 4,87 0,8484 403  3 114978,664062 1
41,62 490 863 47,94 44,53 24,34 25,14 4,87 0,8484 403  3 114978,664062 1
41,62 490 863 47,94 44,53 24,34 25,14 4,87 0,8657 404  3 116231,554687 1
42,07 499 866 46,81 44,91 24,18 25,14 4,87 0,8657 404  3 116231,554687 1
42,07 499 866 46,81 44,91 24,18 25,14 4,87 0,8806 405  3 116868,296875 1
42,48 490 863 46,59 45,16 24,35 25,14 4,87 0,8806 405  3 116868,296875 1
42,48 490 863 46,59 45,16 24,35 25,14 4,87 0,8937 407  3 116868,296875 1
42,8 457 863 46,59 45,16 24,35 25,14 4,87 0,8937 407  3 118655,851562 1
42,8 457 853 46,33 44,94 24,91 25,14 4,87 0,9051 409  3 118655,851562 1
35,1 27 408 60,5 70,77 41,46 25,14 4,87 0,53 411  2 178459,390625 1
35,1 27 408 60,5 70,77 41,46 25,14 4,87 0,4875 408  2 167429,6875 1
34,8 146 622 56,89 64,13 33,78 25,14 4,87 0,4875 408  2 167429,6875 1
34,8 146 622 56,89 64,13 33,78 25,14 4,87 0,5448 406  2 167429,6875 1
35,11 448 622 56,89 64,13 33,78 25,14 4,87 0,5448 406  2 139054,859375 1
35,11 448 850 52,26 55,09 25,27 25,14 4,87 0,5888 405  2 139054,859375 1
36,48 448 850 52,26 55,09 25,27 25,14 4,87 0,5888 405  2 126858,273437 1
36,48 565 886 51,0 51,64 23,43 25,14 4,87 0,5888 405  2 126858,273437 1
36,48 565 886 51,0 51,64 23,43 25,14 4,87 0,6295 404  2 120584,078125 1
37,78 589 893 48,99 49,17 23,12 25,14 4,87 0,6295 404  2 120584,078125 1
37,78 589 893 48,99 49,17 23,12 25,14 4,87 0,6678 403  2 117431,195312 1
38,77 568 887 49,3 47,36 23,4 25,14 4,87 0,6678 403  2 117431,195312 1
38,77 568 887 49,3 47,36 23,4 25,14 4,87 0,7035 402  2 117431,195312 1
39,67 532 887 49,3 47,36 23,4 25,14 4,87 0,7035 402  2 116152,453125 1
39,67 532 876 48,13 46,88 23,92 25,14 4,87 0,7359 402  2 116152,453125 1
40,36 532 876 48,13 46,88 23,92 25,14 4,87 0,7359 402  2 115758,53125 1
40,36 538 871 47,31 46,31 24,18 25,14 4,87 0,7359 402  2 115758,53125 1
40,36 538 871 47,31 46,31 24,18 25,14 4,87 0,7644 402  3 115367,28125 1
41,03 544 879 46,91 45,46 23,76 25,14 4,87 0,7644 402  3 115367,28125 1
41,03 544 879 46,91 45,46 23,76 25,14 4,87 0,7895 402  3 117269,8125 1
41,54 517 871 46,8 45,9 24,16 25,14 4,87 0,7895 402  3 117269,8125 1
41,54 517 871 46,8 45,9 24,16 25,14 4,87 0,8114 403  3 117269,8125 1
41,54 484 871 46,8 45,9 24,16 25,14 4,87 0,8114 403  3 117755,289062 1
41,54 484 861 47,04 45,21 24,68 25,14 4,87 0,83 404  3 117755,289062 1
42,02 484 861 47,04 45,21 24,68 25,14 4,87 0,83 404  3 117755,289062 1
42,02 476 851 47,66 45,7 25,22 25,14 4,87 0,83 404  3 117755,289062 1
42,02 476 851 47,66 45,7 25,22 25,14 4,87 0,846 406  3 120075,046875 1
42,33 447 850 46,62 45,3 25,33 25,14 4,87 0,846 406  3 120075,046875 1
42,33 447 850 46,62 45,3 25,33 25,14 4,87 0,8599 408  3 121011,578125 1
42,66 437 846 47,07 46,5 25,51 25,14 4,87 0,8599 408  3 121011,578125 1
34,77 16 407 61,02 69,58 41,82 25,14 4,87 0,4654 411  2 180535,96875 1
34,77 16 400 60,22 71,78 42,88 25,14 4,87 0,4654 411  2 180535,96875 1
34,77 16 400 60,22 71,78 42,88 25,14 4,87 0,4582 408  2 156814,703125 1
34,66 248 749 54,11 60,1 30,18 25,14 4,87 0,4582 408  2 156814,703125 1
34,66 248 749 54,11 60,1 30,18 25,14 4,87 0,5195 406  2 136061,65625 1
35,85 471 857 50,48 54,44 25,05 25,14 4,87 0,5195 406  2 136061,65625 1
35,85 471 857 50,48 54,44 25,05 25,14 4,87 0,5632 404  2 136061,65625 1
35,85 576 857 50,48 54,44 25,05 25,14 4,87 0,5632 404  2 126952,640625 1
35,85 576 883 50,26 50,55 23,73 25,14 4,87 0,6057 403  2 126952,640625 1
37,17 576 883 50,26 50,55 23,73 25,14 4,87 0,6057 403  2 122312,46875 1
37,17 571 887 48,62 48,92 23,53 25,14 4,87 0,6057 403  2 122312,46875 1
37,17 571 887 48,62 48,92 23,53 25,14 4,87 0,6447 403  2 119152,898437 1
38,36 578 889 49,17 47,55 23,45 25,14 4,87 0,6447 403  2 119152,898437 1
38,36 578 889 49,17 47,55 23,45 25,14 4,87 0,6807 402  2 118244,804687 1
39,3 575 889 48,16 47,82 23,49 25,14 4,87 0,6807 402  2 118244,804687 1
39,3 575 889 48,16 47,82 23,49 25,14 4,87 0,7133 402  2 118244,804687 1
40,03 530 889 48,16 47,82 23,49 25,14 4,87 0,7133 402  2 118408,882812 1
40,03 530 872 47,5 46,86 24,29 25,14 4,87 0,7421 402  3 118408,882812 1
40,66 530 872 47,5 46,86 24,29 25,14 4,87 0,7421 402  3 119486,578125 1
40,66 509 869 47,37 46,72 24,46 25,14 4,87 0,7421 402  3 119486,578125 1
40,66 509 869 47,37 46,72 24,46 25,14 4,87 0,7674 403  3 119822,140625 1
41,23 472 857 47,56 46,91 25,07 25,14 4,87 0,7674 403  3 119822,140625 1
41,23 472 857 47,56 46,91 25,07 25,14 4,87 0,7894 404  3 120754,71875 1
41,62 466 856 47,98 46,0 25,17 25,14 4,87 0,7894 404  3 120754,71875 1
41,62 466 856 47,98 46,0 25,17 25,14 4,87 0,8086 406  3 120754,71875 1
42,07 443 856 47,98 46,0 25,17 25,14 4,87 0,8086 406  3 121615,203125 1
42,07 443 856 46,64 45,64 25,17 25,14 4,87 0,8248 408  3 121615,203125 1
42,31 443 856 46,64 45,64 25,17 25,14 4,87 0,8248 408  3 122312,46875 1
42,31 411 838 48,13 46,22 26,19 25,14 4,87 0,8248 408  3 122312,46875 1
42,31 411 838 48,13 46,22 26,19 25,14 4,87 0,8389 410  3 123821,039062 1
34,96 33 409 60,83 70,15 41,88 25,14 4,87 0,4295 413  2 178646,203125 1
34,66 62 409 60,83 70,15 41,88 25,14 4,87 0,4295 413  2 181882,765625 1
34,66 62 481 58,89 69,87 39,07 25,14 4,87 0,4692 410  2 181882,765625 1
34,37 62 481 58,89 69,87 39,07 25,14 4,87 0,4692 410  2 151255,546875 1
34,37 329 811 53,89 57,9 28,03 25,14 4,87 0,4692 410  2 151255,546875 1
34,37 329 811 53,89 57,9 28,03 25,14 4,87 0,5175 407  2 134559,796875 1
35,13 496 865 50,54 53,82 24,73 25,14 4,87 0,5175 407  2 134559,796875 1
35,13 496 865 50,54 53,82 24,73 25,14 4,87 0,5612 405  2 128385,15625 1
36,42 541 876 49,37 50,67 24,18 25,14 4,87 0,5612 405  2 128385,15625 1
36,42 541 876 49,37 50,67 24,18 25,14 4,87 0,6026 404  2 128385,15625 1
37,7 528 876 49,37 50,67 24,18 25,14 4,87 0,6026 404  2 123641,632812 1
37,7 528 875 49,04 48,69 24,24 25,14 4,87 0,6403 403  2 123641,632812 1
38,68 528 875 49,04 48,69 24,24 25,14 4,87 0,6403 403  2 121788,773437 1
38,68 502 867 49,02 48,2 24,63 25,14 4,87 0,6403 403  2 121788,773437 1
38,68 502 867 49,02 48,2 24,63 25,14 4,87 0,6747 403  2 120669,335937 1
39,5 525 874 47,28 47,04 24,29 25,14 4,87 0,6747 403  2 120669,335937 1
39,5 525 874 47,28 47,04 24,29 25,14 4,87 0,7058 403  2 121097,445312 1
40,19 510 869 47,36 47,5 24,55 25,14 4,87 0,7058 403  2 121097,445312 1
40,19 510 869 47,36 47,5 24,55 25,14 4,87 0,7332 403  2 121097,445312 1
40,76 454 869 47,36 47,5 24,55 25,14 4,87 0,7332 403  2 121962,835937 1
40,76 454 852 47,16 46,92 25,45 25,14 4,87 0,7574 404  3 121962,835937 1
41,21 454 852 47,16 46,92 25,45 25,14 4,87 0,7574 404  3 123106,515625 1
41,21 435 846 48,64 46,33 25,79 25,14 4,87 0,7574 404  3 123106,515625 1
41,21 435 846 48,64 46,33 25,79 25,14 4,87 0,7785 405  3 123641,632812 1
41,65 435 847 48,16 46,83 25,77 25,14 4,87 0,7785 405  3 123641,632812 1
41,65 435 847 48,16 46,83 25,77 25,14 4,87 0,7969 407  3 124543,90625 1
41,96 415 840 47,98 46,99 26,18 25,14 4,87 0,7969 407  3 124543,90625 1
41,96 415 840 47,98 46,99 26,18 25,14 4,87 0,8127 409  3 124543,90625 1
42,25 393 840 47,98 46,99 26,18 25,14 4,87 0,8127 409  3 126482,210937 1
42,25 393 833 47,2 46,67 26,62 25,14 4,87 0,8265 411  3 126482,210937 1
34,69 24 401 61,27 69,91 42,35 25,14 4,87 0,4424 417  2 179964,84375 1
34,69 24 401 61,27 69,91 42,35 25,14 4,87 0,4058 413  2 171639,296875 1
34,42 132 600 56,85 64,83 34,97 25,14 4,87 0,4058 413  2 171639,296875 1
34,42 132 600 56,85 64,83 34,97 25,14 4,87 0,4662 410  2 171639,296875 1
34,69 383 600 56,85 64,83 34,97 25,14 4,87 0,4662 410  2 145330,6875 1
34,69 383 829 51,26 56,53 26,87 25,14 4,87 0,5134 407  2 145330,6875 1
36,01 383 829 51,26 56,53 26,87 25,14 4,87 0,5134 407  2 133821,21875 1
36,01 498 865 49,1 52,61 24,55 25,14 4,87 0,5134 407  2 133821,21875 1
36,01 498 865 49,1 52,61 24,55 25,14 4,87 0,5561 405  2 127808,289062 1
37,36 495 865 48,92 50,67 24,81 25,14 4,87 0,5561 405  2 127808,289062 1
37,36 495 865 48,92 50,67 24,81 25,14 4,87 0,5964 404  2 125183,375 1
38,41 504 868 47,73 49,3 24,67 25,14 4,87 0,5964 404  2 125183,375 1
38,41 504 868 47,73 49,3 24,67 25,14 4,87 0,6336 403  2 125183,375 1
39,22 516 868 47,73 49,3 24,67 25,14 4,87 0,6336 403  2 123641,632812 1
39,22 516 871 47,1 48,29 24,49 25,14 4,87 0,6672 403  2 123641,632812 1
39,93 516 871 47,1 48,29 24,49 25,14 4,87 0,6672 403  2 124181,421875 1
39,93 518 857 47,1 47,79 25,22 25,14 4,87 0,6672 403  2 124181,421875 1
39,93 518 857 47,1 47,79 25,22 25,14 4,87 0,6969 403  2 124543,90625 1
40,44 454 852 47,36 48,39 25,52 25,14 4,87 0,6969 403  2 124543,90625 1
40,44 454 852 47,36 48,39 25,52 25,14 4,87 0,7234 403  2 125367,289062 1
40,94 419 841 47,86 46,83 26,17 25,14 4,87 0,7234 403  2 125367,289062 1
40,94 419 841 47,86 46,83 26,17 25,14 4,87 0,7461 405  3 125367,289062 1
40,94 429 841 47,86 46,83 26,17 25,14 4,87 0,7461 405  3 125367,289062 1
40,94 429 844 48,84 47,5 25,98 25,14 4,87 0,7663 406  3 125367,289062 1
41,37 429 844 48,84 47,5 25,98 25,14 4,87 0,7663 406  3 125922,28125 1
41,37 390 836 47,87 47,87 26,49 25,14 4,87 0,7663 406  3 125922,28125 1
41,37 390 836 47,87 47,87 26,49 25,14 4,87 0,7839 408  3 127331,507812 1
41,69 388 831 47,07 47,61 26,8 25,14 4,87 0,7839 408  3 127331,507812 1
41,69 388 831 47,07 47,61 26,8 25,14 4,87 0,7992 410  3 127521,796875 1
41,96 371 825 47,65 47,76 27,17 25,14 4,87 0,7992 410  3 127521,796875 1
