Co2(scd40) raw_signla(sgp40) aiq(ens160) tvoc(ens160) eco2(ens160) rs1(ens160) rs3(ens160) rs4(ens160) rmox(zmod4410) tvoc(zmod4410) eco2(zmod4410) iaq(zmod4410) resistencia(bme688) Aire/muestra
1231 29834 4 961 971 320,62 276,64 55,2 5,42 0,5298 416 2 392487,53125 1
1231 29834 4 961 971 320,62 276,64 55,2 5,42 0,5636 418 2 387805,34375 1
1231 29806 4 918 981 318,25 267,79 54,33 5,42 0,5636 418 2 387805,34375 1
1231 29806 4 918 981 318,25 267,79 54,33 5,42 0,5976 422 2 387805,34375 1
1232 29785 4 941 981 318,25 267,79 54,33 5,42 0,5976 422 2 384745,4375 1
1232 29785 4 941 987 309,54 263,12 53,84 5,42 0,6259 425 2 384745,4375 1
1234 29774 4 941 987 309,54 263,12 53,84 5,42 0,6259 425 2 380245,09375 1
1234 29774 4 919 982 307,45 257,4 54,31 5,42 0,6259 425 2 380245,09375 1
1234 29774 4 919 982 307,45 257,4 54,31 5,42 0,6556 428 2 378768,25 1
1236 29769 4 955 975 315,03 253,85 54,85 5,42 0,6556 428 2 378768,25 1
1236 29769 4 955 975 315,03 253,85 54,85 5,42 0,6798 430 3 367684,03125 1
1237 29767 4 878 971 302,49 253,33 55,22 5,42 0,6798 430 3 367684,03125 1
1237 29767 4 878 971 302,49 253,33 55,22 5,42 0,7079 432 3 367684,03125 1
1239 29768 4 936 971 302,49 253,33 55,22 5,42 0,7079 432 3 375229,03125 1
1239 29768 4 936 986 299,64 252,31 53,95 5,42 0,728 433 3 375229,03125 1
1239 29766 4 936 986 299,64 252,31 53,95 5,42 0,728 433 3 364932,28125 1
1239 29766 4 898 976 303,93 244,57 54,77 5,42 0,728 433 3 364932,28125 1
1239 29766 4 898 976 303,93 244,57 54,77 5,42 0,7466 434 3 365322,875 1
1239 29771 4 822 957 299,34 245,73 56,56 5,42 0,7466 434 3 365322,875 1
1239 29771 4 822 957 299,34 245,73 56,56 5,42 0,7649 434 3 362221,4375 1
1239 29771 4 889 974 294,61 246,98 54,96 5,42 0,7649 434 3 362221,4375 1
1239 29771 4 889 974 294,61 246,98 54,96 5,42 0,7809 435 3 362221,4375 1
1240 29778 4 805 974 294,61 246,98 54,96 5,42 0,7809 435 3 361837,46875 1
1240 29778 4 805 952 294,01 244,49 56,97 5,42 0,7948 435 3 361837,46875 1
1240 29782 4 805 952 294,01 244,49 56,97 5,42 0,7948 435 3 362991,84375 1
1240 29782 4 755 939 295,61 243,33 58,29 5,42 0,7948 435 3 362991,84375 1
1240 29782 4 755 939 295,61 243,33 58,29 5,42 0,8091 436 3 362221,4375 1
1243 29788 4 878 971 293,02 245,9 55,22 5,42 0,8091 436 3 362221,4375 1
1243 29788 4 878 971 293,02 245,9 55,22 5,42 0,8212 436 3 358041,96875 1
1243 29801 4 818 956 290,45 246,32 56,66 5,42 0,8212 436 3 358041,96875 1
1243 29801 4 818 956 290,45 246,32 56,66 5,42 0,8334 436 3 358041,96875 1
1247 29808 4 784 956 290,45 246,32 56,66 5,42 0,8334 436 3 360690,375 1
1247 29808 4 784 947 291,44 241,2 57,53 5,42 0,8435 436 3 360690,375 1
1246 29813 4 784 947 291,44 241,2 57,53 5,42 0,8435 436 3 356173,90625 1
1246 29813 4 817 943 290,55 243,33 57,84 5,42 0,8435 436 3 356173,90625 1
1246 29813 4 817 943 290,55 243,33 57,84 5,42 0,8547 436 3 356918,78125 1
1246 29808 4 872 970 293,42 244,74 55,35 5,42 0,8547 436 3 356918,78125 1
1246 29808 4 872 970 293,42 244,74 55,35 5,42 0,8683 436 3 355802,65625 1
1246 29807 4 806 953 287,52 237,8 56,95 5,42 0,8683 436 3 355802,65625 1
1246 29807 4 806 953 287,52 237,8 56,95 5,42 0,8774 436 3 355802,65625 1
1247 29800 4 838 953 287,52 237,8 56,95 5,42 0,8774 436 3 355432,15625 1
1247 29800 4 838 961 293,82 241,69 56,16 5,42 0,8827 436 3 355432,15625 1
1249 29797 4 838 961 293,82 241,69 56,16 5,42 0,8827 436 3 352860,09375 1
1249 29797 4 866 963 288,4 241,04 55,99 5,42 0,8827 436 3 352860,09375 1
1249 29797 4 866 963 288,4 241,04 55,99 5,42 0,887 436 3 353591,15625 1
1250 29796 4 828 958 284,9 243,33 56,39 5,42 0,887 436 3 353591,15625 1
1250 29796 4 828 958 284,9 243,33 56,39 5,42 0,8917 437 3 352860,09375 1
1250 29797 4 825 957 285,19 243,25 56,49 5,42 0,8917 437 3 352860,09375 1
1250 29797 4 825 957 285,19 243,25 56,49 5,42 0,899 439 3 352860,09375 1
1250 29791 4 818 957 285,19 243,25 56,49 5,42 0,899 439 3 353225,25 1
1250 29791 4 818 956 282,79 242,51 56,64 5,42 0,904 441 3 353225,25 1
1251 29789 4 818 956 282,79 242,51 56,64 5,42 0,904 441 3 353225,25 1
1251 29789 4 790 954 289,96 247,15 56,81 5,42 0,904 441 3 353225,25 1
1251 29789 4 790 954 289,96 247,15 56,81 5,42 0,9099 444 3 351045,59375 1
1251 29789 4 820 956 287,03 245,4 56,6 5,42 0,9099 444 3 351045,59375 1
1251 29789 4 820 956 287,03 245,4 56,6 5,42 0,9131 447 3 351769,15625 1
1252 29790 4 718 929 284,33 241,04 59,33 5,42 0,9131 447 3 351769,15625 1
1252 29790 4 718 929 284,33 241,04 59,33 5,42 0,9171 450 3 351769,15625 1
1252 29794 4 807 929 284,33 241,04 59,33 5,42 0,9171 450 3 350684,9375 1
1252 29794 4 807 953 282,12 240,71 56,93 5,42 0,9223 452 3 350684,9375 1
1251 29796 4 807 953 282,12 240,71 56,93 5,42 0,9223 452 3 349965,8125 1
1251 29796 4 846 950 280,98 243,99 57,16 5,42 0,9223 452 3 349965,8125 1
1251 29796 4 846 950 280,98 243,99 57,16 5,42 0,9286 455 3 352495,6875 1
1252 29800 4 822 957 282,79 238,85 56,54 5,42 0,9286 455 3 352495,6875 1
1252 29800 4 822 957 282,79 238,85 56,54 5,42 0,9325 458 3 349607,375 1
1252 29806 4 760 940 278,52 242,59 58,16 5,42 0,9325 458 3 349607,375 1
1252 29806 4 760 940 278,52 242,59 58,16 5,42 0,9331 461 3 349607,375 1
1253 29817 4 793 940 278,52 242,59 58,16 5,42 0,9331 461 3 348892,6875 1
1253 29817 4 793 949 279,84 240,14 57,28 5,42 0,9337 464 3 348892,6875 1
1253 29823 4 793 949 279,84 240,14 57,28 5,42 0,9337 464 3 349249,65625 1
1253 29823 4 775 951 278,14 238,93 57,14 5,42 0,9337 464 3 349249,65625 1
1253 29823 4 775 951 278,14 238,93 57,14 5,42 0,9366 467 3 347472,0 1
1254 29822 4 743 936 285,58 244,74 58,63 5,42 0,9366 467 3 347472,0 1
1254 29822 4 743 936 285,58 244,74 58,63 5,42 0,939 469 3 347118,65625 1
1256 29824 4 792 949 289,37 243,09 57,32 5,42 0,939 469 3 347118,65625 1
1256 29824 4 792 949 289,37 243,09 57,32 5,42 0,9425 472 3 347118,65625 1
1256 29823 4 793 949 289,37 243,09 57,32 5,42 0,9425 472 3 348892,6875 1
1256 29823 4 793 949 282,89 239,66 57,3 5,42 0,9427 474 3 348892,6875 1
1256 29824 4 793 949 282,89 239,66 57,3 5,42 0,9427 474 3 348536,40625 1
1256 29824 4 794 957 279,93 241,04 56,54 5,42 0,9427 474 3 348536,40625 1
1256 29824 4 794 957 279,93 241,04 56,54 5,42 0,9436 476 3 348180,90625 1
1258 29815 4 796 950 282,12 242,02 57,2 5,42 0,9436 476 3 348180,90625 1
1258 29815 4 796 950 282,12 242,02 57,2 5,42 0,9458 479 3 347826,09375 1
1259 29820 4 727 931 278,7 241,37 59,09 5,42 0,9458 479 3 347826,09375 1
1259 29820 4 727 931 278,7 241,37 59,09 5,42 0,9445 481 3 347826,09375 1
1259 29828 4 762 931 278,7 241,37 59,09 5,42 0,9445 481 3 349607,375 1
1259 29828 4 762 941 279,46 239,74 58,12 5,42 0,946 482 3 349607,375 1
1260 29830 4 762 941 279,46 239,74 58,12 5,42 0,946 482 3 348892,6875 1
1260 29830 4 771 935 282,31 241,61 58,73 5,42 0,946 482 3 348892,6875 1
1260 29830 4 771 935 282,31 241,61 58,73 5,42 0,946 484 3 348180,90625 1
1260 29829 4 778 945 280,12 238,68 57,67 5,42 0,946 484 3 348180,90625 1
1260 29829 4 778 945 280,12 238,68 57,67 5,42 0,9467 486 3 346766,0 1
1261 29833 4 800 951 279,27 241,86 57,1 5,42 0,9467 486 3 346766,0 1
1261 29833 4 800 951 279,27 241,86 57,1 5,42 0,9457 487 3 346766,0 1
1262 29832 4 799 951 279,27 241,86 57,1 5,42 0,9457 487 3 347118,65625 1
1262 29832 4 799 951 282,89 239,74 56,95 5,42 0,9476 489 3 347118,65625 1
1263 29830 4 799 951 282,89 239,74 56,95 5,42 0,9476 489 3 346766,0 1
1263 29830 4 793 949 284,23 238,93 57,28 5,42 0,9476 489 3 346766,0 1
1263 29830 4 793 949 284,23 238,93 57,28 5,42 0,9479 490 3 344665,09375 1
1264 29830 4 774 944 281,17 235,95 57,78 5,42 0,9479 490 3 344665,09375 1
1264 29830 4 774 944 281,17 235,95 57,78 5,42 0,9473 492 3 347118,65625 1
1266 29845 4 765 942 281,36 244,24 58,04 5,42 0,9473 492 3 347118,65625 1
1266 29845 4 765 942 281,36 244,24 58,04 5,42 0,9469 493 3 347118,65625 1
1270 29848 4 778 942 281,36 244,24 58,04 5,42 0,9469 493 3 346414,0625 1
1270 29848 4 778 943 275,7 242,02 57,88 5,42 0,9477 494 3 346414,0625 1
1271 29862 4 778 943 275,7 242,02 57,88 5,42 0,9477 494 3 346062,84375 1
1271 29862 4 717 929 276,08 240,79 59,37 5,42 0,9477 494 3 346062,84375 1
1271 29862 4 717 929 276,08 240,79 59,37 5,42 0,95 495 3 347118,65625 1
1271 29872 4 795 950 278,14 242,43 57,24 5,42 0,95 495 3 347118,65625 1
1271 29872 4 795 950 278,14 242,43 57,24 5,42 0,9486 496 3 346766,0 1
1272 29888 4 737 934 275,42 242,59 58,79 5,42 0,9486 496 3 346766,0 1
1272 29888 4 737 934 275,42 242,59 58,79 5,42 0,9521 497 3 346766,0 1
1275 29900 4 703 934 275,42 242,59 58,79 5,42 0,9521 497 3 346414,0625 1
1275 29900 4 703 933 274,96 242,1 58,89 5,42 0,9523 498 3 346414,0625 1
1276 29896 4 703 933 274,96 242,1 58,89 5,42 0,9523 498 3 346766,0 1
1276 29896 4 734 933 274,68 241,94 58,89 5,42 0,9523 498 3 346766,0 1
1276 29896 4 734 933 274,68 241,94 58,89 5,42 0,9537 499 3 347472,0 1
1279 29888 4 754 939 278,99 243,33 58,33 5,42 0,9537 499 3 347472,0 1
1279 29888 4 754 939 278,99 243,33 58,33 5,42 0,9539 499 3 345362,5625 1
1280 29880 4 758 940 274,21 245,73 58,21 5,42 0,9539 499 3 345362,5625 1
1280 29880 4 758 940 274,21 245,73 58,21 5,42 0,9534 500 3 345362,5625 1
1280 29871 4 733 940 274,21 245,73 58,21 5,42 0,9534 500 3 348180,90625 1
1280 29871 4 733 938 271,63 242,18 58,39 5,42 0,953 501 3 348180,90625 1
1282 29864 4 733 938 271,63 242,18 58,39 5,42 0,953 501 3 345362,5625 1
1282 29864 4 801 951 275,42 243,0 57,08 5,42 0,953 501 3 345362,5625 1
1282 29864 4 801 951 275,42 243,0 57,08 5,42 0,9518 502 3 345013,46875 1
1284 29861 4 751 938 280,88 243,33 58,41 5,42 0,9518 502 3 345013,46875 1
1284 29861 4 751 938 280,88 243,33 58,41 5,42 0,9511 502 3 343624,15625 1
1288 29858 4 770 943 275,14 241,61 57,88 5,42 0,9511 502 3 343624,15625 1
1288 29858 4 770 943 275,14 241,61 57,88 5,42 0,9506 503 3 343624,15625 1
1287 29863 4 770 943 275,14 241,61 57,88 5,42 0,9506 503 3 347826,09375 1
1287 29863 4 770 951 273,29 243,42 57,14 5,42 0,9504 503 3 347826,09375 1
1288 29867 4 770 951 273,29 243,42 57,14 5,42 0,9504 503 3 346766,0 1
1288 29867 4 753 938 280,88 240,31 58,35 5,42 0,9504 503 3 346766,0 1
1288 29867 4 753 938 280,88 240,31 58,35 5,42 0,9502 504 3 347118,65625 1
