Co2(scd40) raw_signla(sgp40) aiq(ens160) tvoc(ens160) eco2(ens160) rs1(ens160) rs3(ens160) rs4(ens160) rmox(zmod4410) tvoc(zmod4410) eco2(zmod4410) iaq(zmod4410) resistencia(bme688) Aire/muestra
33,88 51 458 66,16 87,32 42,49 25,14 4,89 0,0184 400  1 210137,5 1
33,83 82 517 65,78 83,76 40,15 25,14 4,89 0,0184 400  1 210137,5 1
33,83 82 517 65,78 83,76 40,15 25,14 4,89 0,1595 401  1 210137,5 1
33,77 4022 517 65,78 83,76 40,15 25,14 4,89 0,1595 401  1 70973,109375 1
33,77 4022 1556 41,77 37,06 11,83 25,14 4,89 0,4929 404  1 70973,109375 1
34,66 4022 1556 41,77 37,06 11,83 25,14 4,89 0,4929 404  1 49287,640625 1
34,66 4785 1641 36,32 26,76 11,17 25,14 4,89 0,4929 404  1 49287,640625 1
34,66 4785 1641 36,32 26,76 11,17 25,14 4,89 0,8093 406  2 44896,527344 1
36,24 3978 1549 35,75 25,01 11,89 25,14 4,89 0,8093 406  2 44896,527344 1
36,24 3978 1549 35,75 25,01 11,89 25,14 4,89 1,0745 408  2 46159,394531 1
37,71 3471 1471 35,94 24,59 12,58 25,14 4,89 1,0745 408  2 46159,394531 1
37,71 3471 1471 35,94 24,59 12,58 25,14 4,89 1,2899 409  2 46159,394531 1
38,94 3220 1471 35,94 24,59 12,58 25,14 4,89 1,2899 409  2 48120,300781 1
38,94 3220 1431 35,3 24,62 12,98 25,14 4,89 1,4737 410  2 48120,300781 1
39,84 3220 1431 35,3 24,62 12,98 25,14 4,89 1,4737 410  2 49602,789062 1
39,84 3022 1385 35,12 24,25 13,48 25,14 4,89 1,4737 410  2 49602,789062 1
39,84 3022 1385 35,12 24,25 13,48 25,14 4,89 1,63 411  2 50572,894531 1
40,69 2831 1367 35,32 24,2 13,69 25,14 4,89 1,63 411  2 50572,894531 1
40,69 2831 1367 35,32 24,2 13,69 25,14 4,89 1,7722 411  3 50632,910156 1
41,41 2832 1367 34,57 24,18 13,69 25,14 4,89 1,7722 411  3 50632,910156 1
41,41 2832 1367 34,57 24,18 13,69 25,14 4,89 1,9003 412  3 50632,910156 1
42,05 2871 1367 34,57 24,18 13,69 25,14 4,89 1,9003 412  3 51240,992187 1
42,05 2871 1373 34,87 23,69 13,62 25,14 4,89 2,0057 412  3 51240,992187 1
42,65 2871 1373 34,87 23,69 13,62 25,14 4,89 2,0057 412  3 51738,074219 1
42,65 2749 1353 35,11 23,86 13,87 25,14 4,89 2,0057 412  3 51738,074219 1
42,65 2749 1353 35,11 23,86 13,87 25,14 4,89 2,0982 412  3 52437,527344 1
43,05 2683 1341 34,63 23,86 14,01 25,14 4,89 2,0982 412  3 52437,527344 1
43,05 2683 1341 34,63 23,86 14,01 25,14 4,89 2,1748 412  3 53255,667969 1
43,45 2599 1327 34,84 24,18 14,19 25,14 4,89 2,1748 412  3 53255,667969 1
43,45 2599 1327 34,84 24,18 14,19 25,14 4,89 2,2453 412  3 53255,667969 1
36,04 49 455 59,11 61,96 42,77 25,14 4,89 1,1948 409  3 176430,046875 1
36,04 49 455 59,11 61,96 42,77 25,14 4,89 1,1154 407  3 145330,6875 1
35,74 645 909 51,33 48,69 24,16 25,14 4,89 1,1154 407  3 145330,6875 1
35,74 645 909 51,33 48,69 24,16 25,14 4,89 1,2422 405  3 63054,1875 1
35,99 3236 1434 40,09 29,82 12,98 25,14 4,89 1,2422 405  3 63054,1875 1
35,99 3236 1434 40,09 29,82 12,98 25,14 4,89 1,4513 404  3 63054,1875 1
37,31 3462 1434 40,09 29,82 12,98 25,14 4,89 1,4513 404  3 51210,242187 1
37,31 3462 1460 36,17 25,27 12,72 25,14 4,89 1,6389 405  3 51210,242187 1
38,65 3462 1460 36,17 25,27 12,72 25,14 4,89 1,6389 405  3 49689,441406 1
38,65 3089 1410 35,32 24,58 13,24 25,14 4,89 1,6389 405  3 49689,441406 1
38,65 3089 1410 35,32 24,58 13,24 25,14 4,89 1,7861 408  3 50156,738281 1
39,8 2872 1374 34,85 24,27 13,64 25,14 4,89 1,7861 408  3 50156,738281 1
39,8 2872 1374 34,85 24,27 13,64 25,14 4,89 1,9094 410  3 51026,511719 1
40,7 2757 1354 35,25 24,55 13,88 25,14 4,89 1,9094 410  3 51026,511719 1
40,7 2757 1354 35,25 24,55 13,88 25,14 4,89 2,0143 412  3 51026,511719 1
41,46 2644 1354 35,25 24,55 13,88 25,14 4,89 2,0143 412  3 52085,453125 1
41,46 2644 1335 34,5 24,13 14,12 25,14 4,89 2,1044 413  3 52085,453125 1
41,46 2644 1335 34,5 24,13 14,12 25,14 4,89 2,1044 413  3 52437,527344 1
41,46 2585 1324 35,55 23,91 14,25 25,14 4,89 2,1044 413  3 52437,527344 1
41,46 2585 1324 35,55 23,91 14,25 25,14 4,89 2,184 414  3 52729,144531 1
42,15 2512 1311 34,51 23,86 14,42 25,14 4,89 2,184 414  3 52729,144531 1
42,15 2512 1311 34,51 23,86 14,42 25,14 4,89 2,2497 414  3 53322,222656 1
42,69 2455 1312 35,88 24,06 14,42 25,14 4,89 2,2497 414  3 53322,222656 1
42,69 2455 1312 35,88 24,06 14,42 25,14 4,89 2,308 415  3 53322,222656 1
43,13 2495 1312 35,88 24,06 14,42 25,14 4,89 2,308 415  3 54168,429687 1
43,13 2495 1308 35,04 24,11 14,47 25,14 4,89 2,3546 415  3 54168,429687 1
43,5 2495 1308 35,04 24,11 14,47 25,14 4,89 2,3546 415  3 54306,320312 1
43,5 2418 1295 35,36 23,98 14,65 25,14 4,89 2,3546 415  3 54306,320312 1
43,5 2418 1295 35,36 23,98 14,65 25,14 4,89 2,3979 416  3 54479,675781 1
43,83 2368 1286 35,5 23,96 14,78 25,14 4,89 2,3979 416  3 54479,675781 1
35,84 41 490 57,82 59,45 41,43 25,14 4,89 1,2056 403  3 175703,5 1
35,84 41 439 58,81 60,71 43,53 25,14 4,89 1,1866 402  3 175703,5 1
35,84 41 439 58,81 60,71 43,53 25,14 4,89 1,1866 402  3 91723,398437 1
35,84 1659 1149 45,3 37,67 17,05 25,14 4,89 1,1866 402  3 91723,398437 1
35,84 1659 1149 45,3 37,67 17,05 25,14 4,89 1,3414 401  3 58434,148437 1
35,73 3124 1425 37,05 26,78 13,1 25,14 4,89 1,3414 401  3 58434,148437 1
35,73 3124 1425 37,05 26,78 13,1 25,14 4,89 1,5218 401  3 51990,25 1
36,88 3111 1413 35,46 24,96 13,23 25,14 4,89 1,5218 401  3 51990,25 1
36,88 3111 1413 35,46 24,96 13,23 25,14 4,89 1,6816 401  3 51990,25 1
38,28 3016 1413 35,46 24,96 13,23 25,14 4,89 1,6816 401  3 50632,910156 1
38,28 3016 1398 35,36 24,25 13,4 25,14 4,89 1,8221 402  3 50632,910156 1
39,41 3016 1398 35,36 24,25 13,4 25,14 4,89 1,8221 402  3 50844,089844 1
39,41 2749 1353 34,66 23,97 13,93 25,14 4,89 1,8221 402  3 50844,089844 1
39,41 2749 1353 34,66 23,97 13,93 25,14 4,89 1,9431 404  3 51271,78125 1
40,36 2707 1344 34,85 23,75 14,04 25,14 4,89 1,9431 404  3 51271,78125 1
40,36 2707 1344 34,85 23,75 14,04 25,14 4,89 2,0453 406  3 52085,453125 1
41,08 2516 1312 34,67 23,83 14,45 25,14 4,89 2,0453 406  3 52085,453125 1
41,08 2516 1312 34,67 23,83 14,45 25,14 4,89 2,1365 407  3 52085,453125 1
41,79 2570 1312 34,67 23,83 14,45 25,14 4,89 2,1365 407  3 52276,902344 1
41,79 2570 1322 34,17 23,7 14,32 25,14 4,89 2,2171 408  3 52276,902344 1
42,28 2570 1322 34,17 23,7 14,32 25,14 4,89 2,2171 408  3 52599,136719 1
42,28 2495 1308 34,5 23,66 14,5 25,14 4,89 2,2171 408  3 52599,136719 1
42,28 2495 1308 34,5 23,66 14,5 25,14 4,89 2,2868 409  3 53056,996094 1
42,77 2453 1305 35,36 23,66 14,55 25,14 4,89 2,2868 409  3 53056,996094 1
42,77 2453 1305 35,36 23,66 14,55 25,14 4,89 2,3443 409  3 53355,566406 1
43,13 2407 1293 34,71 23,73 14,72 25,14 4,89 2,3443 409  3 53355,566406 1
43,13 2407 1293 34,71 23,73 14,72 25,14 4,89 2,3918 410  3 53355,566406 1
43,51 2320 1293 34,71 23,73 14,72 25,14 4,89 2,3918 410  3 54099,746094 1
43,51 2320 1277 35,22 23,51 14,94 25,14 4,89 2,4285 410  3 54099,746094 1
43,77 2320 1277 35,22 23,51 14,94 25,14 4,89 2,4285 410  3 55184,308594 1
36,28 43 442 57,59 59,41 43,54 25,14 4,89 1,1527 401  3 179397,34375 1
35,98 70 496 57,86 60,38 41,3 25,14 4,89 1,1527 401  3 179397,34375 1
35,98 70 496 57,86 60,38 41,3 25,14 4,89 1,1829 401  3 179397,34375 1
35,68 2446 496 57,86 60,38 41,3 25,14 4,89 1,1829 401  3 75427,226562 1
35,68 2446 1300 41,9 32,75 14,64 25,14 4,89 1,3509 401  3 75427,226562 1
36,36 2446 1300 41,9 32,75 14,64 25,14 4,89 1,3509 401  3 57334,828125 1
36,36 2910 1395 36,5 26,04 13,47 25,14 4,89 1,3509 401  3 57334,828125 1
36,36 2910 1395 36,5 26,04 13,47 25,14 4,89 1,5133 400  3 53860,71875 1
37,79 2703 1345 36,09 24,94 14,06 25,14 4,89 1,5133 400  3 53860,71875 1
37,79 2703 1345 36,09 24,94 14,06 25,14 4,89 1,6569 400  3 53355,566406 1
38,99 2706 1345 35,94 24,2 14,06 25,14 4,89 1,6569 400  3 53355,566406 1
38,99 2706 1345 35,94 24,2 14,06 25,14 4,89 1,7861 401  3 53355,566406 1
39,98 2523 1345 35,94 24,2 14,06 25,14 4,89 1,7861 401  3 53123,054687 1
39,98 2523 1313 35,77 24,04 14,47 25,14 4,89 1,8931 403  3 53123,054687 1
40,7 2523 1313 35,77 24,04 14,47 25,14 4,89 1,8931 403  3 53962,902344 1
40,7 2451 1310 35,95 23,78 14,51 25,14 4,89 1,8931 403  3 53962,902344 1
40,7 2451 1310 35,95 23,78 14,51 25,14 4,89 1,9845 405  3 54340,902344 1
41,39 2310 1275 35,35 23,81 15,0 25,14 4,89 1,9845 405  3 54340,902344 1
41,39 2310 1275 35,35 23,81 15,0 25,14 4,89 2,0595 407  3 54935,621094 1
41,86 2263 1266 34,91 23,95 15,13 25,14 4,89 2,0595 407  3 54935,621094 1
41,86 2263 1266 34,91 23,95 15,13 25,14 4,89 2,1236 409  3 54935,621094 1
42,32 2317 1266 34,91 23,95 15,13 25,14 4,89 2,1236 409  3 55363,320312 1
42,32 2317 1276 34,49 23,99 14,98 25,14 4,89 2,1826 410  3 55363,320312 1
42,64 2317 1276 34,49 23,99 14,98 25,14 4,89 2,1826 410  3 55834,242187 1
42,64 2246 1263 35,77 24,05 15,18 25,14 4,89 2,1826 410  3 55834,242187 1
42,64 2246 1263 35,77 24,05 15,18 25,14 4,89 2,2321 411  3 56612,117187 1
42,94 2200 1255 35,15 24,29 15,31 25,14 4,89 2,2321 411  3 56612,117187 1
42,94 2200 1255 35,15 24,29 15,31 25,14 4,89 2,2722 412  3 56800,53125 1
43,17 2223 1259 36,0 23,98 15,24 25,14 4,89 2,2722 412  3 56800,53125 1
43,17 2223 1259 36,0 23,98 15,24 25,14 4,89 2,3015 412  3 56800,53125 1
35,88 52 460 59,83 57,82 42,88 25,14 4,89 1,1991 402  3 176430,046875 1
35,88 52 460 59,83 57,82 42,88 25,14 4,89 1,1191 401  3 147465,4375 1
35,63 542 879 51,52 46,64 25,84 25,14 4,89 1,1191 401  3 147465,4375 1
35,63 542 879 51,52 46,64 25,84 25,14 4,89 1,22 401  3 69133,132812 1
35,83 2621 1331 39,42 29,82 14,27 25,14 4,89 1,22 401  3 69133,132812 1
35,83 2621 1331 39,42 29,82 14,27 25,14 4,89 1,3828 401  3 69133,132812 1
37,18 2757 1331 39,42 29,82 14,27 25,14 4,89 1,3828 401  3 57142,855469 1
37,18 2757 1372 37,0 25,78 13,76 25,14 4,89 1,5294 401  3 57142,855469 1
38,47 2757 1372 37,0 25,78 13,76 25,14 4,89 1,5294 401  3 54864,980469 1
38,47 2537 1316 35,48 24,84 14,47 25,14 4,89 1,5294 401  3 54864,980469 1
38,47 2537 1316 35,48 24,84 14,47 25,14 4,89 1,6579 401  3 54864,980469 1
39,45 2521 1313 35,5 24,55 14,5 25,14 4,89 1,6579 401  3 54864,980469 1
39,45 2521 1313 35,5 24,55 14,5 25,14 4,89 1,7651 402  3 55797,734375 1
40,21 2354 1283 35,73 24,43 14,92 25,14 4,89 1,7651 402  3 55797,734375 1
40,21 2354 1283 35,73 24,43 14,92 25,14 4,89 1,8546 403  3 55797,734375 1
40,87 2359 1283 35,73 24,43 14,92 25,14 4,89 1,8546 403  3 56537,101562 1
40,87 2359 1284 36,63 24,27 14,91 25,14 4,89 1,9273 406  3 56537,101562 1
41,39 2359 1284 36,63 24,27 14,91 25,14 4,89 1,9273 406  3 56762,75 1
41,39 2256 1265 35,64 24,54 15,18 25,14 4,89 1,9273 406  3 56762,75 1
41,39 2256 1265 35,64 24,54 15,18 25,14 4,89 1,9891 409  3 57957,890625 1
41,39 2158 1247 35,7 24,7 15,46 25,14 4,89 1,9891 409  3 57957,890625 1
41,39 2158 1247 35,7 24,7 15,46 25,14 4,89 2,0433 410  3 57879,265625 1
41,81 2188 1256 35,35 24,03 15,33 25,14 4,89 2,0433 410  3 57879,265625 1
41,81 2188 1256 35,35 24,03 15,33 25,14 4,89 2,0922 411  3 57879,265625 1
42,18 2167 1256 35,35 24,03 15,33 25,14 4,89 2,0922 411  3 58076,226562 1
42,18 2167 1249 35,22 24,42 15,44 25,14 4,89 2,1314 412  3 58076,226562 1
42,44 2167 1249 35,22 24,42 15,44 25,14 4,89 2,1314 412  3 58274,527344 1
42,44 2081 1232 35,9 24,66 15,69 25,14 4,89 2,1314 412  3 58274,527344 1
42,44 2081 1232 35,9 24,66 15,69 25,14 4,89 2,162 413  3 59081,46875 1
42,65 2040 1225 35,77 24,67 15,82 25,14 4,89 2,162 413  3 59081,46875 1
35,57 39 454 57,98 58,41 43,25 25,14 4,89 1,0807 402  3 180535,96875 1
35,57 39 434 59,81 59,61 44,11 25,14 4,89 1,0679 401  3 180535,96875 1
35,31 39 434 59,81 59,61 44,11 25,14 4,89 1,0679 401  3 97505,234375 1
35,31 1440 1103 44,72 37,91 18,17 25,14 4,89 1,0679 401  3 97505,234375 1
35,31 1440 1103 44,72 37,91 18,17 25,14 4,89 1,2016 401  3 63665,753906 1
35,31 2836 1362 38,5 27,42 13,92 25,14 4,89 1,2016 401  3 63665,753906 1
35,31 2836 1362 38,5 27,42 13,92 25,14 4,89 1,3534 401  3 57528,089844 1
36,45 2642 1334 37,19 25,91 14,27 25,14 4,89 1,3534 401  3 57528,089844 1
36,45 2642 1334 37,19 25,91 14,27 25,14 4,89 1,4862 401  3 57528,089844 1
37,73 2459 1334 37,19 25,91 14,27 25,14 4,89 1,4862 401  3 56990,203125 1
37,73 2459 1302 36,26 25,13 14,69 25,14 4,89 1,5992 401  3 56990,203125 1
38,81 2459 1302 36,26 25,13 14,69 25,14 4,89 1,5992 401  3 57722,660156 1
38,81 2340 1281 36,53 25,0 14,99 25,14 4,89 1,5992 401  3 57722,660156 1
38,81 2340 1281 36,53 25,0 14,99 25,14 4,89 1,692 402  3 58314,351562 1
39,71 2262 1248 36,06 25,07 15,47 25,14 4,89 1,692 402  3 58314,351562 1
39,71 2262 1248 36,06 25,07 15,47 25,14 4,89 1,7693 404  3 58394,160156 1
40,34 2175 1250 36,43 24,73 15,45 25,14 4,89 1,7693 404  3 58394,160156 1
40,34 2175 1250 36,43 24,73 15,45 25,14 4,89 1,8327 407  3 58394,160156 1
40,84 2069 1250 36,43 24,73 15,45 25,14 4,89 1,8327 407  3 59451,925781 1
40,84 2069 1230 35,96 24,95 15,76 25,14 4,89 1,887 409  3 59451,925781 1
41,27 2069 1230 35,96 24,95 15,76 25,14 4,89 1,887 409  3 59286,707031 1
41,27 2101 1236 35,61 24,68 15,67 25,14 4,89 1,887 409  3 59286,707031 1
41,27 2101 1236 35,61 24,68 15,67 25,14 4,89 1,9392 411  3 59995,3125 1
41,62 2069 1225 36,99 24,53 15,85 25,14 4,89 1,9392 411  3 59995,3125 1
41,62 2069 1225 36,99 24,53 15,85 25,14 4,89 1,9846 412  3 60505,789062 1
41,95 1958 1209 35,67 24,97 16,13 25,14 4,89 1,9846 412  3 60505,789062 1
41,95 1958 1209 35,67 24,97 16,13 25,14 4,89 2,0217 413  3 60505,789062 1
42,16 1891 1209 35,67 24,97 16,13 25,14 4,89 2,0217 413  3 61420,34375 1
42,16 1891 1196 36,45 25,0 16,35 25,14 4,89 2,0507 413  3 61420,34375 1
42,42 1891 1196 36,45 25,0 16,35 25,14 4,89 2,0507 413  3 61597,691406 1
35,65 34 424 59,53 62,04 45,03 25,14 4,89 0,9206 402  3 192916,359375 1
35,35 62 481 59,57 60,98 42,74 25,14 4,89 0,9206 402  3 192916,359375 1
35,35 62 481 59,57 60,98 42,74 25,14 4,89 0,9647 401  3 192916,359375 1
35,09 2181 481 59,57 60,98 42,74 25,14 4,89 0,9647 401  3 81089,640625 1
35,09 2181 1251 41,49 33,76 15,63 25,14 4,89 1,1225 401  3 81089,640625 1
35,73 2181 1251 41,49 33,76 15,63 25,14 4,89 1,1225 401  3 62637,632812 1
35,73 2743 1351 37,62 27,31 14,25 25,14 4,89 1,1225 401  3 62637,632812 1
35,73 2743 1351 37,62 27,31 14,25 25,14 4,89 1,2756 401  3 59163,394531 1
37,01 2587 1325 36,6 25,61 14,59 25,14 4,89 1,2756 401  3 59163,394531 1
37,01 2587 1325 36,6 25,61 14,59 25,14 4,89 1,4045 401  3 58195,042969 1
38,18 2402 1292 36,18 25,27 15,04 25,14 4,89 1,4045 401  3 58195,042969 1
38,18 2402 1292 36,18 25,27 15,04 25,14 4,89 1,514 401  3 58195,042969 1
39,09 2369 1292 36,18 25,27 15,04 25,14 4,89 1,514 401  3 59081,46875 1
39,09 2369 1286 36,18 25,2 15,13 25,14 4,89 1,6077 402  3 59081,46875 1
39,84 2369 1286 36,18 25,2 15,13 25,14 4,89 1,6077 402  3 59204,441406 1
39,84 2259 1266 36,1 24,98 15,41 25,14 4,89 1,6077 402  3 59204,441406 1
39,84 2259 1266 36,1 24,98 15,41 25,14 4,89 1,6844 404  3 60591,714844 1
40,4 2241 1262 37,24 25,01 15,47 25,14 4,89 1,6844 404  3 60591,714844 1
40,4 2241 1262 37,24 25,01 15,47 25,14 4,89 1,7518 408  3 60591,714844 1
40,82 2098 1236 36,36 25,0 15,89 25,14 4,89 1,7518 408  3 60591,714844 1
40,82 2098 1236 36,36 25,0 15,89 25,14 4,89 1,8161 410  3 60591,714844 1
41,18 2163 1236 36,36 25,0 15,89 25,14 4,89 1,8161 410  3 60462,917969 1
41,18 2163 1248 35,77 24,94 15,7 25,14 4,89 1,8706 412  3 60462,917969 1
41,53 2163 1248 35,77 24,94 15,7 25,14 4,89 1,8706 412  3 60377,359375 1
41,53 2039 1235 35,54 24,65 15,9 25,14 4,89 1,8706 412  3 60377,359375 1
41,53 2039 1235 35,54 24,65 15,9 25,14 4,89 1,9175 413  3 60850,960937 1
41,81 2066 1229 36,63 24,78 16,0 25,14 4,89 1,9175 413  3 60850,960937 1
41,81 2066 1229 36,63 24,78 16,0 25,14 4,89 1,9552 414  3 61332,054687 1
42,03 1989 1215 36,05 25,17 16,25 25,14 4,89 1,9552 414  3 61332,054687 1
42,03 1989 1215 36,05 25,17 16,25 25,14 4,89 1,989 415  3 61332,054687 1
35,56 53 462 59,67 60,81 43,63 25,14 4,89 1,0009 403  3 182857,140625 1
35,56 53 462 59,67 60,81 43,63 25,14 4,89 0,9213 402  3 153431,21875 1
35,35 516 871 51,82 47,66 26,77 25,14 4,89 0,9213 402  3 153431,21875 1
35,35 516 871 51,82 47,66 26,77 25,14 4,89 1,0191 402  3 73038,515625 1
35,54 2583 1324 39,86 30,42 14,64 25,14 4,89 1,0191 402  3 73038,515625 1
35,54 2583 1324 39,86 30,42 14,64 25,14 4,89 1,1761 401  3 73038,515625 1
36,79 2715 1324 39,86 30,42 14,64 25,14 4,89 1,1761 401  3 62135,921875 1
36,79 2715 1332 37,46 26,65 14,53 25,14 4,89 1,3078 401  3 62135,921875 1
38,02 2715 1332 37,46 26,65 14,53 25,14 4,89 1,3078 401  3 59869,035156 1
38,02 2390 1290 37,56 25,92 15,11 25,14 4,89 1,3078 401  3 59869,035156 1
38,02 2390 1290 37,56 25,92 15,11 25,14 4,89 1,4115 401  3 61200,09375 1
38,96 2148 1245 37,33 25,67 15,78 25,14 4,89 1,4115 401  3 61200,09375 1
38,96 2148 1245 37,33 25,67 15,78 25,14 4,89 1,4896 401  3 62500,0 1
39,66 2040 1225 37,76 26,16 16,11 25,14 4,89 1,4896 401  3 62500,0 1
39,66 2040 1225 37,76 26,16 16,11 25,14 4,89 1,555 402  3 62500,0 1
40,23 2020 1225 37,76 26,16 16,11 25,14 4,89 1,555 402  3 62914,722656 1
40,23 2020 1218 37,43 25,94 16,23 25,14 4,89 1,616 404  3 62914,722656 1
40,65 2020 1218 37,43 25,94 16,23 25,14 4,89 1,616 404  3 63288,011719 1
40,65 1990 1215 37,88 25,4 16,28 25,14 4,89 1,616 404  3 63288,011719 1
40,65 1990 1215 37,88 25,4 16,28 25,14 4,89 1,6728 407  3 62868,371094 1
40,65 2076 1232 36,9 25,53 16,01 25,14 4,89 1,6728 407  3 62868,371094 1
40,65 2076 1232 36,9 25,53 16,01 25,14 4,89 1,7294 409  3 62545,808594 1
41,01 2039 1224 37,15 25,09 16,4 25,14 4,89 1,7294 409  3 62545,808594 1
41,01 2039 1224 37,15 25,09 16,4 25,14 4,89 1,7786 411  3 62545,808594 1
41,37 1980 1224 37,15 25,09 16,4 25,14 4,89 1,7786 411  3 63100,8125 1
41,37 1980 1213 37,27 25,32 16,32 25,14 4,89 1,8242 412  3 63100,8125 1
41,59 1980 1213 37,27 25,32 16,32 25,14 4,89 1,8242 412  3 63054,1875 1
41,59 1941 1206 36,17 25,09 16,45 25,14 4,89 1,8242 412  3 63054,1875 1
41,59 1941 1206 36,17 25,09 16,45 25,14 4,89 1,8627 413  3 62961,140625 1
41,88 1914 1200 36,47 25,21 16,55 25,14 4,89 1,8627 413  3 62961,140625 1
35,66 32 464 58,95 61,29 43,69 25,14 4,89 0,9033 402  3 184837,546875 1
35,66 32 419 60,42 62,25 45,66 25,14 4,89 0,9037 402  3 184837,546875 1
35,54 32 419 60,42 62,25 45,66 25,14 4,89 0,9037 402  3 101688,179687 1
35,54 1381 1090 45,8 38,93 18,84 25,14 4,89 0,9037 402  3 101688,179687 1
35,54 1381 1090 45,8 38,93 18,84 25,14 4,89 1,0352 401  3 65523,417969 1
36,56 2701 1344 39,09 28,31 14,23 25,14 4,89 1,0352 401  3 65523,417969 1
36,56 2701 1344 39,09 28,31 14,23 25,14 4,89 1,1872 401  3 60206,960937 1
36,56 2497 1309 36,96 26,64 14,89 25,14 4,89 1,1872 401  3 60206,960937 1
36,56 2497 1309 36,96 26,64 14,89 25,14 4,89 1,3154 401  3 60206,960937 1
37,89 2392 1309 36,96 26,64 14,89 25,14 4,89 1,3154 401  3 59618,070312 1
37,89 2392 1290 37,32 25,52 15,15 25,14 4,89 1,4147 401  3 59618,070312 1
38,92 2392 1290 37,32 25,52 15,15 25,14 4,89 1,4147 401  3 60206,960937 1
38,92 2173 1250 37,4 25,91 15,75 25,14 4,89 1,4147 401  3 60206,960937 1
38,92 2173 1250 37,4 25,91 15,75 25,14 4,89 1,4961 402  3 62045,566406 1
39,73 2060 1226 38,15 25,66 16,13 25,14 4,89 1,4961 402  3 62045,566406 1
39,73 2060 1226 38,15 25,66 16,13 25,14 4,89 1,5633 404  3 63429,136719 1
40,3 1936 1205 37,38 25,85 16,51 25,14 4,89 1,5633 404  3 63429,136719 1
40,3 1936 1205 37,38 25,85 16,51 25,14 4,89 1,6195 407  3 63429,136719 1
40,75 2068 1205 37,38 25,85 16,51 25,14 4,89 1,6195 407  3 63147,507812 1
40,75 2068 1230 36,39 25,68 16,08 25,14 4,89 1,6766 409  3 63147,507812 1
41,12 2068 1230 36,39 25,68 16,08 25,14 4,89 1,6766 409  3 62822,085937 1
41,12 1893 1196 36,94 25,22 16,66 25,14 4,89 1,6766 409  3 62822,085937 1
41,12 1893 1196 36,94 25,22 16,66 25,14 4,89 1,7275 411  3 62961,140625 1
41,42 2037 1219 37,35 25,29 16,26 25,14 4,89 1,7275 411  3 62961,140625 1
41,42 2037 1219 37,35 25,29 16,26 25,14 4,89 1,7739 412  3 63241,105469 1
41,71 1967 1210 36,48 25,4 16,41 25,14 4,89 1,7739 412  3 63241,105469 1
41,71 1967 1210 36,48 25,4 16,41 25,14 4,89 1,8119 413  3 63241,105469 1
41,93 1882 1210 36,48 25,4 16,41 25,14 4,89 1,8119 413  3 63147,507812 1
41,93 1882 1194 36,27 25,25 16,7 25,14 4,89 1,8429 414  3 63147,507812 1
42,16 1882 1194 36,27 25,25 16,7 25,14 4,89 1,8429 414  3 63760,898437 1
36,35 40 436 58,97 62,57 45,03 25,14 4,89 0,8105 402  2 185843,921875 1
36,1 51 459 58,97 62,86 44,27 25,14 4,89 0,8105 402  2 185843,921875 1
36,1 51 459 58,97 62,86 44,27 25,14 4,89 0,8612 402  2 185843,921875 1
35,91 2144 459 58,97 62,86 44,27 25,14 4,89 0,8612 402  2 83387,625 1
35,91 2144 1244 43,38 34,49 15,96 25,14 4,89 1,0121 401  3 83387,625 1
36,49 2144 1244 43,38 34,49 15,96 25,14 4,89 1,0121 401  3 64728,191406 1
36,49 2588 1354 38,56 27,81 14,41 25,14 4,89 1,0121 401  3 64728,191406 1
36,49 2588 1354 38,56 27,81 14,41 25,14 4,89 1,1554 401  3 61025,03125 1
37,74 2414 1294 38,44 26,68 15,21 25,14 4,89 1,1554 401  3 61025,03125 1
37,74 2414 1294 38,44 26,68 15,21 25,14 4,89 1,2731 401  3 61112,4375 1
38,81 2293 1272 36,39 25,79 15,54 25,14 4,89 1,2731 401  3 61112,4375 1
38,81 2293 1272 36,39 25,79 15,54 25,14 4,89 1,3756 401  3 61112,4375 1
39,62 2218 1272 36,39 25,79 15,54 25,14 4,89 1,3756 401  3 60677,886719 1
39,62 2218 1258 36,36 25,85 15,75 25,14 4,89 1,4612 402  3 60677,886719 1
40,26 2218 1258 36,36 25,85 15,75 25,14 4,89 1,4612 402  3 62637,632812 1
40,26 2153 1219 36,85 25,68 16,38 25,14 4,89 1,4612 402  3 62637,632812 1
40,26 2153 1219 36,85 25,68 16,38 25,14 4,89 1,5338 405  3 62317,429687 1
40,78 1971 1211 37,33 25,99 16,52 25,14 4,89 1,5338 405  3 62317,429687 1
40,78 1971 1211 37,33 25,99 16,52 25,14 4,89 1,5922 408  3 64144,324219 1
41,2 1880 1194 36,66 25,7 16,83 25,14 4,89 1,5922 408  3 64144,324219 1
41,2 1880 1194 36,66 25,7 16,83 25,14 4,89 1,6358 410  3 64144,324219 1
41,51 1848 1194 36,66 25,7 16,83 25,14 4,89 1,6358 410  3 64728,191406 1
41,51 1848 1187 37,25 26,16 16,95 25,14 4,89 1,668 412  3 64728,191406 1
41,74 1848 1187 37,25 26,16 16,95 25,14 4,89 1,668 412  3 67386,15625 1
41,74 1737 1178 37,85 26,4 17,13 25,14 4,89 1,668 412  3 67386,15625 1
41,74 1737 1178 37,85 26,4 17,13 25,14 4,89 1,7062 413  3 65272,820312 1
41,93 1906 1199 37,15 25,93 16,75 25,14 4,89 1,7062 413  3 65272,820312 1
41,93 1906 1199 37,15 25,93 16,75 25,14 4,89 1,7466 414  3 64826,539062 1
42,06 2030 1223 37,79 25,93 16,33 25,14 4,89 1,7466 414  3 64826,539062 1
42,06 2030 1223 37,79 25,93 16,33 25,14 4,89 1,783 415  3 64826,539062 1
