Cabecera experimento NoseCris
nº,Co2(scd40),temp(scd40),hum(scd40),raw_signla(sgp40),aiq(ens160),tvoc(ens160),eco2(ens160),rs1(ens160),rs3(ens160),rs4(ens160),temp(ens160),rmox(zmod4410),etoh(zmod4410),tvoc(zmod4410),eco2(zmod4410),iaq(zmod4410),temperatura(bme688),humedad(bme688),presion(bme688),resistencia(bme688),Aire/muestra
 1,901,28.79,27.30,32810,2,107,561,586.24,561.58,98.47,25.14,5.43,0.0490,0.0922, 423, 2,31.15,23.10,95482.68,476611.593750,0
2,901,28.79,27.30,32810,2,104,557,592.42,574.07,98.87,25.14,5.43,0.0485,0.0911, 423, 2,31.15,23.10,95482.68,476611.593750,0
3,901,28.79,27.30,32810,2,104,557,592.42,574.07,98.87,25.14,5.43,0.0485,0.0911, 423, 2,31.14,23.09,95482.83,473307.156250,0
4,904,28.74,27.30,32809,2,120,563,601.11,576.40,98.27,25.14,5.43,0.0485,0.0911, 423, 2,31.14,23.09,95482.83,473307.156250,0
5,904,28.74,27.30,32809,2,120,563,601.11,576.40,98.27,25.14,5.43,0.0480,0.0901, 423, 2,31.12,23.15,95482.73,466514.812500,0
6,906,28.69,27.42,32820,2,104,556,582.48,576.01,98.94,25.14,5.43,0.0480,0.0901, 423, 2,31.12,23.15,95482.73,466514.812500,0
7,906,28.69,27.42,32820,2,104,556,582.48,576.01,98.94,25.14,5.43,0.0477,0.0897, 423, 2,31.11,23.13,95483.30,468114.281250,0
8,908,28.63,27.40,32823,2,99,548,585.05,575.82,99.71,25.14,5.43,0.0477,0.0897, 423, 2,31.11,23.13,95483.30,468114.281250,0
9,908,28.63,27.40,32823,2,99,548,585.05,575.82,99.71,25.14,5.43,0.0478,0.0899, 423, 2,31.11,23.13,95483.30,468114.281250,0
10,911,28.58,27.45,32823,2,99,548,585.05,575.82,99.71,25.14,5.43,0.0478,0.0899, 423, 2,31.10,23.17,95483.30,474953.625000,0
11,911,28.58,27.45,32823,2,112,570,585.65,582.68,97.67,25.14,5.43,0.0474,0.0892, 423, 2,31.10,23.17,95483.30,474953.625000,0
12,914,28.53,27.49,32826,2,112,570,585.65,582.68,97.67,25.14,5.43,0.0474,0.0892, 423, 2,31.08,23.18,95483.15,472324.718750,0
13,914,28.53,27.49,32826,2,115,573,585.25,566.73,97.34,25.14,5.43,0.0474,0.0892, 423, 2,31.08,23.18,95483.15,472324.718750,0
14,914,28.53,27.49,32826,2,115,573,585.25,566.73,97.34,25.14,5.43,0.0467,0.0877, 423, 2,31.07,23.19,95483.13,469724.781250,0
15,918,28.50,27.51,32827,2,121,520,584.26,574.84,102.38,25.14,5.43,0.0467,0.0877, 423, 2,31.07,23.19,95483.13,469724.781250,0
16,918,28.50,27.51,32827,2,121,520,584.26,574.84,102.38,25.14,5.43,0.0460,0.0864, 423, 2,31.05,23.18,95483.24,478952.281250,0
17,922,28.46,27.52,32832,2,106,559,590.62,576.01,98.67,25.14,5.43,0.0460,0.0864, 423, 2,31.05,23.18,95483.24,478952.281250,0
18,922,28.46,27.52,32832,2,106,559,590.62,576.01,98.67,25.14,5.43,0.0454,0.0853, 423, 2,31.05,23.18,95483.24,478952.281250,0
19,925,28.45,27.62,32836,2,107,559,590.62,576.01,98.67,25.14,5.43,0.0454,0.0853, 423, 2,31.04,23.24,95482.94,476944.562500,0
20,925,28.45,27.62,32836,2,107,561,576.99,570.77,98.50,25.14,5.43,0.0452,0.0850, 423, 2,31.04,23.24,95482.94,476944.562500,0
21,925,28.42,27.66,32838,2,107,561,576.99,570.77,98.50,25.14,5.43,0.0452,0.0850, 423, 2,31.02,23.23,95483.14,471672.031250,0
22,925,28.42,27.66,32838,2,78,511,593.83,583.67,103.35,25.14,5.43,0.0452,0.0850, 423, 2,31.02,23.23,95483.14,471672.031250,0
23,925,28.42,27.66,32838,2,78,511,593.83,583.67,103.35,25.14,5.43,0.0448,0.0843, 423, 2,31.01,23.25,95483.09,470372.062500,0
24,926,28.39,27.71,32838,2,100,570,577.97,588.63,97.61,25.14,5.43,0.0448,0.0843, 423, 2,31.01,23.25,95483.09,470372.062500,0
25,926,28.39,27.71,32838,2,100,570,577.97,588.63,97.61,25.14,5.43,0.0443,0.0833, 423, 2,30.99,23.27,95482.95,474293.656250,0
26,927,28.36,27.66,32837,2,116,575,581.69,579.53,97.18,25.14,5.43,0.0443,0.0833, 423, 2,30.99,23.27,95482.95,474293.656250,0
27,927,28.36,27.66,32837,2,116,575,581.69,579.53,97.18,25.14,5.43,0.0437,0.0822, 422, 2,30.99,23.27,95482.95,474293.656250,0
28,927,28.36,27.66,32833,2,115,575,581.69,579.53,97.18,25.14,5.43,0.0437,0.0822, 422, 2,30.97,23.30,95482.98,470696.406250,0
29,927,28.36,27.66,32833,2,115,574,575.04,580.12,97.31,25.14,5.43,0.0433,0.0814, 422, 2,30.97,23.30,95482.98,470696.406250,0
30,928,28.37,27.74,32839,2,115,574,575.04,580.12,97.31,25.14,5.43,0.0433,0.0814, 422, 2,30.96,23.32,95482.70,469079.250000,0
31,928,28.37,27.74,32839,2,98,545,582.88,593.83,99.98,25.14,5.43,0.0433,0.0814, 422, 2,30.96,23.32,95482.70,469079.250000,0
32,928,28.37,27.74,32839,2,98,545,582.88,593.83,99.98,25.14,5.43,0.0430,0.0809, 422, 2,30.94,23.31,95482.30,471672.031250,0
33,929,28.33,27.70,32838,2,113,571,580.32,592.22,97.54,25.14,5.43,0.0430,0.0809, 422, 2,30.94,23.31,95482.30,471672.031250,0
34,929,28.33,27.70,32838,2,113,571,580.32,592.22,97.54,25.14,5.43,0.0427,0.0803, 422, 1,30.93,23.36,95482.34,471346.375000,0
35,930,28.34,27.69,32842,2,106,559,575.04,581.10,98.64,25.14,5.43,0.0427,0.0803, 422, 1,30.93,23.36,95482.34,471346.375000,0
36,930,28.34,27.69,32842,2,106,559,575.04,581.10,98.64,25.14,5.43,0.0423,0.0794, 422, 1,30.93,23.36,95482.34,471346.375000,0
37,930,28.33,27.74,32848,2,106,559,575.04,581.10,98.64,25.14,5.43,0.0423,0.0794, 422, 1,30.91,23.38,95482.27,476944.562500,0
38,930,28.33,27.74,32848,2,106,559,582.68,593.03,98.64,25.14,5.43,0.0419,0.0788, 422, 1,30.91,23.38,95482.27,476944.562500,0
39,930,28.32,27.80,32845,2,106,559,582.68,593.03,98.64,25.14,5.43,0.0419,0.0788, 422, 1,30.90,23.36,95482.62,477278.031250,0
40,930,28.32,27.80,32845,2,116,576,575.23,582.29,97.11,25.14,5.43,0.0419,0.0788, 422, 1,30.90,23.36,95482.62,477278.031250,0
41,930,28.32,27.80,32845,2,116,576,575.23,582.29,97.11,25.14,5.43,0.0415,0.0780, 421, 1,30.89,23.39,95482.45,472979.218750,0
42,931,28.32,27.80,32845,2,107,561,583.47,592.82,98.54,25.14,5.43,0.0415,0.0780, 421, 1,30.89,23.39,95482.45,472979.218750,0
43,931,28.32,27.80,32845,2,107,561,583.47,592.82,98.54,25.14,5.43,0.0411,0.0773, 421, 1,30.88,23.43,95482.31,474623.406250,0
44,931,28.29,27.76,32844,2,105,557,578.75,584.85,98.87,25.14,5.43,0.0411,0.0773, 421, 1,30.88,23.43,95482.31,474623.406250,0
45,931,28.29,27.76,32844,2,105,557,578.75,584.85,98.87,25.14,5.43,0.0409,0.0769, 421, 1,30.88,23.43,95482.31,474623.406250,0
46,931,28.29,27.80,32844,2,94,557,578.75,584.85,98.87,25.14,5.43,0.0409,0.0769, 421, 1,30.87,23.41,95482.20,472651.750000,0
47,931,28.29,27.80,32844,2,94,538,568.08,583.27,100.66,25.14,5.43,0.0405,0.0762, 421, 1,30.87,23.41,95482.20,472651.750000,0
48,932,28.28,27.81,32843,2,94,538,568.08,583.27,100.66,25.14,5.43,0.0405,0.0762, 421, 1,30.86,23.44,95482.20,471021.156250,0
49,932,28.28,27.81,32843,2,110,541,588.83,595.84,100.42,25.14,5.43,0.0405,0.0762, 421, 1,30.86,23.44,95482.20,471021.156250,0
50,932,28.28,27.81,32843,2,110,541,588.83,595.84,100.42,25.14,5.43,0.0404,0.0759, 421, 1,30.85,23.45,95482.15,473307.156250,0
51,932,28.27,27.84,32843,2,106,558,585.65,587.23,98.74,25.14,5.43,0.0404,0.0759, 421, 1,30.85,23.45,95482.15,473307.156250,0
52,932,28.27,27.84,32843,2,106,558,585.65,587.23,98.74,25.14,5.43,0.0399,0.0750, 421, 1,30.84,23.47,95481.48,472979.218750,0
53,933,28.26,27.84,32844,2,93,537,577.57,581.89,100.76,25.14,5.43,0.0399,0.0750, 421, 1,30.84,23.47,95481.48,472979.218750,0
54,933,28.26,27.84,32844,2,93,537,577.57,581.89,100.76,25.14,5.43,0.0395,0.0742, 420, 1,30.84,23.47,95481.48,472979.218750,0
55,933,28.26,27.84,32850,2,106,537,577.57,581.89,100.76,25.14,5.43,0.0395,0.0742, 420, 1,30.83,23.48,95481.73,471346.375000,0
56,933,28.26,27.84,32850,2,106,560,594.83,586.64,98.60,25.14,5.43,0.0393,0.0739, 420, 1,30.83,23.48,95481.73,471346.375000,0
57,934,28.27,27.85,32848,2,106,560,594.83,586.64,98.60,25.14,5.43,0.0393,0.0739, 420, 1,30.82,23.46,95481.57,478616.500000,0
58,934,28.27,27.85,32848,2,99,544,573.48,594.43,100.12,25.14,5.43,0.0393,0.0739, 420, 1,30.82,23.46,95481.57,478616.500000,0
59,934,28.27,27.85,32848,2,99,544,573.48,594.43,100.12,25.14,5.43,0.0389,0.0732, 420, 1,30.82,23.49,95481.49,479288.562500,0
60,936,28.27,27.85,32850,2,104,556,587.03,585.84,98.97,25.14,5.43,0.0389,0.0732, 420, 1,30.82,23.49,95481.49,479288.562500,1
61,936,28.27,27.85,32850,2,104,556,587.03,585.84,98.97,25.14,5.43,0.0387,0.0727, 420, 1,30.81,23.55,95480.86,474953.625000,1
62,936,28.27,27.88,32853,2,94,538,588.63,595.04,100.66,25.14,5.43,0.0387,0.0727, 420, 1,30.81,23.55,95480.86,474953.625000,1
63,936,28.27,27.88,32853,2,94,538,588.63,595.04,100.66,25.14,5.43,0.0383,0.0720, 420, 1,30.81,23.55,95480.86,474953.625000,1
64,936,28.26,27.97,32895,2,69,538,588.63,595.04,100.66,25.14,5.43,0.0383,0.0720, 420, 1,30.80,23.58,95479.74,473635.531250,1
65,936,28.26,27.97,32895,2,69,495,588.03,588.63,104.98,25.14,5.43,0.0383,0.0720, 420, 1,30.80,23.58,95479.74,473635.531250,1
66,936,28.26,27.96,32951,2,69,495,588.03,588.63,104.98,25.14,5.43,0.0383,0.0720, 420, 1,30.79,23.68,95479.70,474293.656250,1
67,936,28.26,27.96,32951,2,83,503,586.64,603.96,104.16,25.14,5.43,0.0383,0.0720, 420, 1,30.79,23.68,95479.70,474293.656250,1
68,936,28.26,27.96,32951,2,83,503,586.64,603.96,104.16,25.14,5.43,0.0384,0.0721, 419, 1,30.79,23.71,95480.00,471672.031250,1
69,937,28.29,27.93,32996,2,69,493,593.23,609.51,105.12,25.14,5.43,0.0384,0.0721, 419, 1,30.79,23.71,95480.00,471672.031250,1
70,937,28.29,27.93,32996,2,69,493,593.23,609.51,105.12,25.14,5.43,0.0383,0.0720, 419, 1,30.78,23.73,95480.05,480300.187500,1
71,940,28.35,27.91,33030,2,83,519,597.05,605.19,102.55,25.14,5.43,0.0383,0.0720, 419, 1,30.78,23.73,95480.05,480300.187500,1
72,940,28.35,27.91,33030,2,83,519,597.05,605.19,102.55,25.14,5.43,0.0383,0.0720, 419, 1,30.78,23.73,95480.05,480300.187500,1
73,941,28.39,27.94,33049,2,73,519,597.05,605.19,102.55,25.14,5.43,0.0383,0.0720, 419, 1,30.78,23.80,95480.20,471998.156250,1
74,941,28.39,27.94,33049,2,73,502,596.85,606.22,104.27,25.14,5.43,0.0385,0.0723, 419, 1,30.78,23.80,95480.20,471998.156250,1
75,942,28.45,27.93,33061,2,73,502,596.85,606.22,104.27,25.14,5.43,0.0385,0.0723, 419, 1,30.77,23.79,95479.88,471346.375000,1
76,942,28.45,27.93,33061,2,82,531,593.03,610.33,101.38,25.14,5.43,0.0385,0.0723, 419, 1,30.77,23.79,95479.88,471346.375000,1
77,942,28.45,27.93,33061,2,82,531,593.03,610.33,101.38,25.14,5.43,0.0391,0.0735, 419, 1,30.77,23.85,95480.01,470048.187500,1
78,949,28.49,27.89,33072,1,64,484,593.23,599.89,106.08,25.14,5.43,0.0391,0.0735, 419, 1,30.77,23.85,95480.01,470048.187500,1
79,949,28.49,27.89,33072,1,64,484,593.23,599.89,106.08,25.14,5.43,0.0399,0.0749, 419, 1,30.78,23.80,95479.64,473635.531250,1
80,952,28.57,27.88,33072,2,87,527,604.17,604.99,101.83,25.14,5.43,0.0399,0.0749, 419, 1,30.78,23.80,95479.64,473635.531250,1
81,952,28.57,27.88,33072,2,87,527,604.17,604.99,101.83,25.14,5.43,0.0406,0.0763, 419, 1,30.78,23.80,95479.64,473635.531250,1
82,955,28.64,27.81,33069,2,84,527,604.17,604.99,101.83,25.14,5.43,0.0406,0.0763, 419, 1,30.78,23.83,95479.77,468757.156250,1
83,955,28.64,27.81,33069,2,84,522,604.58,618.02,102.27,25.14,5.43,0.0414,0.0779, 418, 1,30.78,23.83,95479.77,468757.156250,1
84,955,28.64,27.81,33064,2,84,522,604.58,618.02,102.27,25.14,5.43,0.0414,0.0779, 418, 1,30.79,23.83,95479.83,468757.156250,1
85,955,28.64,27.81,33064,2,73,502,601.92,602.94,104.27,25.14,5.43,0.0414,0.0779, 418, 1,30.79,23.83,95479.83,468757.156250,1
86,955,28.64,27.81,33064,2,73,502,601.92,602.94,104.27,25.14,5.43,0.0421,0.0792, 418, 1,30.79,23.80,95479.78,469401.781250,1
87,956,28.70,27.80,33062,1,55,467,600.30,603.15,107.86,25.14,5.43,0.0421,0.0792, 418, 1,30.79,23.80,95479.78,469401.781250,1
88,956,28.70,27.80,33062,1,55,467,600.30,603.15,107.86,25.14,5.43,0.0431,0.0811, 418, 2,30.81,23.77,95480.28,467793.500000,1
89,960,28.72,27.75,33063,2,81,517,604.99,599.69,102.80,25.14,5.43,0.0431,0.0811, 418, 2,30.81,23.77,95480.28,467793.500000,1
90,960,28.72,27.75,33063,2,81,517,604.99,599.69,102.80,25.14,5.43,0.0438,0.0823, 418, 2,30.81,23.77,95480.28,467793.500000,1
91,962,28.77,27.77,33064,1,64,517,604.99,599.69,102.80,25.14,5.43,0.0438,0.0823, 418, 2,30.82,23.81,95480.69,476279.062500,1
92,962,28.77,27.77,33064,1,64,463,592.22,596.25,108.22,25.14,5.43,0.0445,0.0837, 419, 2,30.82,23.81,95480.69,476279.062500,1
93,960,28.87,27.71,33063,1,64,463,592.22,596.25,108.22,25.14,5.43,0.0445,0.0837, 419, 2,30.83,23.76,95480.73,472651.750000,1
94,960,28.87,27.71,33063,1,62,480,623.70,610.13,106.48,25.14,5.43,0.0445,0.0837, 419, 2,30.83,23.76,95480.73,472651.750000,1
95,960,28.87,27.71,33063,1,62,480,623.70,610.13,106.48,25.14,5.43,0.0453,0.0851, 419, 2,30.85,23.76,95480.80,472651.750000,1
96,961,28.91,27.68,33061,2,66,488,600.30,594.43,105.69,25.14,5.43,0.0453,0.0851, 419, 2,30.85,23.76,95480.80,472651.750000,1
97,961,28.91,27.68,33061,2,66,488,600.30,594.43,105.69,25.14,5.43,0.0460,0.0865, 419, 2,30.87,23.76,95480.74,466833.812500,1
98,961,28.94,27.61,33056,1,62,481,606.63,610.33,106.41,25.14,5.43,0.0460,0.0865, 419, 2,30.87,23.76,95480.74,466833.812500,1
99,961,28.94,27.61,33056,1,62,481,606.63,610.33,106.41,25.14,5.43,0.0467,0.0878, 419, 2,30.87,23.76,95480.74,466833.812500,1
100,961,28.98,27.61,33054,2,66,481,606.63,610.33,106.41,25.14,5.43,0.0467,0.0878, 419, 2,30.89,23.75,95481.45,465878.062500,1
101,961,28.98,27.61,33054,2,66,502,587.23,596.04,104.27,25.14,5.43,0.0478,0.0899, 419, 2,30.89,23.75,95481.45,465878.062500,1
102,961,29.04,27.53,33046,2,66,502,587.23,596.04,104.27,25.14,5.43,0.0478,0.0899, 419, 2,30.91,23.71,95481.85,466514.812500,1
103,961,29.04,27.53,33046,2,80,515,600.90,604.99,102.93,25.14,5.43,0.0478,0.0899, 419, 2,30.91,23.71,95481.85,466514.812500,1
104,961,29.04,27.53,33046,2,80,515,600.90,604.99,102.93,25.14,5.43,0.0491,0.0924, 419, 2,30.93,23.71,95481.70,471672.031250,1
105,962,29.08,27.46,33042,2,85,523,610.54,588.03,102.21,25.14,5.43,0.0491,0.0924, 419, 2,30.93,23.71,95481.70,471672.031250,1
106,962,29.08,27.46,33042,2,85,523,610.54,588.03,102.21,25.14,5.43,0.0504,0.0947, 419, 2,30.95,23.70,95482.02,465243.062500,1
107,962,29.14,27.53,33039,2,66,489,608.07,589.02,105.62,25.14,5.43,0.0504,0.0947, 419, 2,30.95,23.70,95482.02,465243.062500,1
108,962,29.14,27.53,33039,2,66,489,608.07,589.02,105.62,25.14,5.43,0.0514,0.0967, 420, 2,30.95,23.70,95482.02,465243.062500,1
109,964,29.15,27.43,33033,2,74,489,608.07,589.02,105.62,25.14,5.43,0.0514,0.0967, 420, 2,30.98,23.66,95482.54,464609.812500,1
110,964,29.15,27.43,33033,2,74,489,607.24,591.22,105.55,25.14,5.43,0.0523,0.0984, 420, 2,30.98,23.66,95482.54,464609.812500,1
111,965,29.22,27.37,33029,2,74,489,607.24,591.22,105.55,25.14,5.43,0.0523,0.0984, 420, 2,31.01,23.68,95482.96,464609.812500,1
112,965,29.22,27.37,33029,2,54,466,603.96,588.23,107.97,25.14,5.43,0.0523,0.0984, 420, 2,31.01,23.68,95482.96,464609.812500,1
113,965,29.22,27.37,33029,2,54,466,603.96,588.23,107.97,25.14,5.43,0.0539,0.1013, 420, 2,31.03,23.62,95483.46,468757.156250,1
114,965,29.22,27.37,33030,2,71,498,627.51,601.92,104.73,25.14,5.43,0.0539,0.1013, 420, 2,31.03,23.62,95483.46,468757.156250,1
115,965,29.22,27.37,33030,2,71,498,627.51,601.92,104.73,25.14,5.43,0.0550,0.1035, 420, 2,31.06,23.62,95483.34,461469.125000,1
116,966,29.26,27.38,33029,2,86,526,600.70,588.23,101.89,25.14,5.43,0.0550,0.1035, 420, 2,31.06,23.62,95483.34,461469.125000,1
117,966,29.26,27.38,33029,2,86,526,600.70,588.23,101.89,25.14,5.43,0.0557,0.1048, 421, 2,31.06,23.62,95483.34,461469.125000,1
118,966,29.30,27.32,33022,2,79,526,600.70,588.23,101.89,25.14,5.43,0.0557,0.1048, 421, 2,31.08,23.60,95483.44,471021.156250,1
119,966,29.30,27.32,33022,2,79,501,603.96,593.23,104.41,25.14,5.43,0.0564,0.1060, 421, 2,31.08,23.60,95483.44,471021.156250,1
120,966,29.35,27.34,33017,2,79,501,603.96,593.23,104.41,25.14,5.43,0.0564,0.1060, 421, 2,31.11,23.59,95483.60,467793.500000,1
121,966,29.35,27.34,33017,2,87,526,596.25,587.63,101.86,25.14,5.43,0.0564,0.1060, 421, 2,31.11,23.59,95483.60,467793.500000,1
122,966,29.35,27.34,33017,2,87,526,596.25,587.63,101.86,25.14,5.43,0.0571,0.1073, 421, 2,31.13,23.58,95483.59,466514.812500,1
123,967,29.37,27.25,33017,2,68,492,620.75,585.05,105.26,25.14,5.43,0.0571,0.1073, 421, 2,31.13,23.58,95483.59,466514.812500,1
124,967,29.37,27.25,33017,2,68,492,620.75,585.05,105.26,25.14,5.43,0.0579,0.1088, 422, 2,31.16,23.55,95483.35,460846.093750,1
125,967,29.41,27.26,33012,2,68,492,597.86,585.25,105.30,25.14,5.43,0.0579,0.1088, 422, 2,31.16,23.55,95483.35,460846.093750,1
126,967,29.41,27.26,33012,2,68,492,597.86,585.25,105.30,25.14,5.43,0.0589,0.1107, 422, 2,31.16,23.55,95483.35,460846.093750,1
127,966,29.46,27.24,33007,2,76,492,597.86,585.25,105.30,25.14,5.43,0.0589,0.1107, 422, 2,31.18,23.52,95483.46,465560.343750,1
128,966,29.46,27.24,33007,2,76,540,602.33,583.47,100.59,25.14,5.43,0.0598,0.1124, 423, 2,31.18,23.52,95483.46,465560.343750,1
129,967,29.49,27.18,33006,2,76,540,602.33,583.47,100.59,25.14,5.43,0.0598,0.1124, 423, 2,31.21,23.49,95484.00,470048.187500,1
130,967,29.49,27.18,33006,2,87,526,596.04,571.93,101.89,25.14,5.43,0.0598,0.1124, 423, 2,31.21,23.49,95484.00,470048.187500,1
131,967,29.49,27.18,33006,2,87,526,596.04,571.93,101.89,25.14,5.43,0.0607,0.1141, 423, 2,31.24,23.47,95483.92,463978.250000,1
132,968,29.54,27.17,33005,2,96,543,601.92,580.71,100.29,25.14,5.43,0.0607,0.1141, 423, 2,31.24,23.47,95483.92,463978.250000,1
133,968,29.54,27.17,33005,2,96,543,601.92,580.71,100.29,25.14,5.43,0.0619,0.1164, 423, 2,31.26,23.44,95484.31,468114.281250,1
134,970,29.58,27.11,33001,2,90,532,588.23,577.97,101.31,25.14,5.43,0.0619,0.1164, 423, 2,31.26,23.44,95484.31,468114.281250,1
135,970,29.58,27.11,33001,2,90,532,588.23,577.97,101.31,25.14,5.43,0.0628,0.1180, 424, 2,31.26,23.44,95484.31,468114.281250,1
136,972,29.60,27.05,33002,2,82,532,588.23,577.97,101.31,25.14,5.43,0.0628,0.1180, 424, 2,31.29,23.40,95485.02,467473.187500,1
137,972,29.60,27.05,33002,2,82,521,596.25,570.77,102.38,25.14,5.43,0.0635,0.1193, 424, 2,31.29,23.40,95485.02,467473.187500,1
138,972,29.63,27.03,33001,2,82,521,596.25,570.77,102.38,25.14,5.43,0.0635,0.1193, 424, 2,31.31,23.41,95485.39,462406.875000,1
139,972,29.63,27.03,33001,2,84,521,604.17,571.93,102.38,25.14,5.43,0.0635,0.1193, 424, 2,31.31,23.41,95485.39,462406.875000,1
140,972,29.63,27.03,33001,2,84,521,604.17,571.93,102.38,25.14,5.43,0.0646,0.1214, 425, 2,31.34,23.37,95486.58,462093.875000,1
141,974,29.69,27.01,33000,2,75,505,597.05,576.40,103.95,25.14,5.43,0.0646,0.1214, 425, 2,31.34,23.37,95486.58,462093.875000,1
142,974,29.69,27.01,33000,2,75,505,597.05,576.40,103.95,25.14,5.43,0.0659,0.1238, 425, 2,31.36,23.35,95487.20,464609.812500,1
143,974,29.69,27.01,33001,2,72,500,600.30,587.63,104.51,25.14,5.43,0.0659,0.1238, 425, 2,31.36,23.35,95487.20,464609.812500,1
144,974,29.69,27.01,33001,2,72,500,600.30,587.63,104.51,25.14,5.43,0.0668,0.1256, 425, 2,31.36,23.35,95487.20,464609.812500,1
145,976,29.70,26.98,32999,2,85,500,600.30,587.63,104.51,25.14,5.43,0.0668,0.1256, 425, 2,31.39,23.35,95487.23,464609.812500,1
146,976,29.70,26.98,32999,2,85,523,606.22,578.36,102.21,25.14,5.43,0.0675,0.1269, 426, 2,31.39,23.35,95487.23,464609.812500,1
147,978,29.74,26.93,32995,2,85,523,606.22,578.36,102.21,25.14,5.43,0.0675,0.1269, 426, 2,31.41,23.35,95487.70,457755.937500,1
148,978,29.74,26.93,32995,2,73,501,599.28,575.82,104.37,25.14,5.43,0.0675,0.1269, 426, 2,31.41,23.35,95487.70,457755.937500,1
149,978,29.74,26.93,32995,2,73,501,599.28,575.82,104.37,25.14,5.43,0.0687,0.1292, 426, 2,31.43,23.33,95487.98,461469.125000,1
150,979,29.75,26.95,32989,2,81,516,597.26,567.31,102.90,25.14,5.43,0.0687,0.1292, 426, 2,31.43,23.33,95487.98,461469.125000,1
151,979,29.75,26.95,32989,2,81,516,597.26,567.31,102.90,25.14,5.43,0.0692,0.1300, 427, 2,31.46,23.29,95487.79,460224.718750,1
152,980,29.80,26.94,32987,2,88,544,599.69,566.35,100.15,25.14,5.43,0.0692,0.1300, 427, 2,31.46,23.29,95487.79,460224.718750,1
153,980,29.80,26.94,32987,2,88,544,599.69,566.35,100.15,25.14,5.43,0.0695,0.1307, 427, 2,31.46,23.29,95487.79,460224.718750,1
154,985,29.83,26.88,32979,2,89,544,599.69,566.35,100.15,25.14,5.43,0.0695,0.1307, 427, 2,31.48,23.29,95487.77,458370.625000,1
155,985,29.83,26.88,32979,2,89,531,619.07,568.46,101.48,25.14,5.43,0.0708,0.1331, 428, 2,31.48,23.29,95487.77,458370.625000,1
156,986,29.85,26.85,32978,2,89,531,619.07,568.46,101.48,25.14,5.43,0.0708,0.1331, 428, 2,31.51,23.28,95488.41,463978.250000,1
157,986,29.85,26.85,32978,2,99,548,586.64,572.71,99.85,25.14,5.43,0.0708,0.1331, 428, 2,31.51,23.28,95488.41,463978.250000,1
158,986,29.85,26.85,32978,2,99,548,586.64,572.71,99.85,25.14,5.43,0.0712,0.1339, 428, 2,31.53,23.22,95488.98,461781.281250,1
159,988,29.88,26.87,32980,2,87,526,600.30,570.97,101.89,25.14,5.43,0.0712,0.1339, 428, 2,31.53,23.22,95488.98,461781.281250,1
160,988,29.88,26.87,32980,2,87,526,600.30,570.97,101.89,25.14,5.43,0.0715,0.1344, 429, 2,31.55,23.25,95489.02,460224.718750,1
161,989,29.88,26.82,32978,2,93,547,597.26,575.04,99.91,25.14,5.43,0.0715,0.1344, 429, 2,31.55,23.25,95489.02,460224.718750,1
162,989,29.88,26.82,32978,2,93,547,597.26,575.04,99.91,25.14,5.43,0.0724,0.1361, 429, 2,31.55,23.25,95489.02,460224.718750,1
163,992,29.93,26.81,32974,2,88,547,597.26,575.04,99.91,25.14,5.43,0.0724,0.1361, 429, 2,31.58,23.19,95488.89,457755.937500,1
164,992,29.93,26.81,32974,2,88,529,594.83,568.08,101.62,25.14,5.43,0.0734,0.1380, 430, 2,31.58,23.19,95488.89,457755.937500,1
165,997,29.95,26.80,32972,2,88,529,594.83,568.08,101.62,25.14,5.43,0.0734,0.1380, 430, 2,31.60,23.23,95489.20,461781.281250,1
166,997,29.95,26.80,32972,2,78,510,596.65,563.67,103.49,25.14,5.43,0.0734,0.1380, 430, 2,31.60,23.23,95489.20,461781.281250,1
167,997,29.95,26.80,32972,2,78,510,596.65,563.67,103.49,25.14,5.43,0.0738,0.1387, 430, 2,31.62,23.21,95489.58,459914.656250,1
168,999,30.01,26.76,32967,2,98,545,603.15,561.20,100.05,25.14,5.43,0.0738,0.1387, 430, 2,31.62,23.21,95489.58,459914.656250,1
169,999,30.01,26.76,32967,2,98,545,603.15,561.20,100.05,25.14,5.43,0.0745,0.1401, 430, 2,31.64,23.17,95489.78,458370.625000,1
170,999,30.01,26.76,32963,2,99,519,594.03,574.84,102.62,25.14,5.43,0.0745,0.1401, 430, 2,31.64,23.17,95489.78,458370.625000,1
171,999,30.01,26.76,32963,2,99,519,594.03,574.84,102.62,25.14,5.43,0.0749,0.1408, 431, 2,31.64,23.17,95489.78,458370.625000,1
172,1000,30.01,26.67,32958,2,71,519,594.03,574.84,102.62,25.14,5.43,0.0749,0.1408, 431, 2,31.67,23.17,95490.16,458063.062500,1
173,1000,30.01,26.67,32958,2,71,498,588.63,564.82,104.69,25.14,5.43,0.0755,0.1420, 431, 2,31.67,23.17,95490.16,458063.062500,1
174,1005,30.05,26.74,32955,2,71,498,588.63,564.82,104.69,25.14,5.43,0.0755,0.1420, 431, 2,31.69,23.12,95490.86,455617.343750,1
175,1005,30.05,26.74,32955,2,83,520,598.47,568.65,102.55,25.14,5.43,0.0755,0.1420, 431, 2,31.69,23.12,95490.86,455617.343750,1
176,1005,30.05,26.74,32955,2,83,520,598.47,568.65,102.55,25.14,5.43,0.0760,0.1429, 432, 2,31.71,23.10,95490.99,453197.625000,1
177,1006,30.07,26.69,32955,2,98,546,601.52,562.34,99.98,25.14,5.43,0.0760,0.1429, 432, 2,31.71,23.10,95490.99,453197.625000,1
178,1006,30.07,26.69,32955,2,98,546,601.52,562.34,99.98,25.14,5.43,0.0764,0.1437, 432, 2,31.73,23.09,95491.64,457449.187500,1
179,1008,30.08,26.71,32956,2,94,516,590.62,566.54,102.97,25.14,5.43,0.0764,0.1437, 432, 2,31.73,23.09,95491.64,457449.187500,1
180,1008,30.08,26.71,32956,2,94,516,590.62,566.54,102.97,25.14,5.43,0.0769,0.1446, 433, 2,31.73,23.09,95491.64,457449.187500,1
181,1008,30.12,26.57,32948,2,98,516,590.62,566.54,102.97,25.14,5.43,0.0769,0.1446, 433, 2,31.76,23.09,95492.22,456836.937500,1
182,1008,30.12,26.57,32948,2,98,546,580.71,563.10,100.05,25.14,5.43,0.0776,0.1459, 433, 2,31.76,23.09,95492.22,456836.937500,1
183,1009,30.15,26.61,32947,2,98,546,580.71,563.10,100.05,25.14,5.43,0.0776,0.1459, 433, 2,31.78,23.05,95492.16,457142.843750,1
184,1009,30.15,26.61,32947,2,80,515,605.19,558.92,103.07,25.14,5.43,0.0776,0.1459, 433, 2,31.78,23.05,95492.16,457142.843750,1
185,1009,30.15,26.61,32947,2,80,515,605.19,558.92,103.07,25.14,5.43,0.0783,0.1473, 433, 2,31.80,23.00,95492.91,453800.125000,1
186,1009,30.15,26.60,32948,2,92,536,590.22,553.09,101.00,25.14,5.43,0.0783,0.1473, 433, 2,31.80,23.00,95492.91,453800.125000,1
187,1009,30.15,26.60,32948,2,92,536,590.22,553.09,101.00,25.14,5.43,0.0792,0.1489, 434, 2,31.82,22.99,95492.71,458370.625000,1
188,1010,30.18,26.59,32950,2,93,527,582.68,561.20,101.86,25.14,5.43,0.0792,0.1489, 434, 2,31.82,22.99,95492.71,458370.625000,1
189,1010,30.18,26.59,32950,2,93,527,582.68,561.20,101.86,25.14,5.43,0.0798,0.1500, 434, 2,31.82,22.99,95492.71,458370.625000,1
190,1011,30.18,26.57,32951,2,86,527,582.68,561.20,101.86,25.14,5.43,0.0798,0.1500, 434, 2,31.84,22.98,95492.59,453498.656250,1
191,1011,30.18,26.57,32951,2,86,525,594.03,551.97,102.00,25.14,5.43,0.0804,0.1512, 435, 2,31.84,22.98,95492.59,453498.656250,1
192,1014,30.23,26.50,32951,2,86,525,594.03,551.97,102.00,25.14,5.43,0.0804,0.1512, 435, 2,31.86,22.94,95492.81,457449.187500,1
193,1014,30.23,26.50,32951,2,92,536,604.58,563.48,100.97,25.14,5.43,0.0804,0.1512, 435, 2,31.86,22.94,95492.81,457449.187500,1
194,1014,30.23,26.50,32951,2,92,536,604.58,563.48,100.97,25.14,5.43,0.0808,0.1519, 435, 2,31.88,22.97,95493.19,453800.125000,1
195,1016,30.26,26.50,32949,2,101,551,585.65,559.68,101.65,25.14,5.43,0.0808,0.1519, 435, 2,31.88,22.97,95493.19,453800.125000,1
196,1016,30.26,26.50,32949,2,101,551,585.65,559.68,101.65,25.14,5.43,0.0815,0.1531, 435, 2,31.90,22.93,95493.12,453197.625000,1
197,1016,30.26,26.49,32946,2,100,550,577.97,545.65,99.64,25.14,5.43,0.0815,0.1531, 435, 2,31.90,22.93,95493.12,453197.625000,1
198,1016,30.26,26.49,32946,2,100,550,577.97,545.65,99.64,25.14,5.43,0.0818,0.1538, 436, 2,31.90,22.93,95493.12,453197.625000,1
199,1016,30.26,26.49,32943,2,79,550,577.97,545.65,99.64,25.14,5.43,0.0818,0.1538, 436, 2,31.92,22.90,95493.49,452296.812500,1
200,1016,30.26,26.49,32943,2,79,512,593.83,549.36,103.32,25.14,5.43,0.0825,0.1551, 436, 2,31.92,22.90,95493.49,452296.812500,1
201,1017,30.31,26.43,32947,2,79,512,593.83,549.36,103.32,25.14,5.43,0.0825,0.1551, 436, 2,31.94,22.86,95493.95,454706.937500,1
202,1017,30.31,26.43,32947,2,92,535,583.27,560.44,101.07,25.14,5.43,0.0825,0.1551, 436, 2,31.94,22.86,95493.95,454706.937500,1
203,1017,30.31,26.43,32947,2,92,535,583.27,560.44,101.07,25.14,5.43,0.0827,0.1555, 436, 2,31.95,22.88,95493.95,452296.812500,1
204,1017,30.30,26.44,32947,2,93,536,584.26,564.05,101.00,25.14,5.43,0.0827,0.1555, 436, 2,31.95,22.88,95493.95,452296.812500,1
205,1017,30.30,26.44,32947,2,93,536,584.26,564.05,101.00,25.14,5.43,0.0835,0.1569, 437, 2,31.97,22.86,95493.59,451698.281250,1
206,1017,30.34,26.42,32942,2,95,541,579.34,549.91,100.52,25.14,5.43,0.0835,0.1569, 437, 2,31.97,22.86,95493.59,451698.281250,1
207,1017,30.34,26.42,32942,2,95,541,579.34,549.91,100.52,25.14,5.43,0.0835,0.1570, 437, 2,31.97,22.86,95493.59,451698.281250,1
208,1017,30.35,26.38,32938,2,105,541,579.34,549.91,100.52,25.14,5.43,0.0835,0.1570, 437, 2,31.99,22.85,95493.48,452296.812500,1
209,1017,30.35,26.38,32938,2,105,557,579.93,557.98,98.94,25.14,5.43,0.0840,0.1580, 437, 2,31.99,22.85,95493.48,452296.812500,1
210,1018,30.38,26.32,32935,2,105,557,579.93,557.98,98.94,25.14,5.43,0.0840,0.1580, 437, 2,32.01,22.80,95493.27,451997.343750,0
