Cabecera experimento NoseCris
nº,Co2(scd40),temp(scd40),hum(scd40),raw_signla(sgp40),aiq(ens160),tvoc(ens160),eco2(ens160),rs1(ens160),rs3(ens160),rs4(ens160),temp(ens160),rmox(zmod4410),etoh(zmod4410),tvoc(zmod4410),eco2(zmod4410),iaq(zmod4410),temperatura(bme688),humedad(bme688),presion(bme688),resistencia(bme688),Aire/muestra
 1,942,30.36,32.63,32083,2,86,525,454.20,548.61,102.83,25.14,5.42,0.0140,0.0264, 402, 1,33.19,27.34,96138.52,484733.718750,0
2,942,30.36,32.60,32081,2,86,525,454.20,548.61,102.83,25.14,5.42,0.0140,0.0264, 402, 1,33.18,27.35,96137.94,484389.781250,0
3,942,30.36,32.60,32081,2,73,485,456.98,557.60,106.80,25.14,5.42,0.0143,0.0268, 402, 1,33.18,27.35,96137.94,484389.781250,0
4,942,30.36,32.60,32081,2,73,485,456.98,557.60,106.80,25.14,5.42,0.0143,0.0268, 402, 1,33.18,27.38,96137.66,491362.750000,0
5,942,30.36,32.60,32085,2,68,493,463.83,552.71,106.05,25.14,5.42,0.0143,0.0268, 402, 1,33.18,27.38,96137.66,491362.750000,0
6,942,30.36,32.60,32085,2,68,493,463.83,552.71,106.05,25.14,5.42,0.0141,0.0266, 402, 1,33.17,27.37,96137.75,489600.750000,0
7,944,30.36,32.62,32084,2,77,509,452.82,550.29,104.37,25.14,5.42,0.0141,0.0266, 402, 1,33.17,27.37,96137.75,489600.750000,0
8,944,30.36,32.62,32084,2,77,509,452.82,550.29,104.37,25.14,5.42,0.0142,0.0266, 402, 1,33.17,27.38,96137.72,487502.968750,0
9,945,30.35,32.61,32079,2,89,530,453.59,558.92,102.27,25.14,5.42,0.0142,0.0266, 402, 1,33.17,27.38,96137.72,487502.968750,0
10,945,30.35,32.61,32079,2,89,530,453.59,558.92,102.27,25.14,5.42,0.0142,0.0268, 402, 1,33.17,27.38,96137.72,487502.968750,0
11,950,30.35,32.69,32074,2,89,530,453.59,558.92,102.27,25.14,5.42,0.0142,0.0268, 402, 1,33.17,27.38,96137.71,488549.625000,0
12,950,30.35,32.69,32074,2,84,521,454.97,553.84,103.18,25.14,5.42,0.0145,0.0272, 402, 1,33.17,27.38,96137.71,488549.625000,0
13,950,30.32,32.64,32070,2,84,521,454.97,553.84,103.18,25.14,5.42,0.0145,0.0272, 402, 1,33.16,27.40,96137.80,488549.625000,0
14,950,30.32,32.64,32070,2,83,533,467.30,559.87,102.00,25.14,5.42,0.0145,0.0272, 402, 1,33.16,27.40,96137.80,488549.625000,0
15,950,30.32,32.64,32070,2,83,533,467.30,559.87,102.00,25.14,5.42,0.0144,0.0271, 402, 1,33.16,27.40,96138.05,490656.437500,0
16,952,30.35,32.66,32069,2,95,540,451.29,555.15,101.34,25.14,5.42,0.0144,0.0271, 402, 1,33.16,27.40,96138.05,490656.437500,0
17,952,30.35,32.66,32069,2,95,540,451.29,555.15,101.34,25.14,5.42,0.0144,0.0270, 402, 1,33.16,27.42,96138.02,488549.625000,0
18,953,30.34,32.67,32068,2,92,535,464.46,556.66,101.79,25.14,5.42,0.0144,0.0270, 402, 1,33.16,27.42,96138.02,488549.625000,0
19,953,30.34,32.67,32068,2,92,535,464.46,556.66,101.79,25.14,5.42,0.0142,0.0268, 402, 1,33.16,27.42,96138.02,488549.625000,0
20,953,30.36,32.74,32072,2,72,535,464.46,556.66,101.79,25.14,5.42,0.0142,0.0268, 402, 1,33.15,27.43,96137.73,489952.156250,0
21,953,30.36,32.74,32072,2,72,500,454.82,555.34,105.33,25.14,5.42,0.0144,0.0271, 402, 1,33.15,27.43,96137.73,489952.156250,0
22,954,30.38,32.69,32071,2,72,500,454.82,555.34,105.33,25.14,5.42,0.0144,0.0271, 402, 1,33.15,27.42,96137.48,488549.625000,0
23,954,30.38,32.69,32071,2,88,541,454.35,556.66,101.24,25.14,5.42,0.0144,0.0271, 402, 1,33.15,27.42,96137.48,488549.625000,0
24,954,30.38,32.69,32071,2,88,541,454.35,556.66,101.24,25.14,5.42,0.0147,0.0276, 402, 1,33.15,27.44,96137.66,487155.093750,0
25,955,30.38,32.61,32063,2,77,510,458.68,553.46,104.34,25.14,5.42,0.0147,0.0276, 402, 1,33.15,27.44,96137.66,487155.093750,0
26,955,30.38,32.61,32063,2,77,510,458.68,553.46,104.34,25.14,5.42,0.0147,0.0276, 402, 1,33.15,27.43,96137.37,483703.343750,0
27,961,30.38,32.64,32064,2,81,517,451.44,556.66,103.63,25.14,5.42,0.0147,0.0276, 402, 1,33.15,27.43,96137.37,483703.343750,0
28,961,30.38,32.64,32064,2,81,517,451.44,556.66,103.63,25.14,5.42,0.0147,0.0275, 402, 1,33.15,27.43,96137.37,483703.343750,0
29,964,30.38,32.69,32062,2,76,517,451.44,556.66,103.63,25.14,5.42,0.0147,0.0275, 402, 1,33.14,27.42,96137.18,486114.406250,0
30,964,30.38,32.69,32062,2,76,508,465.56,542.89,104.51,25.14,5.42,0.0148,0.0279, 402, 1,33.14,27.42,96137.18,486114.406250,0
31,964,30.38,32.69,32064,2,76,508,465.56,542.89,104.51,25.14,5.42,0.0148,0.0279, 402, 1,33.14,27.45,96137.37,484733.718750,0
32,964,30.38,32.69,32064,2,75,513,458.68,564.82,103.98,25.14,5.42,0.0148,0.0279, 402, 1,33.14,27.45,96137.37,484733.718750,0
33,964,30.38,32.69,32064,2,75,513,458.68,564.82,103.98,25.14,5.42,0.0148,0.0279, 403, 1,33.14,27.45,96137.62,486460.812500,0
34,967,30.39,32.67,32060,2,85,523,461.33,559.30,103.04,25.14,5.42,0.0148,0.0279, 403, 1,33.14,27.45,96137.62,486460.812500,0
35,967,30.39,32.67,32060,2,85,523,461.33,559.30,103.04,25.14,5.42,0.0153,0.0287, 403, 1,33.14,27.44,96137.66,486807.687500,0
36,966,30.41,32.62,32055,2,91,534,466.51,551.03,101.93,25.14,5.42,0.0153,0.0287, 403, 1,33.14,27.44,96137.66,486807.687500,0
37,966,30.41,32.62,32055,2,91,534,466.51,551.03,101.93,25.14,5.42,0.0154,0.0289, 403, 1,33.14,27.44,96137.66,486807.687500,0
38,969,30.41,32.67,32060,2,84,534,466.51,551.03,101.93,25.14,5.42,0.0154,0.0289, 403, 1,33.14,27.41,96137.06,487502.968750,0
39,969,30.41,32.67,32060,2,84,521,457.75,553.84,103.18,25.14,5.42,0.0154,0.0289, 403, 1,33.14,27.41,96137.06,487502.968750,0
40,970,30.42,32.64,32058,2,84,521,457.75,553.84,103.18,25.14,5.42,0.0154,0.0289, 403, 1,33.14,27.44,96136.88,484046.312500,0
41,970,30.42,32.64,32058,2,95,514,457.13,553.46,103.95,25.14,5.42,0.0154,0.0289, 403, 1,33.14,27.44,96136.88,484046.312500,0
42,970,30.42,32.64,32058,2,95,514,457.13,553.46,103.95,25.14,5.42,0.0156,0.0292, 403, 1,33.14,27.43,96136.56,485768.500000,0
43,971,30.44,32.65,32057,2,100,550,459.30,556.28,100.39,25.14,5.42,0.0156,0.0292, 403, 1,33.14,27.43,96136.56,485768.500000,0
44,971,30.44,32.65,32057,2,100,550,459.30,556.28,100.39,25.14,5.42,0.0157,0.0296, 403, 1,33.14,27.43,96135.83,487502.968750,0
45,972,30.43,32.61,32059,2,70,497,450.37,543.81,105.65,25.14,5.42,0.0157,0.0296, 403, 1,33.14,27.43,96135.83,487502.968750,0
46,972,30.43,32.61,32059,2,70,497,450.37,543.81,105.65,25.14,5.42,0.0159,0.0299, 403, 1,33.14,27.43,96135.83,487502.968750,0
47,971,30.43,32.63,32055,2,70,497,450.37,543.81,105.65,25.14,5.42,0.0159,0.0299, 403, 1,33.14,27.46,96135.38,485768.500000,0
48,971,30.43,32.63,32055,2,70,496,458.52,547.87,105.72,25.14,5.42,0.0162,0.0304, 403, 1,33.14,27.46,96135.38,485768.500000,0
49,971,30.43,32.63,32053,2,70,496,458.52,547.87,105.72,25.14,5.42,0.0162,0.0304, 403, 1,33.15,27.43,96135.48,485768.500000,0
50,971,30.43,32.63,32053,2,85,499,457.75,550.47,105.47,25.14,5.42,0.0162,0.0304, 403, 1,33.15,27.43,96135.48,485768.500000,0
51,971,30.43,32.63,32053,2,85,499,457.75,550.47,105.47,25.14,5.42,0.0163,0.0307, 403, 1,33.15,27.46,96134.90,487502.968750,0
52,971,30.47,32.61,32051,2,74,503,453.43,546.76,105.01,25.14,5.42,0.0163,0.0307, 403, 1,33.15,27.46,96134.90,487502.968750,0
53,971,30.47,32.61,32051,2,74,503,453.43,546.76,105.01,25.14,5.42,0.0162,0.0305, 403, 1,33.15,27.44,96135.07,485078.156250,0
54,972,30.47,32.52,32048,2,85,524,458.06,545.10,102.97,25.14,5.42,0.0162,0.0305, 403, 1,33.15,27.44,96135.07,485078.156250,0
55,972,30.47,32.52,32048,2,85,524,458.06,545.10,102.97,25.14,5.42,0.0163,0.0307, 403, 1,33.15,27.44,96135.07,485078.156250,0
56,972,30.48,32.63,32049,2,99,524,458.06,545.10,102.97,25.14,5.42,0.0163,0.0307, 403, 1,33.15,27.45,96135.04,485768.500000,0
57,972,30.48,32.63,32049,2,99,548,449.46,548.43,100.59,25.14,5.42,0.0165,0.0311, 403, 1,33.15,27.45,96135.04,485768.500000,0
58,972,30.50,32.62,32050,2,99,548,449.46,548.43,100.59,25.14,5.42,0.0165,0.0311, 403, 1,33.16,27.43,96135.02,485078.156250,0
59,972,30.50,32.62,32050,2,96,534,459.77,566.54,102.00,25.14,5.42,0.0165,0.0311, 403, 1,33.16,27.43,96135.02,485078.156250,0
60,972,30.50,32.62,32050,2,96,534,459.77,566.54,102.00,25.14,5.42,0.0168,0.0317, 403, 1,33.16,27.44,96135.42,481995.750000,1
61,972,30.50,32.62,32047,2,87,526,456.82,551.03,102.73,25.14,5.42,0.0168,0.0317, 403, 1,33.16,27.44,96135.42,481995.750000,1
62,972,30.50,32.62,32047,2,87,526,456.82,551.03,102.73,25.14,5.42,0.0173,0.0325, 403, 1,33.16,27.90,96135.83,472979.218750,1
63,972,30.52,32.58,30734,3,306,803,445.97,517.59,78.54,25.14,5.42,0.0173,0.0325, 403, 1,33.16,27.90,96135.83,472979.218750,1
64,972,30.52,32.58,30734,3,306,803,445.97,517.59,78.54,25.14,5.42,0.0240,0.0452, 404, 1,33.16,27.90,96135.83,472979.218750,1
65,971,30.53,32.87,29833,3,580,803,445.97,517.59,78.54,25.14,5.42,0.0240,0.0452, 404, 1,33.17,30.17,96136.63,457755.937500,1
66,971,30.53,32.87,29833,3,580,890,409.51,465.56,64.46,25.14,5.42,0.0418,0.0786, 404, 1,33.17,30.17,96136.63,457755.937500,1
67,971,30.54,33.80,29764,3,580,890,409.51,465.56,64.46,25.14,5.42,0.0418,0.0786, 404, 1,33.17,32.06,96136.26,446090.187500,1
68,971,30.54,33.80,29764,4,785,958,395.48,421.61,57.01,25.14,5.42,0.0418,0.0786, 404, 1,33.17,32.06,96136.26,446090.187500,1
69,971,30.54,33.80,29764,4,785,958,395.48,421.61,57.01,25.14,5.42,0.0635,0.1193, 405, 1,33.18,33.08,96137.10,439484.968750,1
70,971,30.59,34.75,29708,4,840,962,386.36,389.11,56.64,25.14,5.42,0.0635,0.1193, 405, 1,33.18,33.08,96137.10,439484.968750,1
71,971,30.59,34.75,29708,4,840,962,386.36,389.11,56.64,25.14,5.42,0.0867,0.1630, 406, 2,33.18,33.48,96137.52,429800.625000,1
72,971,30.65,35.59,29659,4,788,948,383.10,376.54,57.96,25.14,5.42,0.0867,0.1630, 406, 2,33.18,33.48,96137.52,429800.625000,1
73,971,30.65,35.59,29659,4,788,948,383.10,376.54,57.96,25.14,5.42,0.1106,0.2079, 408, 2,33.18,33.48,96137.52,429800.625000,1
74,972,30.70,36.17,29619,4,687,948,383.10,376.54,57.96,25.14,5.42,0.1106,0.2079, 408, 2,33.19,33.59,96137.95,426577.781250,1
75,972,30.70,36.17,29619,4,687,920,372.87,360.70,60.85,25.14,5.42,0.1338,0.2515, 410, 2,33.19,33.59,96137.95,426577.781250,1
76,972,30.80,36.44,29576,4,687,920,372.87,360.70,60.85,25.14,5.42,0.1338,0.2515, 410, 2,33.20,33.47,96138.08,424455.968750,1
77,972,30.80,36.44,29576,3,627,906,369.98,356.94,62.46,25.14,5.42,0.1338,0.2515, 410, 2,33.20,33.47,96138.08,424455.968750,1
78,972,30.80,36.44,29576,3,627,906,369.98,356.94,62.46,25.14,5.42,0.1555,0.2924, 413, 2,33.21,33.28,96137.94,422616.593750,1
79,973,30.85,36.68,29528,3,612,899,369.10,357.30,63.31,25.14,5.42,0.1555,0.2924, 413, 2,33.21,33.28,96137.94,422616.593750,1
80,973,30.85,36.68,29528,3,612,899,369.10,357.30,63.31,25.14,5.42,0.1750,0.3290, 417, 2,33.22,33.06,96137.84,421312.500000,1
81,973,30.92,36.75,29472,3,593,894,366.61,349.41,63.98,25.14,5.42,0.1750,0.3290, 417, 2,33.22,33.06,96137.84,421312.500000,1
82,973,30.92,36.75,29472,3,593,894,366.61,349.41,63.98,25.14,5.42,0.1929,0.3626, 419, 2,33.22,33.06,96137.84,421312.500000,1
83,974,30.99,36.81,29414,3,556,894,366.61,349.41,63.98,25.14,5.42,0.1929,0.3626, 419, 2,33.23,32.87,96137.87,419242.593750,1
84,974,30.99,36.81,29414,3,556,883,364.38,350.35,65.40,25.14,5.42,0.2101,0.3950, 421, 2,33.23,32.87,96137.87,419242.593750,1
85,974,31.06,36.81,29359,3,556,883,364.38,350.35,65.40,25.14,5.42,0.2101,0.3950, 421, 2,33.25,32.73,96137.52,421052.625000,1
86,974,31.06,36.81,29359,3,559,884,370.10,347.05,65.27,25.14,5.42,0.2101,0.3950, 421, 2,33.25,32.73,96137.52,421052.625000,1
87,974,31.06,36.81,29359,3,559,884,370.10,347.05,65.27,25.14,5.42,0.2257,0.4242, 423, 2,33.27,32.61,96137.87,417192.906250,1
88,974,31.06,36.81,29296,3,575,889,360.21,346.93,64.65,25.14,5.42,0.2257,0.4242, 423, 2,33.27,32.61,96137.87,417192.906250,1
89,974,31.06,36.81,29296,3,575,889,360.21,346.93,64.65,25.14,5.42,0.2398,0.4509, 424, 2,33.29,32.56,96138.27,417703.437500,1
90,974,31.13,36.76,29254,3,540,878,359.61,343.78,66.03,25.14,5.42,0.2398,0.4509, 424, 2,33.29,32.56,96138.27,417703.437500,1
91,974,31.13,36.76,29254,3,540,878,359.61,343.78,66.03,25.14,5.42,0.2532,0.4761, 425, 2,33.29,32.56,96138.27,417703.437500,1
92,975,31.19,36.73,29218,3,500,878,359.61,343.78,66.03,25.14,5.42,0.2532,0.4761, 425, 2,33.32,32.43,96138.70,416429.437500,1
93,975,31.19,36.73,29218,3,500,862,350.95,341.57,68.34,25.14,5.42,0.2655,0.4991, 425, 2,33.32,32.43,96138.70,416429.437500,1
94,976,31.27,36.66,29192,3,500,862,350.95,341.57,68.34,25.14,5.42,0.2655,0.4991, 425, 2,33.34,32.33,96138.87,414658.843750,1
95,976,31.27,36.66,29192,3,498,865,357.54,346.46,67.81,25.14,5.42,0.2655,0.4991, 425, 2,33.34,32.33,96138.87,414658.843750,1
96,976,31.27,36.66,29192,3,498,865,357.54,346.46,67.81,25.14,5.42,0.2765,0.5197, 426, 2,33.37,32.20,96138.55,414910.843750,1
97,976,31.33,36.63,29164,3,490,863,352.26,340.07,68.14,25.14,5.42,0.2765,0.5197, 426, 2,33.37,32.20,96138.55,414910.843750,1
98,976,31.33,36.63,29164,3,490,863,352.26,340.07,68.14,25.14,5.42,0.2872,0.5399, 426, 2,33.40,32.07,96138.99,413904.593750,1
99,977,31.39,36.48,29140,3,453,852,353.33,334.59,69.87,25.14,5.42,0.2872,0.5399, 426, 2,33.40,32.07,96138.99,413904.593750,1
100,977,31.39,36.48,29140,3,453,852,353.33,334.59,69.87,25.14,5.42,0.2967,0.5578, 426, 2,33.40,32.07,96138.99,413904.593750,1
101,977,31.45,36.39,29118,3,525,852,353.33,334.59,69.87,25.14,5.42,0.2967,0.5578, 426, 2,33.43,31.97,96138.91,417192.906250,1
102,977,31.45,36.39,29118,3,525,860,350.35,340.30,68.58,25.14,5.42,0.3062,0.5756, 427, 2,33.43,31.97,96138.91,417192.906250,1
103,978,31.51,36.31,29094,3,525,860,350.35,340.30,68.58,25.14,5.42,0.3062,0.5756, 427, 2,33.46,31.93,96138.70,413403.312500,1
104,978,31.51,36.31,29094,3,492,864,348.23,338.12,68.07,25.14,5.42,0.3062,0.5756, 427, 2,33.46,31.93,96138.70,413403.312500,1
105,978,31.51,36.31,29094,3,492,864,348.23,338.12,68.07,25.14,5.42,0.3136,0.5896, 427, 2,33.49,31.83,96138.69,413653.812500,1
106,981,31.56,36.22,29081,3,490,863,352.26,341.57,68.16,25.14,5.42,0.3136,0.5896, 427, 2,33.49,31.83,96138.69,413653.812500,1
107,981,31.56,36.22,29081,3,490,863,352.26,341.57,68.16,25.14,5.42,0.3206,0.6027, 427, 2,33.52,31.74,96138.15,413403.312500,1
108,981,31.62,36.15,29067,3,463,855,350.47,339.15,69.39,25.14,5.42,0.3206,0.6027, 427, 2,33.52,31.74,96138.15,413403.312500,1
109,981,31.62,36.15,29067,3,463,855,350.47,339.15,69.39,25.14,5.42,0.3274,0.6155, 427, 2,33.52,31.74,96138.15,413403.312500,1
110,981,31.69,36.06,29056,3,516,855,350.47,339.15,69.39,25.14,5.42,0.3274,0.6155, 427, 2,33.55,31.65,96137.21,411410.218750,1
111,981,31.69,36.06,29056,3,516,857,346.58,338.70,69.09,25.14,5.42,0.3337,0.6274, 427, 2,33.55,31.65,96137.21,411410.218750,1
112,982,31.74,35.94,29041,3,516,857,346.58,338.70,69.09,25.14,5.42,0.3337,0.6274, 427, 2,33.58,31.59,96136.74,410914.937500,1
113,982,31.74,35.94,29041,3,509,869,346.70,333.58,67.33,25.14,5.42,0.3337,0.6274, 427, 2,33.58,31.59,96136.74,410914.937500,1
114,982,31.74,35.94,29041,3,509,869,346.70,333.58,67.33,25.14,5.42,0.3396,0.6384, 427, 2,33.61,31.51,96136.70,409927.937500,1
115,982,31.80,35.88,29032,3,483,861,344.01,337.44,68.48,25.14,5.42,0.3396,0.6384, 427, 2,33.61,31.51,96136.70,409927.937500,1
116,982,31.80,35.88,29032,3,483,861,344.01,337.44,68.48,25.14,5.42,0.3453,0.6491, 427, 2,33.65,31.43,96137.24,409436.218750,1
117,982,31.80,35.88,29018,3,458,853,353.33,338.81,69.63,25.14,5.42,0.3453,0.6491, 427, 2,33.65,31.43,96137.24,409436.218750,1
118,982,31.80,35.88,29018,3,458,853,353.33,338.81,69.63,25.14,5.42,0.3509,0.6597, 427, 2,33.65,31.43,96137.24,409436.218750,1
119,982,31.83,35.78,29008,3,455,853,353.33,338.81,69.63,25.14,5.42,0.3509,0.6597, 427, 2,33.69,31.36,96137.37,409927.937500,1
120,982,31.83,35.78,29008,3,455,857,341.92,336.07,69.14,25.14,5.42,0.3554,0.6682, 427, 2,33.69,31.36,96137.37,409927.937500,1
121,982,31.90,35.68,28993,3,455,857,341.92,336.07,69.14,25.14,5.42,0.3554,0.6682, 427, 2,33.72,31.33,96137.02,409190.812500,1
122,982,31.90,35.68,28993,3,484,861,338.58,328.98,68.44,25.14,5.42,0.3554,0.6682, 427, 2,33.72,31.33,96137.02,409190.812500,1
123,982,31.90,35.68,28993,3,484,861,338.58,328.98,68.44,25.14,5.42,0.3596,0.6761, 427, 3,33.75,31.33,96136.81,409190.812500,1
124,984,31.91,35.63,28981,3,513,870,350.95,326.54,67.15,25.14,5.42,0.3596,0.6761, 427, 3,33.75,31.33,96136.81,409190.812500,1
125,984,31.91,35.63,28981,3,513,870,350.95,326.54,67.15,25.14,5.42,0.3642,0.6847, 427, 3,33.79,31.31,96136.91,408456.312500,1
126,985,31.99,35.57,28974,3,468,856,342.15,333.69,69.18,25.14,5.42,0.3642,0.6847, 427, 3,33.79,31.31,96136.91,408456.312500,1
127,985,31.99,35.57,28974,3,468,856,342.15,333.69,69.18,25.14,5.42,0.3681,0.6919, 427, 3,33.79,31.31,96136.91,408456.312500,1
128,986,32.05,35.54,28969,3,477,856,342.15,333.69,69.18,25.14,5.42,0.3681,0.6919, 427, 3,33.82,31.29,96137.25,406026.968750,1
129,986,32.05,35.54,28969,3,477,863,342.27,330.99,68.16,25.14,5.42,0.3719,0.6992, 428, 3,33.82,31.29,96137.25,406026.968750,1
130,986,32.07,35.40,28973,3,477,863,342.27,330.99,68.16,25.14,5.42,0.3719,0.6992, 428, 3,33.86,31.23,96137.50,404823.093750,1
131,986,32.07,35.40,28973,3,476,859,337.89,330.88,68.79,25.14,5.42,0.3719,0.6992, 428, 3,33.86,31.23,96137.50,404823.093750,1
132,986,32.07,35.40,28973,3,476,859,337.89,330.88,68.79,25.14,5.42,0.3758,0.7064, 430, 3,33.89,31.10,96137.09,406026.968750,1
133,987,32.12,35.35,28963,3,488,862,336.98,331.21,68.25,25.14,5.42,0.3758,0.7064, 430, 3,33.89,31.10,96137.09,406026.968750,1
134,987,32.12,35.35,28963,3,488,862,336.98,331.21,68.25,25.14,5.42,0.3801,0.7146, 432, 3,33.93,31.09,96137.28,406026.968750,1
135,991,32.16,35.32,28949,3,456,853,332.56,328.65,69.75,25.14,5.42,0.3801,0.7146, 432, 3,33.93,31.09,96137.28,406026.968750,1
136,991,32.16,35.32,28949,3,456,853,332.56,328.65,69.75,25.14,5.42,0.3830,0.7200, 435, 3,33.93,31.09,96137.28,406026.968750,1
137,990,32.20,35.27,28934,3,502,853,332.56,328.65,69.75,25.14,5.42,0.3830,0.7200, 435, 3,33.96,31.12,96137.63,405063.281250,1
138,990,32.20,35.27,28934,3,502,867,337.89,320.41,67.63,25.14,5.42,0.3858,0.7254, 438, 3,33.96,31.12,96137.63,405063.281250,1
139,991,32.28,35.24,28931,3,502,867,337.89,320.41,67.63,25.14,5.42,0.3858,0.7254, 438, 3,33.99,31.13,96137.28,403149.593750,1
140,991,32.28,35.24,28931,3,491,863,341.34,325.33,68.14,25.14,5.42,0.3858,0.7254, 438, 3,33.99,31.13,96137.28,403149.593750,1
141,991,32.28,35.24,28931,3,491,863,341.34,325.33,68.14,25.14,5.42,0.3888,0.7309, 441, 3,34.03,31.05,96137.07,403387.812500,1
142,991,32.31,35.16,28928,3,486,862,328.09,323.79,68.32,25.14,5.42,0.3888,0.7309, 441, 3,34.03,31.05,96137.07,403387.812500,1
143,991,32.31,35.16,28928,3,486,862,328.09,323.79,68.32,25.14,5.42,0.3913,0.7356, 444, 3,34.06,31.01,96136.96,402199.531250,1
144,992,32.35,35.20,28924,3,463,855,337.44,320.08,69.42,25.14,5.42,0.3913,0.7356, 444, 3,34.06,31.01,96136.96,402199.531250,1
145,992,32.35,35.20,28924,3,463,855,337.44,320.08,69.42,25.14,5.42,0.3941,0.7410, 447, 3,34.06,31.01,96136.96,402199.531250,1
146,992,32.35,35.20,28920,3,486,855,337.44,320.08,69.42,25.14,5.42,0.3941,0.7410, 447, 3,34.09,30.99,96137.09,405063.281250,1
147,992,32.35,35.20,28920,3,486,865,333.80,321.49,67.81,25.14,5.42,0.3965,0.7454, 451, 3,34.09,30.99,96137.09,405063.281250,1
148,992,32.38,35.11,28916,3,486,865,333.80,321.49,67.81,25.14,5.42,0.3965,0.7454, 451, 3,34.12,30.95,96137.00,402436.625000,1
149,992,32.38,35.11,28916,3,533,876,339.04,326.21,66.32,25.14,5.42,0.3965,0.7454, 451, 3,34.12,30.95,96137.00,402436.625000,1
150,992,32.38,35.11,28916,3,533,876,339.04,326.21,66.32,25.14,5.42,0.3982,0.7487, 454, 3,34.15,30.93,96136.54,402199.531250,1
151,992,32.41,35.05,28908,3,485,862,324.12,322.37,68.39,25.14,5.42,0.3982,0.7487, 454, 3,34.15,30.93,96136.54,402199.531250,1
152,992,32.41,35.05,28908,3,485,862,324.12,322.37,68.39,25.14,5.42,0.4003,0.7526, 457, 3,34.18,30.85,96135.92,401962.718750,1
153,992,32.45,35.06,28915,3,467,856,330.43,326.54,69.23,25.14,5.42,0.4003,0.7526, 457, 3,34.18,30.85,96135.92,401962.718750,1
154,992,32.45,35.06,28915,3,467,856,330.43,326.54,69.23,25.14,5.42,0.4014,0.7545, 460, 3,34.18,30.85,96135.92,401962.718750,1
155,993,32.49,34.95,28924,3,459,856,330.43,326.54,69.23,25.14,5.42,0.4014,0.7545, 460, 3,34.21,30.72,96135.53,404104.187500,1
156,993,32.49,34.95,28924,3,459,852,331.89,324.34,69.77,25.14,5.42,0.4034,0.7584, 462, 3,34.21,30.72,96135.53,404104.187500,1
157,994,32.52,34.80,28934,3,459,852,331.89,324.34,69.77,25.14,5.42,0.4034,0.7584, 462, 3,34.24,30.55,96136.12,402674.000000,1
158,994,32.52,34.80,28934,3,428,844,328.31,320.08,71.15,25.14,5.42,0.4034,0.7584, 462, 3,34.24,30.55,96136.12,402674.000000,1
159,994,32.52,34.80,28934,3,428,844,328.31,320.08,71.15,25.14,5.42,0.4037,0.7589, 465, 3,34.28,30.39,96136.04,402436.625000,1
160,994,32.55,34.74,28925,3,455,852,334.37,324.01,69.79,25.14,5.42,0.4037,0.7589, 465, 3,34.28,30.39,96136.04,402436.625000,1
161,994,32.55,34.74,28925,3,455,852,334.37,324.01,69.79,25.14,5.42,0.4050,0.7614, 468, 3,34.30,30.40,96135.80,402436.625000,1
162,994,32.58,34.66,28903,3,448,850,327.42,327.42,70.13,25.14,5.42,0.4050,0.7614, 468, 3,34.30,30.40,96135.80,402436.625000,1
163,994,32.58,34.66,28903,3,448,850,327.42,327.42,70.13,25.14,5.42,0.4064,0.7640, 470, 3,34.30,30.40,96135.80,402436.625000,1
164,995,32.63,34.61,28893,3,452,850,327.42,327.42,70.13,25.14,5.42,0.4064,0.7640, 470, 3,34.33,30.44,96135.78,400312.750000,1
165,995,32.63,34.61,28893,3,452,874,343.43,322.69,66.61,25.14,5.42,0.4078,0.7667, 473, 3,34.33,30.44,96135.78,400312.750000,1
166,995,32.68,34.59,28881,3,452,874,343.43,322.69,66.61,25.14,5.42,0.4078,0.7667, 473, 3,34.36,30.48,96136.00,401253.906250,1
167,995,32.68,34.59,28881,3,472,858,326.10,322.48,68.97,25.14,5.42,0.4078,0.7667, 473, 3,34.36,30.48,96136.00,401253.906250,1
168,995,32.68,34.59,28881,3,472,858,326.10,322.48,68.97,25.14,5.42,0.4096,0.7701, 475, 3,34.39,30.54,96135.49,399609.750000,1
169,996,32.71,34.56,28878,3,498,866,329.09,324.56,67.81,25.14,5.42,0.4096,0.7701, 475, 3,34.39,30.54,96135.49,399609.750000,1
170,996,32.71,34.56,28878,3,498,866,329.09,324.56,67.81,25.14,5.42,0.4110,0.7727, 477, 3,34.42,30.52,96135.30,401253.906250,1
171,996,32.72,34.57,28899,3,427,844,326.32,322.37,71.18,25.14,5.42,0.4110,0.7727, 477, 3,34.42,30.52,96135.30,401253.906250,1
172,996,32.72,34.57,28899,3,427,844,326.32,322.37,71.18,25.14,5.42,0.4116,0.7738, 479, 3,34.42,30.52,96135.30,401253.906250,1
173,996,32.72,34.57,28914,3,465,844,326.32,322.37,71.18,25.14,5.42,0.4116,0.7738, 479, 3,34.45,30.33,96135.29,399375.968750,1
174,996,32.72,34.57,28914,3,465,852,328.09,319.87,69.91,25.14,5.42,0.4124,0.7753, 481, 3,34.45,30.33,96135.29,399375.968750,1
175,997,32.75,34.48,28909,3,465,852,328.09,319.87,69.91,25.14,5.42,0.4124,0.7753, 481, 3,34.47,30.18,96134.57,401489.906250,1
176,997,32.75,34.48,28909,3,412,839,331.44,318.25,71.98,25.14,5.42,0.4124,0.7753, 481, 3,34.47,30.18,96134.57,401489.906250,1
177,997,32.75,34.48,28909,3,412,839,331.44,318.25,71.98,25.14,5.42,0.4131,0.7766, 483, 3,34.50,30.13,96134.55,401489.906250,1
178,997,32.81,34.39,28909,3,443,848,333.69,320.08,70.39,25.14,5.42,0.4131,0.7766, 483, 3,34.50,30.13,96134.55,401489.906250,1
179,997,32.81,34.39,28909,3,443,848,333.69,320.08,70.39,25.14,5.42,0.4134,0.7773, 485, 3,34.53,30.07,96134.34,402436.625000,1
180,998,32.83,34.27,28898,3,470,857,320.41,311.22,69.09,25.14,5.42,0.4134,0.7773, 485, 3,34.53,30.07,96134.34,402436.625000,1
181,998,32.83,34.27,28898,3,470,857,320.41,311.22,69.09,25.14,5.42,0.4141,0.7785, 486, 3,34.53,30.07,96134.34,402436.625000,1
182,998,32.86,34.20,28885,3,473,857,320.41,311.22,69.09,25.14,5.42,0.4141,0.7785, 486, 3,34.55,30.11,96133.62,397747.125000,1
183,998,32.86,34.20,28885,3,473,848,322.48,315.35,70.43,25.14,5.42,0.4143,0.7789, 488, 3,34.55,30.11,96133.62,397747.125000,1
184,999,32.90,34.17,28881,3,473,848,322.48,315.35,70.43,25.14,5.42,0.4143,0.7789, 488, 3,34.57,30.14,96133.43,400547.625000,1
185,999,32.90,34.17,28881,3,488,863,328.76,315.35,68.25,25.14,5.42,0.4143,0.7789, 488, 3,34.57,30.14,96133.43,400547.625000,1
186,999,32.90,34.17,28881,3,488,863,328.76,315.35,68.25,25.14,5.42,0.4166,0.7832, 490, 3,34.60,30.12,96132.75,399375.968750,1
187,1001,32.94,34.11,28878,3,476,859,319.87,317.49,68.81,25.14,5.42,0.4166,0.7832, 490, 3,34.60,30.12,96132.75,399375.968750,1
188,1001,32.94,34.11,28878,3,476,859,319.87,317.49,68.81,25.14,5.42,0.4177,0.7853, 491, 3,34.63,30.11,96132.21,399843.812500,1
189,1002,32.94,34.13,28865,3,482,861,325.77,313.86,68.53,25.14,5.42,0.4177,0.7853, 491, 3,34.63,30.11,96132.21,399843.812500,1
190,1002,32.94,34.13,28865,3,482,861,325.77,313.86,68.53,25.14,5.42,0.4181,0.7860, 492, 3,34.63,30.11,96132.21,399843.812500,1
191,1004,32.97,34.10,28867,3,429,861,325.77,313.86,68.53,25.14,5.42,0.4181,0.7860, 492, 3,34.65,30.11,96132.23,399609.750000,1
192,1004,32.97,34.10,28867,3,429,844,330.43,322.37,71.08,25.14,5.42,0.4184,0.7865, 494, 3,34.65,30.11,96132.23,399609.750000,1
193,1006,33.01,34.11,28868,3,429,844,330.43,322.37,71.08,25.14,5.42,0.4184,0.7865, 494, 3,34.68,30.11,96131.48,396131.531250,1
194,1006,33.01,34.11,28868,3,478,859,331.77,316.74,68.72,25.14,5.42,0.4184,0.7865, 494, 3,34.68,30.11,96131.48,396131.531250,1
195,1006,33.01,34.11,28868,3,478,859,331.77,316.74,68.72,25.14,5.42,0.4191,0.7879, 495, 3,34.70,30.07,96130.78,397747.125000,1
196,1006,33.03,34.06,28868,3,440,848,321.82,315.99,70.53,25.14,5.42,0.4191,0.7879, 495, 3,34.70,30.07,96130.78,397747.125000,1
197,1006,33.03,34.06,28868,3,440,848,321.82,315.99,70.53,25.14,5.42,0.4195,0.7887, 496, 3,34.73,29.95,96130.54,395901.812500,1
198,1006,33.04,33.99,28875,3,423,842,329.20,315.57,69.96,25.14,5.42,0.4195,0.7887, 496, 3,34.73,29.95,96130.54,395901.812500,1
199,1006,33.04,33.99,28875,3,423,842,329.20,315.57,69.96,25.14,5.42,0.4204,0.7903, 497, 3,34.73,29.95,96130.54,395901.812500,1
200,1008,33.08,33.89,28872,3,463,842,329.20,315.57,69.96,25.14,5.42,0.4204,0.7903, 497, 3,34.75,29.83,96130.59,397979.000000,1
201,1008,33.08,33.89,28872,3,463,855,330.99,314.92,69.44,25.14,5.42,0.4203,0.7902, 498, 3,34.75,29.83,96130.59,397979.000000,1
202,1008,33.08,33.89,28864,3,463,855,330.99,314.92,69.44,25.14,5.42,0.4203,0.7902, 498, 3,34.77,29.80,96130.63,398676.281250,1
203,1008,33.08,33.89,28864,3,427,843,320.19,311.01,71.20,25.14,5.42,0.4203,0.7902, 498, 3,34.77,29.80,96130.63,398676.281250,1
204,1008,33.08,33.89,28864,3,427,843,320.19,311.01,71.20,25.14,5.42,0.4198,0.7892, 499, 3,34.80,29.79,96130.82,399843.812500,1
205,1011,33.10,33.91,28872,3,447,850,322.69,313.97,70.22,25.14,5.42,0.4198,0.7892, 499, 3,34.80,29.79,96130.82,399843.812500,1
206,1011,33.10,33.91,28872,3,447,850,322.69,313.97,70.22,25.14,5.42,0.4196,0.7889, 500, 3,34.82,29.68,96130.77,398676.281250,1
207,1011,33.14,33.86,28895,3,428,834,324.01,314.29,72.71,25.14,5.42,0.4196,0.7889, 500, 3,34.82,29.68,96130.77,398676.281250,1
208,1011,33.14,33.86,28895,3,428,834,324.01,314.29,72.71,25.14,5.42,0.4197,0.7890, 501, 3,34.82,29.68,96130.77,398676.281250,1
209,1012,33.16,33.71,28902,3,399,834,324.01,314.29,72.71,25.14,5.42,0.4197,0.7890, 501, 3,34.84,29.52,96131.34,399375.968750,1
210,1012,33.16,33.71,28902,3,399,834,331.66,322.37,72.71,25.14,5.42,0.4192,0.7882, 502, 3,34.84,29.52,96131.34,399375.968750,0
