Cabecera experimento NoseCris
nº,Co2(scd40),temp(scd40),hum(scd40),raw_signla(sgp40),aiq(ens160),tvoc(ens160),eco2(ens160),rs1(ens160),rs3(ens160),rs4(ens160),temp(ens160),rmox(zmod4410),etoh(zmod4410),tvoc(zmod4410),eco2(zmod4410),iaq(zmod4410),temperatura(bme688),humedad(bme688),presion(bme688),resistencia(bme688),Aire/muestra
 1,874,29.15,26.91,33084,2,71,498,578.36,647.79,104.27,25.14,5.47,0.0610,0.1146, 434, 2,31.96,22.43,95693.23,501469.156250,0
2,874,29.15,26.91,33083,1,91,534,564.24,657.29,100.73,25.14,5.47,0.0610,0.1146, 434, 2,31.96,22.43,95693.23,501469.156250,0
3,874,29.15,26.91,33083,1,91,534,564.24,657.29,100.73,25.14,5.47,0.0607,0.1142, 433, 2,31.96,22.43,95692.87,502576.687500,0
4,873,29.16,26.88,33091,2,84,522,569.81,643.21,101.89,25.14,5.47,0.0607,0.1142, 433, 2,31.96,22.43,95692.87,502576.687500,0
5,873,29.16,26.88,33091,2,84,522,569.81,643.21,101.89,25.14,5.47,0.0606,0.1139, 433, 2,31.96,22.43,95692.87,502576.687500,0
6,870,29.13,26.91,33096,2,72,522,569.81,643.21,101.89,25.14,5.47,0.0606,0.1139, 433, 2,31.95,22.40,95693.19,503689.125000,0
7,870,29.13,26.91,33096,2,72,500,576.01,666.25,104.16,25.14,5.47,0.0602,0.1132, 433, 2,31.95,22.40,95693.19,503689.125000,0
8,868,29.14,26.87,33095,2,72,500,576.01,666.25,104.16,25.14,5.47,0.0602,0.1132, 433, 2,31.95,22.44,95693.23,500366.468750,0
9,868,29.14,26.87,33095,2,73,502,577.57,651.31,103.77,25.14,5.47,0.0602,0.1132, 433, 2,31.95,22.44,95693.23,500366.468750,0
10,868,29.14,26.87,33095,2,73,502,577.57,651.31,103.77,25.14,5.47,0.0599,0.1127, 433, 2,31.94,22.43,95693.70,502946.968750,0
11,864,29.11,26.88,33091,2,88,528,571.35,654.63,101.31,25.14,5.47,0.0599,0.1127, 433, 2,31.94,22.43,95693.70,502946.968750,0
12,864,29.11,26.88,33091,2,88,528,571.35,654.63,101.31,25.14,5.47,0.0597,0.1123, 432, 2,31.93,22.40,95694.09,503317.781250,0
13,864,29.10,26.91,33088,2,73,502,581.69,657.51,103.91,25.14,5.47,0.0597,0.1123, 432, 2,31.93,22.40,95694.09,503317.781250,0
14,864,29.10,26.91,33088,2,73,502,581.69,657.51,103.91,25.14,5.47,0.0594,0.1116, 432, 2,31.93,22.40,95694.09,503317.781250,0
15,863,29.12,26.93,33090,2,69,502,581.69,657.51,103.91,25.14,5.47,0.0594,0.1116, 432, 2,31.93,22.43,95694.05,503689.125000,0
16,863,29.12,26.93,33090,2,69,495,576.99,650.21,104.66,25.14,5.47,0.0588,0.1106, 432, 2,31.93,22.43,95694.05,503689.125000,0
17,862,29.13,26.97,33092,2,69,495,576.99,650.21,104.66,25.14,5.47,0.0588,0.1106, 432, 2,31.92,22.43,95694.07,504433.500000,0
18,862,29.13,26.97,33092,2,92,506,575.23,656.40,103.56,25.14,5.47,0.0588,0.1106, 432, 2,31.92,22.43,95694.07,504433.500000,0
19,862,29.13,26.97,33092,2,92,506,575.23,656.40,103.56,25.14,5.47,0.0583,0.1097, 432, 2,31.92,22.42,95694.57,505554.187500,0
20,862,29.11,26.99,33099,2,61,480,580.32,658.40,106.19,25.14,5.47,0.0583,0.1097, 432, 2,31.92,22.42,95694.57,505554.187500,0
21,862,29.11,26.99,33099,2,61,480,580.32,658.40,106.19,25.14,5.47,0.0580,0.1090, 432, 2,31.91,22.40,95695.34,501469.156250,0
22,862,29.12,26.93,33095,2,76,507,558.54,653.30,103.42,25.14,5.47,0.0580,0.1090, 432, 2,31.91,22.40,95695.34,501469.156250,0
23,862,29.12,26.93,33095,2,76,507,558.54,653.30,103.42,25.14,5.47,0.0580,0.1090, 431, 2,31.91,22.40,95695.34,501469.156250,0
24,861,29.12,26.94,33096,2,95,507,558.54,653.30,103.42,25.14,5.47,0.0580,0.1090, 431, 2,31.91,22.40,95696.09,504806.500000,0
25,861,29.12,26.94,33096,2,95,541,582.29,667.38,100.12,25.14,5.47,0.0577,0.1084, 431, 2,31.91,22.40,95696.09,504806.500000,0
26,861,29.13,26.86,33097,2,95,541,582.29,667.38,100.12,25.14,5.47,0.0577,0.1084, 431, 2,31.90,22.46,95697.19,505554.187500,0
27,861,29.13,26.86,33097,2,81,544,585.05,670.32,99.78,25.14,5.47,0.0577,0.1084, 431, 2,31.90,22.46,95697.19,505554.187500,0
28,861,29.13,26.86,33097,2,81,544,585.05,670.32,99.78,25.14,5.47,0.0571,0.1074, 431, 2,31.90,22.44,95697.52,506304.093750,0
29,860,29.13,26.93,33098,2,73,501,580.71,662.88,104.06,25.14,5.47,0.0571,0.1074, 431, 2,31.90,22.44,95697.52,506304.093750,0
30,860,29.13,26.93,33098,2,73,501,580.71,662.88,104.06,25.14,5.47,0.0570,0.1072, 431, 2,31.89,22.42,95698.09,504806.500000,0
31,860,29.13,26.93,33100,2,80,515,577.77,647.79,102.62,25.14,5.47,0.0570,0.1072, 431, 2,31.89,22.42,95698.09,504806.500000,0
32,860,29.13,26.93,33100,2,80,515,577.77,647.79,102.62,25.14,5.47,0.0568,0.1067, 430, 2,31.89,22.42,95698.09,504806.500000,0
33,860,29.12,26.89,33093,2,70,515,577.77,647.79,102.62,25.14,5.47,0.0568,0.1067, 430, 2,31.89,22.40,95697.79,502576.687500,0
34,860,29.12,26.89,33093,2,70,495,577.97,657.29,104.62,25.14,5.47,0.0564,0.1060, 430, 2,31.89,22.40,95697.79,502576.687500,0
35,859,29.14,26.88,33090,2,70,495,577.97,657.29,104.62,25.14,5.47,0.0564,0.1060, 430, 2,31.88,22.40,95697.97,507056.187500,0
36,859,29.14,26.88,33090,2,84,527,576.79,659.30,101.48,25.14,5.47,0.0564,0.1060, 430, 2,31.88,22.40,95697.97,507056.187500,0
37,859,29.14,26.88,33090,2,84,527,576.79,659.30,101.48,25.14,5.47,0.0561,0.1055, 430, 2,31.88,22.39,95698.88,507810.562500,0
38,858,29.15,26.90,33094,2,79,513,590.42,656.85,102.83,25.14,5.47,0.0561,0.1055, 430, 2,31.88,22.39,95698.88,507810.562500,0
39,858,29.15,26.90,33094,2,79,513,590.42,656.85,102.83,25.14,5.47,0.0560,0.1053, 430, 2,31.88,22.42,95699.33,506304.093750,0
40,858,29.14,26.84,33098,2,79,514,584.06,656.18,102.80,25.14,5.47,0.0560,0.1053, 430, 2,31.88,22.42,95699.33,506304.093750,0
41,858,29.14,26.84,33098,2,79,514,584.06,656.18,102.80,25.14,5.47,0.0559,0.1050, 430, 2,31.88,22.42,95699.33,506304.093750,0
42,858,29.14,26.88,33100,2,79,514,584.06,656.18,102.80,25.14,5.47,0.0559,0.1050, 430, 2,31.87,22.42,95699.05,504061.031250,0
43,858,29.14,26.88,33100,2,79,513,592.02,666.70,102.83,25.14,5.47,0.0555,0.1042, 429, 2,31.87,22.42,95699.05,504061.031250,0
44,858,29.15,26.90,33100,2,79,513,592.02,666.70,102.83,25.14,5.47,0.0555,0.1042, 429, 2,31.87,22.44,95698.75,507810.562500,0
45,858,29.15,26.90,33100,2,97,513,584.85,663.55,102.83,25.14,5.47,0.0555,0.1042, 429, 2,31.87,22.44,95698.75,507810.562500,0
46,858,29.15,26.90,33100,2,97,513,584.85,663.55,102.83,25.14,5.47,0.0552,0.1038, 429, 2,31.87,22.44,95698.27,502946.968750,0
47,858,29.14,26.92,33096,2,77,509,574.46,659.07,103.28,25.14,5.47,0.0552,0.1038, 429, 2,31.87,22.44,95698.27,502946.968750,0
48,858,29.14,26.92,33096,2,77,509,574.46,659.07,103.28,25.14,5.47,0.0551,0.1036, 429, 2,31.87,22.48,95698.30,505554.187500,0
49,858,29.17,26.89,33100,2,81,516,581.50,665.57,102.52,25.14,5.47,0.0551,0.1036, 429, 2,31.87,22.48,95698.30,505554.187500,0
50,858,29.17,26.89,33100,2,81,516,581.50,665.57,102.52,25.14,5.47,0.0551,0.1035, 429, 2,31.87,22.48,95698.30,505554.187500,0
51,859,29.18,26.87,33098,2,80,516,581.50,665.57,102.52,25.14,5.47,0.0551,0.1035, 429, 2,31.86,22.46,95698.46,506679.875000,0
52,859,29.18,26.87,33098,2,80,515,575.43,665.57,102.69,25.14,5.47,0.0547,0.1028, 429, 2,31.86,22.46,95698.46,506679.875000,0
53,859,29.18,26.90,33101,2,80,515,575.43,665.57,102.69,25.14,5.47,0.0547,0.1028, 429, 2,31.86,22.44,95698.52,505180.062500,0
54,859,29.18,26.90,33101,2,92,535,588.63,663.55,100.66,25.14,5.47,0.0547,0.1028, 429, 2,31.86,22.44,95698.52,505180.062500,0
55,859,29.18,26.90,33101,2,92,535,588.63,663.55,100.66,25.14,5.47,0.0547,0.1028, 429, 2,31.86,22.44,95698.72,506679.875000,0
56,860,29.18,26.93,33101,2,84,522,577.38,659.74,101.93,25.14,5.47,0.0547,0.1028, 429, 2,31.86,22.44,95698.72,506679.875000,0
57,860,29.18,26.93,33101,2,84,522,577.38,659.74,101.93,25.14,5.47,0.0546,0.1026, 428, 2,31.86,22.43,95699.38,506679.875000,0
58,860,29.18,26.93,33109,2,81,517,591.42,675.79,102.48,25.14,5.47,0.0546,0.1026, 428, 2,31.86,22.43,95699.38,506679.875000,0
59,860,29.18,26.93,33109,2,81,517,591.42,675.79,102.48,25.14,5.47,0.0542,0.1019, 428, 2,31.86,22.43,95699.38,506679.875000,0
60,860,29.18,26.86,33109,2,88,517,591.42,675.79,102.48,25.14,5.47,0.0542,0.1019, 428, 2,31.86,22.45,95699.60,507810.562500,1
61,860,29.18,26.86,33109,2,88,486,588.83,661.75,105.55,25.14,5.47,0.0541,0.1017, 428, 2,31.86,22.45,95699.60,507810.562500,1
62,860,29.21,26.88,33127,2,88,486,588.83,661.75,105.55,25.14,5.47,0.0541,0.1017, 428, 2,31.86,22.46,95699.66,507810.562500,1
63,860,29.21,26.88,33127,2,61,479,590.42,676.25,106.26,25.14,5.47,0.0541,0.1017, 428, 2,31.86,22.46,95699.66,507810.562500,1
64,860,29.21,26.88,33127,2,61,479,590.42,676.25,106.26,25.14,5.47,0.0538,0.1012, 428, 2,31.86,22.30,95700.20,506304.093750,1
65,860,29.20,26.82,33173,2,77,509,588.63,664.45,103.25,25.14,5.47,0.0538,0.1012, 428, 2,31.86,22.30,95700.20,506304.093750,1
66,860,29.20,26.82,33173,2,77,509,588.63,664.45,103.25,25.14,5.47,0.0536,0.1007, 428, 2,31.86,22.13,95699.48,510087.187500,1
67,861,29.24,26.80,33225,1,62,481,576.01,673.50,106.05,25.14,5.47,0.0536,0.1007, 428, 2,31.86,22.13,95699.48,510087.187500,1
68,861,29.24,26.80,33225,1,62,481,576.01,673.50,106.05,25.14,5.47,0.0535,0.1006, 428, 2,31.86,22.13,95699.48,510087.187500,1
69,862,29.27,26.68,33257,1,64,481,576.01,673.50,106.05,25.14,5.47,0.0535,0.1006, 428, 2,31.86,22.00,95699.62,509326.031250,1
70,862,29.27,26.68,33257,1,64,463,582.88,668.73,107.97,25.14,5.47,0.0537,0.1010, 427, 2,31.86,22.00,95699.62,509326.031250,1
71,864,29.32,26.53,33279,1,64,463,582.88,668.73,107.97,25.14,5.47,0.0537,0.1010, 427, 2,31.86,21.93,95699.85,507056.187500,1
72,864,29.32,26.53,33279,1,61,479,585.84,659.07,106.30,25.14,5.47,0.0537,0.1010, 427, 2,31.86,21.93,95699.85,507056.187500,1
73,864,29.32,26.53,33279,1,61,479,585.84,659.07,106.30,25.14,5.47,0.0544,0.1023, 427, 2,31.86,21.93,95699.16,507810.562500,1
74,864,29.36,26.46,33294,1,46,448,592.02,639.52,109.47,25.14,5.47,0.0544,0.1023, 427, 2,31.86,21.93,95699.16,507810.562500,1
75,864,29.36,26.46,33294,1,46,448,592.02,639.52,109.47,25.14,5.47,0.0553,0.1039, 427, 2,31.87,21.84,95699.13,507810.562500,1
76,866,29.42,26.36,33303,1,62,481,585.05,646.26,106.05,25.14,5.47,0.0553,0.1039, 427, 2,31.87,21.84,95699.13,507810.562500,1
77,866,29.42,26.36,33303,1,62,481,585.05,646.26,106.05,25.14,5.47,0.0562,0.1056, 427, 2,31.87,21.84,95699.13,507810.562500,1
78,867,29.50,26.25,33303,1,53,481,585.05,646.26,106.05,25.14,5.47,0.0562,0.1056, 427, 2,31.87,21.84,95699.92,501469.156250,1
79,867,29.50,26.25,33303,1,53,452,585.25,631.56,109.07,25.14,5.47,0.0586,0.1102, 427, 2,31.87,21.84,95699.92,501469.156250,1
80,869,29.56,26.10,33302,1,53,452,585.25,631.56,109.07,25.14,5.47,0.0586,0.1102, 427, 2,31.88,21.80,95700.67,510087.187500,1
81,869,29.56,26.10,33302,2,61,480,574.07,625.60,106.23,25.14,5.47,0.0586,0.1102, 427, 2,31.88,21.80,95700.67,510087.187500,1
82,869,29.56,26.10,33302,2,61,480,574.07,625.60,106.23,25.14,5.47,0.0607,0.1142, 427, 2,31.89,21.79,95700.33,504806.500000,1
83,872,29.61,26.07,33298,1,42,441,577.77,615.94,110.26,25.14,5.47,0.0607,0.1142, 427, 2,31.89,21.79,95700.33,504806.500000,1
84,872,29.61,26.07,33298,1,42,441,577.77,615.94,110.26,25.14,5.47,0.0632,0.1187, 427, 2,31.91,21.78,95699.26,503689.125000,1
85,873,29.71,25.96,33289,1,64,484,574.07,607.45,105.80,25.14,5.47,0.0632,0.1187, 427, 2,31.91,21.78,95699.26,503689.125000,1
86,873,29.71,25.96,33289,1,64,484,574.07,607.45,105.80,25.14,5.47,0.0661,0.1242, 427, 2,31.91,21.78,95699.26,503689.125000,1
87,873,29.71,25.96,33281,2,68,484,574.07,607.45,105.80,25.14,5.47,0.0661,0.1242, 427, 2,31.92,21.75,95698.35,503689.125000,1
88,873,29.71,25.96,33281,2,68,487,573.48,600.30,105.44,25.14,5.47,0.0689,0.1295, 428, 2,31.92,21.75,95698.35,503689.125000,1
89,873,29.74,25.87,33273,2,68,487,573.48,600.30,105.44,25.14,5.47,0.0689,0.1295, 428, 2,31.94,21.73,95698.39,504061.031250,1
90,873,29.74,25.87,33273,2,65,486,577.97,605.60,105.58,25.14,5.47,0.0689,0.1295, 428, 2,31.94,21.73,95698.39,504061.031250,1
91,873,29.74,25.87,33273,2,65,486,577.97,605.60,105.58,25.14,5.47,0.0728,0.1368, 428, 2,31.95,21.71,95698.27,500000.000000,1
92,873,29.81,25.84,33267,2,75,506,571.74,591.82,103.56,25.14,5.47,0.0728,0.1368, 428, 2,31.95,21.71,95698.27,500000.000000,1
93,873,29.81,25.84,33267,2,75,506,571.74,591.82,103.56,25.14,5.47,0.0761,0.1430, 428, 2,31.97,21.71,95698.03,499634.062500,1
94,877,29.89,25.73,33264,2,80,515,567.69,596.04,102.66,25.14,5.47,0.0761,0.1430, 428, 2,31.97,21.71,95698.03,499634.062500,1
95,877,29.89,25.73,33264,2,80,515,567.69,596.04,102.66,25.14,5.47,0.0799,0.1502, 429, 2,31.97,21.71,95698.03,499634.062500,1
96,880,29.93,25.72,33264,2,66,515,567.69,596.04,102.66,25.14,5.47,0.0799,0.1502, 429, 2,32.00,21.70,95698.59,500366.468750,1
97,880,29.93,25.72,33264,2,66,478,563.67,576.79,106.44,25.14,5.47,0.0835,0.1569, 429, 2,32.00,21.70,95698.59,500366.468750,1
98,883,29.97,25.68,33259,2,66,478,563.67,576.79,106.44,25.14,5.47,0.0835,0.1569, 429, 2,32.02,21.64,95698.95,501469.156250,1
99,883,29.97,25.68,33259,2,65,486,574.46,587.03,105.55,25.14,5.47,0.0835,0.1569, 429, 2,32.02,21.64,95698.95,501469.156250,1
100,883,29.97,25.68,33259,2,65,486,574.46,587.03,105.55,25.14,5.47,0.0877,0.1648, 430, 2,32.04,21.63,95699.61,499268.656250,1
101,885,30.02,25.52,33253,2,67,490,560.63,576.79,105.22,25.14,5.47,0.0877,0.1648, 430, 2,32.04,21.63,95699.61,499268.656250,1
102,885,30.02,25.52,33253,2,67,490,560.63,576.79,105.22,25.14,5.47,0.0919,0.1729, 431, 2,32.07,21.59,95699.75,501469.156250,1
103,885,30.07,25.49,33245,2,65,486,561.58,572.51,105.62,25.14,5.47,0.0919,0.1729, 431, 2,32.07,21.59,95699.75,501469.156250,1
104,885,30.07,25.49,33245,2,65,486,561.58,572.51,105.62,25.14,5.47,0.0971,0.1826, 432, 2,32.07,21.59,95699.75,501469.156250,1
105,888,30.14,25.42,33236,2,65,486,561.58,572.51,105.62,25.14,5.47,0.0971,0.1826, 432, 2,32.10,21.56,95699.46,497812.343750,1
106,888,30.14,25.42,33236,2,65,481,559.30,563.10,106.12,25.14,5.47,0.1022,0.1922, 433, 2,32.10,21.56,95699.46,497812.343750,1
107,888,30.19,25.42,33234,2,65,481,559.30,563.10,106.12,25.14,5.47,0.1022,0.1922, 433, 2,32.12,21.52,95699.55,500000.000000,1
108,888,30.19,25.42,33234,2,80,515,550.85,559.87,102.73,25.14,5.47,0.1022,0.1922, 433, 2,32.12,21.52,95699.55,500000.000000,1
109,888,30.19,25.42,33234,2,80,515,550.85,559.87,102.73,25.14,5.47,0.1065,0.2003, 434, 2,32.15,21.53,95699.37,496725.687500,1
110,889,30.25,25.38,33234,2,74,504,553.09,557.03,103.77,25.14,5.47,0.1065,0.2003, 434, 2,32.15,21.53,95699.37,496725.687500,1
111,889,30.25,25.38,33234,2,74,504,553.09,557.03,103.77,25.14,5.47,0.1111,0.2089, 435, 2,32.18,21.48,95699.77,498175.625000,1
112,891,30.27,25.25,33224,2,71,498,547.87,563.67,104.37,25.14,5.47,0.1111,0.2089, 435, 2,32.18,21.48,95699.77,498175.625000,1
113,891,30.27,25.25,33224,2,71,498,547.87,563.67,104.37,25.14,5.47,0.1157,0.2175, 436, 2,32.18,21.48,95699.77,498175.625000,1
114,892,30.33,25.23,33217,2,79,498,547.87,563.67,104.37,25.14,5.47,0.1157,0.2175, 436, 2,32.21,21.47,95699.52,493493.968750,1
115,892,30.33,25.23,33217,2,79,541,556.09,560.25,100.15,25.14,5.47,0.1202,0.2261, 438, 2,32.21,21.47,95699.52,493493.968750,1
116,892,30.33,25.23,33215,2,79,541,556.09,560.25,100.15,25.14,5.47,0.1202,0.2261, 438, 2,32.24,21.47,95699.16,492426.062500,1
117,892,30.33,25.23,33215,2,72,499,548.24,551.78,104.27,25.14,5.47,0.1202,0.2261, 438, 2,32.24,21.47,95699.16,492426.062500,1
118,892,30.33,25.23,33215,2,72,499,548.24,551.78,104.27,25.14,5.47,0.1252,0.2354, 439, 2,32.27,21.44,95699.20,496725.687500,1
119,892,30.38,25.23,33215,2,77,509,549.36,551.03,103.32,25.14,5.47,0.1252,0.2354, 439, 2,32.27,21.44,95699.20,496725.687500,1
120,892,30.38,25.23,33215,2,77,509,549.36,551.03,103.32,25.14,5.47,0.1303,0.2451, 441, 2,32.30,21.39,95699.41,491362.750000,1
121,895,30.41,25.14,33209,2,66,489,541.97,548.98,105.30,25.14,5.47,0.1303,0.2451, 441, 2,32.30,21.39,95699.41,491362.750000,1
122,895,30.41,25.14,33209,2,66,489,541.97,548.98,105.30,25.14,5.47,0.1356,0.2550, 442, 2,32.30,21.39,95699.41,491362.750000,1
123,895,30.45,25.07,33204,2,88,489,541.97,548.98,105.30,25.14,5.47,0.1356,0.2550, 442, 2,32.33,21.37,95700.05,492071.125000,1
124,895,30.45,25.07,33204,2,88,528,542.70,547.87,101.41,25.14,5.47,0.1408,0.2646, 444, 2,32.33,21.37,95700.05,492071.125000,1
125,897,30.50,25.01,33205,2,88,528,542.70,547.87,101.41,25.14,5.47,0.1408,0.2646, 444, 2,32.36,21.34,95700.62,491362.750000,1
126,897,30.50,25.01,33205,1,60,477,533.96,540.50,106.55,25.14,5.47,0.1408,0.2646, 444, 2,32.36,21.34,95700.62,491362.750000,1
127,897,30.50,25.01,33205,1,60,477,533.96,540.50,106.55,25.14,5.47,0.1461,0.2747, 446, 2,32.38,21.33,95699.87,491716.687500,1
128,897,30.54,24.99,33201,2,76,508,549.91,530.72,103.42,25.14,5.47,0.1461,0.2747, 446, 2,32.38,21.33,95699.87,491716.687500,1
129,897,30.54,24.99,33201,2,76,508,549.91,530.72,103.42,25.14,5.47,0.1521,0.2859, 448, 2,32.41,21.30,95699.30,493137.500000,1
130,897,30.56,24.98,33196,2,70,517,533.78,525.53,102.55,25.14,5.47,0.1521,0.2859, 448, 2,32.41,21.30,95699.30,493137.500000,1
131,897,30.56,24.98,33196,2,70,517,533.78,525.53,102.55,25.14,5.47,0.1568,0.2947, 450, 2,32.41,21.30,95699.30,493137.500000,1
132,897,30.64,24.92,33194,2,88,517,533.78,525.53,102.55,25.14,5.47,0.1568,0.2947, 450, 2,32.44,21.31,95699.58,486114.406250,1
133,897,30.64,24.92,33194,2,88,529,536.49,527.31,101.34,25.14,5.47,0.1625,0.3055, 452, 2,32.44,21.31,95699.58,486114.406250,1
134,898,30.64,24.92,33193,2,88,529,536.49,527.31,101.34,25.14,5.47,0.1625,0.3055, 452, 2,32.47,21.32,95700.50,488549.625000,1
135,898,30.64,24.92,33193,2,86,525,532.51,533.96,101.72,25.14,5.47,0.1625,0.3055, 452, 2,32.47,21.32,95700.50,488549.625000,1
136,898,30.64,24.92,33193,2,86,525,532.51,533.96,101.72,25.14,5.47,0.1680,0.3159, 454, 2,32.50,21.34,95700.33,487851.343750,1
137,898,30.68,24.92,33190,2,89,530,531.43,522.16,101.28,25.14,5.47,0.1680,0.3159, 454, 2,32.50,21.34,95700.33,487851.343750,1
138,898,30.68,24.92,33190,2,89,530,531.43,522.16,101.28,25.14,5.47,0.1723,0.3239, 456, 2,32.53,21.31,95698.84,485078.156250,1
139,898,30.72,24.89,33186,2,95,537,535.04,531.43,100.59,25.14,5.47,0.1723,0.3239, 456, 2,32.53,21.31,95698.84,485078.156250,1
140,898,30.72,24.89,33186,2,95,537,535.04,531.43,100.59,25.14,5.47,0.1777,0.3341, 458, 2,32.53,21.31,95698.84,485078.156250,1
141,899,30.77,24.78,33180,2,88,537,535.04,531.43,100.59,25.14,5.47,0.1777,0.3341, 458, 2,32.55,21.28,95698.45,486460.812500,1
142,899,30.77,24.78,33180,2,88,529,530.36,521.81,101.31,25.14,5.47,0.1826,0.3434, 461, 2,32.55,21.28,95698.45,486460.812500,1
143,899,30.77,24.78,33169,2,88,529,530.36,521.81,101.31,25.14,5.47,0.1826,0.3434, 461, 2,32.58,21.25,95698.35,487851.343750,1
144,899,30.77,24.78,33169,2,80,514,536.68,522.16,102.80,25.14,5.47,0.1826,0.3434, 461, 2,32.58,21.25,95698.35,487851.343750,1
145,899,30.77,24.78,33169,2,80,514,536.68,522.16,102.80,25.14,5.47,0.1869,0.3514, 463, 2,32.61,21.19,95698.80,487502.968750,1
146,899,30.79,24.81,33164,2,100,550,527.31,509.25,99.37,25.14,5.47,0.1869,0.3514, 463, 2,32.61,21.19,95698.80,487502.968750,1
147,899,30.79,24.81,33164,2,100,550,527.31,509.25,99.37,25.14,5.47,0.1922,0.3613, 465, 2,32.63,21.18,95699.99,484046.312500,1
148,899,30.83,24.76,33162,2,68,513,530.72,511.84,102.93,25.14,5.47,0.1922,0.3613, 465, 2,32.63,21.18,95699.99,484046.312500,1
149,899,30.83,24.76,33162,2,68,513,530.72,511.84,102.93,25.14,5.47,0.1964,0.3693, 468, 2,32.63,21.18,95699.99,484046.312500,1
150,900,30.87,24.70,33153,2,94,513,530.72,511.84,102.93,25.14,5.47,0.1964,0.3693, 468, 2,32.66,21.12,95700.95,486807.687500,1
151,900,30.87,24.70,33153,2,94,539,519.69,518.11,100.39,25.14,5.47,0.2026,0.3809, 470, 2,32.66,21.12,95700.95,486807.687500,1
152,900,30.89,24.69,33152,2,94,539,519.69,518.11,100.39,25.14,5.47,0.2026,0.3809, 470, 2,32.69,21.09,95701.14,484389.781250,1
153,900,30.89,24.69,33152,2,103,555,535.59,517.06,98.87,25.14,5.47,0.2026,0.3809, 470, 2,32.69,21.09,95701.14,484389.781250,1
154,900,30.89,24.69,33152,2,103,555,535.59,517.06,98.87,25.14,5.47,0.2061,0.3875, 472, 2,32.71,21.08,95701.27,484389.781250,1
155,900,30.95,24.63,33148,2,96,542,520.22,512.19,100.12,25.14,5.47,0.2061,0.3875, 472, 2,32.71,21.08,95701.27,484389.781250,1
156,900,30.95,24.63,33148,2,96,542,520.22,512.19,100.12,25.14,5.47,0.2111,0.3968, 475, 2,32.74,21.07,95701.44,480977.000000,1
157,900,30.97,24.58,33145,2,85,533,525.89,511.49,101.00,25.14,5.47,0.2111,0.3968, 475, 2,32.74,21.07,95701.44,480977.000000,1
158,900,30.97,24.58,33145,2,85,533,525.89,511.49,101.00,25.14,5.47,0.2165,0.4070, 477, 2,32.74,21.07,95701.44,480977.000000,1
159,901,30.95,24.56,33143,2,98,533,525.89,511.49,101.00,25.14,5.47,0.2165,0.4070, 477, 2,32.76,21.04,95701.61,479288.562500,1
160,901,30.95,24.56,33143,2,98,547,525.89,510.97,99.64,25.14,5.47,0.2201,0.4138, 480, 2,32.76,21.04,95701.61,479288.562500,1
161,902,31.00,24.52,33139,2,98,547,525.89,510.97,99.64,25.14,5.47,0.2201,0.4138, 480, 2,32.79,21.00,95701.83,482677.343750,1
162,902,31.00,24.52,33139,2,86,526,515.66,505.81,101.65,25.14,5.47,0.2201,0.4138, 480, 2,32.79,21.00,95701.83,482677.343750,1
163,902,31.00,24.52,33139,2,86,526,515.66,505.81,101.65,25.14,5.47,0.2232,0.4197, 482, 2,32.81,20.98,95701.48,477946.312500,1
164,902,31.03,24.47,33135,2,92,536,520.22,504.62,100.69,25.14,5.47,0.2232,0.4197, 482, 2,32.81,20.98,95701.48,477946.312500,1
165,902,31.03,24.47,33135,2,92,536,520.22,504.62,100.69,25.14,5.47,0.2264,0.4257, 485, 2,32.84,20.95,95702.02,481995.750000,1
166,902,31.06,24.47,33130,2,96,517,529.28,506.50,102.52,25.14,5.47,0.2264,0.4257, 485, 2,32.84,20.95,95702.02,481995.750000,1
167,902,31.06,24.47,33130,2,96,517,529.28,506.50,102.52,25.14,5.47,0.2304,0.4332, 487, 2,32.84,20.95,95702.02,481995.750000,1
168,903,31.10,24.46,33127,2,87,517,529.28,506.50,102.52,25.14,5.47,0.2304,0.4332, 487, 2,32.86,20.95,95701.98,477278.031250,1
169,903,31.10,24.46,33127,2,87,527,518.99,493.64,101.52,25.14,5.47,0.2346,0.4410, 490, 2,32.86,20.95,95701.98,477278.031250,1
170,904,31.13,24.41,33125,2,87,527,518.99,493.64,101.52,25.14,5.47,0.2346,0.4410, 490, 2,32.88,20.92,95702.52,480977.000000,1
171,904,31.13,24.41,33125,2,105,557,511.15,489.14,98.64,25.14,5.47,0.2346,0.4410, 490, 2,32.88,20.92,95702.52,480977.000000,1
172,904,31.13,24.41,33125,2,105,557,511.15,489.14,98.64,25.14,5.47,0.2384,0.4483, 492, 2,32.91,20.93,95703.21,479288.562500,1
173,904,31.13,24.41,33123,2,83,520,520.75,498.34,102.24,25.14,5.47,0.2384,0.4483, 492, 2,32.91,20.93,95703.21,479288.562500,1
174,904,31.13,24.41,33123,2,83,520,520.75,498.34,102.24,25.14,5.47,0.2418,0.4546, 494, 2,32.93,20.89,95703.72,481655.687500,1
175,904,31.16,24.43,33123,2,84,555,520.22,503.93,98.90,25.14,5.47,0.2418,0.4546, 494, 2,32.93,20.89,95703.72,481655.687500,1
176,904,31.16,24.43,33123,2,84,555,520.22,503.93,98.90,25.14,5.47,0.2453,0.4612, 497, 2,32.93,20.89,95703.72,481655.687500,1
177,904,31.16,24.40,33124,2,83,555,520.22,503.93,98.90,25.14,5.47,0.2453,0.4612, 497, 2,32.96,20.85,95704.73,480300.187500,1
178,904,31.16,24.40,33124,2,83,519,507.36,492.97,102.34,25.14,5.47,0.2481,0.4664, 499, 2,32.96,20.85,95704.73,480300.187500,1
179,904,31.21,24.32,33122,2,83,519,507.36,492.97,102.34,25.14,5.47,0.2481,0.4664, 499, 2,32.98,20.88,95706.00,474953.625000,1
180,904,31.21,24.32,33122,2,107,560,512.01,496.32,98.37,25.14,5.47,0.2481,0.4664, 499, 2,32.98,20.88,95706.00,474953.625000,1
181,904,31.21,24.32,33122,2,107,560,512.01,496.32,98.37,25.14,5.47,0.2514,0.4726, 502, 2,33.00,20.88,95706.34,476279.062500,1
182,905,31.22,24.36,33124,2,89,530,511.15,487.49,100.49,25.14,5.47,0.2514,0.4726, 502, 2,33.00,20.88,95706.34,476279.062500,1
183,905,31.22,24.36,33124,2,89,530,511.15,487.49,100.49,25.14,5.47,0.2547,0.4789, 504, 2,33.02,20.89,95705.88,474623.406250,1
184,905,31.24,24.31,33120,2,88,529,505.13,490.64,101.41,25.14,5.47,0.2547,0.4789, 504, 2,33.02,20.89,95705.88,474623.406250,1
185,905,31.24,24.31,33120,2,88,529,505.13,490.64,101.41,25.14,5.47,0.2583,0.4856, 506, 2,33.02,20.89,95705.88,474623.406250,1
186,905,31.25,24.25,33115,2,80,529,505.13,490.64,101.41,25.14,5.47,0.2583,0.4856, 506, 2,33.04,20.87,95704.87,470372.062500,1
187,905,31.25,24.25,33115,2,80,515,507.70,487.99,102.80,25.14,5.47,0.2613,0.4912, 508, 2,33.04,20.87,95704.87,470372.062500,1
188,905,31.28,24.26,33113,2,80,515,507.70,487.99,102.80,25.14,5.47,0.2613,0.4912, 508, 2,33.07,20.84,95703.72,474623.406250,1
189,905,31.28,24.26,33113,2,96,542,513.57,494.97,100.12,25.14,5.47,0.2613,0.4912, 508, 2,33.07,20.84,95703.72,474623.406250,1
190,905,31.28,24.26,33113,2,96,542,513.57,494.97,100.12,25.14,5.47,0.2643,0.4968, 511, 2,33.09,20.82,95703.83,470048.187500,1
191,905,31.32,24.25,33110,2,91,520,517.24,478.02,102.24,25.14,5.47,0.2643,0.4968, 511, 2,33.09,20.82,95703.83,470048.187500,1
192,905,31.32,24.25,33110,2,91,520,517.24,478.02,102.24,25.14,5.47,0.2672,0.5022, 513, 2,33.11,20.78,95703.57,472651.750000,1
193,906,31.32,24.21,33105,2,106,559,502.57,484.04,98.54,25.14,5.47,0.2672,0.5022, 513, 2,33.11,20.78,95703.57,472651.750000,1
194,906,31.32,24.21,33105,2,106,559,502.57,484.04,98.54,25.14,5.47,0.2705,0.5084, 515, 2,33.11,20.78,95703.57,472651.750000,1
195,906,31.36,24.14,33101,2,98,559,502.57,484.04,98.54,25.14,5.47,0.2705,0.5084, 515, 2,33.13,20.78,95703.97,472651.750000,1
196,906,31.36,24.14,33101,2,98,547,507.01,483.55,99.68,25.14,5.47,0.2733,0.5138, 517, 2,33.13,20.78,95703.97,472651.750000,1
197,905,31.40,24.19,33100,2,98,547,507.01,483.55,99.68,25.14,5.47,0.2733,0.5138, 517, 2,33.15,20.73,95704.65,470372.062500,1
198,905,31.40,24.19,33100,2,96,543,509.42,483.71,100.05,25.14,5.47,0.2733,0.5138, 517, 2,33.15,20.73,95704.65,470372.062500,1
199,905,31.40,24.19,33100,2,96,543,509.42,483.71,100.05,25.14,5.47,0.2753,0.5176, 519, 2,33.17,20.72,95704.35,474953.625000,1
200,906,31.39,24.10,33095,2,107,554,500.87,478.50,98.94,25.14,5.47,0.2753,0.5176, 519, 2,33.17,20.72,95704.35,474953.625000,1
201,906,31.39,24.10,33095,2,107,554,500.87,478.50,98.94,25.14,5.47,0.2784,0.5233, 521, 2,33.19,20.68,95704.45,474293.656250,1
202,906,31.39,24.10,33093,2,96,543,500.02,473.67,100.05,25.14,5.47,0.2784,0.5233, 521, 2,33.19,20.68,95704.45,474293.656250,1
203,906,31.39,24.10,33093,2,96,543,500.02,473.67,100.05,25.14,5.47,0.2808,0.5278, 523, 2,33.19,20.68,95704.45,474293.656250,1
204,907,31.41,24.11,33086,2,100,543,500.02,473.67,100.05,25.14,5.47,0.2808,0.5278, 523, 2,33.21,20.65,95704.34,472324.718750,1
205,907,31.41,24.11,33086,2,100,550,505.47,485.35,99.37,25.14,5.47,0.2837,0.5334, 525, 2,33.21,20.65,95704.34,472324.718750,1
206,906,31.44,24.05,33082,2,100,550,505.47,485.35,99.37,25.14,5.47,0.2837,0.5334, 525, 2,33.23,20.65,95703.98,472324.718750,1
207,906,31.44,24.05,33082,2,101,551,497.49,474.95,99.31,25.14,5.47,0.2837,0.5334, 525, 2,33.23,20.65,95703.98,472324.718750,1
208,906,31.44,24.05,33082,2,101,551,497.49,474.95,99.31,25.14,5.47,0.2860,0.5377, 527, 2,33.25,20.63,95703.74,468757.156250,1
209,907,31.46,24.08,33083,2,113,580,499.01,479.47,96.52,25.14,5.47,0.2860,0.5377, 527, 2,33.25,20.63,95703.74,468757.156250,1
210,907,31.46,24.08,33083,2,113,580,499.01,479.47,96.52,25.14,5.47,0.2885,0.5424, 529, 2,33.27,20.60,95704.28,468114.281250,0
