Cabecera experimento NoseCris
nº,Co2(scd40),temp(scd40),hum(scd40),raw_signla(sgp40),aiq(ens160),tvoc(ens160),eco2(ens160),rs1(ens160),rs3(ens160),rs4(ens160),temp(ens160),rmox(zmod4410),etoh(zmod4410),tvoc(zmod4410),eco2(zmod4410),iaq(zmod4410),temperatura(bme688),humedad(bme688),presion(bme688),resistencia(bme688),Aire/muestra
 1,2065,34.62,23.77,31666,3,273,777,382.06,408.68,79.67,25.14,5.41,0.1609,0.3026, 451, 2,36.81,20.27,97661.62,482336.312500,0
2,2065,34.62,23.77,31666,3,273,777,382.06,408.68,79.67,25.14,5.41,0.1553,0.2919, 448, 2,36.79,20.29,97661.35,482336.312500,0
3,2068,34.58,23.81,31675,3,271,774,379.10,419.62,79.89,25.14,5.41,0.1553,0.2919, 448, 2,36.79,20.29,97661.35,482336.312500,0
4,2068,34.58,23.81,31675,3,271,774,379.10,419.62,79.89,25.14,5.41,0.1498,0.2816, 445, 2,36.79,20.29,97661.35,482336.312500,0
5,2070,34.52,23.90,31683,3,271,774,379.10,419.62,79.89,25.14,5.41,0.1498,0.2816, 445, 2,36.78,20.26,97661.63,484046.312500,0
6,2070,34.52,23.90,31683,3,271,783,384.14,409.79,79.21,25.14,5.41,0.1447,0.2720, 441, 2,36.78,20.26,97661.63,484046.312500,0
7,2070,34.48,23.89,31695,3,271,783,384.14,409.79,79.21,25.14,5.41,0.1447,0.2720, 441, 2,36.76,20.28,97662.04,483703.343750,0
8,2070,34.48,23.89,31695,3,267,770,377.31,410.90,80.16,25.14,5.41,0.1447,0.2720, 441, 2,36.76,20.28,97662.04,483703.343750,0
9,2070,34.48,23.89,31695,3,267,770,377.31,410.90,80.16,25.14,5.41,0.1392,0.2618, 438, 2,36.74,20.29,97662.60,484046.312500,0
10,2072,34.42,23.97,31703,3,250,751,366.49,426.20,81.61,25.14,5.41,0.1392,0.2618, 438, 2,36.74,20.29,97662.60,484046.312500,0
11,2072,34.42,23.97,31703,3,250,751,366.49,426.20,81.61,25.14,5.41,0.1346,0.2530, 435, 2,36.73,20.32,97662.98,485078.156250,0
12,2072,34.42,23.97,31704,3,258,760,373.88,413.97,80.95,25.14,5.41,0.1346,0.2530, 435, 2,36.73,20.32,97662.98,485078.156250,0
13,2072,34.42,23.97,31704,3,258,760,373.88,413.97,80.95,25.14,5.41,0.1300,0.2443, 431, 2,36.73,20.32,97662.98,485078.156250,0
14,2073,34.37,23.99,31703,3,279,760,373.88,413.97,80.95,25.14,5.41,0.1300,0.2443, 431, 2,36.71,20.30,97663.35,485423.093750,0
15,2073,34.37,23.99,31703,3,279,769,374.38,420.61,80.24,25.14,5.41,0.1255,0.2359, 428, 2,36.71,20.30,97663.35,485423.093750,0
16,2073,34.34,24.00,31703,3,279,769,374.38,420.61,80.24,25.14,5.41,0.1255,0.2359, 428, 2,36.69,20.35,97663.02,487155.093750,0
17,2073,34.34,24.00,31703,3,275,779,368.98,421.32,79.53,25.14,5.41,0.1255,0.2359, 428, 2,36.69,20.35,97663.02,487155.093750,0
18,2073,34.34,24.00,31703,3,275,779,368.98,421.32,79.53,25.14,5.41,0.1212,0.2279, 425, 2,36.68,20.36,97663.36,489249.875000,0
19,2074,34.32,24.03,31712,3,274,778,377.95,420.18,79.62,25.14,5.41,0.1212,0.2279, 425, 2,36.68,20.36,97663.36,489249.875000,0
20,2074,34.32,24.03,31712,3,274,778,377.95,420.18,79.62,25.14,5.41,0.1172,0.2204, 422, 2,36.66,20.38,97663.93,487502.968750,0
21,2074,34.27,24.01,31718,3,257,759,381.16,435.68,81.00,25.14,5.41,0.1172,0.2204, 422, 2,36.66,20.38,97663.93,487502.968750,0
22,2074,34.27,24.01,31718,3,257,759,381.16,435.68,81.00,25.14,5.41,0.1133,0.2131, 419, 2,36.66,20.38,97663.93,487502.968750,0
23,2077,34.30,24.08,31727,3,283,759,381.16,435.68,81.00,25.14,5.41,0.1133,0.2131, 419, 2,36.64,20.39,97663.91,489249.875000,0
24,2077,34.30,24.08,31727,3,283,772,385.57,437.90,80.05,25.14,5.41,0.1095,0.2058, 416, 2,36.64,20.39,97663.91,489249.875000,0
25,2078,34.24,24.07,31721,3,283,772,385.57,437.90,80.05,25.14,5.41,0.1095,0.2058, 416, 2,36.62,20.39,97664.77,488899.500000,0
26,2078,34.24,24.07,31721,3,286,789,370.10,438.49,78.73,25.14,5.41,0.1095,0.2058, 416, 2,36.62,20.39,97664.77,488899.500000,0
27,2078,34.24,24.07,31721,3,286,789,370.10,438.49,78.73,25.14,5.41,0.1060,0.1993, 413, 2,36.60,20.43,97665.32,488549.625000,0
28,2078,34.24,24.13,31725,3,251,753,377.95,425.62,81.47,25.14,5.41,0.1060,0.1993, 413, 2,36.60,20.43,97665.32,488549.625000,0
29,2078,34.24,24.13,31725,3,251,753,377.95,425.62,81.47,25.14,5.41,0.1029,0.1935, 410, 2,36.59,20.46,97665.24,489600.750000,0
30,2079,34.24,24.11,31728,3,266,769,387.14,437.31,80.26,25.14,5.41,0.1029,0.1935, 410, 2,36.59,20.46,97665.24,489600.750000,0
31,2079,34.24,24.11,31728,3,266,769,387.14,437.31,80.26,25.14,5.41,0.1001,0.1881, 407, 2,36.59,20.46,97665.24,489600.750000,0
32,2080,34.22,24.19,31730,3,311,769,387.14,437.31,80.26,25.14,5.41,0.1001,0.1881, 407, 2,36.57,20.48,97665.55,489249.875000,0
33,2080,34.22,24.19,31730,3,311,805,384.66,426.92,76.89,25.14,5.41,0.0970,0.1823, 405, 2,36.57,20.48,97665.55,489249.875000,0
34,2083,34.19,24.16,31731,3,311,805,384.66,426.92,76.89,25.14,5.41,0.0970,0.1823, 405, 2,36.55,20.49,97665.86,491009.343750,0
35,2083,34.19,24.16,31731,3,285,789,383.36,434.36,78.76,25.14,5.41,0.0970,0.1823, 405, 2,36.55,20.49,97665.86,491009.343750,0
36,2083,34.19,24.16,31731,3,285,789,383.36,434.36,78.76,25.14,5.41,0.0943,0.1772, 404, 2,36.54,20.50,97666.27,489600.750000,0
37,2089,34.19,24.14,31728,3,273,776,388.85,430.70,79.75,25.14,5.41,0.0943,0.1772, 404, 2,36.54,20.50,97666.27,489600.750000,0
38,2089,34.19,24.14,31728,3,273,776,388.85,430.70,79.75,25.14,5.41,0.0918,0.1727, 403, 2,36.52,20.56,97667.05,489600.750000,0
39,2089,34.19,24.14,31721,3,290,787,382.58,440.87,78.92,25.14,5.41,0.0918,0.1727, 403, 2,36.52,20.56,97667.05,489600.750000,0
40,2089,34.19,24.14,31721,3,290,787,382.58,440.87,78.92,25.14,5.41,0.0894,0.1680, 402, 2,36.52,20.56,97667.05,489600.750000,0
41,2092,34.19,24.22,31718,3,281,787,382.58,440.87,78.92,25.14,5.41,0.0894,0.1680, 402, 2,36.51,20.56,97667.62,490656.437500,0
42,2092,34.19,24.22,31718,3,281,785,377.05,434.94,79.08,25.14,5.41,0.0874,0.1643, 402, 2,36.51,20.56,97667.62,490656.437500,0
43,2100,34.18,24.24,31719,3,281,785,377.05,434.94,79.08,25.14,5.41,0.0874,0.1643, 402, 2,36.50,20.56,97667.70,491362.750000,0
44,2100,34.18,24.24,31719,3,262,765,391.89,427.93,80.59,25.14,5.41,0.0874,0.1643, 402, 2,36.50,20.56,97667.70,491362.750000,0
45,2100,34.18,24.24,31719,3,262,765,391.89,427.93,80.59,25.14,5.41,0.0852,0.1602, 401, 2,36.49,20.57,97667.95,492071.125000,0
46,2102,34.16,24.22,31724,3,278,781,383.49,439.83,79.35,25.14,5.41,0.0852,0.1602, 401, 2,36.49,20.57,97667.95,492071.125000,0
47,2102,34.16,24.22,31724,3,278,781,383.49,439.83,79.35,25.14,5.41,0.0830,0.1561, 401, 2,36.48,20.60,97668.23,492781.531250,0
48,2104,34.16,24.25,31731,3,262,780,386.62,441.62,79.43,25.14,5.41,0.0830,0.1561, 401, 2,36.48,20.60,97668.23,492781.531250,0
49,2104,34.16,24.25,31731,3,262,780,386.62,441.62,79.43,25.14,5.41,0.0811,0.1526, 401, 2,36.48,20.60,97668.23,492781.531250,0
50,2104,34.15,24.31,31733,3,288,780,386.62,441.62,79.43,25.14,5.41,0.0811,0.1526, 401, 2,36.46,20.59,97668.81,493493.968750,0
51,2104,34.15,24.31,31733,3,288,791,378.08,437.01,78.60,25.14,5.41,0.0795,0.1495, 401, 2,36.46,20.59,97668.81,493493.968750,0
52,2107,34.14,24.29,31734,3,288,791,378.08,437.01,78.60,25.14,5.41,0.0795,0.1495, 401, 2,36.45,20.61,97669.31,493850.968750,0
53,2107,34.14,24.29,31734,3,296,800,384.53,438.49,77.96,25.14,5.41,0.0795,0.1495, 401, 2,36.45,20.61,97669.31,493850.968750,0
54,2107,34.14,24.29,31734,3,296,800,384.53,438.49,77.96,25.14,5.41,0.0775,0.1456, 400, 2,36.44,20.61,97669.48,493493.968750,0
55,2108,34.15,24.27,31736,3,288,792,387.14,448.55,78.57,25.14,5.41,0.0775,0.1456, 400, 2,36.44,20.61,97669.48,493493.968750,0
56,2108,34.15,24.27,31736,3,288,792,387.14,448.55,78.57,25.14,5.41,0.0758,0.1426, 400, 2,36.43,20.61,97669.46,494208.500000,0
57,2108,34.15,24.28,31735,3,296,766,379.49,450.22,80.51,25.14,5.41,0.0758,0.1426, 400, 2,36.43,20.61,97669.46,494208.500000,0
58,2108,34.15,24.28,31735,3,296,766,379.49,450.22,80.51,25.14,5.41,0.0743,0.1397, 400, 2,36.43,20.61,97669.46,494208.500000,0
59,2107,34.15,24.31,31740,3,275,766,379.49,450.22,80.51,25.14,5.41,0.0743,0.1397, 400, 2,36.42,20.64,97669.93,494925.093750,0
60,2107,34.15,24.31,31740,3,275,779,383.75,443.42,79.53,25.14,5.41,0.0730,0.1373, 400, 2,36.42,20.64,97669.93,494925.093750,1
61,2108,34.14,24.36,31741,3,275,779,383.75,443.42,79.53,25.14,5.41,0.0730,0.1373, 400, 2,36.42,20.63,97670.59,494925.093750,1
62,2108,34.14,24.36,31741,3,272,776,398.71,435.24,79.78,25.14,5.41,0.0730,0.1373, 400, 2,36.42,20.63,97670.59,494925.093750,1
63,2108,34.14,24.36,31741,3,272,776,398.71,435.24,79.78,25.14,5.41,0.0720,0.1354, 400, 2,36.41,20.63,97671.02,496003.875000,1
64,2108,34.14,24.32,31753,3,269,772,380.00,434.80,80.07,25.14,5.41,0.0720,0.1354, 400, 2,36.41,20.63,97671.02,496003.875000,1
65,2108,34.14,24.32,31753,3,269,772,380.00,434.80,80.07,25.14,5.41,0.0716,0.1347, 400, 2,36.40,20.70,97670.94,494566.531250,1
66,2109,34.15,24.34,31761,3,288,786,385.05,434.65,78.97,25.14,5.41,0.0716,0.1347, 400, 2,36.40,20.70,97670.94,494566.531250,1
67,2109,34.15,24.34,31761,3,288,786,385.05,434.65,78.97,25.14,5.41,0.0731,0.1373, 400, 2,36.40,20.70,97670.94,494566.531250,1
68,2109,34.15,24.34,31762,3,265,786,385.05,434.65,78.97,25.14,5.41,0.0731,0.1373, 400, 2,36.39,20.77,97671.12,493850.968750,1
69,2109,34.15,24.34,31762,3,265,768,388.98,421.47,80.37,25.14,5.41,0.0758,0.1426, 400, 2,36.39,20.77,97671.12,493850.968750,1
70,2108,34.19,24.33,31752,3,265,768,388.98,421.47,80.37,25.14,5.41,0.0758,0.1426, 400, 2,36.39,20.85,97671.94,495284.156250,1
71,2108,34.19,24.33,31752,3,259,762,387.67,421.32,80.81,25.14,5.41,0.0758,0.1426, 400, 2,36.39,20.85,97671.94,495284.156250,1
72,2108,34.19,24.33,31752,3,259,762,387.67,421.32,80.81,25.14,5.41,0.0792,0.1488, 400, 2,36.38,20.89,97672.81,493137.500000,1
73,2108,34.26,24.34,31746,3,267,769,380.00,422.75,80.24,25.14,5.41,0.0792,0.1488, 400, 2,36.38,20.89,97672.81,493137.500000,1
74,2108,34.26,24.34,31746,3,267,769,380.00,422.75,80.24,25.14,5.41,0.0828,0.1557, 400, 2,36.38,20.92,97673.07,491716.687500,1
75,2108,34.31,24.33,31733,3,273,751,387.67,422.47,81.63,25.14,5.41,0.0828,0.1557, 400, 2,36.38,20.92,97673.07,491716.687500,1
76,2108,34.31,24.33,31733,3,273,751,387.67,422.47,81.63,25.14,5.41,0.0870,0.1635, 400, 2,36.38,20.92,97673.07,491716.687500,1
77,2108,34.34,24.35,31726,3,271,751,387.67,422.47,81.63,25.14,5.41,0.0870,0.1635, 400, 2,36.38,20.94,97673.70,491009.343750,1
78,2108,34.34,24.35,31726,3,271,774,381.42,409.24,79.89,25.14,5.41,0.0930,0.1749, 400, 2,36.38,20.94,97673.70,491009.343750,1
79,2107,34.43,24.32,31715,3,271,774,381.42,409.24,79.89,25.14,5.41,0.0930,0.1749, 400, 2,36.38,20.97,97674.51,490304.031250,1
80,2107,34.43,24.32,31715,3,271,774,387.67,405.65,79.91,25.14,5.41,0.0930,0.1749, 400, 2,36.38,20.97,97674.51,490304.031250,1
81,2107,34.43,24.32,31715,3,271,774,387.67,405.65,79.91,25.14,5.41,0.0988,0.1857, 400, 2,36.38,20.97,97675.09,489600.750000,1
82,2107,34.46,24.30,31704,3,280,783,392.29,404.69,79.21,25.14,5.41,0.0988,0.1857, 400, 2,36.38,20.97,97675.09,489600.750000,1
83,2107,34.46,24.30,31704,3,280,783,392.29,404.69,79.21,25.14,5.41,0.1051,0.1975, 400, 2,36.38,20.96,97675.68,486807.687500,1
84,2108,34.50,24.30,31695,3,258,764,380.13,408.27,80.65,25.14,5.41,0.1051,0.1975, 400, 2,36.38,20.96,97675.68,486807.687500,1
85,2108,34.50,24.30,31695,3,258,764,380.13,408.27,80.65,25.14,5.41,0.1105,0.2077, 400, 2,36.38,20.96,97675.68,486807.687500,1
86,2108,34.58,24.21,31686,3,293,764,380.13,408.27,80.65,25.14,5.41,0.1105,0.2077, 400, 2,36.39,20.93,97676.37,488549.625000,1
87,2108,34.58,24.21,31686,3,293,797,377.95,410.62,78.20,25.14,5.41,0.1155,0.2171, 401, 2,36.39,20.93,97676.37,488549.625000,1
88,2108,34.60,24.15,31673,3,293,797,377.95,410.62,78.20,25.14,5.41,0.1155,0.2171, 401, 2,36.39,20.92,97675.92,488200.250000,1
89,2108,34.60,24.15,31673,3,279,782,379.74,395.75,79.29,25.14,5.41,0.1155,0.2171, 401, 2,36.39,20.92,97675.92,488200.250000,1
90,2108,34.60,24.15,31673,3,279,782,379.74,395.75,79.29,25.14,5.41,0.1215,0.2284, 401, 2,36.40,20.93,97676.62,487155.093750,1
91,2107,34.65,24.20,31671,3,244,745,385.05,399.93,82.08,25.14,5.41,0.1215,0.2284, 401, 2,36.40,20.93,97676.62,487155.093750,1
92,2107,34.65,24.20,31671,3,244,745,385.05,399.93,82.08,25.14,5.41,0.1285,0.2416, 402, 2,36.42,20.92,97677.26,486807.687500,1
93,2106,34.72,24.11,31666,3,265,768,385.57,394.42,80.37,25.14,5.41,0.1285,0.2416, 402, 2,36.42,20.92,97677.26,486807.687500,1
94,2106,34.72,24.11,31666,3,265,768,385.57,394.42,80.37,25.14,5.41,0.1344,0.2527, 402, 2,36.42,20.92,97677.26,486807.687500,1
95,2105,34.76,24.11,31661,3,289,768,385.57,394.42,80.37,25.14,5.41,0.1344,0.2527, 402, 2,36.43,20.90,97677.71,485768.500000,1
96,2105,34.76,24.11,31661,3,289,793,377.57,401.28,78.49,25.14,5.41,0.1399,0.2629, 403, 2,36.43,20.90,97677.71,485768.500000,1
97,2105,34.76,24.11,31657,3,289,793,377.57,401.28,78.49,25.14,5.41,0.1399,0.2629, 403, 2,36.44,20.87,97678.04,485078.156250,1
98,2105,34.76,24.11,31657,3,262,764,384.53,394.01,80.62,25.14,5.41,0.1399,0.2629, 403, 2,36.44,20.87,97678.04,485078.156250,1
99,2105,34.76,24.11,31657,3,262,764,384.53,394.01,80.62,25.14,5.41,0.1457,0.2739, 404, 2,36.46,20.86,97677.77,485078.156250,1
100,2105,34.79,24.10,31642,3,258,784,373.12,387.14,79.13,25.14,5.41,0.1457,0.2739, 404, 2,36.46,20.86,97677.77,485078.156250,1
101,2105,34.79,24.10,31642,3,258,784,373.12,387.14,79.13,25.14,5.41,0.1523,0.2862, 406, 2,36.47,20.87,97678.30,483703.343750,1
102,2107,34.84,24.03,31636,3,245,746,387.80,392.55,82.05,25.14,5.41,0.1523,0.2862, 406, 2,36.47,20.87,97678.30,483703.343750,1
103,2107,34.84,24.03,31636,3,245,746,387.80,392.55,82.05,25.14,5.41,0.1571,0.2954, 407, 2,36.47,20.87,97678.30,483703.343750,1
104,2107,34.88,23.99,31632,3,266,746,387.80,392.55,82.05,25.14,5.41,0.1571,0.2954, 407, 2,36.49,20.86,97678.12,484733.718750,1
105,2107,34.88,23.99,31632,3,266,769,387.53,395.62,80.26,25.14,5.41,0.1635,0.3074, 409, 2,36.49,20.86,97678.12,484733.718750,1
106,2107,34.94,23.96,31632,3,266,769,387.53,395.62,80.26,25.14,5.41,0.1635,0.3074, 409, 2,36.51,20.87,97677.86,483703.343750,1
107,2107,34.94,23.96,31632,3,260,762,370.35,394.42,80.78,25.14,5.41,0.1635,0.3074, 409, 2,36.51,20.87,97677.86,483703.343750,1
108,2107,34.94,23.96,31632,3,260,762,370.35,394.42,80.78,25.14,5.41,0.1686,0.3170, 410, 2,36.53,20.84,97678.59,483018.875000,1
109,2108,34.97,23.94,31631,3,259,768,375.78,391.36,80.32,25.14,5.41,0.1686,0.3170, 410, 2,36.53,20.84,97678.59,483018.875000,1
110,2108,34.97,23.94,31631,3,259,768,375.78,391.36,80.32,25.14,5.41,0.1739,0.3269, 412, 2,36.55,20.81,97678.94,481655.687500,1
111,2107,35.02,23.94,31626,3,246,747,366.24,396.56,81.97,25.14,5.41,0.1739,0.3269, 412, 2,36.55,20.81,97678.94,481655.687500,1
112,2107,35.02,23.94,31626,3,246,747,366.24,396.56,81.97,25.14,5.41,0.1798,0.3380, 414, 2,36.55,20.81,97678.94,481655.687500,1
113,2107,35.06,23.88,31626,3,261,747,366.24,396.56,81.97,25.14,5.41,0.1798,0.3380, 414, 2,36.57,20.84,97679.21,481995.750000,1
114,2107,35.06,23.88,31626,3,261,763,378.97,392.42,80.70,25.14,5.41,0.1859,0.3496, 416, 2,36.57,20.84,97679.21,481995.750000,1
115,2108,35.09,23.84,31619,3,261,763,378.97,392.42,80.70,25.14,5.41,0.1859,0.3496, 416, 2,36.59,20.82,97679.36,482336.312500,1
116,2108,35.09,23.84,31619,3,275,778,374.13,386.36,79.62,25.14,5.41,0.1859,0.3496, 416, 2,36.59,20.82,97679.36,482336.312500,1
117,2108,35.09,23.84,31619,3,275,778,374.13,386.36,79.62,25.14,5.41,0.1903,0.3578, 418, 2,36.61,20.84,97679.23,481316.093750,1
118,2114,35.11,23.89,31619,3,285,774,377.18,388.45,79.94,25.14,5.41,0.1903,0.3578, 418, 2,36.61,20.84,97679.23,481316.093750,1
119,2114,35.11,23.89,31619,3,285,774,377.18,388.45,79.94,25.14,5.41,0.1962,0.3688, 420, 2,36.64,20.88,97679.38,479625.281250,1
120,2115,35.15,23.87,31617,3,271,774,380.90,391.36,79.89,25.14,5.41,0.1962,0.3688, 420, 2,36.64,20.88,97679.38,479625.281250,1
121,2115,35.15,23.87,31617,3,271,774,380.90,391.36,79.89,25.14,5.41,0.2008,0.3775, 422, 2,36.64,20.88,97679.38,479625.281250,1
122,2117,35.21,23.85,31617,3,285,774,380.90,391.36,79.89,25.14,5.41,0.2008,0.3775, 422, 2,36.66,20.87,97679.35,483018.875000,1
123,2117,35.21,23.85,31617,3,285,789,385.31,386.62,78.81,25.14,5.41,0.2062,0.3877, 424, 2,36.66,20.87,97679.35,483018.875000,1
124,2121,35.25,23.87,31611,3,285,789,385.31,386.62,78.81,25.14,5.41,0.2062,0.3877, 424, 2,36.68,20.84,97679.09,479962.500000,1
125,2121,35.25,23.87,31611,3,261,764,371.23,383.62,80.67,25.14,5.41,0.2062,0.3877, 424, 2,36.68,20.84,97679.09,479962.500000,1
126,2121,35.25,23.87,31611,3,261,764,371.23,383.62,80.67,25.14,5.41,0.2103,0.3954, 426, 2,36.70,20.81,97679.64,478616.500000,1
127,2121,35.25,23.87,31598,3,262,755,377.69,391.62,81.33,25.14,5.41,0.2103,0.3954, 426, 2,36.70,20.81,97679.64,478616.500000,1
128,2121,35.25,23.87,31598,3,262,755,377.69,391.62,81.33,25.14,5.41,0.2150,0.4043, 429, 2,36.73,20.79,97680.45,479288.562500,1
129,2124,35.27,23.83,31592,3,240,740,377.18,385.83,82.47,25.14,5.41,0.2150,0.4043, 429, 2,36.73,20.79,97680.45,479288.562500,1
130,2124,35.27,23.83,31592,3,240,740,377.18,385.83,82.47,25.14,5.41,0.2186,0.4110, 431, 2,36.73,20.79,97680.45,479288.562500,1
131,2125,35.27,23.74,31592,3,270,740,377.18,385.83,82.47,25.14,5.41,0.2186,0.4110, 431, 2,36.75,20.76,97680.09,479962.500000,1
132,2125,35.27,23.74,31592,3,270,774,381.94,390.70,79.94,25.14,5.41,0.2218,0.4171, 433, 2,36.75,20.76,97680.09,479962.500000,1
133,2128,35.32,23.73,31589,3,270,774,381.94,390.70,79.94,25.14,5.41,0.2218,0.4171, 433, 2,36.77,20.73,97680.22,478281.187500,1
134,2128,35.32,23.73,31589,3,255,757,372.87,382.71,81.22,25.14,5.41,0.2218,0.4171, 433, 2,36.77,20.73,97680.22,478281.187500,1
135,2128,35.32,23.73,31589,3,255,757,372.87,382.71,81.22,25.14,5.41,0.2245,0.4220, 436, 2,36.79,20.69,97680.63,480638.343750,1
136,2132,35.36,23.69,31592,3,246,772,374.26,380.00,80.05,25.14,5.41,0.2245,0.4220, 436, 2,36.79,20.69,97680.63,480638.343750,1
137,2132,35.36,23.69,31592,3,246,772,374.26,380.00,80.05,25.14,5.41,0.2271,0.4269, 438, 2,36.81,20.69,97680.26,477946.312500,1
138,2134,35.38,23.69,31589,3,287,791,368.10,383.75,78.65,25.14,5.41,0.2271,0.4269, 438, 2,36.81,20.69,97680.26,477946.312500,1
139,2134,35.38,23.69,31589,3,287,791,368.10,383.75,78.65,25.14,5.41,0.2298,0.4319, 440, 2,36.81,20.69,97680.26,477946.312500,1
140,2137,35.41,23.60,31588,3,286,791,368.10,383.75,78.65,25.14,5.41,0.2298,0.4319, 440, 2,36.83,20.67,97680.70,477278.031250,1
141,2137,35.41,23.60,31588,3,286,790,366.11,382.84,78.73,25.14,5.41,0.2328,0.4377, 442, 2,36.83,20.67,97680.70,477278.031250,1
142,2137,35.42,23.58,31585,3,286,790,366.11,382.84,78.73,25.14,5.41,0.2328,0.4377, 442, 2,36.85,20.64,97680.42,478281.187500,1
143,2137,35.42,23.58,31585,3,261,763,372.99,385.83,80.73,25.14,5.41,0.2328,0.4377, 442, 2,36.85,20.64,97680.42,478281.187500,1
144,2137,35.42,23.58,31585,3,261,763,372.99,385.83,80.73,25.14,5.41,0.2354,0.4425, 444, 2,36.88,20.62,97680.92,477946.312500,1
145,2137,35.44,23.59,31583,3,258,780,374.76,373.88,79.45,25.14,5.41,0.2354,0.4425, 444, 2,36.88,20.62,97680.92,477946.312500,1
146,2137,35.44,23.59,31583,3,258,780,374.76,373.88,79.45,25.14,5.41,0.2394,0.4500, 447, 2,36.90,20.62,97682.02,477946.312500,1
147,2137,35.48,23.55,31581,3,272,776,374.64,386.09,79.80,25.14,5.41,0.2394,0.4500, 447, 2,36.90,20.62,97682.02,477946.312500,1
148,2137,35.48,23.55,31581,3,272,776,374.64,386.09,79.80,25.14,5.41,0.2428,0.4565, 449, 2,36.90,20.62,97682.02,477946.312500,1
149,2139,35.50,23.58,31580,3,259,776,374.64,386.09,79.80,25.14,5.41,0.2428,0.4565, 449, 2,36.92,20.60,97682.73,478281.187500,1
150,2139,35.50,23.58,31580,3,259,761,367.23,381.03,80.86,25.14,5.41,0.2460,0.4626, 451, 2,36.92,20.60,97682.73,478281.187500,1
151,2137,35.54,23.54,31579,3,259,761,367.23,381.03,80.86,25.14,5.41,0.2460,0.4626, 451, 2,36.94,20.59,97682.62,479962.500000,1
152,2137,35.54,23.54,31579,3,267,770,373.88,381.68,80.24,25.14,5.41,0.2460,0.4626, 451, 2,36.94,20.59,97682.62,479962.500000,1
153,2137,35.54,23.54,31579,3,267,770,373.88,381.68,80.24,25.14,5.41,0.2495,0.4690, 453, 2,36.96,20.56,97683.01,478281.187500,1
154,2137,35.56,23.54,31577,3,272,769,375.15,377.31,80.32,25.14,5.41,0.2495,0.4690, 453, 2,36.96,20.56,97683.01,478281.187500,1
155,2137,35.56,23.54,31577,3,272,769,375.15,377.31,80.32,25.14,5.41,0.2534,0.4764, 455, 2,36.98,20.57,97683.92,474623.406250,1
156,2137,35.56,23.54,31579,3,245,746,377.05,378.33,82.08,25.14,5.41,0.2534,0.4764, 455, 2,36.98,20.57,97683.92,474623.406250,1
157,2137,35.56,23.54,31579,3,245,746,377.05,378.33,82.08,25.14,5.41,0.2562,0.4816, 457, 2,36.98,20.57,97683.92,474623.406250,1
158,2138,35.59,23.44,31583,3,285,746,377.05,378.33,82.08,25.14,5.41,0.2562,0.4816, 457, 2,36.99,20.55,97684.32,475284.281250,1
159,2138,35.59,23.44,31583,3,285,789,376.54,377.18,78.84,25.14,5.41,0.2597,0.4882, 459, 2,36.99,20.55,97684.32,475284.281250,1
160,2139,35.62,23.43,31583,3,285,789,376.54,377.18,78.84,25.14,5.41,0.2597,0.4882, 459, 2,37.01,20.54,97684.66,476611.593750,1
161,2139,35.62,23.43,31583,3,288,792,359.00,371.61,78.60,25.14,5.41,0.2597,0.4882, 459, 2,37.01,20.54,97684.66,476611.593750,1
162,2139,35.62,23.43,31583,3,288,792,359.00,371.61,78.60,25.14,5.41,0.2627,0.4938, 461, 2,37.03,20.55,97684.98,478281.187500,1
163,2139,35.64,23.41,31572,3,255,758,356.45,366.98,81.17,25.14,5.41,0.2627,0.4938, 461, 2,37.03,20.55,97684.98,478281.187500,1
164,2139,35.64,23.41,31572,3,255,758,356.45,366.98,81.17,25.14,5.41,0.2657,0.4995, 463, 2,37.05,20.55,97685.82,475947.000000,1
165,2141,35.66,23.44,31567,3,275,779,368.73,369.22,79.56,25.14,5.41,0.2657,0.4995, 463, 2,37.05,20.55,97685.82,475947.000000,1
166,2141,35.66,23.44,31567,3,275,779,368.73,369.22,79.56,25.14,5.41,0.2685,0.5047, 465, 2,37.05,20.55,97685.82,475947.000000,1
167,2145,35.68,23.41,31568,3,268,779,368.73,369.22,79.56,25.14,5.41,0.2685,0.5047, 465, 2,37.07,20.54,97686.03,474623.406250,1
168,2145,35.68,23.41,31568,3,268,771,360.21,374.64,80.18,25.14,5.41,0.2712,0.5099, 467, 2,37.07,20.54,97686.03,474623.406250,1
169,2152,35.71,23.39,31558,3,268,771,360.21,374.64,80.18,25.14,5.41,0.2712,0.5099, 467, 2,37.08,20.58,97686.59,471998.156250,1
170,2152,35.71,23.39,31558,3,293,797,365.62,378.46,78.25,25.14,5.41,0.2712,0.5099, 467, 2,37.08,20.58,97686.59,471998.156250,1
171,2152,35.71,23.39,31558,3,293,797,365.62,378.46,78.25,25.14,5.41,0.2747,0.5164, 469, 2,37.10,20.64,97686.52,470372.062500,1
172,2154,35.73,23.42,31555,3,277,780,375.02,367.23,79.45,25.14,5.41,0.2747,0.5164, 469, 2,37.10,20.64,97686.52,470372.062500,1
173,2154,35.73,23.42,31555,3,277,780,375.02,367.23,79.45,25.14,5.41,0.2781,0.5229, 471, 2,37.12,20.66,97687.09,472324.718750,1
174,2161,35.74,23.53,31560,3,260,762,376.80,378.08,80.81,25.14,5.41,0.2781,0.5229, 471, 2,37.12,20.66,97687.09,472324.718750,1
175,2161,35.74,23.53,31560,3,260,762,376.80,378.08,80.81,25.14,5.41,0.2801,0.5266, 473, 2,37.12,20.66,97687.09,472324.718750,1
176,2164,35.76,23.43,31558,3,308,762,376.80,378.08,80.81,25.14,5.41,0.2801,0.5266, 473, 2,37.14,20.64,97686.86,472979.218750,1
177,2164,35.76,23.43,31558,3,308,804,362.66,366.49,77.20,25.14,5.41,0.2826,0.5312, 475, 2,37.14,20.64,97686.86,472979.218750,1
178,2173,35.79,23.43,31560,3,308,804,362.66,366.49,77.20,25.14,5.41,0.2826,0.5312, 475, 2,37.15,20.63,97687.02,470048.187500,1
179,2173,35.79,23.43,31560,3,264,767,381.68,368.60,77.99,25.14,5.41,0.2826,0.5312, 475, 2,37.15,20.63,97687.02,470048.187500,1
180,2173,35.79,23.43,31560,3,264,767,381.68,368.60,77.99,25.14,5.41,0.2843,0.5344, 477, 2,37.17,20.59,97686.63,472651.750000,1
181,2182,35.78,23.45,31558,3,282,786,359.00,373.62,79.05,25.14,5.41,0.2843,0.5344, 477, 2,37.17,20.59,97686.63,472651.750000,1
182,2182,35.78,23.45,31558,3,282,786,359.00,373.62,79.05,25.14,5.41,0.2867,0.5389, 479, 2,37.19,20.56,97686.56,469401.781250,1
183,2182,35.78,23.45,31564,3,274,777,354.53,365.50,79.67,25.14,5.41,0.2867,0.5389, 479, 2,37.19,20.56,97686.56,469401.781250,1
184,2182,35.78,23.45,31564,3,274,777,354.53,365.50,79.67,25.14,5.41,0.2886,0.5426, 481, 2,37.19,20.56,97686.56,469401.781250,1
185,2190,35.84,23.36,31564,3,273,777,354.53,365.50,79.67,25.14,5.41,0.2886,0.5426, 481, 2,37.20,20.52,97686.13,471672.031250,1
186,2190,35.84,23.36,31564,3,273,777,353.93,366.49,79.72,25.14,5.41,0.2894,0.5441, 482, 2,37.20,20.52,97686.13,471672.031250,1
187,2195,35.84,23.43,31566,3,273,777,353.93,366.49,79.72,25.14,5.41,0.2894,0.5441, 482, 2,37.22,20.49,97685.98,471998.156250,1
188,2195,35.84,23.43,31566,3,280,801,373.75,374.38,77.80,25.14,5.41,0.2894,0.5441, 482, 2,37.22,20.49,97685.98,471998.156250,1
189,2195,35.84,23.43,31566,3,280,801,373.75,374.38,77.80,25.14,5.41,0.2908,0.5467, 484, 2,37.24,20.47,97685.84,469401.781250,1
190,2195,35.85,23.35,31570,3,284,788,364.63,364.88,78.89,25.14,5.41,0.2908,0.5467, 484, 2,37.24,20.47,97685.84,469401.781250,1
191,2195,35.85,23.35,31570,3,284,788,364.63,364.88,78.89,25.14,5.41,0.2924,0.5497, 486, 2,37.25,20.43,97686.05,471346.375000,1
192,2195,35.87,23.34,31566,3,269,772,351.30,371.48,80.07,25.14,5.41,0.2924,0.5497, 486, 2,37.25,20.43,97686.05,471346.375000,1
193,2195,35.87,23.34,31566,3,269,772,351.30,371.48,80.07,25.14,5.41,0.2927,0.5503, 487, 2,37.25,20.43,97686.05,471346.375000,1
194,2196,35.88,23.28,31563,3,277,772,351.30,371.48,80.07,25.14,5.41,0.2927,0.5503, 487, 2,37.27,20.43,97686.03,472324.718750,1
195,2196,35.88,23.28,31563,3,277,780,372.74,375.02,79.45,25.14,5.41,0.2941,0.5529, 489, 2,37.27,20.43,97686.03,472324.718750,1
196,2197,35.91,23.28,31562,3,277,780,372.74,375.02,79.45,25.14,5.41,0.2941,0.5529, 489, 2,37.29,20.43,97686.14,471021.156250,1
197,2197,35.91,23.28,31562,3,269,784,369.10,369.60,79.19,25.14,5.41,0.2941,0.5529, 489, 2,37.29,20.43,97686.14,471021.156250,1
198,2197,35.91,23.28,31562,3,269,784,369.10,369.60,79.19,25.14,5.41,0.2945,0.5536, 490, 2,37.30,20.44,97685.77,469079.250000,1
199,2197,35.93,23.25,31560,3,302,802,363.40,364.14,77.57,25.14,5.41,0.2945,0.5536, 490, 2,37.30,20.44,97685.77,469079.250000,1
200,2197,35.93,23.25,31560,3,302,802,363.40,364.14,77.57,25.14,5.41,0.2954,0.5554, 492, 2,37.32,20.41,97686.09,467793.500000,1
201,2198,35.94,23.28,31558,3,267,770,364.75,378.08,80.26,25.14,5.41,0.2954,0.5554, 492, 2,37.32,20.41,97686.09,467793.500000,1
202,2198,35.94,23.28,31558,3,267,770,364.75,378.08,80.26,25.14,5.41,0.2967,0.5579, 493, 2,37.32,20.41,97686.09,467793.500000,1
203,2197,35.96,23.24,31557,3,286,770,364.75,378.08,80.26,25.14,5.41,0.2967,0.5579, 493, 2,37.33,20.40,97685.64,467153.281250,1
204,2197,35.96,23.24,31557,3,286,789,359.73,369.47,78.78,25.14,5.41,0.2980,0.5603, 494, 2,37.33,20.40,97685.64,467153.281250,1
205,2197,35.97,23.23,31553,3,286,789,359.73,369.47,78.78,25.14,5.41,0.2980,0.5603, 494, 2,37.34,20.38,97686.04,470696.406250,1
206,2197,35.97,23.23,31553,3,290,752,366.36,370.35,81.63,25.14,5.41,0.2980,0.5603, 494, 2,37.34,20.38,97686.04,470696.406250,1
207,2197,35.97,23.23,31553,3,290,752,366.36,370.35,81.63,25.14,5.41,0.2985,0.5612, 496, 2,37.36,20.36,97686.19,468114.281250,1
208,2196,35.98,23.23,31548,3,280,783,363.03,358.03,79.24,25.14,5.41,0.2985,0.5612, 496, 2,37.36,20.36,97686.19,468114.281250,1
209,2196,35.98,23.23,31548,3,280,783,363.03,358.03,79.24,25.14,5.41,0.2988,0.5617, 497, 2,37.37,20.34,97686.37,469079.250000,1
210,2195,36.00,23.15,31550,3,253,754,354.53,363.15,81.41,25.14,5.41,0.2988,0.5617, 497, 2,37.37,20.34,97686.37,469079.250000,0
