Co2(scd40) raw_signla(sgp40) aiq(ens160) tvoc(ens160) eco2(ens160) rs1(ens160) rs3(ens160) rs4(ens160) rmox(zmod4410) tvoc(zmod4410) eco2(zmod4410) iaq(zmod4410) resistencia(bme688) Aire/muestra
993,4837832084498 30515,17664626355 2,0185244565725062 162,4910429756522 637,0331582195544 398,2394683616914 449,27613723741865 92,21850050949307 5,417964201512664 0,14459507521504417 401,52305742485635 1,9771877541136602 435876,7972670467 1
1011,9991201941212 30677,45752486472 2,0000466074398773 161,23539460738868 645,7837455643019 390,79858568044244 430,1161920887413 91,27880660234113 5,421808749331753 0,14542135652282429 401,5089529569247 1,989202421059835 439612,680923171 1
997,3900119497725 30879,34859100833 2,0002796701855363 162,55397998372572 644,3467589072033 389,9200041749045 432,5748934186314 90,84289403399546 5,402694619890446 0,15469156456417257 400,592850512191 2,0264357485157296 438371,6626882959 1
999,1062214428891 30912,983830069996 2,0085782568103436 131,41101699111186 638,7175024028924 391,10987436878304 431,8370594567799 91,29533907789836 5,422089523219022 0,15509012002667638 403,00647357838403 1,9969682000704796 435766,15013807913 1
1002,3963792477962 30599,97196783795 2,002145915992781 131,94432818620473 604,2991622266413 395,3873891332069 422,70731084588914 95,2082650875326 5,39257742936951 0,16111623654444038 398,45761135627134 1,9892470158266933 435341,0704182143 1
1011,0537120893426 30378,429501002473 1,9886356345398701 131,91893593966233 598,2794895063583 396,1873511276741 421,0040992640092 94,80239878997605 5,45949154075232 0,1634717823213978 400,58111118325667 2,0028887295901674 441346,71627515834 1
1008,7692049624446 30499,460095827715 2,019082624724916 156,01368045777963 636,9314902999523 392,2991211448549 433,23252014442687 91,98866689766413 5,431901878496942 0,1630440487591448 403,730109352479 2,0091470799277023 438352,0170174891 1
1007,7712297025605 30337,287901766504 2,004928310119444 153,91868165147045 632,5461604032025 389,0519049566043 430,4641950404108 92,00720037609697 5,377955462704898 0,1703392747743771 400,0741623734883 1,989244848183582 438008,34510851826 1
1007,1311807749003 30755,73253285542 2,0015512106476345 149,93649083669436 597,2049895910473 395,4017954615174 434,43740237460304 95,47272200149432 5,422998290129645 0,16915596904504968 400,68770053896986 1,9880310223639726 437928,8640064267 1
1004,2467697403231 30157,00730283934 2,032605616761785 149,5689753693435 595,7575192141284 392,8246521551059 436,0624223690816 95,69891071776928 5,388513918724626 0,1746925155828627 402,81145469595987 2,001919858024922 440276,55963277316 1
996,1242925976801 30676,78167330735 1,9918115309580249 128,27871046746964 595,7352755677734 393,80274508955307 430,1239374030367 96,05711072235329 5,48046185951807 0,17502321660211942 401,017891039649 2,008428910022619 439488,15604877204 1
1004,6629724784063 30608,319337344055 1,9955429702559104 127,6716168621488 594,0319931802266 389,4173837770515 432,13497702507226 95,57256526517034 5,412273744967265 0,18268340651814963 401,69845618361177 1,997976853538651 439169,14292258275 1
1003,4298727529589 30324,241120689414 1,98650068411299 118,50184440687205 595,3097753538221 385,84295431807374 432,5670643363676 96,07784479564319 5,447327958616708 0,1819220680343684 397,8036750203692 1,9800108535591197 437627,91351186624 1
1007,0921888578216 30790,371861210577 1,9986380335803653 116,90978697167613 581,1531680999891 391,7160426255327 431,79217763885765 96,7615033493043 5,3972150749805206 0,1883909794204523 396,2622313336965 2,00737632250375 438276,546583213 1
1001,5340272316755 30445,253819460755 2,0218836878866684 118,1042533820924 576,9558907802939 391,42369265536894 433,68153177256767 97,37192936109457 5,4437162542202016 0,18801609690113064 396,9178492953107 2,006368347652398 438186,27046734135 1
1007,4602066457948 30453,10221699344 2,001653817569871 122,7840388302268 588,4907482516362 394,37211782432286 431,9186914716189 95,91280564386393 5,4012269344697454 0,18935534937838877 399,59563010156603 2,0134537287985923 434778,5228408536 1
1006,5384704348644 30339,6420516628 2,0001024660386535 124,63904042263913 583,4980134725159 391,29231362325993 431,09628716179327 97,0361185157268 5,457195408249617 0,1928123426942497 403,79105697765505 2,022158940914135 439334,4114880547 1
1000,6886859252171 30276,61343836415 1,9898916568050917 133,7043387079085 605,9668618136785 401,4435555122712 445,07737607426253 95,65782537069634 5,410740934144584 0,19396614390605732 402,0058087765417 1,992079760932463 441185,37977892556 1
1009,8057576588799 30529,217923863802 1,9940174024258384 135,63930937220746 599,0422410353433 401,816332972067 437,08426422612 94,56988449745029 5,40698117243391 0,19722963224856402 402,3351044894642 1,992586574343834 442396,49426921166 1
1005,5451689824948 30444,147635160312 2,020946657065621 112,31177438194284 573,8524839306763 394,613677455727 431,14082821624214 97,11060701708027 5,426126081428245 0,19677319047399305 402,490121778675 1,989858119864085 440175,8419788254 1
1005,4724469380784 30607,884143070052 2,0055027462841295 112,62815027828174 567,1943840316727 398,9685883293486 425,9703133787414 98,1796307495952 5,429926258827394 0,19954994452503946 401,6248638150447 2,0018614136505386 438583,5016943327 1
1010,0433705479155 30531,436311266414 1,9882578110296063 130,2666599748249 570,7876520577595 396,5168510201017 427,38068765380405 98,30209855366762 5,408953548595947 0,19846794901341466 404,30894718817547 2,010711542212192 440777,3172199631 1
1001,9916109313588 30544,48063125052 1,9950193581457163 130,8225726989516 596,8708906290769 389,097620916161 441,5116722233227 95,26080594037961 5,466238820816564 0,20432688466063706 402,78293453919713 2,013911260240303 443683,12139493326 1
1004,6645060702614 30436,71487299923 1,9890177495595502 130,28908607550352 594,3374213913079 385,70040104300296 442,92453292508617 95,81006157608144 5,414448086306323 0,2020352193207517 405,04820286193564 1,9952697649657172 438759,4756697969 1
997,1296268065485 30371,512780658377 1,9765461724374331 128,2530938325801 593,2899467059918 392,2442937344307 434,7506840097959 95,17845182670072 5,383168203560918 0,20382508210080635 405,38550580895685 1,9766496152688378 438569,57110938703 1
1006,6753990028576 30504,509368198913 1,9914532291841098 128,9764211745663 596,5439357009145 392,68844078880863 434,21310119381286 95,15226772985031 5,360761128658261 0,20469600767557292 403,7185193557558 2,00602611759899 443438,7414689379 1
1006,597104935214 30760,130674897442 2,0039363787465048 102,86832449740758 589,1132118513293 402,395222633528 426,7550233100791 96,23549662214312 5,419137463095743 0,20933048152118627 406,35165588310053 1,9838591882437333 439723,0814137235 1
999,0956196865437 30505,75050250882 2,015057658188159 103,9495147771699 589,8819340988381 397,8693072734691 434,478279204023 96,18468271705635 5,398770724307771 0,20758905077572776 407,0078869200966 1,9959492652977768 440808,5668766521 1
1000,3773315184123 30487,880535058786 2,0043098643727193 122,34834762932684 584,7662079601347 405,424372413723 435,6382928904309 96,8552275035133 5,397275809885022 0,2072891849474444 403,4177947260332 1,996503537635523 441173,2058444495 1
996,6325670379356 30544,457986141486 1,9866399908374879 123,04293074207963 589,619622146273 401,29509598615306 434,2936414490596 96,95280761788963 5,42672984866229 0,21050988237741905 405,0427216699522 2,001774865475516 441189,93076910166 1
1007,2759667709546 30442,240973849093 1,9862077419121043 97,84491672560058 584,960771078773 401,808571126712 436,2220500164831 96,12406401326112 5,418655144743766 0,21050309330280645 407,1998651059956 2,0054184905680463 439289,35925833316 1
996,5319911030042 30347,62688153463 2,010425215997922 97,84408358751996 549,5545951972042 393,0968639897131 439,3961518464419 99,93028635809787 5,42790438988066 0,2122178102859802 409,71112252201124 1,9844130480160886 441032,25804276514 1
997,9211391254036 30717,212497043864 2,0027646884587536 98,79298775050023 546,1341593520385 390,16530244760247 435,4601291867254 100,08110722560498 5,4679298215754 0,21082945761421862 405,29733909901296 2,004604920299764 440790,80609116936 1
1003,2933882335118 30662,455335117087 2,0210097220384626 100,88864121397106 549,4172730105902 396,1241618592847 432,87394797806274 99,61416003445625 5,407844358643725 0,20972589510117726 407,6683511728447 2,010552117995107 441237,13561832265 1
999,7161369392597 30269,56946832797 2,0037110746874776 102,03567621872585 550,1810292831465 396,55667628501067 435,0995051748494 99,17450672368813 5,431697691007356 0,21418170712003584 411,43397431512244 2,007287649256412 443566,5072198943 1
1002,1751438819563 30524,282583641416 1,99108042542311 108,31655860459465 575,1193783636005 395,8431292579526 440,31411570789743 96,83500537864379 5,463990550962935 0,2129352727470247 407,66020711643705 2,0008675368270468 441130,08233773935 1
995,4665405209653 30420,73192743132 1,999751883356469 108,39248002427638 581,4641004725587 397,66149508719434 442,108805414161 97,54275862246119 5,481397839522495 0,21484426596720707 408,8715916319179 1,9945822336472172 439355,7648465771 1
991,3219708585287 30559,419906886462 2,003547489904456 103,19024251964612 551,6457712584532 397,33506329035475 437,2889075535042 99,71665216985181 5,450526551295559 0,2166246184341249 412,24652926893765 2,0001681417209634 438177,6865278503 1
990,2804519179218 30639,359139927587 2,017463534371396 101,94169374693105 546,0217024065504 399,7829864513098 437,1447988921911 98,83523002339889 5,371370807182448 0,21811857777176138 408,58780950191573 1,9959255542238112 442251,86844981485 1
987,8061655449936 30591,612874771017 2,0046432686786626 130,20568699935933 550,7545799421098 397,17556116014214 438,50296620177824 98,95122347218275 5,388365068751352 0,2161099209370097 409,27108920411206 2,0002455453759858 441821,61137579696 1
981,248536250233 30417,354932948478 1,9915273695626017 128,86239420148067 595,264208027235 388,86707344936497 438,60182343901675 96,1057349288256 5,430775874168366 0,21892708300229072 411,10159612661755 2,0057065844711826 443576,3752121471 1
992,2384169966144 30508,111270320358 1,9977134134093477 130,57567287556435 594,3330153918492 391,3497955238743 436,8788123437906 94,71457558782309 5,362231756145001 0,2201408153798642 411,9234326310302 2,0089379946118844 443654,4986128048 1
991,6783849935729 30306,69141258342 2,0035128977482635 107,37599952685086 558,983273456665 402,5684681958467 435,413275192836 98,76846108380921 5,402649326067189 0,2200183842506918 406,4912269989972 1,9921541625734216 443927,63539421174 1
986,2101037501495 30382,299506303472 1,9963833856930895 106,76466598949217 561,5370626967283 403,5037613274591 433,2118365841597 98,30609108418136 5,404415960878284 0,2199347227909312 414,28077555133524 2,0216415522165163 443456,0582972875 1
998,1952723585146 30659,268420977645 2,0060927606577823 104,96435743533331 545,601759543133 397,4844421525869 446,4090644923363 99,94790683302816 5,47987882994348 0,2175654953831048 412,20677101506897 1,9922047485287246 437119,1576168833 1
978,1575556742641 30486,830627100593 1,965371603555049 106,36374530765224 550,4288706305364 400,26378121024845 442,44317721033406 99,79778260688926 5,441306333491487 0,22167351845280478 414,1026843840598 2,0050406171173147 438411,41815015994 1
986,7049500691451 30633,303154297537 1,9779581407919564 128,90455291506743 593,3127481931872 393,46693662425236 433,17844341871375 96,3760340870806 5,431385143814488 0,22127059368702717 408,53471159245055 2,016598782887131 442778,40969304857 1
988,4829749313459 30522,20164310774 1,992619411335277 128,29686679886814 593,3356016229112 391,59736899654433 432,8730093810577 96,24343531555772 5,468037955375743 0,22530249417476553 410,2105945907636 1,9908236474203125 438737,4499037682 1
990,5132029535274 30522,719960558486 2,011019631036271 177,99360179829824 589,131308963226 390,14036784121913 428,41476211408815 95,85028287707367 5,393659392577474 0,22558027250062712 415,39229967577035 2,0079503836278803 438142,2432477521 1
984,0999963170626 30474,764332505005 1,9843013468836386 177,28069201792704 670,7808183703024 393,66892699263593 436,7070813785384 89,22712334213945 5,395133397581849 0,23768275852911497 418,31367866163174 2,0076849776508165 441574,44558496587 1
984,4611559291803 30270,01416870604 1,992128578234379 178,47366407837922 665,3023808522083 392,97372497593517 436,4752012890215 88,87418179277356 5,434184111171671 0,23805211035989293 418,08430178640435 2,0059033519148834 433992,38426870917 1
980,5145446820097 29792,4678496669 3,0143289719583546 228,49252787049144 720,5825006513762 389,4625064680821 424,4153115294935 83,72040032493372 5,417865146038911 0,24117979420694088 415,9568693153891 1,996957841068346 433183,883425233 1
985,7568175931713 30206,66332502468 3,0061994161309102 227,44911775696346 726,664171366372 386,5738594174088 430,53144786772543 84,20032179419486 5,415065509901397 0,2597216498173485 414,6397920036466 2,00516508677831 425680,91304225166 1
982,3639108993693 30215,075494618384 3,019386870116149 246,30087502599713 749,2880401707358 372,7695120622395 397,3761806645201 82,6042810755615 5,409958797859193 0,260435139194357 415,10292644788206 1,9997503400352614 425060,49705772864 1
974,6818257944191 30066,88343052031 2,9893471649854484 248,68042145018927 742,854733832752 378,66118226245305 402,172589335119 82,42349177477854 5,434071762302339 0,2874640133474573 416,72567583200396 1,9906354494764595 423811,5522936798 1
976,626410615128 30036,082248391987 2,987616870460794 269,8469525705535 773,834347114239 373,22685567577827 409,50003821769724 81,14994948302969 5,456835017892832 0,2834928470662294 417,2097984578934 1,9893067934759412 422038,0573827129 1
978,2109089064458 29933,665558843997 2,99151463266458 272,77665429437127 769,8899368036679 369,93715997289064 407,56885050203766 80,70236040621212 5,422386887842927 0,3148210201789864 414,7655743785391 1,991780007771026 425992,8218797234 1
979,164661949844 30150,481945323045 3,0080460911831866 279,97930956355594 773,5772692389228 367,91529283877156 409,1242946242338 81,04830648038386 5,420634147849318 0,3177975895602847 419,6449150581524 2,0020413146673017 425981,1989326666 1
972,259489933103 30431,122429439893 2,9980712800777667 276,9523324558495 776,6574458106919 381,7602091871764 382,8799473347767 79,4107923902532 5,457150591354903 0,3450107223803762 418,1999976763949 1,9981568959272675 421582,8958114847 1
983,9357114156169 30149,177855901504 2,9953674171638855 277,4084655918424 785,8118292672227 378,7874578754535 385,2039470199291 80,27189893620859 5,4328599840484175 0,3516979948767249 420,42416662088954 2,0068486572805537 418529,8383561384 1
981,3252066006953 30199,2742344894 2,9916011729605927 383,48970119107867 825,095466435421 378,5739958398753 379,85077318436583 73,12240877270817 5,390839811005767 0,3480488805323417 419,97085171930246 2,0147542856119878 415941,72354157193 1
980,3468815690267 29963,029386804308 3,016213325842745 380,9203684748169 824,4318493882906 384,98063334978906 378,3954733473143 73,93087899497985 5,407518341593081 0,38105732228922506 421,61736709354534 2,0063567700354557 414330,09377300914 1
983,6350508995145 29887,97621269898 3,0033039458779514 335,39938466501155 806,7123723651952 375,35284487075677 373,86755635774614 76,00519594325651 5,390675869139607 0,37824170282293734 420,01364094179127 2,004081887415342 416321,8777710259 1
978,7133528667065 29766,022726451527 2,991520555849924 336,6689565867935 818,0980889331934 371,18859553054375 369,8098241574343 75,56883503392793 5,440208682697475 0,4099566923992491 422,4770638895833 2,0122345713971868 405827,1296267542 1
987,8790948217119 30187,36561506024 3,0274314154926696 344,24922788885476 817,5659979895572 362,45606911069797 364,5971787610596 74,86652022298681 5,428279663533881 0,4104783427265197 425,80329368917984 2,00716546363836 413999,5392794864 1
975,8034611813472 30070,235206295372 2,9940282134126814 345,1243975296595 817,7531119929811 367,87319661379996 362,23704752217424 75,51951183401536 5,44151162632218 0,4393917647311669 426,87167640573 2,003837362644207 410907,96018819103 1
977,2200924957046 30271,87643791564 2,9973914800960446 374,1597720659915 818,7391507142204 365,02466332359546 361,90511353351496 74,67782305683076 5,438985634471558 0,4388662108283857 422,66082446307496 1,999021963222287 404608,9773088526 1
975,0462374651789 30213,378380543858 2,9785673188841715 372,9736079330369 824,2850404766069 359,6404675583002 365,9912356686909 73,76913014332492 5,4222036592657155 0,4687197905990069 433,2480677720563 2,0079162138367432 407102,41176231456 1
979,3237642776548 30183,365013812636 3,0226122184299107 369,7248127110942 830,4041586856571 357,47373303906323 365,1107668150057 73,93573847897252 5,437977732350021 0,46675238958167004 431,60560581676174 1,9922911859370849 406515,8891539803 1
978,6186771649417 29996,874046403627 2,991321244815555 381,936820302144 827,0935357840322 353,0565469135121 357,7703211708359 74,23783034030659 5,412865120277013 0,46314086355413836 430,8594342175626 2,0079554829668633 407307,9797001205 1
972,4604381439335 30202,560021030768 2,983335864747586 378,38307801090025 825,5295877148973 357,1232086791266 357,95386833168084 73,82919153287366 5,449531616326539 0,4945044842407557 434,64357539340074 2,032498770997964 406868,29787225317 1
964,0732138347447 29760,238302859954 3,004668965160608 367,4538351234308 816,8424060865976 351,18681799194707 356,30707072706184 74,07569952693441 5,423577449590472 0,4949295513400596 432,2208737059329 2,0153228024559193 407648,6199154005 1
984,422575854874 30137,275342756155 3,0202304575196903 367,5450861586536 822,837869400814 350,1747249771132 359,0697054120283 74,28707538105706 5,380451384584121 0,5161482767413351 435,7964875165707 2,0236251090296022 406697,2904052099 1
973,3585435643079 30138,100949873646 2,9872438300574933 351,33655806518044 818,2968844231633 355,07805100567293 351,49521307048065 74,7881353695149 5,448906405973356 0,517350172023708 435,37481296670813 1,9932639490114765 408976,56321790454 1
965,4744028734237 30128,092496067744 2,9923225164416944 346,8395102724252 817,6111411273724 355,3246240561092 350,9437289764637 75,38440215325382 5,408569584455525 0,5411978014550758 439,50834584987643 1,9794802114798122 403599,9424158826 1
976,7281408233703 30082,627504188902 2,98802052752152 388,7084215528429 817,4092354284843 356,30427290053063 352,7206627370459 75,62369469872588 5,403976280967895 0,5420668897117716 438,8001406289341 2,00448690295921 402996,5260193888 1
971,1649103002999 29974,08597963279 3,0239560407011385 391,6558669940992 836,9261630641728 364,60495803059257 347,46859481821343 72,8415007465047 5,425017046776169 0,5699754811380047 437,2592001454313 2,0057518896001048 402426,8568648385 1
982,5756392068614 29744,25079954628 2,998393147570936 390,8084023631468 834,8972259385378 363,8558325783069 347,7217922010347 73,04191659914908 5,440538516165884 0,5656828897660967 437,9221572362558 1,9780703434031532 402187,7756175469 1
981,9004793403296 29892,21133945226 2,9957463857071494 370,9906335799792 830,7940054420394 345,96669839641805 342,93175827621064 72,46544901823341 5,32910527477193 0,5656568517345888 440,43300582850355 1,9919441123770456 403141,54441251874 1
972,0456728626475 30030,524877823274 2,9895049606736657 373,2673197338367 837,8939645519079 343,3560092510478 340,18796122515005 71,54425730727142 5,4432345561892514 0,5814320856837374 441,26724885849654 1,9930093223267278 398730,28730439354 1
976,1996602336261 30106,21893709935 2,9726342491265494 351,0656379627391 814,2731323600506 348,33358003429277 337,2810845841889 75,51423512684079 5,465638651437684 0,5849002909417946 441,040340313076 2,0052102847936717 402729,1384851613 1
986,3290198952116 30176,74337589295 2,9904525317198862 354,3482937953973 821,4946561242856 349,13731835907475 337,7551218055784 74,62026737314862 5,454409713114301 0,6047543776114601 442,93766256040806 1,9950347381113593 398669,6913538145 1
978,8439103978684 29956,96817854946 2,9888939326644026 419,7917750696306 839,3217185788322 356,65341719950237 347,27219336238727 71,36647138588984 5,424100373783702 0,6021539492331157 438,2164610729075 2,0058612840930548 399331,65891329193 1
987,3571515980512 30167,086209606878 3,0014974835829493 418,9411951567277 838,7278694582003 356,70484389623454 345,16824971210673 70,84524868623824 5,407423526324311 0,6185837336621117 441,6950294791638 1,9901557275947863 395054,5082722937 1
971,7682586738424 29930,351280259707 3,006852523007769 379,5934489543684 835,5704960005751 362,12748300285796 346,4430669239005 71,4211859011401 5,478231133687729 0,6173327539826715 444,7766688954675 2,0048891143503775 397042,29118328064 1
980,6001992501588 29997,544969208484 3,008199322010135 379,48957249829226 836,4036819598352 346,0117259399254 334,84107417127484 73,38951076200088 5,409755652201143 0,6382494072328152 445,16320782777524 1,9921685068849555 400047,1248114625 1
982,9026564831436 29952,457052669088 3,0065521073881545 381,23029393282906 824,8098218908225 344,647726398646 338,36517910935225 72,47387992974829 5,440205472647893 0,639194291398083 446,9137334002096 1,9910823995945064 395707,44896462257 1
981,7058688772554 29856,956666402126 2,986309401805224 453,6911769306829 857,8533936272532 341,9131951296842 328,17429554558726 69,35931382529441 5,438591098989485 0,6364720555672173 444,54984042193996 2,0020366713111453 392763,3633802549 1
977,0035083935464 29931,58669090525 3,0101609659825677 451,03305988544145 847,8149712567867 341,63061870493476 329,7538980677196 69,77590991564085 5,430878362268632 0,6516358347919521 448,6196330791428 2,0056413657831254 391680,3375508749 1
979,0278479563398 29619,232800874597 2,994623223064929 463,47578506293354 855,6197378472784 341,1569714930595 330,93617738376355 68,98920826350012 5,422900712495256 0,6594884057933544 442,32796144478175 2,0026941239949148 392081,5475342496 1
979,1610965024693 29950,685458513137 3,019932740759531 465,5649020129465 851,3079047642715 341,5930681666367 330,2078359198268 69,5058974370431 5,432912779418176 0,6685480433642451 447,1710179251525 3,030359803759118 391934,79341931577 1
971,9378165540085 30012,639568665934 2,9879034211084914 513,8307314497359 876,1212075003842 341,6790632426867 336,32853447394285 66,8699230776071 5,388021673116897 0,6679403751807522 445,92032180893256 2,977434426074422 390187,82270427654 1
983,1489376634579 29863,951527724228 3,0097346424875306 509,7734108117481 865,2383288224788 339,8726598632287 336,42357516485635 67,2171794086111 5,374508567336332 0,682045969817373 444,2418381459026 2,9949680882420324 392461,055979267 1
974,849776067828 29952,22835969987 3,010959769206969 426,29237418962003 866,1727027274092 338,69505593140065 338,3568872761711 66,62012176289068 5,412676277163209 0,6788392040738762 447,9166212467609 2,988702696702785 388181,3048133877 1
971,4205258040207 29921,91416861318 2,991322845382917 427,95574400685706 844,3039754983723 346,707671968356 321,14993703241436 70,35369309376217 5,420828031380247 0,6946560325409276 445,30884623404904 3,0086046442718777 391354,64175498247 1
981,9833997273566 30217,45649372201 3,020909087890022 423,6999990021727 848,2225538230867 345,2174270668164 319,3694743527798 71,3248341598358 5,413791866880968 0,6969782528688567 439,61902670378646 3,0198700998342725 391166,8081800682 1
976,1558023712915 29638,58104801549 3,008660646713027 481,9961765378172 844,2624282200818 334,81463362945215 323,88501856594934 70,54673988343346 5,380776563851377 0,6967895516814694 442,3128475924082 2,9965901518390905 390980,7171169638 1
977,7270201449099 29845,226214719263 2,99613692202386 480,8386447300956 848,0992354155511 334,836499812465 327,8071324688991 70,27479121357291 5,427357265957987 0,7076773658989761 444,11483721344223 2,9923911407574737 395680,0289914098 1
970,1175030558101 29971,78289954787 2,999563275734752 441,3350430129302 846,4041553380457 333,9460321185893 330,07737012548114 70,34864986404678 5,413695697421116 0,7109321809998731 446,1092244341173 3,0058196575796288 390364,7600865808 1
984,692883458467 29981,933550283044 3,004024998311286 440,11827367660544 840,1006525141123 336,1155609589867 330,5605764901361 70,10699350940578 5,4485594674426405 0,7191009899593737 444,48872694893856 2,9894790157617406 390182,9298342955 1
