Co2(scd40) raw_signla(sgp40) aiq(ens160) tvoc(ens160) eco2(ens160) rs1(ens160) rs3(ens160) rs4(ens160) rmox(zmod4410) tvoc(zmod4410) eco2(zmod4410) iaq(zmod4410) resistencia(bme688) Aire/muestra
1112,5217238997539 30371,823964250296 3,0197894049711262 292,0254249574773 805,185219069784 298,942205595724 322,658376597568 78,59608613238154 5,411812379542418 0,18084813234178712 423,30005341532626 2,0103931912372244 420259,71257067635 1
1123,1341233480719 30726,301830231452 2,9856133268405984 314,5726810426417 804,1161489066271 292,8107555112051 310,75951871644605 77,17784166416467 5,38984935879855 0,18077744891459677 421,50545942044903 1,9875384657016968 420640,41640828113 1
1118,0387734212181 30580,89768066792 2,9970323693891916 316,069756307081 806,1866811866239 295,5963980085577 308,28556738237893 77,53633876661374 5,3738565336376904 0,19792599953280227 424,99637617375583 1,9872139622360112 416351,1951024761 1
1111,9251760187713 30480,8100847362 3,0218408896039097 322,3067198202703 799,6691710040409 289,1443163055659 300,26639534646324 77,96440356261856 5,364119653149617 0,19720196575792007 421,55056617366347 1,990100453811037 411497,726421117 1
1114,8669194885692 30781,713442240685 2,9782426651222798 325,0250372232983 799,1450426732099 288,49633195066406 298,60323391249375 78,81286627913757 5,4049195169207795 0,2138432074775675 422,9641404456613 1,9969132990130147 417431,3243486816 1
1108,82535718344 30784,40924316853 3,009148639448892 310,84585275577166 805,5371210564598 287,13619899936384 298,78567803673076 77,25485581359403 5,416939642712992 0,21374306883170197 421,87931288563243 1,9919958700227824 413145,5168211537 1
1122,6697223943381 30686,978574435718 2,9959479754133 311,3647233157331 808,8971533858761 285,587038188968 299,15989084988047 77,6107787871564 5,348654314479402 0,23324019385570074 426,44242189335927 1,9957328321831482 412953,1733234002 1
1118,3354946907766 30353,821811397007 3,0083136806908737 320,4127333193041 801,9725859597861 287,1084803327799 300,73364840922886 77,35528583476714 5,425094680573401 0,23150997346064756 426,8659110121138 2,0167678968590605 414160,6391807004 1
1118,272755726602 30490,845209806816 2,993798515649164 322,1185582281787 811,7662761847655 279,68697290895886 284,8203464860039 76,89659330075027 5,380308267171252 0,25372060779262595 429,6580623601226 1,9965673971761926 415603,43413396366 1
1119,9567296492933 30590,917954630764 2,986633749434914 320,5217737867936 816,911323716544 277,9944706198087 283,82338011835964 76,55814384139032 5,353681051589255 0,2518845172834754 430,9064808767617 2,0084799922736507 409768,0899340475 1
1109,8605778371561 30380,386809559815 3,008008453512442 305,5376924081563 802,9231179977652 279,24687999650683 286,51423531781643 77,20147774493685 5,407563915664761 0,2505615129967475 430,8446809050963 1,9848889542910908 412132,9965510003 1
1117,9932325079649 30567,264969460954 3,020538635627098 306,3845377508764 800,9093435209269 278,9665320525887 288,40827383872977 78,25414826252961 5,372783741697936 0,2757998431170035 426,71215667389185 1,998880302954253 412094,66462663637 1
1111,2952205994304 30474,082991052328 3,001403181140388 322,6698205638352 797,0189382507965 272,1699242316654 279,64531869998615 78,84716033287316 5,366045453904156 0,27125902616048 427,3073606191976 1,9890460661421285 412145,7063804761 1
1110,5992987621037 30553,23355113223 3,009481022547668 320,9294875664982 791,0953219876653 274,7601388106347 282,0379745664247 79,06536355340778 5,434013669814321 0,2880197675762027 431,62609424259574 2,009217577618478 407516,83203608 1
1125,67270146991 30460,644688033535 2,966691396185671 311,3039995306201 800,1287040613967 268,2259792302837 283,9464992100502 77,72232107890972 5,369259675296067 0,28874752898648803 431,4167653557175 2,004908118956648 404778,5645071137 1
1107,2637680953276 30638,15008774129 2,9582427055757097 306,7842937094378 808,2718036240163 268,4758040623872 282,3075127546554 77,3989886038236 5,457109234499956 0,3080002185606952 434,7154855682149 1,9987095104145474 408270,6061056784 1
1103,1468195394523 30412,188463997612 3,004592080021525 332,29402669536773 794,0428257998636 269,1717433371935 286,9549938073406 77,50368634576317 5,397854196413048 0,30860353987338923 436,4069078551056 2,0024371003040438 408441,61900194065 1
1109,049546579168 30448,328140689875 2,9726539335533113 330,4242568924565 814,1563050818344 262,7185218479655 287,08538454199464 75,2639295549555 5,378209861388616 0,32917090445530417 433,81604341290677 2,0137124415343166 410038,4479980839 1
1116,142938367206 30126,619243485336 3,006833480025697 329,71574676178085 814,2599656661582 266,5073041054964 285,347733357218 76,54802607288316 5,416346306461544 0,32883635016427654 441,2651501586355 1,9934633257011884 401173,82905799296 1
1105,152532873588 30424,811591501017 3,001036389603746 300,3829112199252 803,6976165319826 268,4360373520357 281,6981829061098 78,12009111188829 5,426953263816548 0,32522111736189435 442,6294864203151 1,9996046478144278 406928,0620315132 1
1099,8008276817573 30239,956713173768 3,010858713812993 299,30313901316606 793,6520822749549 267,77561825727173 282,5481975749124 78,03883648663682 5,368886074957101 0,3452130599709842 446,393228668207 2,010719139548919 403303,0205659858 1
1114,5195821566952 30171,733367811245 2,996702227635373 356,542498299111 815,585897234884 263,517005831964 279,48240751767094 76,259034565782 5,412757342589666 0,3446479313828332 442,6461062452579 2,0119905404883305 403326,4485994285 1
1121,7713615865662 30262,48492526309 3,0146571234546764 357,27538589095786 814,3084847914885 264,6410351781328 280,502805736948 76,7168552798297 5,432598766094566 0,3600795067809398 445,9360763410953 2,0172174285851248 400857,5776652012 1
1102,8463444286524 30170,427475598208 2,9775709372990673 300,4665235952499 798,1275081022769 263,16392161122104 276,3057857014411 78,23052398300813 5,36132376921087 0,36286205520426695 444,01956519858993 1,9830264777472288 400674,2301303121 1
1108,1731460563187 30144,656895590026 3,019537190144075 302,19714106777064 794,7580239614041 260,00609528081384 277,66408899009883 78,29087872108927 5,323824375292038 0,37697134289209133 447,6925929578028 1,9988842945126561 404228,58751163527 1
1118,0367520989162 30180,16475086385 3,004519461664752 316,90593861513884 800,9932001813419 260,8745674564811 275,66807896873 78,07839485506251 5,350513890087199 0,3777665036863988 449,7795571574422 1,988799945116817 402820,87217424763 1
1112,221916047334 30249,518746367365 2,9824250915052923 317,1255088799957 807,3269803210563 259,65178393563315 280,1227183440704 77,48067921457945 5,374120104592992 0,39204729522294673 454,1449312867106 1,9963671026235021 401792,1374811951 1
1120,4293005718964 30049,005240426737 3,00605901060269 317,22040008333863 805,4170663387989 257,1481615063236 280,6446551433039 76,57787279610717 5,388462253953257 0,39326392353464684 455,3755976173717 1,9979581507121642 400686,8295058134 1
1114,7519115483228 30070,21405542187 3,020848551638336 336,615353263222 810,9871276135169 262,73478234898505 276,63742466036285 75,67011538979636 5,368910616762342 0,3920690714653803 451,922266946258 2,007077595939908 401834,854446688 1
1112,1241378060338 30385,43686180563 2,989889824127347 334,1060609761029 813,988246907958 262,760821993286 274,7991548757987 75,63953689937567 5,403732953493515 0,4042249397421637 450,9962123944757 2,023280898917304 396203,48498838046 1
1112,4639469942065 30269,323987458858 3,00015610897344 301,9316431733694 801,3422071370861 256,23463533166296 277,63145332545514 78,20457048799824 5,373265515694825 0,40553141826724165 455,61111268075507 1,9955406679586185 395162,078058105 1
1115,9674839575675 30099,967844730993 2,9914696998954713 303,6478243289251 806,9162878263653 255,25839686284675 279,0873941431256 78,3362553255671 5,389624012885149 0,4225697233507062 460,000033350648 2,001444211871896 394788,852519867 1
1118,7102966361062 30100,27722663088 2,998015157594843 348,6018746560547 812,194344843515 256,1696509334278 270,8214740981814 74,320038787332 5,353505815616605 0,4218090817776154 461,7364258312261 2,014354652451414 395752,3216313683 1
1106,8950782976663 30126,77762026166 2,981959834404928 349,0459987177654 821,3845572542011 252,96633944411883 269,1725237101189 74,54109236649093 5,415788237919189 0,4359291104289351 468,43418182713606 2,0002723397625766 398368,59320975735 1
1125,5085235213867 30234,32913000172 3,042344628246928 300,4258896224273 822,9944070556761 257,0405329848796 268,81235002491917 75,60141011034872 5,363719041704387 0,4357318758943755 459,72097829509306 2,004941653013264 391849,2356115559 1
1115,3950395635395 30229,54160033236 3,0002396280707737 298,26347980734124 797,3211507608621 257,404214720452 274,39307091477644 78,56970731026375 5,394295681243307 0,45023493271589715 467,89261377914886 1,9954031741318554 393239,9132931077 1
1109,5869349115603 30268,579224445926 3,0023585740648544 297,42444212076714 803,0906853215296 258,41196010996657 276,86399412945207 77,89425232613917 5,438500199775747 0,45056083380520007 466,6968227569357 2,0029142129139528 386891,9734956257 1
1119,0318327695493 29970,984303254347 3,0066311985103638 313,30769756781615 806,7720793027512 248,28647289237773 269,6148233810061 76,80482034137445 5,350930149357981 0,4532204488997294 470,08245677475054 1,9920983975709243 387747,56081615225 1
1116,9290684049943 30047,97749939174 3,0165500264865113 317,0241417796232 804,4721666736501 249,1798542656022 270,7849670440463 77,37889674299387 5,379290123104949 0,46696054093329714 469,5507117910529 2,0265469785894297 389994,2131233189 1
1112,4841451051116 30362,325256516036 2,999959824159344 357,57517009622984 821,6775774479802 251,40852163250418 274,6392828750573 74,46342122431712 5,375083562719636 0,46220517788316895 473,2646123688118 2,023866249356144 389148,83345799154 1
1114,6812226494137 30362,328600537283 2,9926770528952367 360,90136310882633 821,6048606770009 252,0639995101162 274,55639024758324 74,04013033851497 5,426556074854673 0,47925591354381414 476,12444742712296 1,9905085675586716 385605,8792283241 1
1103,2804349777132 30153,88669910881 3,0211559632211493 349,91929238679074 818,9967213392797 248,80614519462435 273,38096349389946 74,87224753005763 5,413501344295981 0,47717002938881037 474,4301958016602 1,9896536536337504 388473,3203074431 1
1121,985613872357 30330,762695118647 2,9840575141912957 348,6022714528609 820,2357524274244 249,78290559244033 270,1255184490067 74,36417167736195 5,43138326618873 0,4915606706763387 478,81893827962045 2,024191340829769 387734,68080559524 1
1112,255733031959 29996,5336856996 3,006012066464896 356,0220015116165 818,7128642470733 246,4320287330837 273,0818236876323 75,0874121647055 5,354955593176499 0,49303606985804965 481,2582152593035 2,0106548777641877 385449,69807906053 1
1103,8677465036508 30251,136120159066 3,0201870695962447 351,82400196660376 814,8681482068632 247,95149735184637 275,8784118471692 74,87335332583903 5,374177288166635 0,5053959637659483 481,46539190203794 2,010370711613553 387350,9923871707 1
1108,537414834496 30149,536145623868 3,026941843295311 353,9189465803622 821,5585939905931 246,75738856079857 278,77282342549216 75,01149370547404 5,383192753681182 0,5066534103293239 484,87627232413513 2,0086686632133715 384497,69075590844 1
1104,1004016442253 29988,85661560052 2,9849537670196367 368,5695500004077 831,6126305949879 254,1471999387554 270,9857585950795 73,39377990337447 5,3395834877646235 0,5050411099675701 485,31692745699115 1,999077927836876 387875,6110960853 1
1113,9462180522232 30253,289293155867 2,9858094511131945 367,6815395724268 830,3720828793986 256,67128139161355 272,26822504965116 73,75520888817738 5,409989510006806 0,514328835558711 485,5339853485341 1,9878235905998292 380966,5794256467 1
1107,9500365513334 30035,4797787985 3,0083777538717915 302,08347209973317 800,4096112656572 244,45192993242853 271,28479844117106 78,07400434393513 5,345378703647913 0,5174031226829435 489,96485091204767 2,0129264298899887 382419,88826372306 1
1118,7664098247117 30222,71384392128 2,983941312822507 299,633299642659 801,0430437182748 244,6460617026353 271,7093580167705 77,91815030521006 5,437175493370822 0,5307115047427216 491,5908621506096 2,0208683743104827 379528,64582173567 1
1113,123229909753 29913,26942975043 2,993060899112714 340,1234894425624 811,9250654669412 246,1961444059241 269,04936266493166 75,96582946095756 5,390999363534526 0,5286054518518668 490,79960307460516 2,0055175531272633 381317,71818950906 1
1112,7524644439866 30065,431076063436 2,9993958868389354 340,46295857122885 817,6131526609813 248,4667180530321 267,9775885231072 75,35661329310759 5,377590535332067 0,5394643586824952 495,65441546315793 2,0012469960129615 383638,54507475253 1
1116,8800937854871 30394,36789852707 3,0198723556521876 310,4868912216877 819,5387754553698 248,57706070441273 267,98859410361433 74,61417753999527 5,391917842653628 0,5397669361753762 497,2566767580493 2,001753949506238 383902,0135762589 1
1104,0561595022841 30189,436518404906 2,9957494172552983 311,16268943126835 802,6525542521129 241,56488964411568 266,2623080459833 77,3620349575873 5,4173767587382935 0,5494072312242657 501,69458454060657 2,0073030306507316 385377,4125148034 1
1116,0705340155328 29886,290149704244 3,0280709652381566 312,20533934001156 805,9037827627393 241,31433454267514 267,3122910650658 77,31871183194971 5,423014322513102 0,5462112083473204 500,6121956618074 1,9947492563144786 377968,5211904239 1
1120,1635435016956 30167,258342212514 3,0353971552844357 330,7368688270026 818,4662135290552 244,30105191383888 265,5533528922468 76,41385524509697 5,373620476445861 0,5503095468525042 496,1636814195642 2,0157469097497467 382704,23299138946 1
1105,4222274207405 30040,84002811677 2,9665539621856123 330,5922210989682 815,3556959199558 244,9818342077994 264,66617323736733 76,1188665182422 5,406909669298974 0,5613171650739606 504,88356739549647 1,9892828268178349 378123,92146307905 1
1118,0118255312834 29948,432770976608 3,008944534218759 335,28908765475694 805,9517127719292 246,3896674525379 268,7579888150531 75,83591987937842 5,443924461721907 0,5597702498730845 501,4197995832734 1,998171500821735 376453,06898037344 1
1110,5210991686788 30005,00227787279 3,006107131668897 335,800200978327 809,7699858741172 246,58092469561873 269,4061727189698 75,93476194366576 5,367881833003397 0,5616773232055309 508,1599371427012 2,0128227571896105 379878,4662061147 1
1107,8240839440116 30195,744974725152 2,9714618460684292 345,9217720497397 814,9317942284042 241,46956558070661 268,16280845935745 75,27710726293013 5,3972205514812455 0,5697439964037765 504,83229803592485 2,010812101153651 375195,8074920306 1
1115,7854610339687 29936,97370270142 2,9794754389621754 346,03131930791903 817,9435940150086 243,49977073229095 270,2055667916449 74,41921796847583 5,366879641964372 0,5774140617273155 512,1001679628383 1,9963678530092785 377621,296470633 1
1119,5975692835145 29867,795748930635 2,995631817179638 326,25538869666156 815,7465741863521 241,01196716213573 271,10627755703734 76,04534090592959 5,399469927665366 0,5752371714535982 508,53064928542705 1,9869090775882816 376645,55514406797 1
1116,7262110457657 30059,22418795013 2,991510609938747 330,79545780129087 812,5787325015715 239,27267398324602 267,14162290961565 76,16761634277117 5,354433234525158 0,582328623738012 516,292587266997 1,9959218206341025 374539,14480753476 1
1106,6405302101675 29820,311492912864 3,0132521534376133 329,38810552620765 813,454773369509 240,90211529538897 266,0082119329736 76,1715204884941 5,37564923885103 0,5822278273450996 512,5390224446226 1,998950999578996 377811,7298266671 1
1114,6620801435627 30227,78360324078 2,970064762085264 329,946359916947 809,9398927046154 246,52049671960538 265,6452523436913 76,89618360314572 5,392038903092621 0,5845315939671446 511,38125411874444 1,9851377554251353 377251,2167815535 1
1104,28191642494 30110,225589336507 3,0067983347998437 327,79763736636045 808,2464617085216 243,97786034152438 266,91400502895056 75,8838140791564 5,350790459769045 0,5911946244493995 518,2695239558647 2,0024017901282445 371916,51440282934 1
1118,153186827175 30032,27977799783 3,016620583162266 311,6810454749868 799,921445694825 245,3705901206436 268,359566979173 78,1141922922341 5,43615133395721 0,5868057471500194 516,2552047765338 1,9849342784160324 374997,054759003 1
1124,8375274871942 29996,645646653604 2,992695725205119 317,3360705588457 806,401882322715 244,90822076762623 266,6504820848794 77,3430342978328 5,366104029619856 0,5916580193894376 518,1854702723731 2,0178679156365003 368017,5616349775 1
1118,2912795520083 30106,933862688176 3,0073464471525018 352,27911976042276 818,529549926816 244,9522582552724 270,88265227105 75,10230988573714 5,475794932882427 0,596734155528457 522,3824556229299 1,9940784704070562 366012,22923216544 1
1106,147023450735 30341,42751511108 2,9924705060809096 349,6144242706483 823,1563907441657 240,73635631473064 266,1224470417404 74,80707495261169 5,383636031642705 0,5993880613364014 523,6901127912386 2,0041604060926033 366384,2261888281 1
1117,757239986656 30173,80443382003 3,0132148804362804 337,3620629481355 813,0489050216718 241,59618426878797 267,5399394310164 75,00377680837816 5,373985150108821 0,6038841748813656 520,0547805107478 1,984566306149303 368203,90246081346 1
1106,096581075354 30009,53571494636 2,9993154258617873 337,3406841164887 818,6300198488458 240,32336188311032 263,5225807001444 76,33330776910998 5,388199178470122 0,6050182466903709 529,3530639080835 1,985822348985828 369466,3372901844 1
1111,5182903054074 30038,483527356504 2,962123980654975 337,8888628698522 817,1522373996154 240,52315125429365 263,60773656892906 75,83853111036895 5,390585990728099 0,6051452912876104 531,0246916919486 2,000469955393058 365745,25725192344 1
1098,7328776772565 30007,04208136629 3,0154704381473056 313,4995728086882 810,7390718807634 241,1490599577956 271,61080582905083 76,80397315630954 5,423978613420422 0,6093116758983774 530,0830602375083 1,9894731049093783 364543,02179308434 1
1118,779438788892 29896,853433513752 3,0082491295561957 312,1730535883595 804,2410320891087 241,1113587849552 269,7027433375994 75,81402731850977 5,377202160690199 0,6082701703549995 531,2804764971801 2,029408346627762 360835,2119128831 1
1113,0044403601503 29946,049584785917 3,0159310716569983 361,7575449641876 821,3809042720899 247,68312928236932 266,6937570697154 74,62148344618853 5,383668919628794 0,611295316009488 530,6273535220481 2,0116264012617586 361787,94259396964 1
1117,6371205128241 30301,32492407148 3,0062916995424365 360,26144542946327 824,8001660610605 249,2398254841184 268,4634761716303 74,83198130453549 5,366143793310181 0,608465218466561 535,3416215490191 1,9964404501615727 363571,4700344958 1
1119,5067698622204 30422,455017541644 3,0134589533609466 316,23273288687113 807,9180056703414 234,81630344113373 264,0497436159116 76,84045409329158 5,436607879064984 0,6147261577096871 532,8793663233594 2,0018759914031987 362460,1595473523 1
1113,4106679010035 29995,33784619734 3,0297629170341627 316,62430719143254 812,3770877086545 236,6507626145811 261,6860122677563 76,62485858579214 5,369746633963487 0,6217133295936036 538,0458789346267 2,0007512536249266 362844,2582378002 1
1106,7029881587146 30009,14238749283 2,9872792604556464 329,70747420053135 803,1102841403882 234,37637537639733 263,20411395415726 77,0042113093739 5,382040815325116 0,6178665586704243 534,7760498929306 2,0005233297825997 366530,5804106136 1
1117,0459903387605 29829,291800071467 2,98912539811542 331,2169152362457 816,1576307897936 240,81378068088983 265,99666267538834 76,15604766790317 5,376015059229355 0,6203307762809792 538,4172500003698 2,0110711663897303 364914,2433230298 1
1112,9943636749258 29999,69298195148 2,9983897337458125 330,2370996217409 806,7192141514217 238,63937912361777 266,6651474932652 76,17051320404161 5,364151875247601 0,62128818946589 536,848539746485 1,9882379615417896 365180,20243103715 1
1108,1446783671724 30081,85934361748 3,013603291846147 323,62242451850716 799,6461065412573 241,42539749773286 268,6264232091625 77,86418100038748 5,455172526172618 0,6238520703189351 537,4387667012306 2,0169298764977177 364360,4182184718 1
1108,246853833862 29965,879535292075 3,018032217133568 324,24977741313734 804,5117841841993 241,79683288093943 268,07166115983426 77,60465078255442 5,360441300156516 0,6257191029869966 538,8587427838171 2,0048234842890613 360513,1135694794 1
1108,813258922394 30263,882852686227 3,015073510066231 356,7939218001048 821,1669638475681 234,88653942329503 271,47579498328446 74,34314398312456 5,391218197696095 0,6211936192302221 542,4049607168429 1,9995811304415787 367880,34825818083 1
1100,63284010831 30060,46307752383 2,9967589723349275 354,47858642731916 818,134277667385 236,25081015947947 268,22456378847033 74,92934523076013 5,340344383099252 0,6265937437387946 547,8240624866597 2,983439143390939 362053,26157634665 1
1111,7077612922842 30027,504181947897 2,997312502189854 328,1575620663923 809,4345805848585 238,22967267258616 270,20014816513253 76,86606897266552 5,35929607853269 0,6283461442676526 545,5574429347822 3,0113297707322078 360861,9568873016 1
1108,2334797701985 30145,878847222768 3,020062776088095 326,77926706224684 803,6741838780472 238,4363302134946 266,4269884202451 76,73166915083125 5,390451485343476 0,6357103031381118 547,1085909061832 3,0115617979922202 362845,96032791166 1
1111,493250109569 29834,40959533937 3,0119910717116394 333,4713429427095 807,9623497854209 239,86388675959455 269,97149546326096 76,45639708843936 5,4425583889873135 0,636770782601533 548,197494032004 2,9922827356898485 361166,67723813857 1
1112,1033407360844 29994,26489223707 3,0187580641326672 333,7927690420514 814,1746851806502 240,83479635086042 265,7490453869527 76,12929410134217 5,3956057458651125 0,6353990245326354 548,719664411391 2,990966860646194 363385,3462179004 1
1103,419308980574 30211,004344084766 2,9763192874805253 330,8823619502309 811,3334549641373 241,04930521470646 265,2171523291734 75,01819464839133 5,377541429130691 0,6388279087988987 552,0653225270524 2,9981380755741793 358050,75422889454 1
1115,750987961063 29903,816707268186 2,992758916788184 351,6467099328286 812,4326136790033 233,7967901263479 267,38788344349865 76,59520766429712 5,352624525075486 0,639362910530867 547,5071128639296 2,970268961049331 359143,22695642855 1
1114,9899765974071 30064,827846738495 3,0053448042371826 348,52316423089235 816,3298200180873 234,57480910368483 263,3924607627126 76,25519111824882 5,426446701260994 0,6400719226221718 554,5685653990782 3,000128201311261 361030,0449931969 1
1107,9360024465104 30247,30021823043 2,9946019923241947 319,5733345004262 807,7140375817529 236,27695105708932 266,6265008464284 76,68109333630402 5,394409873232333 0,6391828049548763 556,3595154550891 3,0125104848921183 357773,6567598685 1
1106,8326258583002 29828,121782605405 2,993772026339937 320,5553431409288 805,9441180848997 236,75607029659892 268,14485145900665 76,62269238666254 5,420241985129203 0,6355559558564632 555,5325647112506 3,0115452240127256 364500,47175528534 1
1113,7934502736332 30025,71053965775 3,002519132959099 331,8088302620388 806,1233592661087 239,3708090241518 269,4309242055581 76,48059945575324 5,358424139022461 0,6460574490489224 560,4299060847248 2,9773579931823075 360915,20237202285 1
1108,4013721280367 30069,381232577263 2,9796307474407087 332,9862402837818 810,5259877092997 240,10720132638284 266,2308719566898 76,0965170537176 5,341663788816666 0,643921174807325 556,3082569109849 3,012000310552019 361415,985758873 1
1114,2315555019863 30335,690814170193 2,9836823901423277 309,2188436033124 807,3110048782382 240,78786396121978 266,8975400688068 75,82618114074545 5,401125715417539 0,6399775765456532 552,4624080752119 3,0245046405356053 362647,5123156904 1
1103,919944045071 30222,938100127954 2,9872879680498023 311,77663785010003 801,2243411415001 231,2834185623817 265,87117670520263 78,57968075328715 5,377043999934733 0,6457330897239287 563,2847418002154 3,021173198007703 365014,8546322105 1
1122,8774861757752 29951,068577053855 2,9889255180337506 311,96167669611157 795,1468143123146 233,95109026332509 267,8408182938862 77,59324520781378 5,343216852142077 0,6425379552899585 559,0026071089146 2,9678717767008345 361200,9316767492 1
