Co2(scd40) raw_signla(sgp40) aiq(ens160) tvoc(ens160) eco2(ens160) rs1(ens160) rs3(ens160) rs4(ens160) rmox(zmod4410) tvoc(zmod4410) eco2(zmod4410) iaq(zmod4410) resistencia(bme688) Aire/muestra
1100,1930796038237 31047,67818003083 4,010262215584531 1841,6885269726997 1179,5785087266795 97,07873628485036 44,34557339115596 41,030844046501464 5,122530113898252 0,6502575973221052 412,2556383359988 2,0046632249404275 268875,9853251188 1
1082,8672394726523 31108,976828939536 4,017890174166252 1833,1454315113892 1185,3065984926586 97,46595154373476 44,57628616110056 40,90037752585366 5,090853765144805 0,639842769612903 414,0820852453679 2,011089244444835 264723,7361878468 1
1084,6834643559714 30806,37424403794 3,9845829551619905 1924,4686501379565 1198,3070059790339 95,87557987392906 43,74420485912111 40,28160255280597 5,07625532931018 0,6438681260859603 414,9922742302406 1,999201879526858 266517,0834414164 1
1087,1692769490908 31083,680086300883 4,019701451918965 1934,586118375272 1191,880950475732 96,66701413378846 43,257224788451516 40,68047020117626 5,04144847609982 0,6700165801133365 413,442791364558 2,0085089281321213 268216,02896617085 1
1086,5614637882634 30846,635512040342 4,010224795171182 1887,0070606805848 1213,721463525176 93,12108049347847 42,405190396247164 39,81576911334486 5,036497009044041 0,6721195068051794 412,6942615817708 2,018053543062063 265175,32932057796 1
1095,68439303241 31046,22130113194 3,9982835674611157 1917,4016774814897 1211,6434192485624 94,10125548268583 42,43377870433788 39,413805743975296 5,071799175328984 0,6937164307393916 418,27071369679106 2,001926807828874 265641,26980730146 1
1087,7984191946568 30962,89490993262 3,9971237413462926 2091,750869067283 1236,314655789536 92,30132016850821 42,97322688623704 38,753629583452444 5,066752883144507 0,6879825412834887 415,1859603541484 2,00973209343747 264329,4871412025 1
1087,539331356304 31120,174427952494 4,017112639640975 2092,176053301443 1239,6070664893718 93,26066523629952 43,1912839340474 39,148982814977614 5,0623527430299164 0,7039909933849591 419,40634185428706 2,0218058609044554 262800,1848103468 1
1086,5576201392364 30960,167261523526 3,981406525071998 1924,9244202933637 1231,2502032765203 92,01613953283808 43,048034746088376 38,42149360868529 5,07816913587298 0,7127926907389294 418,31615999934917 1,99700134176334 267054,6190705266 1
1080,7114353334846 30876,372206594002 4,0195848867308595 1912,8089549840583 1197,220629348758 95,25311789392909 43,970911484302626 40,36686616337565 5,0695201112727935 0,7227365159875233 415,05118330862985 1,997184813949531 266960,94832635456 1
1084,4503971846102 30802,37853377776 3,968810825935983 1898,1741178869474 1204,4804996006908 94,45192981226556 43,79572355112711 40,09853644583864 5,074924298124295 0,7255626661006027 414,64468344234587 1,9858127314045193 265597,39239598316 1
1080,7886937523542 30872,205494829876 3,994264521828421 1941,0148122618832 1218,1350774071932 93,0774269109989 43,14387386944415 40,36077082188668 5,071391461506274 0,7206541681767432 415,01862716291606 2,0110901696739103 266106,0073106988 1
1077,7212746546948 30865,933571794958 4,020141539861542 1925,7490058469593 1218,8703960367761 93,26077935237164 42,97458605257043 39,94795310855771 5,071445351755368 0,7450485766047235 419,7535023296036 2,0139438273733563 265849,6173808324 1
1084,2182650799427 31111,83495333795 4,020801192670873 1828,9487866032057 1178,9328149298728 93,92946674127626 43,35571249130597 41,92285001894158 5,081680668706866 0,7369097828182142 417,8983276005715 1,9936148510744591 268661,40053322434 1
1075,6190118075556 30910,652241014886 3,9907188837777228 1829,6551039372823 1166,9221802080672 94,03177204834533 43,75319791700844 41,880344029461654 5,06958879328027 0,7573708876862092 420,67509509493584 3,0162160405149594 266889,02422990155 1
1078,463127797599 30943,77947053718 3,9914469997003272 1843,3831247446396 1195,9893868474633 93,88273632888928 44,51516907273093 41,00382359762652 5,048477071279805 0,7489513702682348 417,4050102256682 2,9811962502119895 268853,94423767395 1
1090,3249142187835 30777,566292765918 4,00495102498133 1828,3671587597532 1183,6025136097335 92,9494184253307 44,50324528763507 41,04563484028089 5,053945676547511 0,7654920773548689 415,963795065767 2,9987421422899656 266828,7915661147 1
1073,8521598041546 30915,975033168503 4,003091689280926 1791,0447051080612 1171,2367921589475 93,5390442234076 44,20251881194795 40,7280211012189 5,056203054517613 0,7679172142213355 420,2705415212211 3,019928222416658 266636,9026110205 1
1073,2126092205292 30841,814848427694 3,9888611716440567 1771,1960557038192 1164,928290390743 93,50794743671963 44,37321628437769 41,37106212244116 5,048807948679704 0,7723837198262884 417,4342383262166 2,997507831881241 269344,8816116292 1
1078,7718336450926 31025,87688859386 3,974954393510217 1779,262445730592 1172,3120864787525 93,43445229646483 44,617045259565415 41,10906438776226 5,064078523015139 0,7753200748519755 413,5793097159255 3,0064835314440925 267374,8444933682 1
1073,693134296629 30829,295957204882 3,965705137217458 1692,723138747324 1158,6048810897312 93,92774336943162 45,5143821472612 42,75652136612478 5,036070599414467 0,7742401872846195 420,0212250843952 3,0208921764276417 268222,13859236025 1
1071,8567891044859 30754,077040440137 3,99871772867431 1690,3825612843361 1158,5796160312939 94,19969022167666 45,66853973449313 42,28756303404151 5,078167131498206 0,7849998530198468 416,5405468229536 2,9771075496896473 269478,0387569606 1
1072,461367943409 30907,728829715623 4,029620073614508 1748,1049509320908 1182,248498411793 93,12759651621668 44,27852267593165 41,02626671366742 5,108041497986966 0,7859513770357487 415,21817873445804 3,0041774526644707 267664,96465586923 1
1069,9890992164273 31089,207856664154 4,007036158937137 1715,3521493807225 1190,2923393962503 93,30002817821578 43,877579017217975 40,91282863499301 5,0936588103163905 0,7882729309394769 413,39203422250836 2,997944878573557 267178,54867549555 1
1063,575838594221 30801,178429301057 4,01225185693892 1684,2842339428944 1159,8795085727168 93,20388528965334 44,33866004421349 42,46457535501057 5,110354791160475 0,7942538154585144 417,82519574325636 3,0254603146127517 270325,4061284602 1
1074,1840186296042 31163,18163388624 3,9525393431298577 1677,2874493270692 1144,9421984092025 92,89983636102261 44,64173219656689 42,83838801857419 5,070349568722059 0,795086914635623 415,3336001319906 3,004765298067226 270814,8586082222 1
1054,0613806985077 31016,33579950758 3,9876550064045104 1814,2385938031898 1158,4206944685798 92,77378520642958 44,25827874859744 42,7209439994525 5,061907357517403 0,7934674847219076 414,55454173264997 3,007413752001586 266780,5633973819 1
1067,104474542004 31070,540671500712 4,009062091971613 1834,9264375814955 1168,9039698560905 92,24160534130797 45,86594445513275 41,159765323431856 5,035786266338994 0,8051226719240213 416,1673031858266 2,9987214215124682 268180,9351636475 1
1065,6960574633276 30921,869969021078 3,9912752046698086 1819,0648305714296 1177,903661443768 91,92078630081232 45,884535169903835 40,92086623266802 5,071256845895201 0,809061405796506 415,77085008384466 3,0147264768881863 269714,9399228937 1
1066,4197496230845 31034,95742906397 3,96173491087931 1669,0981075516816 1152,3199579512718 92,37213696946341 44,797539529662814 42,66374600885091 5,089002049704576 0,8072605123274617 415,01595058280566 2,9819421352233286 268631,96743488853 1
1065,567466794678 31003,78140552206 4,003468144530896 1671,1575977393206 1147,0584956799755 93,64983163509119 45,670955205610596 43,03382145727661 5,074356031895045 0,8131536708548642 412,4731703044732 3,0070631806632626 269059,0060065365 1
1067,4105830477342 30785,593665404816 4,002348035018078 1838,8160806920898 1182,7863510730306 92,21932102367913 44,31873341709401 41,571537823321414 5,09245908127638 0,8201359439576646 413,2935949812357 3,0258287074703336 267576,2978769951 1
1062,3270949658906 30839,82497665879 4,013717018989813 1843,7911770058495 1182,2375171839074 92,49804225745021 44,945685260419786 41,65098893495701 5,05033712493826 0,8210856416410428 416,8913148517049 3,0127362271874167 267908,0400538584 1
1053,2573989155233 31032,35995125205 4,020100346775057 2082,150387071458 1232,5331358254905 89,1873278937746 42,793067832666004 39,206528177382104 5,073035412188504 0,8175005208732747 418,9292064096638 3,012317443388493 266898,3508190256 1
1064,7242365417494 30785,293913990856 3,9680706159810715 2063,68570764507 1238,4464163481773 89,52738561177318 42,59399780539232 39,62143386905283 5,053311547751256 0,8345175881066288 415,2881834579367 2,9842447604375546 266937,0159069218 1
1050,8264865620324 31107,875055366738 4,0058496525572105 1907,1266314594666 1228,0744576620414 89,11937246258184 42,42878484358309 39,480728768679825 5,062891707543699 0,8334602183959381 415,1343544486308 3,0101037186108734 266360,20385596354 1
1060,9510808704435 30902,56517982517 3,9528880536536812 1903,547694664921 1204,561485309469 90,44597669895944 43,411256809230295 40,45859500960595 5,117332898192492 0,8399940906038769 417,08739531273125 3,016302096469559 267369,6794139529 1
1054,9665962886368 30884,07927470399 3,9819136868417755 1905,0215465933397 1199,1600128338278 90,34537276990449 43,36918190760996 40,31421042923558 5,032811723639746 0,8399619883685019 412,47768561754975 3,019874273298483 266566,4642756818 1
1062,467045824238 30896,832857369387 3,991976753080066 2056,088235889899 1224,306091294193 88,39463527832294 41,81679263697211 38,99685134370637 5,068376646050994 0,8339979541899043 413,13875879204113 2,9708530872213643 265332,44607699895 1
1056,151058741138 30875,09508372308 3,9950822402551887 2069,7895507578914 1230,7042034140834 88,409250224067 41,70496992246665 39,1884059324798 5,086374467344706 0,8365720046480055 416,23160260174666 3,00132223876635 264286,23645937315 1
1053,4992691760185 30831,37110918349 3,998298544705746 2142,3556968624534 1244,22738169249 89,69539073874864 41,92281255300819 39,01787220603563 5,060246812428076 0,8375084737087454 416,2647296895991 2,9932055024382485 261840,2315328141 1
1060,6914909373374 30902,175085815994 3,953455874063595 2144,0794190117795 1232,5751952199855 89,93884113169896 41,717263157858305 39,02544875637788 5,107013039667339 0,8481659803788351 412,58490703613757 3,0261059494385143 264930,7742724804 1
1052,708749974108 30976,874317800917 4,001027975978764 2098,678943035734 1249,4159007380924 87,86048418734006 42,3453731139175 38,858693809414966 5,080236243100716 0,8456965065734349 416,54952382564323 3,018837909809576 262942,84471160936 1
1060,133217167714 31153,81062489863 3,9855654803828267 2113,522291384147 1238,7033259631278 88,12192462777745 42,465581358287174 38,54731519757262 5,062289616537167 0,8421502538532416 419,1744096198879 2,981107947795633 261945,433436119 1
1071,7308238682476 31054,81415408685 4,016467230426117 2182,8830000684848 1238,576339097686 87,6103033151779 42,78267766960464 38,7778086924191 5,100219945809519 0,8493745610091461 415,9411813236426 3,010939942503476 265308,21296020754 1
1066,6461838666896 30741,567933917457 4,007930583858768 2194,1731470096934 1251,5843144702333 87,43553325959803 41,53826582262411 38,24047057792819 5,068901218886195 0,8612368253365553 422,21610520306587 3,0043255902072934 263851,6140861791 1
1046,5185332586962 30660,834627743254 4,01606360661274 2198,580530330987 1247,0933107613794 87,03606328958668 41,66084973725343 38,0395077054185 5,093030843888648 0,8526810542347345 421,15858400929983 3,017492073578972 262517,2342808951 1
1049,928962590182 30798,36819692588 3,982273927303184 2072,2147218926107 1229,955481802178 88,07517238786068 42,313974638445416 39,20645426429445 5,080749629648301 0,8610124250320556 422,19857241859035 2,982361621724491 262095,8385737396 1
1055,2256216712035 30972,181750500597 4,004148705063879 2061,238066468484 1234,015016997153 87,98980116174141 42,08690922630138 38,97485661277785 5,061476097423115 0,8573102587231142 424,0771250144951 3,007132109993755 262355,21123723005 1
1048,686253790497 30718,04806702484 5,035211674909159 2278,7532603322115 1233,3126391055873 86,15697334484739 41,1946792728218 38,908015988131694 5,07942222606012 0,8639805222258321 424,8052548934315 3,0356064914050815 262688,933203073 1
1053,3467644787825 31002,71330426231 5,008932168150616 2248,7391443312818 1234,3887861895096 85,3757226093035 41,723935208531095 39,359486337410104 5,09057770414815 0,8626238173659001 426,82227512559473 3,0168807676400293 258745,65385168043 1
1052,0311148481446 30989,292930571955 4,0170369541330295 2063,558365783638 1223,7816561154852 87,35601424682615 41,83821166718924 39,23248872742867 4,993133860202715 0,8614340181492713 428,0447316930817 2,983168352305582 261534,21909613864 1
1047,8885396648714 30692,32741777109 4,024259034396397 2061,2865625776635 1225,392131057213 86,91906386057121 41,73903854640046 39,07182176438129 5,044745278291541 0,8745174114152202 427,6332295255819 3,0174454327828046 258938,20566729017 1
1044,7018490424934 30922,600042756298 5,009804799776618 2260,494049301879 1234,6725130485256 88,30101693817987 41,62677244269342 39,57560002186432 5,018662095797897 0,8666114277772216 425,53112158651874 2,984231344491291 262661,300824741 1
1045,3020245667826 31061,38299082223 4,9788789954408195 2259,1646324374124 1272,8262785629154 85,10799793759101 40,893704831653196 37,865171188654784 5,045249054950014 0,87265326228271 432,324075939964 3,0186216803708965 262618,54375721567 1
1041,9056003226576 30849,434935656725 4,967422826422854 2273,7353236203894 1270,8703301053793 85,02465720347321 40,9189927954141 37,9795517880084 5,024750669394802 0,8614271677777733 433,1491663754952 3,0185046244838465 261981,87731170427 1
1055,0012284836248 31006,74499312842 5,0117974733887785 2206,4233294127052 1256,5625192422428 85,8688619389738 40,226320052387095 38,04525003846112 5,055730480098172 0,8720570265389354 435,59621600338176 2,977410403884858 261139,1836969093 1
1050,740808298064 31058,374934261996 5,008242188015341 2191,555172357722 1251,7742462825859 85,70523513819508 40,53264238865532 38,793102332439744 5,089226971809825 0,8747231859656492 432,17418544478073 2,9882437504658674 264050,2350523028 1
1047,0031238234242 30971,27878033461 4,968028268828791 2372,5687036458994 1296,3052703500912 85,03950724301816 39,461135084755625 37,22337068667315 5,064276427365129 0,8689063767865967 430,67212627033734 3,002451522783454 264442,85382672475 1
1041,1600565794267 30883,428383271035 4,972108354340252 2381,4039301422013 1285,5738551935208 84,72283952147242 39,80361552861446 37,10050744673094 5,079107338076212 0,877574158832356 442,6081851186018 2,9641291389473565 259971,63936781065 1
1044,1283567829341 30782,25903331794 5,054543959748078 2255,2709633715417 1274,9313368911396 85,71731148733363 39,943446528670144 37,8339538697743 5,083929193202645 0,8798055145296724 439,31663213815193 2,991235667845606 260869,39941468206 1
1049,6210237819091 30887,443654381703 4,96676121212812 2242,910053059065 1268,917897413572 85,86521771746432 40,29219976177044 37,80365217483383 5,054629466910033 0,8837396979317604 438,51343814416276 3,0085449736158214 262429,8738898212 1
1045,0865821297236 30966,495997137554 5,036936816759066 2328,30816303418 1272,7044647355385 85,75810512376344 39,77734795305978 37,6315800857716 5,100106958238564 0,8870727782211473 444,0548857373413 2,9842273871476386 263112,65726159903 1
1042,5956687314786 31044,028474672403 4,99223967148979 2322,9883440464255 1277,033234636838 84,95024080673316 40,46506703997223 37,03135909018037 5,043742902072742 0,8850194390518721 443,71067367558345 3,0099693926704116 262437,0531222713 1
1047,3755897419783 31078,934888075564 4,995605518108542 2336,0933678231227 1261,64351505546 84,34826965421324 40,47520314638652 36,85475316934439 5,063750740297275 0,889218129113861 447,80693544024376 2,9961271952067965 262033,01649622453 1
1051,0356842214462 31065,12571858191 3,972464135803754 2176,2882763822445 1250,1297405561568 85,61204238606963 41,15070624168195 38,55574249134515 5,105508346277111 0,8829760618587692 441,06988921702845 2,9850401125189028 261717,7696969229 1
1035,3056458634585 30971,891625683482 4,01047066306697 2158,9900097146196 1254,5613843426027 85,47858844394234 41,086208903810885 38,3203622026967 5,099757656579592 0,8917936381778127 448,2244357751714 3,0083794142206903 263861,89681590657 1
1030,5978803942103 31183,50131236757 4,033789060302506 2169,079192234364 1242,6900548822953 85,84424370517686 40,750043218207786 38,43727486982259 5,101416071027756 0,8829428391933437 444,72167117566437 3,0225482695270176 261000,77252246882 1
1033,084168594529 30993,541422515926 4,00301818400666 2139,4610233700955 1240,3125885875363 86,26632799221204 41,27414118069312 38,22666719098806 5,053628765879249 0,8860529662872528 446,89808834499723 3,0046636722658007 265330,88148566737 1
1036,7032144683294 31062,399878906268 4,003064957969697 2202,0750915799927 1250,9534013682785 84,20331087388612 41,028674971004826 38,41109887869294 5,104362741464879 0,8905702642664247 452,91943765592583 2,9997643172613175 261092,40874210323 1
1038,5500024547039 30925,74317900535 4,00581776985334 2190,6237978930085 1252,4043507072129 84,91908773691611 40,99052152922843 38,4600259260668 5,090303604807609 0,8884185986964598 452,6284704463817 3,0272828014151294 263023,56656103657 1
1037,3261914251195 31052,88662907504 5,007241763457477 2281,5012927371945 1249,8543893944566 84,84978414742483 40,903758774082064 38,24035270713152 5,0824012298884025 0,8880444493660267 454,1878207778816 3,0050928957822207 262218,7587804045 1
1024,9674019688057 30682,41935053779 5,014968743212266 2300,1657591536705 1281,2397764751395 82,89645893299853 40,17471066027846 37,80703261710779 5,095299859645061 0,8972829801637384 447,6064725922988 2,984134007736053 260864,10830762915 1
1032,998830694123 31051,296918779113 5,004730406962543 2295,893613564262 1269,781785309837 84,02404697028597 39,47561522874853 37,89200800171975 5,058286436498596 0,8924587327998242 454,58801119426806 3,0111183299810005 263319,95526530215 1
1019,1513021510704 30965,926234849394 5,0104682058799765 2271,170453999892 1261,4931315257734 83,4671084743966 39,951550026872084 37,592409572432246 5,0591577524558415 0,8946737770189108 452,9097112606588 2,980229648074954 262663,35555948294 1
1025,335006229894 31070,969277911456 4,987029065207349 2290,54304393569 1266,8294464622054 82,60476250347656 40,351762075283766 37,17866908657639 5,092484165560872 0,8917056390487206 460,5236215755383 2,996070410024308 260142,2426872179 1
1036,6090075874633 30999,767484900804 4,996355219327081 2247,778133826327 1267,876835417864 83,93881281248225 39,504633486418356 37,88794659126467 5,053600441230273 0,894792567560259 459,0237754118525 3,002257613785436 263089,10671123466 1
1029,1805099431033 30767,2181725908 4,982535252003151 2250,4699088029633 1268,3137984894918 84,3813225124253 39,51103360013173 37,58027148543531 5,042775310345883 0,9034959722121024 455,8320630980993 3,014944447788931 259425,0416205533 1
1032,5134199991192 31069,227808981872 5,0041612387142 2363,102279127627 1272,5365894615925 82,2646516100024 39,940254432971656 37,184637654335425 5,07266549727856 0,8968333056931352 453,446434179635 2,991855701665595 262253,57606784534 1
1030,7049403194828 31068,361507684673 4,992033470788334 2346,6499290266174 1272,9180755483314 82,42212543693476 40,07256884384062 37,23108177031625 5,083667993774449 0,90296526533416 458,5445308965386 3,0186443000823497 261702,09877691878 1
1024,0633696954344 30855,2344670301 4,991301922159735 2386,5469198995893 1280,1078681518418 82,54932863976467 40,000581234753234 37,012635794522595 5,062963469897723 0,899452813873632 460,0894160817494 2,993046778047154 256091,78833495703 1
1025,3309760984077 30848,30875517143 5,035882235846863 2398,7190164610256 1292,1968953097844 84,04442388296313 38,83123540103934 36,99036654975516 5,116342422799309 0,9080287846902518 459,3064094653498 2,983592575278214 259694,89251259484 1
1028,5726840743525 31077,98603236468 5,028131029596098 2410,6320744653776 1279,3771759970386 83,70330828367894 39,070808226731714 36,84487912393999 5,007367904168336 0,8989338899185146 459,65966046396693 3,0157960754095505 262383,034678052 1
1017,7917577036955 30815,439172913622 5,001863657119152 2257,006924961545 1273,6096438494371 82,73912385927241 39,85036931458114 37,51048438838124 5,052111552497838 0,8996080330004178 464,3740144227094 3,011481398132778 262816,6268943053 1
1034,9757572988474 30752,024884453534 5,01883798253389 2255,9270885319265 1278,1226782098363 82,67444970085926 39,89968159365099 37,590160678596654 5,0464234031912305 0,8994481633965313 466,0642968588011 2,999307166792854 259557,69107860458 1
1018,0768229860475 31006,851581035426 4,038648333618182 2127,2357897352476 1241,858742266297 82,62585336355954 40,18785236708017 38,73704510546308 5,0548225297882245 0,9039380579793079 467,5213538799329 3,0130584444767576 260595,75241908443 1
1027,329518914597 30677,841716838524 3,9591819601873217 2122,263039823883 1234,908023959451 83,17868323829566 40,00577555340973 38,744592444302484 5,110580720722219 0,9018399378534979 464,01517118020234 2,978937727481332 261513,34014649282 1
1025,2176263617598 30921,496896681303 4,02001079329798 2199,800256128989 1251,9261635926835 84,34507431808288 39,85504970676818 38,072010313207514 5,0650209950520875 0,9113248292717678 463,2837766045766 3,0067637851298974 261047,0745860992 1
1019,2584746419756 30817,102675938157 4,026493609095091 2179,4371794157596 1245,4932373432098 83,91572177420376 39,45143332283827 38,11024495407213 5,109072629141766 0,9018382325788841 464,52835076285794 3,012295389656437 262398,3450702662 1
1023,2377898179071 30915,137758594472 5,0176954179673245 2309,0211566771213 1251,7275506193052 83,76456819977618 39,5496367431717 38,08957740317259 5,094788286306933 0,8983577965504654 465,89795127249334 2,9869921478801102 260091,07488865627 1
1035,1896589797211 30958,94697300643 4,974120802504949 2295,739782682407 1270,2728975945347 84,48137933426784 40,38807010842145 37,60281417860302 5,066136926758784 0,9039886193235634 468,95090400958713 2,9723750462794953 260968,39846862954 1
1017,9667158003341 30779,11635527471 4,999080246739521 2296,1584960488003 1258,7791332507527 84,60929258053461 40,75882873646024 37,708049681763725 5,003639944653509 0,9056712800389312 469,0016999580854 3,011544947804162 262898,1460027802 1
1013,7933169765021 30653,67615966779 5,00797204350871 2349,230945700401 1282,5678682397497 84,0178021324674 39,98492528515274 37,53570511008777 5,07443950751642 0,9020572740824483 468,82622677027445 3,023698507771063 262046,08075120772 1
1015,8240281382409 31024,3761196845 4,976488077860987 2355,935197113672 1281,2907990089293 82,90960524806576 39,88889054798955 37,2696765057226 5,102635820705671 0,9111440761995132 466,7757510767784 2,998257865737362 262091,18100191528 1
1025,2068545636807 30700,439221488108 5,010188412346159 2279,748679747674 1283,2427397686306 82,47335878687365 38,76256818612059 37,519716395125954 5,1127290826446385 0,9063535490773504 468,08599524804384 3,032728881162707 261275,01777954627 1
1019,9443208062661 30939,94815475954 4,971807857152564 2266,2832816093264 1270,1608638578018 83,16508040900831 39,13499022950542 37,708746835999705 5,082580945257489 0,9055501591982955 475,3220819265076 2,9930203160560427 260794,4845257818 1
1009,1236949888311 30603,219596040173 4,972968961915122 2438,629125243114 1301,5163242900235 80,3558157714355 39,822610381343665 36,42184640946081 5,06405275875961 0,9039744797745526 471,28902726418187 3,00872597697082 258955,06270095016 1
1003,9535427234573 30834,043053069676 4,970676530060546 2457,551379745814 1298,972150002846 81,0184890661827 39,48100450554478 36,46170072740804 5,077603367129531 0,9022941797658567 474,32240570020986 3,0115278205515317 259769,49722754615 1
1007,5563610295803 30967,388376215593 4,987748369241476 2407,7065312617547 1292,8084815989946 80,73366545082375 39,6846527972605 36,47035164223186 5,073833648795503 0,9122309484397139 474,074476004257 2,997208241821487 259034,74297053766 1
1011,5338347025089 30867,187241856114 4,965550886009927 2413,5371810201696 1294,8620613007054 82,34936373023442 39,61249786128293 36,89488257731916 5,09231678845695 0,913743883046356 474,5095905587894 3,0083460735307983 259713,79747058917 1
