Co2(scd40) raw_signla(sgp40) aiq(ens160) tvoc(ens160) eco2(ens160) rs1(ens160) rs3(ens160) rs4(ens160) rmox(zmod4410) tvoc(zmod4410) eco2(zmod4410) iaq(zmod4410) resistencia(bme688) Aire/muestra
1213,6742527621225 32533,08139623878 1,969129924345803 215,5844789773872 691,5047402919279 455,2548832875595 453,92044373878224 86,52086814135838 5,341065229247767 0,016422760759833926 399,10099834770097 1,0025214999875611 427582,60692370194 1
1202,7072870062786 32474,083298876343 2,008864763363868 215,00141995659342 685,7955606243866 454,9991530922338 454,67252299747554 86,30690811038997 5,331759742145978 0,016331188759451512 397,9837773457375 1,00343411840167 434729,4516233906 1
1210,6476718286021 32770,78568502665 2,995473129983193 192,53509558434345 681,1460548702968 451,50359543998485 448,5797462594525 86,92099359285761 5,337016232040128 0,016380059572686914 398,97854415608646 0,997873158317672 431961,2799358268 1
1213,37053897434 32634,31994275207 3,0222510660327013 192,80295118336386 687,3762338508695 455,44099657354263 450,9170633000682 86,50742039062555 5,344267338038851 0,01623647803231165 399,9299830027829 0,997569817646869 435499,9586058961 1
1220,0317493075017 32498,165924391564 3,027078641406541 221,2548811774245 719,9648031141877 457,25305895254627 445,6700134581344 83,97258278208572 5,361246010614399 0,01644653454506422 399,1176565577353 0,9985568288416653 433297,8636330227 1
1218,499202443845 32625,206685045505 3,0041656848157565 222,80915358479493 712,4662089012378 457,53927265763554 446,4648887976839 83,88313563714327 5,383448751078893 0,01682600218132285 401,35419231872805 0,9986000857263642 428942,8093438988 1
1207,9834883247638 32481,861268684774 2,006604703974806 215,45989437851267 706,9754810478704 456,90956871739337 444,5945245356203 84,66213801824966 5,362586806337333 0,016729106369215277 398,7339489981469 0,9987610479779422 427875,1871887809 1
1221,177359877695 32668,97789874933 1,9972314858274742 213,36857037646595 709,7241779603409 456,50961496426544 447,80710691458575 84,45847358553391 5,314054503472792 0,017045223622174394 398,86050074493363 0,9983970993101364 428417,22777495056 1
1215,1689036497942 32689,374812384423 3,0057212663192265 232,10694285951746 712,0786092944797 455,6971600005593 445,4750870566364 84,56486349887524 5,3244728673688195 0,016963522063191565 399,7703059107829 1,0019653399302537 426034,04772944434 1
1217,9968477652867 32503,95438913301 3,0173286192193807 231,23744654219996 724,7507698600867 460,25211959408495 444,3562916982079 83,70733823937643 5,3275691512632655 0,017095515090213995 400,7601377274554 0,9945213471619918 429550,7311974102 1
1222,3034136122985 32783,40557950074 3,0029224473025646 232,40012183152382 731,2812582047624 458,3510895379162 445,2834522470548 83,0499279268812 5,346235551910175 0,01703635084395913 401,29423980891363 0,9999878649679427 427243,9863427968 1
1207,0244601565323 32687,759952449014 1,9896739845828337 202,7727146835196 696,7009268570356 449,20683251448037 435,5288731027488 85,47358253026977 5,367049798849947 0,017032248387787066 400,1525751919181 1,0064577127620622 425508,56249299156 1
1216,6205231005333 32899,25416550956 1,9892297865217938 203,4768247216302 692,7166208345824 444,724333647094 439,5906184682589 85,83258503374563 5,358321142551864 0,017631656480348725 401,05836317268864 0,9954225049029481 427687,9278902227 1
1223,1073387013562 32339,600829941548 2,001362713332492 214,91605055001662 709,0794101534877 447,27806057901245 436,65757061049527 84,56471842491099 5,409943551872741 0,01772087487102706 399,92556869032205 0,9960344635381316 429672,92391785054 1
1213,349157414909 32513,280270958116 1,9947776818793652 211,66182481708847 706,4505433906721 445,5744937617714 438,1340116522778 84,84524374090029 5,362556794552816 0,01853220418080562 402,3671663202406 0,994891933749457 426960,6358046182 1
1221,7745125670729 32932,411502596 1,9814268027119222 217,25078533158884 720,667621091748 454,2027780344993 433,340890473324 83,73736137310458 5,36588746705405 0,018466600275466906 402,4918436556948 1,0027206348463877 431027,05860068224 1
1216,876873872483 32629,06192153355 1,998574522110168 218,26306061178 719,3789441743984 451,001419243249 437,6062634825508 83,32370071432413 5,341578760626644 0,018973918230410884 399,5639582046626 0,9997527073290566 428325,90110145276 1
1220,0282227695047 32768,14582842417 2,9829443327083895 224,8391494428292 711,8738745083525 451,4980869734298 433,0880757613687 83,52809117961361 5,352657446465423 0,01900137305618679 395,9671021746608 1,0042241014022297 425974,0283147899 1
1216,9542278363615 32517,73625719838 3,0023655503023816 225,48859913350645 697,8807399084734 446,73464263264657 435,6193508371972 85,84512018131548 5,352155351699263 0,019974448920115257 398,9001082452178 0,9931795731944169 430753,44963955827 1
1215,8814115804253 32984,87222180524 3,0352441595743356 222,13915962953354 703,1657588128315 446,47448754263337 439,91494592822517 86,19363024118068 5,369693827496852 0,019799570381837904 399,6155097008555 1,001543561585345 431252,5746136185 1
1225,9811363787403 32426,150018112276 2,0059418271806058 179,49287430316295 670,6113804904427 448,2858828471408 436,548621771357 88,34689642520445 5,345029725740775 0,019712428625667387 397,2876557259374 1,0063495954600925 430557,5110075728 1
1215,899131192381 32881,06139051783 2,0079358132392593 179,95870629527602 666,4873716467538 453,2385621790852 435,1841320928835 87,46770959346372 5,3508419012440935 0,020778105388257837 403,0100936895977 0,9965112020745601 429073,84278221306 1
1210,4097925000567 32873,2503287671 1,9947606233064545 182,45853183504778 673,1287349359857 447,84530659871547 434,61432954797834 87,0988994843968 5,374140108991164 0,020369823892450806 402,664913615701 1,0027053390219918 428031,49424540455 1
1217,8073766129962 32771,40514762738 1,9923181715056224 181,98497217639414 665,7467875678949 454,780948926261 433,84780094521636 88,13702432768858 5,338342480867311 0,021341773767002713 397,1796575263721 0,9986239157832514 424937,6020761481 1
1216,8947769488643 32568,993439408976 2,0048905514947606 200,0653327569253 696,9187736757661 449,1434101367461 435,41830377306894 86,85960696510195 5,364208344123008 0,02124559904442668 405,1339946768863 0,9989407810115264 423690,8553369868 1
1213,8787772722671 32592,853160659826 2,001880776495643 199,25418226065275 695,3332471866013 448,17842199605917 431,16135179957485 86,39686013086107 5,363991149695521 0,02165596939431249 400,3672781326694 0,9930157581135338 424531,13773247355 1
1220,378832076974 32570,974331484962 2,9850804118785144 220,86707735846144 696,8344803456799 446,06742757511483 429,60775452616537 86,10904912749481 5,413342728965065 0,02156668937544677 400,1316957630793 1,0032833713522775 431415,8502867426 1
1223,8046977795118 32724,096071782446 2,9873555592142127 219,98948218794786 709,5431280074764 449,46496519392514 437,5503958568391 84,69965264129553 5,362880489812592 0,02263742561361626 400,6884392793924 1,000094322182273 429315,81575261574 1
1218,1822490444622 32719,77708432656 3,014805346295753 219,62387391017865 715,5073846265162 444,97966201151934 434,20391067132545 84,04277876419187 5,371584313515319 0,02252765606340033 399,16795386171464 0,9952538814126277 427118,0369300958 1
1222,7885080247165 32718,29017689845 3,0120705479081495 227,40539973316206 730,2751151686421 446,8372072729698 429,7678335217405 83,33251636589826 5,350014185864258 0,022443929747753468 400,9088197191174 1,0017238063514402 426104,2157942137 1
1211,72417877428 32510,439349579017 3,007931241410848 228,7686885721791 727,0756994114665 449,7791191640205 429,4829120155861 83,19304604038393 5,415424410477623 0,023007698179606247 398,91100312780105 1,0010624050983141 428058,41181990784 1
1218,9436074113344 32734,162299189615 1,9973006376746736 216,2501861036324 711,3746258286933 446,04223718649746 437,0946871448563 85,36562247958098 5,3174642039384405 0,022942278728655 402,13969550830785 1,0031387682521622 428185,7840036754 1
1223,5307930167994 32708,971675315293 1,9971504585706905 215,38143920729402 716,4230120405663 445,41459308931644 431,24834874351757 85,06437486833514 5,363654785813184 0,023889419258162195 399,852340594294 1,003469799638479 430773,25472244096 1
1213,429415492017 32430,95352678365 2,010712356222674 215,185154692384 715,940296436246 438,9282010449149 425,31733827229357 84,68716295625951 5,368945930156341 0,023635787538736654 399,5063569155287 1,0036450877688325 428927,8393031124 1
1209,7547629188139 32456,735797953334 2,0121733183589883 217,16297252868424 711,667101111889 438,8837851933787 426,27817375200647 85,15056415604197 5,3224679987493895 0,024379674052683327 403,03363191347347 1,0109879576098675 427525,5408747321 1
1216,3968591213281 32614,510225960526 2,0083983451753307 200,9863385103043 717,796150501858 433,73116654375855 422,93358350342794 84,75828322882892 5,347921460588636 0,024268442318238503 403,57846886478677 1,0080656269954693 427748,90256360365 1
1225,7880702987375 32458,20709168465 2,0072999876787287 201,13751728139033 725,5855177658199 435,05838610203995 427,11938970870096 83,46714757915133 5,3958057808474535 0,025327057665247437 400,0927099303528 0,9888133126859642 424448,5728104924 1
1220,1659813111946 32632,315636535262 1,9977937043805325 201,24216133104775 731,0443528337798 435,6491015819535 421,9947961382669 83,20576721933335 5,3377041736439335 0,025247391465093798 404,71375174228734 0,9939470065903979 427596,0331249286 1
1237,205958786246 32498,344733313486 3,0242128560972934 220,1287132712427 718,6521795378587 449,4618482697338 429,3056041408044 83,82316307549947 5,360137826822053 0,02501115524453818 401,69398379446 1,0040885904936538 427094,01895041164 1
1226,86333292938 32544,191270889853 2,9982642574507374 218,4985368504639 719,277398480833 449,47525907419396 432,9777425949905 84,54587567393344 5,3518975503624215 0,025629164888368524 398,03682333865225 1,0008433953424842 426468,5679756929 1
1217,052079827398 32581,62252182398 2,9969733433122943 218,38046866055646 721,2645802565153 443,53949798751887 422,8924056738942 83,76866622346739 5,35783297900268 0,025347119003741862 399,4195300873153 0,9982623296760301 427987,9488742196 1
1223,0241217392531 32545,120422452448 2,9797060668005937 220,04270904668627 720,1751571134245 446,10725149034437 420,6724090248158 84,49224786863473 5,345575344290807 0,026319245892552346 400,657176082593 1,0064665920763256 422338,77206237114 1
1226,8715993002863 32747,725299242928 2,0025035942848386 204,2054493907739 702,5581558549641 450,8485694461158 427,71805454384446 85,72002735033146 5,371286029805432 0,02628888352838379 400,5539661285635 0,996026832515188 428232,35518496996 1
1233,2549848915173 32552,084638086744 1,9940218652342454 207,48047447301212 699,5477504911415 452,5325129080984 426,60450265797857 85,52044652363949 5,369096649351944 0,02681874514401701 400,7178017983014 1,0032133615769323 427521,866232244 1
1216,4835231401185 32452,53180898188 1,9913621711289462 201,899139234371 694,6045226867262 449,7803052103272 421,183350036584 85,48589949649362 5,377638438641306 0,02649909777816258 403,6898992785103 0,9989663459527987 420473,77153504075 1
1234,2880438157847 32690,62171674275 2,004854333933894 202,19907392838635 699,017586926992 443,7024507400441 424,26345903017545 85,78486628422418 5,369624281185157 0,026780538978417957 399,63912644472197 0,9994995575096003 423703,08289100556 1
1222,154123295174 32687,38251140196 1,9987963765407266 200,84040147835373 696,2983673951578 440,56343303073123 421,3583096829022 85,2007482700941 5,360213349890478 0,02666817280106678 402,90325317493 1,0013668502905744 426499,2070995057 1
1222,102077034706 32548,666531070303 2,0202338991267506 199,46958478703206 693,1314306160409 438,31522487641223 421,0605494975268 86,12779296555303 5,31311325759478 0,026645517260840853 401,89879098854794 1,0014706227854289 427029,03189486393 1
1220,0925555826984 32434,95275707793 2,0037351920171034 199,59371198250443 692,8339848075134 437,69115483724573 426,7183215789927 86,15104151506308 5,374943042927719 0,02733198478316327 403,49629748213994 0,9975193945543672 426575,01515891706 1
1225,7070264336119 32614,46728518511 2,0099333495580676 218,20581590135671 720,1235696347544 438,6240418109078 418,1448591738278 84,84346756194668 5,352147214390385 0,027213700198206146 401,7214542298289 1,002862466128986 425362,27288456884 1
1231,1420265517413 32625,1821546515 2,0086156805554567 217,50610125242667 712,8441461284997 439,0699415547131 418,62923421363234 84,87761071968573 5,368155228611162 0,02794416184548052 401,0157500938842 1,0033343467869753 425597,2291280059 1
1222,0505037216076 32409,91505026247 2,002595857282591 195,24710000192795 718,8671692575474 442,27969462097724 419,78694563035697 84,18685416846397 5,335638161688781 0,02796298947065774 402,3987902531475 1,008701853366622 423270,14080622897 1
1234,5177762874084 32500,296094281985 2,002910155520651 196,64791350784375 719,5849859869095 444,65436749040003 419,65861962388215 84,27610640910811 5,359497408622607 0,02846903663364465 401,7139307673696 0,9979839517741457 423817,28036672104 1
1231,274613388739 32545,646322016597 2,004258599421025 215,8827367695759 721,9643372275093 441,33219283375314 418,00191253769236 83,68179708169777 5,3934053643493005 0,028302829755245503 402,8004027736409 0,9974376900399154 421947,0422309603 1
1225,9520686253948 32501,302932839455 1,9923333828935923 214,07592799949987 709,3536346464494 448,11636769111504 427,1282095177966 84,79503655924599 5,325034363290032 0,02868170806102664 404,91917478823564 1,0028790607175078 423066,3924968482 1
1228,0190361599466 32486,38560940241 2,010954802996401 216,97871786152976 711,9428371480748 441,77646571378966 425,38574151570367 84,33833207970487 5,316891869505566 0,02891273285386637 396,6863652319886 0,9899882108953315 424125,9021561449 1
1214,9774547364273 32641,85596394922 1,985755819299425 194,1527179259242 688,5651655261146 434,17548796344494 416,135530429137 87,254612421154 5,349413395645024 0,02875654878960987 407,92088520338365 1,0001558403614628 426631,94544482883 1
1216,1477770620343 32318,037005308233 2,000659301992102 193,84009017205815 683,8294029227984 434,6911745771009 418,49097798449003 88,02566923947455 5,333706448084029 0,029646298678112415 396,2277476709949 1,0045933328031036 430129,70726817026 1
1211,5738959331163 32677,384794326685 1,9869406315564262 188,416843769818 672,1147856004126 434,3131651989024 422,6891518482158 87,01503693034365 5,368618199705359 0,029466528195877542 400,53979578146755 0,9912899141054557 425326,6689676954 1
1217,4891710264546 32691,620228083695 2,0149468497740313 188,08033180562862 681,0833688925471 435,7042678105296 418,5818707138393 86,96093238073617 5,36026361939854 0,029794724274517216 402,9192076393697 1,0039640705699848 425631,87734743144 1
1221,9062761031435 32538,429504696247 2,0030062832415036 202,3970275120307 682,9041596414161 439,3219106231814 421,071782714586 86,60447506938331 5,335908966659919 0,029661739607100824 401,84913461396684 0,9987279548018404 425709,14981767436 1
1227,6977564733515 32790,3921398768 1,99767374074442 204,1910416114994 685,3132123163812 434,68262748353237 423,698712391245 87,47226603918081 5,3445985340371545 0,029995030782132347 399,4356879252148 0,9924281295010098 426619,3393250103 1
1213,7285802570177 32616,267464564295 3,00576679302244 207,38550969785837 683,4776384264609 436,44082357502293 424,3018414527689 86,99180472949611 5,407921834392203 0,02998724124908568 401,26901736489884 1,007639964713538 419566,6943176401 1
1213,278794751683 32484,788338165028 2,996067314190004 206,3292207813394 698,8800825759407 434,8460479907824 420,23805948790465 85,89577528448443 5,40303185314158 0,030119051845828432 398,1184046372663 1,0085376228914342 425074,63951316837 1
1232,456692390473 32600,04884339889 2,996623626559665 205,6446848036677 696,3295715760895 433,0359184032353 421,03853359762616 86,20891747907186 5,373237880011897 0,029769142170516658 401,8541455343287 0,9996862867773125 425241,6264449722 1
1231,7681233866958 32448,14709358836 2,9944727511167226 228,4230829147326 732,5029163179889 436,30461205911655 420,0756864153838 82,89670737018889 5,387685058754155 0,02982607325574892 402,1106919515546 0,9974697242835435 425996,1157289886 1
1234,1778340401636 32249,526689247483 3,0086904709664504 227,6745551965863 726,5028553281163 431,7913627433081 418,26937407000014 83,31536671335815 5,366949865518031 0,030364058330080185 402,62471203425673 0,9942952823380252 423437,0271216662 1
1235,6835313295524 32385,148577993208 2,0108183520981084 215,8491757352577 716,8806075931612 442,5934302462043 416,1532114458522 84,32188994345674 5,334096233781165 0,030034667053749325 401,88949276470714 1,0100533048222964 425319,0812832374 1
1214,0875340434259 32827,12532196948 2,008650917335338 216,08270847914252 708,4645302540653 445,6459801411722 417,6257253759235 84,15410422330368 5,371050882170403 0,03144731944157702 405,77328486716385 1,0031092742659462 423972,8668865184 1
1221,280075581548 32583,38776652414 1,999015837195786 207,12020968834324 711,1538332735174 443,51905149519257 418,45933903793826 84,77924880542427 5,33465000369106 0,03104665697865863 401,7301583080567 0,9929622386529519 424669,1655838839 1
1231,8111884683292 32651,156750986444 2,0123271237890723 206,91730710938404 708,4954738302592 443,59275818859584 422,2172372033723 84,51915533764807 5,317643225496551 0,031584630131306 400,4661398872488 1,0059506161302925 423792,30921461043 1
1224,7384267740547 32817,653059681106 3,01347856277093 214,04926622395033 711,4246722948579 442,42427043707187 421,4499097423748 84,94884258295379 5,312455321438533 0,0315828224529282 405,7935250698696 1,0069339817743868 425534,5278379817 1
1224,09348972 32876,849035079846 3,0125841213462174 215,06677096981815 713,4154514439902 434,6954820623496 403,30329992412425 84,21893765180664 5,335150501439049 0,03232250523125851 401,2869476508788 1,0042364625210838 425604,6136621543 1
1227,189686703587 32411,08438414794 2,981661550788728 214,67536609336435 712,3835577469982 433,68988476430343 406,08335440830285 84,5422417212574 5,317674927231994 0,03227447430564007 402,69516095638136 0,9949071846474128 423010,20113696676 1
1235,4630620247033 32488,24549249251 3,011635178975957 230,81794857779397 727,9077563972693 433,29086505566005 411,5972745215069 83,22057305749273 5,339075678143888 0,03232746342446579 405,20961642102105 1,00007571933988 422929,49372728675 1
1230,7899194024685 32691,835215433865 2,9859554857060315 229,9819698319235 724,5005258273706 430,1131473663982 413,41436705041656 84,0839402430668 5,334113536160221 0,03299783067363391 401,7523996052863 1,000596794801338 426322,74711709196 1
1233,3135030209658 32755,35687882217 2,014441295593225 207,91587563362742 706,4575959249305 426,71190542802805 417,4461191567279 85,50593958945684 5,3606365316431335 0,03325064974086518 401,4092433955256 0,9989654817841733 427832,79908484046 1
1227,5814816755374 32527,10478183224 1,9931503527185446 205,27748839760636 706,9229539078799 422,83660129688565 417,7000100126738 85,91677818498896 5,349817406038671 0,0342390671538731 404,92318522506764 0,9956146212312574 422697,20202162606 1
1223,3230307051515 32634,923859031667 2,005815238777909 207,4066607042745 711,0600132993452 426,0080723819625 419,2457029549012 84,82260747600048 5,3748712202555975 0,03413262325991221 401,76201500768497 0,9957726717783962 422757,99923850776 1
1220,787208149737 32662,85110184585 1,9963531745873198 206,47506516400557 709,4398498210768 433,1413064879261 416,6373513534924 84,92599874815265 5,34337291776225 0,03494741753307357 400,4903735775808 0,9936207392716743 426177,98625356634 1
1234,9854549179572 32461,96115961106 3,0222840592326294 238,12763606973834 713,4263322702083 429,40184448874487 422,5917481087585 85,47474632077825 5,371068067507238 0,03481682673288532 406,8144432251987 1,0046800582341706 420880,5931118942 1
1224,222040890254 32457,514525362465 2,9769520161921044 238,51094632847045 738,0339335431366 430,594730233467 415,00330481457047 81,87515922401768 5,385400299991729 0,03481174106749132 401,1295788200605 1,00575578081178 421399,9726992804 1
1227,3218395893962 32332,189875370925 2,9971075555274282 238,92004418466442 740,9149148107977 430,6657497356933 411,2849035819121 82,08541399945253 5,4137424731440875 0,03488340102529897 402,25328177135896 0,9928979047947651 422977,79150018265 1
1229,4812903376442 32284,963822398844 1,997337271538703 197,98954466860744 687,6523727040777 440,9955083667769 417,14691884870354 86,59972613899107 5,37610396754232 0,03520173896549153 403,14374650687466 1,0030909999302595 424414,21096269286 1
1226,776780482264 32784,351909157966 1,999388069022056 197,92838408839265 691,036316183402 440,65263562956255 418,66304703324704 86,49426117125613 5,357323748377233 0,03580978330274834 404,20561909430944 1,0065713915959953 423459,3093705879 1
1223,1008273994976 32718,112973559353 2,9939310602623186 225,71897501234142 731,7373282379657 433,04201014418106 418,8211451542655 83,41600000508113 5,3885799175677676 0,035623514926213976 403,1262995725358 0,9930952030318387 423850,7496898436 1
1224,285032794966 32749,87087429658 3,0021163149924623 228,19908589164962 731,4104358890854 436,2680845241867 415,3309333719305 83,44673183135595 5,344015838481569 0,0356384594942677 406,21791169316083 0,9952277564813383 422113,135607885 1
1225,010831692171 32667,914496448022 1,996521843991075 217,51975503518426 732,1546770208486 434,7835861200753 424,10676001978027 83,1752684012837 5,416601676277976 0,03575735769831497 402,58962078909695 0,998333659254402 427367,74772500485 1
1230,2088132638207 32812,5761555329 1,9913598741128569 220,92177835930724 720,5107323136964 431,07264226828386 414,5658062978013 84,07950303859052 5,385967145459822 0,0354211748849837 404,73545944345824 0,9970976085173827 422799,4619892802 1
1220,6054991276392 32675,417515241832 2,974224163180848 189,11569990315232 729,250710596153 432,76749648759477 419,38808876788744 83,46888909494595 5,427326139725021 0,03554767360369516 404,27323645340977 1,0020051150095095 416708,2036389523 1
1231,5310127104897 32317,73086560251 3,000068303743573 190,50060703268534 681,4783344746397 432,5777392457312 411,7810899774573 86,29038521178369 5,365395294716173 0,03601975228098149 403,12434588074865 1,0042366730385826 422376,8822925602 1
1232,7414695322511 32938,45019785559 2,992819753549142 189,21317589960822 677,5414432070714 433,57613139012864 409,7077839678313 87,36106586362128 5,353808456605877 0,036394788394205055 405,2323955515015 1,000503419361869 425048,2410974077 1
1227,8889716797653 32395,168876737458 1,9943677690194495 207,99391051530478 705,9127181987707 427,6245392999432 422,08245928137086 85,10677012363955 5,364412958917048 0,03648029084762158 404,87127798860763 0,9977473162218667 424220,4184843979 1
1218,4193361313378 32641,874543880615 2,000530481708446 208,96754476584906 699,5443870262095 427,2308209404795 421,4381757265652 85,99203519455912 5,383761650671547 0,03679761362075301 406,6833141389627 1,0005370923777335 419363,2719393603 1
1216,201740611371 32488,420256778714 2,9951673692730307 232,12062959594866 733,8500688092005 425,020347890555 417,0181835226758 83,19503708954849 5,386662836073775 0,03672913320546541 408,9402647804257 1,000628842741237 421308,01955088804 1
1227,9514837167228 32286,45396899103 3,014149750237562 233,79188207810827 728,2646484527538 423,035304072903 416,1184249189243 83,71161661420642 5,356518766851042 0,03715979414599213 404,0390528514961 0,9941005030670398 420462,85023751383 1
1245,647398771744 32543,497883504668 2,0201299377594766 208,55254263557305 725,4100042088983 432,914422859562 401,58388374131084 85,05453986203841 5,2974025353940055 0,037034888460664335 400,35612486249414 0,9979437634129947 423026,61821781 1
1243,8619932013287 32631,45661517936 2,003588413268606 206,97485517665166 721,0617051109108 430,3702415581407 402,7974123237009 83,80299178862936 5,400121830845938 0,03677025627173912 404,0922002413618 0,9987545497941884 412324,5544163813 1
1225,206907448608 32510,972092293887 1,9947446599649385 217,87692566712414 713,4480787271123 432,8638668768063 403,7517053100381 84,75592775903634 5,371776905702347 0,036827379826738206 407,299658946182 1,0022578594428406 425406,519691547 1
1230,44867048939 32419,124266406205 1,977612450721808 215,24726737901116 718,6040888204648 433,35978942315967 414,6845670998757 84,45697428677414 5,3872322718425325 0,03724055563064201 404,5561862975057 1,0013425650635477 419047,5958061403 1
