Co2(scd40) raw_signla(sgp40) aiq(ens160) tvoc(ens160) eco2(ens160) rs1(ens160) rs3(ens160) rs4(ens160) rmox(zmod4410) tvoc(zmod4410) eco2(zmod4410) iaq(zmod4410) resistencia(bme688) Aire/muestra
841,5505922470112 33091,387788228516 1,0027675882143778 42,11793124049175 437,72086465696765 683,0688436072837 762,2072779335064 110,43170748923444 5,499060539612089 0,015882267639211446 398,4278828415061 1,002593659553033 607900,3693947465 1
840,6977249392634 33251,71996195056 0,998461656962255 42,152240889385695 436,41173853138645 687,3300620455499 755,1405580741414 111,13962525533177 5,464278138522532 0,015872287787504557 395,8201498804432 0,9943508899110067 606677,6083631294 1
842,5483228745081 33044,59831820583 1,0031315600799553 38,97386845908638 444,32153532267705 678,370217001467 762,7553941766006 110,81196924301877 5,457849826391151 0,01594325935547254 397,98730792800325 1,0139408427750414 603749,6273971378 1
845,7109922197772 33141,46295585901 1,0025719830098436 39,190342935907445 432,6016425631812 677,0959439378347 760,0894647109722 112,36891177846897 5,4944219029935075 0,015878276868311385 397,7452427375951 0,995903299637542 611762,9025611025 1
837,8659486267711 33124,20117253837 1,0015492898045433 38,896336525552115 429,61772175456315 679,6176115940472 748,0849040821962 112,06348547022556 5,474723679006901 0,01574900684323238 398,0629995592558 0,9952114909960951 608543,960681721 1
840,1001499064262 33234,94427640899 1,0015799719662124 35,1768232366358 426,97693168067104 673,8212529738706 734,3671344093589 112,2573943036729 5,470380798778286 0,01600627571675925 401,05551139448846 1,0074091833111685 610496,8770697069 1
847,2174576412937 33275,08836450914 1,0040321012242532 35,11313079966704 427,66596609944423 680,7610138191932 737,4614578222295 113,0895384526612 5,491719992858097 0,015987372882671113 400,29930007952197 0,9981296215729979 604424,811094836 1
845,0422493315847 33356,86072110334 1,0037357149907615 45,084766941075785 446,2055827898614 685,3816553209489 741,6473803635474 110,33984109721868 5,3912791298611165 0,01603661316358018 399,59649952912406 1,001157463981686 606914,1346409532 1
845,4454855566574 33538,606179684095 1,0005729387451823 44,912110099345476 447,99455444571873 681,0265574933497 748,3228790599792 109,59940514768209 5,478126092444469 0,01586562731242317 400,29766963299966 0,9930125473503012 602550,7742663717 1
840,7693182133737 33391,53502107245 1,002697016694324 50,92209084396585 459,4850660412114 691,6633881867166 723,2445768120325 109,2473971921828 5,470496733601541 0,01592663122231955 400,62720854349527 1,0044145370763184 604594,2115472719 1
845,1849190290344 33218,87328192823 1,0045810748144792 51,47903224593413 454,9787333949586 686,6284662331682 728,4201638342769 107,42307190159636 5,488406148059626 0,015971113729915457 400,04663681313735 1,002475011597321 605694,2902748849 1
842,2681036824273 33149,9065162179 1,0006825872323473 39,00033532289115 459,46085391122995 689,172944870034 731,3606198156136 109,61182883878817 5,453277621164799 0,01598387388715424 401,4381580029556 1,0020770557349765 608670,9602419497 1
842,5252945876246 33312,01580510871 1,0024691789316358 39,230589807599536 435,39592005664565 669,7261143467653 734,2444060433072 112,47502554345947 5,428338191079633 0,016084510888564798 398,2899043256504 0,9929411556933972 610412,5988296116 1
844,81880879324 33362,10411874395 0,9979643074292746 39,25569594139495 431,2044063929069 672,9543651470904 738,2415423476305 111,90708715538051 5,480638927662315 0,01593859236446778 400,34112888347266 0,9885710855029582 605299,0743745753 1
849,0153086783515 33683,700863391765 0,9952502817968863 52,48264361965752 460,59596374305323 671,7785816888762 727,4550364925265 109,09376229119864 5,50405383640657 0,016061987675795694 400,63816814436234 1,0020162359425626 601862,3791107952 1
845,1600132350089 33533,341029053714 0,995811392438611 53,123654787390095 460,65170241980445 683,9847652327473 723,2839444479904 108,77587845384654 5,4980764645307225 0,016169859710450672 401,04650863338287 1,000032010633709 599019,2608201619 1
843,5322742367213 33070,87490091029 0,9875846216442942 45,540511809092905 454,96995819427093 683,2565039965663 725,9765219995886 109,7381430633876 5,439686543171628 0,01630814326718515 396,9538014694773 1,0003855465412919 604971,8129174396 1
838,0728487351432 33322,79648930004 1,0021248432618568 45,73734992691598 451,41421945401856 678,3894276452166 730,6378649543178 110,22736352579126 5,435399567916266 0,016659874541127228 401,74039767456577 0,9938525652569731 605731,2442991625 1
840,0455400514622 33201,58387548374 1,0050812838728167 53,32693508788039 462,3080428750806 655,8423240676686 712,9722844383301 109,47622116875783 5,467300248528747 0,016572049814127396 397,37107257517687 1,0008565965108558 606758,3722427334 1
847,4764119336758 33727,964367836175 0,9999020494765457 53,14874229920121 463,87017249774266 664,9742945832768 715,5576386905848 108,96242882934943 5,465436779234246 0,016806030255424945 398,9717229166336 0,9929275870992674 601991,442001721 1
843,8021829215127 32897,59243765316 1,0037132045952903 40,00849501453095 461,48375151896806 665,558965187944 714,7281840282628 109,43270485840995 5,457748228803077 0,01671649295615651 399,3437685599168 0,9931324105968476 600995,572041721 1
839,6915588571727 33253,27729430219 1,0083623252996063 40,277262382749186 432,8454560876392 666,8078922830358 725,0783837601887 112,15792251660258 5,437914425915541 0,016947180062601486 397,5982455198441 0,9964275090958281 601164,1054777103 1
833,5624139647416 33446,62832131223 1,0074780077658052 39,6955769009389 437,7393264016621 667,0685712814815 721,3230779060843 112,32674176542461 5,453645514091109 0,016987687592364676 395,13746028442256 1,0018727813975226 606451,6520895651 1
841,4957949936826 33217,14068172369 0,9950463582808341 46,13257239879689 449,5946310302877 663,392024270764 713,7319069178426 111,31444695787222 5,4597419025334775 0,0170998158506462 400,8225665586367 1,0086658565334823 601583,8869709434 1
843,5465676092384 33567,032477796325 1,002704627803572 45,64466928604481 446,99152365558047 667,1172456467796 712,2479348195546 111,30770511321595 5,467968728343402 0,01725516023441961 397,9038398519038 0,9925563670961375 605544,3515566463 1
836,792617090292 33244,923282189455 0,9978333949275858 47,56699200471789 466,0124178745 675,3418453027427 726,4119489109463 108,87997115747464 5,423918091244375 0,017192530959212235 399,606295703273 1,0032433966147265 604368,7383086893 1
841,2263404250351 33332,28032896934 1,0023364024079606 48,211268724014076 464,6851510866449 672,541331829332 723,3230007292129 108,82362272240128 5,449297793437137 0,01743672528469276 398,45455090338163 1,0018289864354568 598235,509279575 1
840,1407378978736 33554,14308316456 1,004589141175905 51,87214939644695 463,85797700414497 665,1899279038817 716,0161333581915 109,70314801453712 5,42769432334577 0,017367803258113372 399,3489163333023 1,0012662871288511 598946,4938207405 1
844,3013322638301 32631,822146139522 0,9944307128356555 51,96580220998322 463,2999212599688 665,7627824754329 722,0111899808979 109,21762427048169 5,491886886380819 0,018051300679856625 398,99405213341794 1,0022759400268773 599474,7334349526 1
848,9266896201252 33165,60714924246 1,0013895985731889 49,01657071411799 464,6485456392123 662,9052175013885 721,0442138653934 108,5457022618599 5,4506522583236965 0,018134483553976243 395,49701389355266 1,0009667617312406 602004,3170185457 1
839,4324159405853 33245,990432108716 1,0022250521159295 49,34496902475953 449,07849027417024 646,3895062752271 716,7228477886497 109,66986726500868 5,465574634044864 0,018838284203811395 400,5127607107189 0,995529159668292 598560,2791011065 1
850,6563627608741 32916,55615425661 0,9953762050053298 48,92371805289086 455,01391360258793 647,8794505974905 711,514298516156 109,30393210329665 5,466613063647614 0,018820118901404375 398,0779378100294 1,0062757761512282 600471,5909993789 1
843,6415756274029 33208,43346990015 0,9974398945906876 41,19337512265014 435,23198962375943 666,1367361259867 718,2890609029911 111,23705741870153 5,450176577460899 0,018689244205485303 400,07059736992545 1,0089881140719 600499,9995509912 1
840,3240086363663 33218,22988548089 0,9954239123648696 41,120439418446814 437,92017157589925 663,1785925649742 721,5670153581286 111,94516518315626 5,431071464312782 0,01956959656176311 400,8047981146572 0,9957150931854023 608165,8710952506 1
838,0206572042357 33043,18841248536 0,999934831541106 39,03621029142269 466,23150431084315 657,8809671102016 708,0207123841735 108,6650551496394 5,471031989030452 0,019592370669601098 399,9885360228783 0,9936038312317732 603335,326676969 1
843,5322355433833 33405,108821092625 0,9985714059258476 38,88940636671294 468,4182138081741 663,4765443246318 708,7618991746552 108,92420566213248 5,51265167294612 0,019738535370537682 401,4189844414978 1,0040914539892405 601783,1392054445 1
843,7652431323673 33383,99498519109 0,9980799536376762 51,0409360098051 462,64544137943545 652,2657074947853 709,5593068469302 110,17444152067678 5,445485566325428 0,01978977395436588 401,3454393007518 1,0041901115977705 606596,3125497076 1
844,3592954606546 33138,89284204681 1,003567527085814 51,44598913890266 461,85821072905696 661,4167289553782 707,7744806945391 108,66754449274812 5,469656558633958 0,020434816827527125 396,97356367148194 0,9999966935209784 604982,416389632 1
843,2278042118434 33056,692622757146 0,9935749266604273 55,37061733386777 463,2282701352054 656,2378256319339 711,9631477207482 108,798464459628 5,438849277470562 0,020335329151613284 400,35645905977094 1,006326787830584 599931,4737378518 1
839,971230862371 33276,86736237385 0,9993487324599014 55,71583510268116 466,94037567297676 659,9692397698108 705,5804186694919 108,17994936943947 5,487234852783134 0,021014780738662395 396,8417249976748 0,9934667416317937 603330,9324781012 1
845,3048096906398 33364,18695967494 1,0027552651535558 55,608462181039584 466,60492787260335 658,6471249314721 714,7382671678558 107,61884349436632 5,423320400949532 0,020846470575215627 398,36228083761534 1,0021224834999027 603822,0273474887 1
842,6015977123807 33253,23061362615 0,9932344363979527 44,104293431186015 444,89256985289575 666,2282781756375 713,031409173265 111,19853216315212 5,46636415298392 0,021238539491943386 404,6631524374839 0,9939698010373874 600023,3132851116 1
840,750998125774 33407,570331721516 0,9921757208139733 43,46318029755784 449,1558041721473 675,9931352909528 709,9391317319896 109,75881132438896 5,5076355808692155 0,021357856688553584 398,2927583006508 0,9939746382176361 598602,750227065 1
841,1343851192445 33287,28528253646 1,0006193569675506 50,03865830116738 456,1939055752205 655,1278792469684 702,3267829504834 108,39493671872651 5,442674760386658 0,02150075847807581 397,6896543668881 1,0038875082245802 605925,2458558907 1
838,5650988451386 32989,80209443904 1,00356414504082 49,642184040716856 459,0297937891524 659,5097609375713 702,2115224820408 109,36102883440886 5,444996235431009 0,02219762756515004 402,45006993703703 1,0031886643022105 604428,9783104531 1
837,9434200765967 33072,31073583321 1,0004402032401118 44,84069234961027 448,4222656774187 657,7656281549307 704,7807263765117 110,55852578963749 5,3962294520224 0,021870519173038696 402,1554583659414 1,0051566260663343 602869,0760437194 1
844,6500228486083 33632,79270436236 0,9954827719025664 44,81696565109877 448,76531604793115 660,6870289114353 706,5376924552751 110,17528852007715 5,456951655121023 0,022511792931362525 399,7348866260235 1,0005206344457127 601672,1085753838 1
851,0381770319901 33115,00219088636 0,9974014558399285 60,20350569429282 449,9420631583089 664,5043121353276 705,4441193018155 110,77206114991712 5,491507052750568 0,022369902483574483 401,0102363653525 1,0044983426180893 601189,1313379724 1
835,2727530799028 33374,80457858433 1,0005431389872035 60,060073600120084 479,46998161902616 639,973093680939 703,3542437503091 107,49059070748562 5,472181364577396 0,0232768254111975 402,0221866933716 1,0025117159321617 600129,7616006725 1
844,091210839728 33143,02379998813 1,0066630952802176 60,19904837756959 474,8833276825727 643,2964585335596 709,4827387148877 106,89331746304578 5,435138180401129 0,0233562045617845 400,11625191873827 0,9870755015665955 594740,997593827 1
841,6128316266017 33366,24836629709 1,0025447907636644 53,63248838267198 468,7923224603045 646,2011432951558 690,588993738225 108,07562878149236 5,465994258698698 0,02340093297089503 397,5801637173776 0,9914364753102142 594851,3126717552 1
843,2375771081523 33097,45066532164 1,0052273211607499 54,33246298644167 461,3344895090828 646,4593798927855 694,9864296417126 108,38921260405722 5,467809535871762 0,02420758180425129 403,0168978790135 1,0078621958795653 602582,7028724669 1
842,9023756752391 33088,84959197919 0,9960018940207844 64,82075455811707 486,91482411996265 663,412288379181 699,9730391596136 106,38869092270579 5,451523304637019 0,02398115679669106 398,3718401430973 1,0002408162262815 601082,7000515643 1
851,9963202966793 32992,565551550615 0,9953728663630185 65,14800225262745 484,8489015471049 662,1282369219653 696,9439055096188 106,35439789171069 5,460816722744807 0,024810892042137996 399,6528815926111 1,003526544544289 596256,9130451112 1
844,7966512171063 33160,97291911346 1,001146137528182 57,876452470477 472,7338710385893 659,3536230072469 678,6753014578495 107,2922907645273 5,401071441083462 0,024591895368527534 405,00875454686707 0,9939816412453745 601747,0085968071 1
843,917066134349 33428,13434397212 0,994218557143773 58,54121349741693 477,28835991036874 654,2923173118329 677,4073742732693 107,85425753098696 5,473266144126802 0,025197505712729232 400,1645079312149 0,9993825733757534 598283,5708386753 1
846,5378033518842 33289,81743177824 1,005468240142837 51,07733720494068 478,81933323109433 656,9361899659184 679,105099245866 107,51368620617329 5,512072848558416 0,025133200076925412 402,3699348609281 1,0039620628034338 596854,9281142423 1
843,1488204735991 33053,22139041301 0,9997140038592011 50,666394808637726 465,23739209905443 648,3913663475846 705,1708560161132 108,31809477529343 5,432338997065766 0,026076755838781003 401,6879702879904 1,0032287368614776 598087,7659231034 1
845,0234656952762 33187,566163231895 0,9993021403741144 50,835061379146424 459,3650517075055 644,6076485448134 699,5067964313114 108,99863446516865 5,472642891576447 0,026319542333848943 404,7319286690339 1,0008792687690158 603361,7072944109 1
843,5752818707201 33083,129232070976 0,9975602234147005 60,95881545491137 463,8328141393999 663,2506589839877 691,7482950325767 108,94898609657335 5,511509127035397 0,02627620812441099 398,98271654977157 0,9978406668263395 597829,1096587748 1
850,7387103944418 33044,632470319586 1,0043684237386452 60,665080536899644 466,34798751937245 659,7917107538295 689,9307113068099 108,58094024763011 5,4375273589762765 0,02695727952204064 402,6666634510492 1,0002208371352574 597518,1845176258 1
849,2496572801178 33084,96037208648 1,000651274006638 50,08443863671774 459,2822952577968 651,9938933816335 690,4020139170385 109,00464348578808 5,432693608235455 0,026921119056754435 400,41429912349827 0,9947352026174092 593420,5672906062 1
840,9760188279059 33268,888269036135 0,9956025410679225 49,99889285772043 455,43858093928554 660,2139656560793 684,802188112821 109,09127733820314 5,517960937579736 0,02725172692179424 396,3715545342539 1,002868871413587 594050,6022831119 1
844,8115471539787 33097,16517706353 1,001953113055122 51,16358745096846 457,00038022346416 644,9482016206425 688,6374199039218 108,94571568007288 5,489088902888621 0,027421257062950826 402,8490764983556 1,004547585512419 599576,3624127505 1
850,2814876866295 33378,63927042976 1,0039261383123002 50,97842595179146 462,3539704798141 642,708398795845 682,1848945451561 108,67767662382056 5,461602878562098 0,02783874845011298 399,29114737045273 1,0009328893872156 594021,7186342614 1
851,6692729016651 33273,795479316635 1,9973926504973798 65,40774413847319 459,0612047236636 643,0180268862484 682,0614627609723 109,80922582759369 5,485452814322183 0,02773403817866176 398,7829498003677 0,9993441742101649 597904,5235987366 1
847,3062933820576 33486,674821921064 2,0081127674701875 65,16351305352676 481,0579730959271 653,0792453375584 703,7372824282795 105,62367817167456 5,4273201790557515 0,02871018730410702 401,27231394051483 0,9905021242593146 596269,6609133094 1
841,896655684861 33202,29048894016 2,015794753834691 64,60923453751948 486,8240415551448 653,5473005626167 707,2513524445463 105,9411835049315 5,53016660755261 0,028612978330107113 397,9500989470787 1,000527164190765 598798,4595768006 1
849,3374463746809 33258,27905137739 0,9915347998449856 58,49506983151764 467,2656103664067 650,9563488596011 690,0286385228011 108,47745437424462 5,418894748878236 0,028641194391478973 404,38427278369335 1,0051882799907095 596652,6582773323 1
845,2101407870571 33334,49812967 1,0010371370765077 57,70235725290302 464,8533762072678 646,8666392225146 686,2983163430275 109,36300943288639 5,428265649692867 0,02899279720997487 400,54000996169975 0,9969938745503717 594812,778247477 1
849,6017978794854 33400,98163647545 1,0036859291230162 45,449901205785956 451,05623745143043 638,9139840951531 694,4204696823922 110,49782965558319 5,481412673020118 0,028566128734472885 402,04658402579213 1,0010995111279168 595850,321273393 1
844,8486731179984 33121,03977932742 1,0005643343053554 45,828686680287056 453,48661089232166 639,7050565966989 691,4148061534992 109,59521113099318 5,436256450655436 0,029482756620839597 403,48935901419327 0,9943214100033579 593789,8560168383 1
851,7985535363122 33299,06625354351 1,004856454471317 52,074898973017966 460,2840302432433 649,4896638244725 697,0087689683679 108,77544933755843 5,462779661080378 0,029374644952623832 405,74207479268784 1,0121368565364128 594099,3942285037 1
852,5412645015859 33285,36270365888 1,0011987834820224 52,0592789573009 463,2723586928613 648,6444435465362 695,8411435214631 109,5683353792477 5,427369977576532 0,030246649903728422 400,31318962016303 1,007130832708704 597952,5796545901 1
855,3291555418651 33277,0520265531 0,9995917530413526 61,286535695033066 460,5665652871116 648,582572111756 698,9996467650382 110,12870134154859 5,449220491615884 0,030121791042605598 397,34084062047145 1,0044194496328187 592672,0696715398 1
846,5959661385257 33111,39462648343 0,9989253244896911 60,40844059005918 480,1520996125436 643,90739329816 680,4980981627269 106,70935452931052 5,465702959170476 0,03080581438402423 400,22514183609263 1,0117275152326588 595812,2770757951 1
842,6150170093922 33088,48454358882 0,9959775939526756 60,74209912250492 480,682437437491 649,2120964300719 692,5303138539635 107,95124202450836 5,440371203451561 0,030531282985189954 400,5801598361454 0,9930946798265717 597246,700234618 1
848,7681165433265 33403,00750977679 2,012974346259933 65,65247889370006 487,4388237555792 647,0460697613213 691,4923437575355 106,31078666921981 5,410121893992052 0,03092101827719106 403,6484838134329 0,9928053947752382 593653,1823549296 1
855,7291894499837 33216,09284166592 2,0030877145048227 65,7640929951955 489,68768528264417 647,7096156111129 694,1527609703147 106,26475836276803 5,438046724731619 0,0314578084893364 401,6499714429633 0,9977922266787984 594768,2198276814 1
843,4683775833902 33532,706062390345 0,9971478060433145 61,680904568657176 481,1701922088591 636,093896183396 678,0578733061654 105,88337618311196 5,519888518792727 0,031026317356653402 403,5314909328144 0,9918009817766456 592434,5548401467 1
855,820420322022 33265,221299592224 0,9996361506124605 62,43654916262596 480,09362117476513 637,2183083750818 679,5200339276696 107,79352282445515 5,405067797434407 0,03193251343392515 400,4735674286732 1,0005859318283699 591831,7421079992 1
852,3875039215131 33221,239162814876 1,0071123656956085 61,67822827383823 478,4496606976414 645,0550430418147 676,813848930165 106,45554655487614 5,513543211234799 0,03174887082790563 401,16556017042524 0,9974799682086541 590493,5435765043 1
844,5786577006824 33247,40656451426 1,0020384878462067 61,56491451775536 478,6873579305714 640,8518467171481 671,8874873104065 106,24498892581556 5,462085720965248 0,03276722050846274 401,54824400636477 1,0089092742745043 592584,048138458 1
854,9629213605477 33179,06605156455 0,9950245757404783 41,05454079262319 479,9914691381423 644,2559997791141 676,725862394948 106,26788750644948 5,495711001497525 0,03277528120280799 401,8594044351189 0,9912718346280871 595820,0939597121 1
852,2860436579008 33052,033245652565 0,996832723227231 41,63453989778157 442,26789876588504 654,4474646265496 690,9191465546784 110,15483145988975 5,459305134624059 0,03385077400600499 398,67348294229254 1,0060349333846481 593789,5197005668 1
853,0943262334132 33206,11055144464 0,9987358786852151 40,820091081702365 438,3911792682862 654,1614111997261 696,6172406119997 110,99046213014395 5,440583905292909 0,0334908469485927 402,90926273842297 0,9985260553973538 592051,0014690793 1
855,9510308334288 33101,374908340884 1,000826761618639 57,96982634342951 490,3094807150456 649,8014906470735 682,274356802238 105,81000368923107 5,500854871331812 0,03347916389538262 403,02602603218793 1,000668929884621 587564,6628601633 1
845,4204028289915 33527,55537970319 1,002611416160555 58,56408808325037 494,363711847532 645,5391618098881 677,640896000535 105,75853665658117 5,483296422381152 0,034096453377021045 405,8008337387691 1,000998774304714 595204,7248942155 1
847,6952416701147 33225,13457324459 1,0033956924214968 55,1427339665685 463,3831945066761 648,5306808866169 695,3032800458284 108,06682918028866 5,502108677889429 0,03413140336437912 405,2910431858676 1,0009213745945427 596012,4217007178 1
852,4802883950989 32796,681996578314 1,005481703624455 55,41939342137037 466,7733979177876 646,8125941224748 690,3190384464585 108,81930354603139 5,452740249098954 0,03468293856329073 399,7390904779473 1,0039060740186267 594415,364504867 1
857,4164358162071 33024,90415795207 1,9859907804601118 69,4064813844187 495,92174995154 637,9729866992969 685,608865410824 105,80775308731128 5,4688537346572055 0,0346166229176204 403,19148760841335 1,0001005113897565 595501,0589301805 1
852,3035870027236 33220,302393272745 1,998532599252678 69,21580113639669 494,35747972209225 637,8024212725418 693,182357261299 105,75481169939447 5,4717066196175645 0,03482493694882966 404,67533318522027 0,9972419009392977 590542,2128175818 1
849,2815134168113 33347,672292559364 1,0068398567466967 59,03428154692687 494,77650851352394 631,3698382257619 696,2927862043423 104,94232646643579 5,428755091869099 0,0352425107287065 398,8722404038419 1,0034294236869865 596672,8610552934 1
851,2482329806534 33074,05038981078 0,9984708218403595 58,846591731988 476,77250940950313 647,4592279892569 688,2295701507658 107,77403596820093 5,520061736329029 0,03583533708547714 402,7650379844851 0,9947518856361274 601090,2117360614 1
847,8911316799936 33398,10272120033 1,0012826139168283 59,25124369835993 474,4555400985028 644,195375403562 690,0291156628547 107,77329039496344 5,500741693398349 0,03550855149848921 404,7773044615448 0,9940173812160596 590382,3118370841 1
863,0559248575427 33089,41790875577 2,00674136031314 65,92089738391678 445,5236361800276 641,9890067849943 676,667674841306 111,14623631502717 5,492891750758702 0,03580320047477144 401,07601982559305 0,9957059031084203 590191,7354261051 1
854,7505572199962 33339,662213313306 1,986952253903773 66,87752565547389 443,4051265489812 653,2192761071008 674,0883569078568 109,37659297459376 5,486280991996256 0,03618065186291704 403,34235632816547 1,009989179342029 590003,0184175393 1
857,8686455662408 33250,78933252232 0,9888730098491257 64,15263055769627 487,38975494871437 633,0757746545241 674,172707301842 107,36093028224498 5,452510188394436 0,036487211208757704 404,15909598874 0,988978801765724 594579,9879010225 1
851,2944336321716 33091,49290044803 1,0023947742941663 64,24148379132252 480,78994636055023 639,9652767961894 671,3775858513604 106,73629263762577 5,452298348140277 0,036593227155046204 405,80869589514174 0,9966754305758898 598292,8917622438 1
853,879727991395 33214,85568730281 0,9965377499038839 45,092243715096856 444,1190760744548 643,5022339835407 674,1691445641948 110,39320680362826 5,426027882922782 0,03648956899107362 405,6458515694609 1,0024090318128105 597450,8799972347 1
