Co2(scd40) raw_signla(sgp40) aiq(ens160) tvoc(ens160) eco2(ens160) rs1(ens160) rs3(ens160) rs4(ens160) rmox(zmod4410) tvoc(zmod4410) eco2(zmod4410) iaq(zmod4410) resistencia(bme688) Aire/muestra
920,9249659270608 32524,60636028767 2,0087826295852906 156,3126810372786 642,0186504661635 447,981047120925 437,3978811676222 92,64369457587605 5,369540521334028 0,04197082745108795 408,59222749204764 1,0027964026209863 442738,60926442547 1
917,4426738333976 32477,022972952484 1,9980454184734477 155,90335945892463 634,5426144247971 444,05340618116134 431,01891468947815 92,16498180074818 5,397962080125799 0,04284464749888575 404,3361115000058 0,9953911844912696 438805,5689797423 1
928,3480099915787 32396,700460400247 2,0100033893551497 156,447314659312 633,1653241315394 441,13367390795884 428,6313414546738 91,72010602658402 5,438973700923117 0,042665043630316875 402,45486212496803 0,9915168129099342 442956,89427650406 1
928,0541406024195 32382,11403950688 2,019069842184666 139,83316426769017 609,0787469993047 447,3479543418605 439,8289893985759 95,2221580718768 5,430549418420104 0,04224387194716587 407,5381593748014 1,0100403472238528 439044,53567404824 1
916,4598976951067 32600,491275379405 1,998713260929955 139,80770038949694 616,0672484535864 446,64958603571847 436,31494805834564 94,79448326102765 5,358943068704547 0,04388354360818601 404,0228548151385 1,0016131577444913 440554,4022928089 1
927,5823178333643 32580,226495442075 2,0080805498308054 164,55969521742028 646,3785251903305 437,5720496099306 435,0516831576408 90,9560165964426 5,400547807999906 0,04352088007041228 404,4109041789586 1,008809880250667 439013,2324239413 1
930,3523371727553 32304,0881271223 1,998171162040184 165,51938389982408 650,5108502399065 439,19454199402355 430,6378675439733 91,37969911135933 5,378652855417979 0,045255051578850035 406,372192430412 1,0016204427966005 432145,2428861665 1
928,318851028325 32265,549049645888 2,0052129170267246 150,72569001115633 669,0694531808484 437,2761460584757 435,9238980356964 88,97882059113239 5,453089648312162 0,04530602864320026 404,9442817327985 0,99694667848278 437074,88742860337 1
923,7121617150632 32253,334153855256 2,018230915300302 150,79175889157128 671,7909638599996 439,61172255601144 437,871239556232 89,98474779534575 5,4137479595052485 0,04578968252998184 406,1006261309805 0,993324162829062 434353,49995359586 1
934,440175297156 32377,948632323598 1,9962055381005637 168,61498844001576 668,398820937254 438,21609358516616 437,31272641156136 89,65423588264419 5,342982828703613 0,04570186385651832 407,0613143799412 0,9929250918293409 440770,4695484421 1
922,112737910644 32638,551530675064 2,000354115698328 168,83363435267424 657,6805656949809 438,29255243149834 430,3564174552079 90,04658300744522 5,362245620716834 0,045894610608552565 404,82540370816554 0,9944163822327895 438393,4704962869 1
924,9108485386912 32265,334640169673 1,9934153459878199 168,5616380988157 653,8574393797458 439,20614632400526 428,0965953096409 90,24243285220207 5,360389218530034 0,04680532749205945 402,62730340949986 1,0019318540235571 437235,53994503873 1
925,5541758524865 32552,149509178755 2,0044433195340496 163,07339957938413 639,3147082861216 450,05663153382056 427,92237150079666 91,16261378794877 5,381282216182777 0,04684378965638922 409,62859623245276 1,001216425682073 436440,72550255025 1
929,2034612966838 32275,379552853043 2,0024128353170756 163,15903456276388 643,0178372879974 439,70875611983564 421,5801921215526 91,49445483497715 5,347716540580669 0,047530716561933854 404,5508214249658 0,997520116074428 439946,10992033296 1
928,5387633761115 32768,10857744769 1,9976282784925736 147,903790497718 627,3650158548506 442,3043437730673 429,60475217424425 93,13040952703875 5,400586649349778 0,04784339284605303 404,8777666867189 1,0052444600774422 438405,75017181406 1
926,1611232972843 32305,33085332072 2,003105823237467 149,026871080464 621,0882999152628 443,7247440949735 431,50013752946785 92,92986144784074 5,374545711113959 0,04922832798079224 406,33757089266857 1,008624537235612 438561,6295447236 1
932,4977012005718 32417,05521269383 2,0072731315062344 147,36795872886367 655,2851806097339 439,68915351203606 419,9194957486164 90,1048246305436 5,374136327403221 0,048853485532145864 408,3911921579386 1,0020172682695734 436864,8651604268 1
926,2083168241431 32498,610048875376 1,9960259264807163 145,230709405384 655,8285661134418 443,2144917760433 420,6703137389588 90,0224788926634 5,398182672818672 0,04956017080473212 404,0515181949493 0,9985247592751306 432511,5724764109 1
928,0461254451204 32574,216954526426 1,9787221454387465 142,47407454513225 659,8115470846024 447,79240176096204 417,99909048355886 90,3268687166294 5,408425217339309 0,049413402926125956 406,275328331559 1,0010218518800804 443411,3762123568 1
927,763866066059 32628,60142281297 1,9936452530513777 143,83444773758274 620,1887811719976 439,4362017399207 425,34051582113335 93,98917899686784 5,397769475324872 0,05050419975397971 409,77713394560584 1,0014632615793286 438015,4343740482 1
924,1419800776953 32665,28598374387 1,9900486234458683 143,61828559946005 619,9000960469521 435,7242512589462 425,4233373738943 94,39609273352244 5,433984204777204 0,05059371425710489 404,53060080307887 0,9934438473776949 437467,4131736855 1
934,9627678516327 32360,540577511958 2,002406713095237 159,03343490638622 634,2235238599097 443,21767708707426 426,55655605297824 91,82123954568972 5,412726517534418 0,050623045236274 407,1822610206171 1,0039865773918575 438823,9470459737 1
930,5310841040058 32624,09004027004 2,0027164314903803 158,63916203854478 632,4680677742289 444,69320119045767 419,038970605479 92,51777599458836 5,374089145161317 0,05166329964520263 406,0121456243798 0,9963662430821217 434304,42193540273 1
925,4252733429752 32409,74256638176 1,9912717410819318 145,147449010239 621,5767861007758 438,65699854056237 417,41145812802057 93,62620199762026 5,3862484506094015 0,05154151114427461 406,3937188556357 0,9965833867405997 431490,81447774 1
920,3040100835664 32390,308950306626 2,0187623177836933 146,0704816906573 617,2157343572436 438,9607007212364 416,39231565249173 93,81194662035801 5,375531641006806 0,05253221571491186 407,34011954870255 0,9956193300081337 434844,6912438119 1
936,0872107252981 32548,046293780517 2,0020485400982206 165,39698943113785 659,8581610859721 432,98242891395773 421,053846858951 89,88432616593035 5,389301325789565 0,05292524130907841 403,7957466607223 0,9999228389232693 433622,321749489 1
927,4453454025262 32470,3492483735 1,9972733582723365 168,02727159919155 657,9341101841984 432,82793748668666 421,7499999477296 90,53216504508079 5,432425980808178 0,05331460645614255 404,5034978227275 0,9932849018029065 440157,9944005924 1
927,8299878404745 32440,20316071051 1,9963528937581414 163,5971007058802 659,0204919122315 433,77083461080974 425,68150475209023 90,13937790264548 5,439710110818548 0,0529107513676425 407,07191913284197 0,9923297162827618 433571,0976076838 1
928,5528797887201 32363,089007196424 1,9992797334364998 164,05828442010656 645,8698381353776 447,3525798043268 426,53119820844074 91,58220633378748 5,356955028936664 0,053845684730548765 406,5292892219583 0,9936536317421817 439261,83837294334 1
931,7736188494174 32377,518144136528 1,990838840735492 164,9081166565332 652,8344017224962 447,0827213913755 428,87313430275174 91,26111955179077 5,423182011498996 0,0534383637443977 408,8015988068065 1,002384344674315 434525,1967070776 1
931,2498480062733 32407,809149756296 2,0050321418016472 146,87888498965967 621,9485759036294 442,5391697620723 428,418264858996 93,44140178036598 5,41978335313619 0,05363893440005136 407,4775477273197 0,9995010939731493 432437,59968221525 1
922,1415837264536 32710,447983522434 1,9957514268652823 148,16504777013796 620,2964988881362 438,0680281301905 436,3982146324857 93,14748802333067 5,383954847036136 0,05412034902811623 408,80289130255574 0,9982032317681425 436023,9949752266 1
939,0054889244097 32758,742252866785 1,973218913605213 162,11882934173337 639,9369805043071 438,3815083835116 421,01984020515613 92,75504286862181 5,433455042621657 0,0542340271650032 409,7893198043918 1,0043616993055167 435875,54439491394 1
925,6434481400256 32376,844265843345 1,9973980975855883 160,75294762878434 640,5112561544497 442,5590068922207 423,23142526459685 92,01196381664798 5,401624252430497 0,054731282698988276 408,12539595855895 1,0034601482634309 435581,9700463687 1
933,2765006624435 32477,946808673492 1,9945334478461614 167,72740747516195 660,3649850242209 439,3665522201273 417,0888794480045 89,41795536773269 5,358615951988449 0,05426063745687259 405,1266954911132 0,9996033867750659 438323,6370708044 1
930,0192983841994 32499,08051444426 1,9920286018512554 167,41547602683733 662,064657320387 440,11018462566426 424,74341266385625 88,68088445047415 5,413650573642647 0,0545657553127993 405,96562275583614 0,9999733213038848 435539,67650523 1
931,3810211367805 32557,114042698522 2,0062104175624773 166,84872088700013 663,327296039044 442,4575600357155 422,7164512610301 90,39672829273177 5,3705124235904025 0,05558789811941812 406,08587079620844 0,9964016121478582 434757,7967366164 1
932,8479236938324 32568,757371499076 1,9867483269041217 165,8750065064041 650,2726901420011 438,09194166621455 431,8887056535845 90,90182748018808 5,4125555029616175 0,05653488299851401 407,94254906283203 1,0026251155899517 435228,73643436027 1
935,6618890462379 32642,901408478818 1,996797586907753 166,64081020916197 650,4920716928931 435,18783226717017 427,37212372696996 90,66115919797986 5,409234133017177 0,056081205240917316 407,5179911029439 1,006638398574313 431380,079940828 1
942,0832458352376 32715,616065932758 2,012934321874177 168,78761328327437 652,3145356597406 440,4672636653031 422,2423043375401 89,8306898465864 5,3635065876456975 0,05599994108678928 406,2491384807073 1,0058321925428573 432158,1574404295 1
925,9241314180263 32360,523009149292 2,0105955971709504 168,4968325075875 657,7442389017017 437,44023840428713 420,76864604343467 90,69149987794475 5,375849946591606 0,05658515241367552 409,775903921264 1,0035514535137553 436337,55597133486 1
926,0863927839387 32475,559291313373 2,003273646718553 142,76952289901718 623,5620779067641 444,9490196012237 415,6881389491193 93,85522323353743 5,365850721415254 0,05603639121014481 409,02368478350456 0,9969297899012777 434197,6566915271 1
936,5320638527362 32356,33460230951 1,9943398889232369 143,20836846678742 620,2598587490317 446,5968559521224 421,8185303578764 93,93209525855956 5,3210217488296205 0,0582023775117778 407,4750656778093 0,9968928165771898 431784,6077576401 1
924,975893763144 32531,57565171368 2,008935712522939 170,88484295662485 648,9560571354696 437,14265568385537 419,71464708075615 91,92237141290283 5,38761459835518 0,05762790598686027 407,6466273308352 0,9923920037778806 433840,28104580415 1
937,7652146935794 32324,59627641102 2,0028046030210622 170,0659834256478 645,618190273453 436,9472050797997 412,59414521007534 91,14321409472691 5,369690807488532 0,058341609346836354 410,21466719613284 1,0112509223587263 431398,0989525262 1
932,9564783097891 32357,911899491224 1,990558913602279 162,38075757696438 640,825319152613 441,5756226044877 420,3071919693883 91,32535752510924 5,3520489978201615 0,05795742349768798 410,0404145313991 1,003381340116043 431961,1676602819 1
936,0178993825602 32593,753410921374 1,9983514576402974 160,1119236146892 635,200416378121 437,45773665160533 414,4220840939157 92,36043829979232 5,340717050926045 0,05894537826817178 408,9656483932885 0,9995594068903865 430320,1101023123 1
937,9743738724864 32278,20005453777 2,0088798527263383 162,8026476602392 638,9130405051525 437,98140983325885 411,84068831013394 92,12496391494932 5,4245652542541345 0,058720277177074884 409,05217323031576 1,0051983247248073 431926,80784051865 1
927,2419008505965 32501,96778176908 1,9976269077217035 149,06601289565901 630,3486796792272 438,20869956633413 419,8727779253887 92,74303898746368 5,375438272128936 0,058568326730101504 407,238838749704 1,0000412784769148 435018,9017019037 1
929,8774492299381 32268,81112011544 1,9942776627849172 150,14871984380324 623,4685177580902 439,29645808119204 422,6888631221241 92,77909234915694 5,352925976231634 0,05897238023075152 406,676426720141 0,9954808454110646 433877,9583966285 1
930,9413362692067 32607,325651921656 1,9836370276247997 164,32972185686236 646,6829015539047 443,7505917990388 416,56819237144276 91,51405388780572 5,382222533405553 0,05892811446684583 409,40162768426995 1,0015555148968522 434533,05045173725 1
931,2990357709193 32720,93003776981 2,0014410696557605 164,92227103529265 645,9802717320704 438,64743912899735 415,29710283193884 92,03854656909311 5,39906324660947 0,05880141563052728 411,03931546466026 0,997941864076682 436147,211434979 1
935,5296221990667 32308,911994437232 1,9974012198938411 175,79074702104802 660,1616191312685 443,3439022762307 417,87114864836286 89,97270326846325 5,373068979345991 0,0595541700396793 408,39199473035995 0,9969380275337483 435536,72488218057 1
926,5676873467551 32416,696895328285 1,995939954003806 177,31263426818487 663,9603949180043 446,22042883092496 420,44745476833975 89,56119510665604 5,40995369328854 0,059787683700229625 411,20362707603135 1,0026200357415453 436556,37353050883 1
936,3392567649429 32505,31836357486 1,9942167566209692 160,01772223236395 670,1774107216559 448,10485427727986 419,51842675048016 89,71585834378998 5,374711451920095 0,06045974250208577 410,33204800870993 1,005122351846112 432188,56801858667 1
932,8913122754519 32158,304825877214 1,9981422695679192 159,88049432919075 639,5443896970805 436,6385381106603 416,45958949074185 92,33763613687987 5,392439814045718 0,06055995812758128 409,1182709018053 1,005582099766318 433663,7263794974 1
922,3290054441869 32465,25175639847 2,0014963471630876 159,48172491930185 645,8305752414959 440,7559426093039 415,67727671975445 92,08994034025719 5,439559289425269 0,06048859154217732 411,61672241150495 1,0033737801798628 434705,4597361095 1
934,9180978967923 32261,926514519386 2,0058336694446095 166,19302876393377 649,1541834780015 442,51194906708315 418,608608818201 91,1720337515247 5,376057484315571 0,060475306794967654 412,4347775748464 1,000084527541044 437799,560253513 1
929,1191294031062 32511,550906591507 2,0121092193839822 166,72733596556424 652,5174281050496 441,36164545981086 417,12457775801715 91,49564794709723 5,4226730632854805 0,060502357211577776 412,6408532964086 1,0001701175252513 437517,80931297154 1
930,0519067149355 32450,1515683129 1,9965167693780306 182,80720398851525 662,7493961317396 441,93699647164044 418,68215988549866 89,96178131972137 5,391844700959362 0,06047774665375434 407,4633543688717 0,9990359775347494 434752,58295159385 1
925,5955581150137 32364,543987260353 2,0057108368303167 184,33543227228012 659,7323173118309 449,09849502317945 417,5349137193786 90,21169568190082 5,378763655473414 0,061422910132249195 409,6570112492137 0,9984572422332685 431517,4544447761 1
934,8907582123543 32267,301174641918 2,0258051837907 183,03818573272088 672,3894130418187 431,5353829226807 424,48352070251843 89,7712551870718 5,388164847885678 0,061522546718786264 408,5639607610352 0,9981432379654952 428454,7672769751 1
934,712084643087 32678,840525460353 1,9922686232574773 181,29818050811176 672,1652869633343 430,68559704549835 424,5450400197681 89,11018658307358 5,421244974890871 0,06126981087968515 410,24993994420936 0,9974969181091191 430438,4459738488 1
934,5002365606068 32315,68169539008 2,0057975268564703 144,1710887198334 670,2919257096424 431,9485701220753 423,03329366070074 89,57750310999242 5,3598491595654885 0,06115983168903821 409,1590651998997 0,9957400198203418 431676,07548218465 1
944,933344000341 32462,301019980532 1,9982216993755988 144,8591483050953 619,6886347113987 444,4618904607835 404,2408901582905 93,81127785702145 5,414425550819175 0,062014380803086015 408,0067966670189 0,9992827444085893 432954,92060344294 1
936,8275086841813 32413,951686463926 2,0078109392248953 144,28473837203143 616,1078077953836 443,1684845052278 406,7547909308185 93,25633187368834 5,411864514851237 0,06272593640034076 413,669254949344 1,0094982762458546 435249,7776527854 1
925,7245008653949 32356,500048999158 1,9961382383485258 163,84386539467877 643,7442372933523 449,2627121114628 423,9075829740623 91,6606072889435 5,404471843469886 0,062332515201050785 409,2563599598747 0,9980137267807003 431751,1476529922 1
920,2209876954489 32566,25226237325 1,9830127196369016 161,17384081094968 645,3340610435466 448,81463463835365 424,3093446101267 91,83692166776412 5,400152950692157 0,06320440887772172 412,1029039187944 0,9930610726504469 427996,9670759929 1
927,476428951653 32218,613539088987 1,9901467785140032 180,8879492326598 640,0158445058795 437,6676604403501 415,0599040945348 91,309733299984 5,399186701139794 0,0626843909034804 410,8105010704975 0,9906011857972258 428201,3665059009 1
930,0756352956377 32520,728713526976 1,991032073295328 182,42247292474352 644,6425399441163 441,72926315285196 420,69346307285736 91,22233879762874 5,401096511915869 0,0634707770678538 409,50273213645613 0,9975349126232047 434730,1797984928 1
932,7882939760052 32241,616440887476 1,9853987847729375 177,5960671944404 664,9652466151097 438,054177993449 413,05315317753724 89,59493743823431 5,4218638244362145 0,06327523492305531 410,0472859385519 1,002986904402295 427232,5956880076 1
938,3163537671685 32530,718423825874 1,9891270362295141 176,17722216807687 660,9675931376453 439,78891358153794 415,1501030733574 89,69248758895957 5,364560589855013 0,06373579788626971 412,2498026852044 0,9997879510629454 431863,31840471947 1
924,3258312533354 32570,6995034903 2,003383969088632 145,3558493781878 660,8470397394723 433,08136303649434 413,61631997314754 90,58246195250318 5,396269469003416 0,0638631618360763 413,13849845380514 0,9956509366296519 431436,45122446335 1
930,0993931494461 32523,240235763635 1,9980209811085075 146,05937995462236 619,3802526306016 437,19209241999005 417,85903358607476 93,65916790800523 5,39605555424957 0,06396815074910978 411,3123773568257 0,9989931765851372 433719,9612130481 1
932,1334874326658 32262,489631756707 1,9960363932079486 146,44070788136435 620,1094691410253 436,5456105290889 415,5111058065051 94,28582699385524 5,361168028511575 0,0637642937982705 410,7722543399522 1,0064183650960918 429044,2302419888 1
929,4727673869567 32389,2429747481 1,9952045692002918 184,88157637857324 674,4554070739902 435,2849949351345 417,54585258717657 89,2530723379578 5,387549335370251 0,06467648141354475 410,80464099863013 0,9977424618543123 431765,3032612602 1
931,9844525520201 32274,473756557232 2,0063239329388103 185,59478547552308 672,0973092376381 438,25501631607284 415,9875075500301 89,265812323692 5,356796310733453 0,06426187511864351 413,04539764162735 0,9882008536725211 433319,11736660125 1
936,0490946354391 32104,92252537024 1,9997451023246848 150,696597792485 644,9050757470807 442,7868640998405 416,26088290453646 91,20364081357056 5,390771187929391 0,0646131316216105 412,26247210849436 0,9973654151343087 435334,97671137936 1
923,0326779934693 32313,721536392542 2,021326170283103 151,47706461725977 641,5781071750491 437,6936472521008 415,57791685601387 90,98584367140643 5,373438259158132 0,06382221356664988 412,9203042738592 1,006557840078803 431240,87372016726 1
932,244479471366 32637,3133268031 1,9940162606410454 141,59386813016351 611,8010595226684 441,09875628520336 409,07253434917067 94,65907231480492 5,432259254510913 0,06344886920654275 412,474289031275 0,9869504116459931 428774,4629350689 1
937,1085934580026 32380,964918790665 2,008408649551257 140,64216621354066 616,4738346178593 439,5429954619985 407,57622088203567 94,08287100895821 5,414014244102165 0,06398122107441127 409,33919766779456 1,004734087166602 432943,03236117295 1
925,216618142503 32468,747028055317 2,0077599344721806 179,81845101947587 612,9128563660212 442,4680224808352 404,841080275057 93,94138421566825 5,388982029597451 0,06387489655059025 414,3580879497184 0,9984128678735762 432316,2402914951 1
932,5316715181619 32425,319882885553 2,0002872032907253 181,22602620318006 671,6468334389774 427,64651192390784 415,40257253577045 89,42789693739566 5,3722091136273535 0,06381357241802693 412,33536854095115 0,9981158743530161 431051,1380666008 1
931,6652982294902 32399,822171283315 1,9874400243952628 180,72202041125345 663,0336373489564 426,24661900610505 412,866848146794 89,57609563329423 5,431856573861836 0,06438795176002128 410,55878114752437 1,006632658150158 431948,52543056145 1
928,7117692042301 32605,38442472291 2,011358266016302 185,64392266378897 670,4719166178908 431,88110873913524 414,40391564494973 88,48924270134947 5,3825012535397105 0,06412180405147477 409,11651170599873 0,9973632295950873 435372,84268338163 1
930,6116654029638 32348,765040119717 2,003192056474438 185,42165364765 674,3834300862043 434,5419644803414 416,2643011014626 88,84309567679145 5,381626608314767 0,06494198656382894 413,13268896125413 1,002763431352652 432100,34797669295 1
929,1069923337352 32473,992084150388 1,9954760504896938 178,1089803183593 634,3073100463357 432,588890305056 413,4550262953739 92,22435040904811 5,415907250052974 0,06476524434840786 411,9276879570451 1,0108173448699718 430411,4388799845 1
929,2229246887349 32453,21667673201 1,9958105654704963 175,75548116982912 641,4879206698148 431,4194326990861 409,86237754486126 93,01562968310502 5,381655844829335 0,06543003625880167 417,576856875736 0,989036475844838 432960,9368689379 1
927,4278200063299 32246,476593260377 1,991123733533385 166,60586608267542 655,3413724767861 446,75765410166764 411,4677265637877 91,17472476206699 5,422290897991359 0,06454932180903007 415,9653541345853 1,000520826370667 431437,1393746533 1
930,4608818381676 32363,027951178698 1,986181839475255 165,9993601745941 649,7969800651238 446,9308381370591 416,022725255229 90,99834859741125 5,385635600103504 0,06521305384466339 412,39243121188764 1,0071114324466302 434054,0112358226 1
933,9994395272046 32418,524603064772 2,003111977880808 162,12270312584045 650,6957248827421 443,3430351607977 412,87253432572385 91,75136400621055 5,349197908076298 0,06499594791906495 411,66340011170263 1,0050889026875538 431790,69185408734 1
921,396309811965 32301,88566490409 2,001581665456887 161,40016712542538 646,5921291937902 442,0824530785984 409,9576183177775 92,30960087931815 5,396176570496191 0,06543781951355684 411,6548068412598 1,0052290905829067 431505,7511320354 1
934,3982753050368 32351,11271429797 2,022503210188029 160,4790428964776 646,4365675360114 436,27098578323967 407,6958814708944 91,9130160718501 5,373219790189925 0,06531076376572006 413,98854835240047 1,0019178264178483 428901,50757963007 1
926,9681055001682 32625,62280797254 2,004881403180211 168,75002689907743 655,4297319584892 439,68824186680814 415,89360904679415 91,47552670584349 5,429435282176162 0,06517320277045414 412,6302063710619 1,0026020128282835 429995,1635690269 1
931,8235798103382 32549,756930254465 2,0013066522201473 168,77879285066504 651,9094493031266 439,62190575855476 413,4045408243993 91,43019477162824 5,3579259877131795 0,06512760680165085 410,6360040807781 1,0066005503373538 424657,8981692361 1
939,9160284625307 32163,76483535124 2,0167050536408015 172,84123219179818 646,004387705849 442,9800245663575 413,1671961837143 90,95210255643232 5,3694913961194315 0,06551235784766048 411,23995962293617 1,0068463843212456 426472,00865851116 1
926,9576684057822 32489,550427299775 2,002665334315262 172,65988525234553 639,5295138127344 442,63250731470833 411,1960932230087 90,65621018709942 5,376272240689243 0,06619086305814867 417,4844521876291 0,9954526785568876 424065,8157966509 1
933,1203896419171 32711,67406593174 1,9857765613753102 181,09974012802283 666,169926672921 443,04125718692393 424,8914706426828 88,58278231972736 5,398650528658387 0,06580589541936112 409,92392933686983 1,0025378479163194 430696,2413606655 1
926,3972745583784 32528,591209291975 2,008936416528369 179,73897005621117 666,1365717499394 439,7277600722941 425,23689953234737 90,28392504318921 5,4039439032838 0,06629030958246626 415,2155567676823 1,003668699172861 429987,2567981235 1
925,2320441573243 32442,27551510015 1,9965178695526098 141,53449449796102 668,0355643915182 442,072858736879 421,0237753239424 89,71797060321119 5,381673722627839 0,06573325152375058 409,886826459231 0,9967609324486655 429263,47408675257 1
