Co2(scd40) raw_signla(sgp40) aiq(ens160) tvoc(ens160) eco2(ens160) rs1(ens160) rs3(ens160) rs4(ens160) rmox(zmod4410) tvoc(zmod4410) eco2(zmod4410) iaq(zmod4410) resistencia(bme688) Aire/muestra
855,9583213771484 26270,622505675266 5,021173524218407 64961,48673893427 64451,7249471233 1,5068893239609902 0,798330563203812 0,5602327892425143 5,3561661066512105 23,58747156494671 426,47358440241516 6,021609777331495 5713,082698332956 1
857,7816958260327 26263,4968050584 5,0453453716832675 64432,59099667952 65400,2352582725 1,5022951068063701 0,8172782363865014 0,5882342823355589 5,348978347154057 23,620825070567935 428,70619133941534 6,075673874814646 5645,295608048528 1
861,0588454054669 26286,236946636636 5,004823684857607 65171,23730914321 64705,45258682791 1,498068757496915 0,8145306562216065 0,590418620880559 5,36231332350041 24,39248904690927 429,64894107741225 6,0212714019787335 5693,869874716051 1
861,1134180467518 26232,50307272058 4,9895246231340185 64987,98756537893 64902,7473452396 1,4876876835527784 0,8458645428087277 0,6026737310686484 5,370605459484017 24,448970200574436 430,67927393971496 6,002643828166008 5681,246344660913 1
853,9841695527692 26342,471803775978 5,0382866287242685 64394,50393223834 64393,64844988791 1,5129047852338227 0,8376211281079454 0,598423290109785 5,360485739538214 24,790645136976526 429,2539742285067 6,000210595296917 5688,470123608772 1
858,0560578593783 26195,565523694622 5,0194926126297155 64933,47753497362 65775,63668644855 1,4864704196065768 0,8402463931403116 0,5998846763809055 5,322895660882436 24,971809234696465 430,3661295682609 6,0184098094203495 5700,941366882424 1
855,0459616009683 26378,73497788812 5,009276535115028 65376,097099268365 65314,651951078275 1,4864646803387316 0,8361827656791628 0,5890538417599285 5,372821568743565 25,574656663341507 430,11214452221384 6,0389163998181 5694,966701263639 1
861,6300152924562 26234,878357638576 5,000198144379246 64987,71553314058 64736,06060151262 1,4620079682450535 0,8470210854091053 0,5943071145845956 5,317996046770049 25,38144970497338 433,69121736619627 5,9418750034438705 5725,099826597101 1
861,2704338158485 26269,690259487645 5,050046963687778 64757,40611033395 64927,02509343074 1,4625926895776737 0,8251380329824625 0,5738477252660883 5,375068917561759 25,380081784011253 431,62864433652834 5,9986162826411 5658,328153768366 1
860,8428439114873 26560,926664641946 5,006510600730768 64736,55001737176 65248,03992313523 1,4603884852383233 0,8331660352574726 0,5849518433333671 5,409253161982442 25,687828227593688 427,0220138992481 5,994596847687529 5688,299780686825 1
862,1244592586718 26523,537906908008 4,99454846312546 65470,6347028837 64882,95254473609 1,4432888212851538 0,8402781977205689 0,5889328806427461 5,31279942428151 25,68233355697441 432,39528106905396 5,976168879068856 5681,772595184227 1
854,1044012633033 26305,66616277645 4,976863362800687 65142,651101266856 65262,264511329515 1,4544894975056921 0,8466071684251116 0,5920649918549609 5,360920207422117 26,287128367015114 428,4740765489764 6,013388634744551 5653,303741838458 1
855,4640287189105 26349,417717218064 4,970021019837944 64538,865592546135 64752,997528618864 1,477618961418259 0,8567850074467075 0,6064665681289997 5,395256420941106 26,449705128204005 428,67564963755905 6,008249961509626 5688,890232183004 1
864,0326403738869 26209,626731694763 5,006846363515348 64931,25273044203 65425,691239189284 1,4616935013738663 0,8691905612794915 0,6129540193134019 5,383284950833011 26,1492542056465 430,80833189042323 6,0453458663600586 5673,634701833649 1
860,7313732199881 26615,299875054523 4,985904601994935 64344,41049557339 64785,52292226575 1,4711745527716844 0,8644591919703639 0,6210412108239415 5,326775010568288 26,56590951491167 429,4396570084115 6,028273851762421 5664,812158905636 1
865,1533489781218 26463,914085656033 5,003131725307131 64869,82597977275 65620,04178724132 1,4500611003239614 0,8608424652026716 0,6112018194119218 5,358848205649148 26,742474042636594 429,1402132462473 6,007338319873402 5662,342903459243 1
862,0508709178075 26672,61415437334 5,006669851781113 64874,37437495501 65693,21740177 1,4590602309407181 0,876072243492186 0,6087534265537345 5,391481515758129 27,0156400941315 428,58286621665343 5,9938549042619265 5747,562095512019 1
861,4621307761325 26470,847374368506 5,023554525942336 65550,13652928657 65668,32810122738 1,4625906173048222 0,8790999346040294 0,6312031468898642 5,336276109354057 26,957552684494832 430,0128556645427 5,997319756520275 5702,143989812005 1
860,6100277207357 26462,518387507214 4,938356440960411 65739,68785501964 65330,22003177783 1,480474907577985 0,8827148182353278 0,6257340225286014 5,408159597011892 26,93919009620838 431,3112295944359 6,018405249891289 5659,584512453158 1
863,7915802022698 26487,17348441713 4,999609333133493 64986,43083437462 65474,091387879 1,4682227262731777 0,8910491304987443 0,6296730108144358 5,332789608358315 26,995959198230445 432,76954312369116 5,9616237263931 5683,611922366276 1
852,648426665156 26272,114660197974 5,012091610389117 65233,080431234084 65133,95958896794 1,4657345378168556 0,89045398566625 0,6324594288319038 5,386451014881772 27,339190575687315 429,3265974021753 5,978818980029561 5692,069339396577 1
860,483149736664 26700,727804478098 5,026540886771215 65647,65806245661 64904,31628050458 1,48058017356749 0,8942984910281339 0,6327828314339934 5,3896946143290565 27,35726867084614 426,785239955409 5,9752677596383945 5684,4148298884475 1
855,4421868928558 26545,874789847923 5,00228970347398 65171,348363882884 64845,55351811215 1,473277685954362 0,8931953801049813 0,6311013165691725 5,407880250425226 27,493545165274416 425,9007399347691 6,048516994914396 5672,554030973595 1
856,7467802037379 26267,26984276624 5,021936573724259 65224,41523035454 64849,748972421396 1,4645812641867084 0,8904616372684949 0,6339129192570429 5,371704144947796 27,480633964963197 430,1937251044343 6,029516842736015 5639,486338628013 1
864,2189455750836 26688,26847905407 4,9685672897988225 64853,8299725217 64833,54830784642 1,4257412560374239 0,8677428882211409 0,6029181070004245 5,3906787080181315 27,80860185476421 427,7917110512376 6,0224728708690165 5671,517832795752 1
857,2919804430734 26620,82747170379 4,966637245613935 65192,36712500176 64726,659358839475 1,4508820309942523 0,8766466210308861 0,5998780536454319 5,391770673212115 27,87332771695124 427,78182537155203 5,992480762334791 5675,23976194064 1
861,251871871406 26517,2421611521 4,958320556214073 65010,06743573998 64905,36851703344 1,4369596671049916 0,8400417430237053 0,5905643705443153 5,394450958250386 28,019482191845235 428,4049326774393 6,01493370326336 5674,205706861607 1
864,4715396470216 26592,49125737841 4,981297422495247 64474,47218290148 65136,00285647197 1,4319010463587245 0,8405566435032604 0,5881539612026838 5,330230653721113 28,44190981716557 426,735880704581 6,022708226171268 5676,390279464914 1
864,3916998337372 26443,21529942586 4,973164177963806 65456,3017671086 65457,12932221218 1,3818284092045432 0,8219962673688089 0,583820130124763 5,398522938046 28,149368260821266 429,27641280286485 5,986124425730644 5722,836893306346 1
862,9313587053663 26676,708940159726 4,9890252502867956 65212,01070461945 65163,75034275424 1,3698116162167886 0,8173448352090452 0,5812354776786913 5,339380751706248 28,408029084230094 427,5632069415949 6,047128857594714 5659,039260763606 1
868,621196922414 26644,024325310544 4,983180012913657 65137,726599977126 64894,922396479626 1,3874678345418914 0,8231268551991452 0,5811442070061696 5,36884284951799 28,38517711968743 431,92641105315727 6,023575865167308 5685,75831520794 1
871,6859045040818 26808,018094409792 4,99371312889477 64493,037714127815 65238,97269230869 1,374127285518665 0,8217503398878532 0,5785478337520874 5,39067990108049 28,50924872877918 431,7526816797614 5,962976616502771 5727,420002237399 1
866,2616825058487 26466,80065223827 5,033440060921234 64753,015580848376 64339,049411062624 1,3743192817482148 0,815203069932987 0,5828533773150356 5,415112646206475 28,5749969211219 426,348501580311 5,992123682476378 5708,762351524688 1
857,3436233568594 26541,99291911758 5,006922665699508 64960,34205210569 64852,316392273715 1,3872786135372586 0,8186885645207499 0,5937212573154934 5,338633459135486 29,067772684302987 424,6608071703403 6,008298713815462 5727,253873812018 1
863,9686491478924 26524,553272861573 4,960445278365022 65050,56522953363 65053,02341669975 1,384203882043 0,8181886878347474 0,5894099830955154 5,366866416356398 28,5095937652535 427,397566499746 6,006716711123163 5697,820684521901 1
861,0940045903441 26382,3377758631 4,968015117927384 65095,34286498053 64918,24027898157 1,3706773626498263 0,8262988372570095 0,5888713238401455 5,376490631668704 28,795434146069226 428,9209337527159 5,9867687078610565 5656,876011202294 1
869,690630536877 26601,597883759387 4,965665018983565 64582,257606095845 64850,57485151479 1,3650581389809004 0,8369739294113433 0,5903897122638874 5,374468803504847 28,948492733982118 434,8163458399113 6,000607677367233 5614,2809816851095 1
868,3342289050416 26540,141486291315 4,98886749087051 65129,399699492606 65573,40179589092 1,3988493284852364 0,8516437480187873 0,6002299723428517 5,346210502165615 29,06868049095044 431,6549033297883 6,045063786168702 5591,397658499977 1
861,2034822870781 26669,74892126611 5,014894749125929 65055,67519706646 65262,47246460393 1,383103378204222 0,8488357450923203 0,5939321950219879 5,379418597254635 28,677966559791624 427,5625775040904 5,969118465120035 5736,0433312666755 1
869,5575951081211 26678,137502125006 5,065037795223816 64911,92397592746 65253,660706778646 1,3819181647887582 0,8537136887971533 0,6119747701897303 5,332875325573872 29,047820256502177 429,9685626653583 5,957304641004224 5651,801667379724 1
864,9074684656183 26572,6428769943 5,0010639350788 65370,01758634098 65771,49643064583 1,3960374232214858 0,8536803400892348 0,6129004356901405 5,367082147612935 29,01735189176321 429,7509137454553 5,969468512655681 5686,891747322011 1
867,4318685016142 26771,733743094526 4,946714709009454 64864,28597989626 64548,84772835098 1,38594346396708 0,8481552009369451 0,607368745639293 5,3961540647762245 28,992529886209276 428,7122837041132 5,961034991743932 5665,336156184183 1
860,8433291772998 26702,739350997457 5,012847893528583 65210,51582916539 64359,65922220861 1,3912179091156642 0,8578278379742619 0,6164001887590871 5,364643071336011 29,190229976003817 425,63923761831927 5,997693945566879 5696,018805945371 1
859,4308448026412 26583,83501790285 5,016855750809622 64880,435815686316 65244,7793778273 1,3798486098917961 0,8605145485113949 0,6122117667698082 5,369528848842328 29,186417319961645 428,274514041515 5,986235151002791 5675,949612541542 1
867,8540646309816 26721,51711928082 4,984252524010539 65216,32050407815 65074,56154873233 1,3938902999738432 0,8580396654684125 0,6109343334443358 5,366026046355406 29,549780001081533 430,5966686509315 5,992900036987035 5663,43276984815 1
866,0246929140801 26724,679350131933 4,945009840426449 64818,943610242655 65155,2767223993 1,3991749898681942 0,8639347096619473 0,613608999192001 5,397200165529214 29,20347601204248 430,3769190446186 7,017584970819045 5697,305803735978 1
866,0873567359292 26689,0610548953 4,989287759912296 64658,78455956643 65599,63716791754 1,3809841706223434 0,8592911466920244 0,6026645883462983 5,376927297275092 29,388647055009613 426,99274277623476 7,00121663937254 5738,452055781823 1
866,8502957069777 26521,82771894059 5,015192398794967 65245,77792700116 64717,037301209355 1,3952576604212212 0,8571703146548726 0,5997505148317224 5,338754662948044 29,52695071758964 430,7906732964412 6,980284065324329 5695,152673759477 1
858,8245176433043 26682,662333269735 5,045133674911401 65033,66424577406 64580,64195279168 1,3923269587434215 0,8492460154377863 0,5988402932351661 5,356296887164993 29,347964601272103 427,8799933817682 6,995929110310402 5673,698728134659 1
856,5231578473275 26543,411008978706 4,968906949046027 65264,32551750766 65298,27466379271 1,3750890159749387 0,8522785033179451 0,6042455713723861 5,34081450563515 29,35303720995182 431,8372087473985 7,038712256981038 5660,9253841597365 1
863,3523043848886 26560,754905511454 5,019620769477143 64646,78082031539 64590,05811025787 1,373543418504929 0,8488698785975534 0,5983068806579487 5,394566675275003 29,62223564207852 431,14274955989646 6,978174289942291 5712,289395058739 1
865,0764283405223 26741,928439508465 4,959008521837494 64968,57509037887 64714,137894367224 1,3951238385434028 0,8529157760928822 0,6094766718149427 5,363501744249853 29,747141114639874 430,23449904368675 6,992710507644059 5690,194130285477 1
858,919606974185 26577,66680456871 5,034401135092615 64953,558210288975 65477,511986928715 1,3821523194601777 0,8584348413022286 0,6141929187864256 5,3547437991631694 29,391595149649547 430,47541923306903 6,910936780895182 5675,927965015709 1
872,1948944893669 26697,335033199237 5,018609090578724 65680,16723190705 64816,76576819858 1,3960417704032808 0,8712301605289595 0,6142066379531187 5,334825503742522 29,624487160780234 429,6309947867719 7,01245574353413 5706,204600727802 1
863,048267445514 26975,195304559038 4,968280793776134 64345,747023828764 64780,881530297935 1,4147995644513693 0,8713959745699863 0,6137335525148665 5,354320780884836 29,44238789921448 428,7880585383883 6,976132299689644 5666,138316928505 1
865,6818232345614 26867,653556856603 5,024180331743716 64950,23772217654 65093,86311965179 1,4140547813736921 0,8829248460475071 0,6184411039684332 5,386003200203617 29,752171545052406 429,11163271923675 6,948787868752758 5723,199367789009 1
862,9546013764882 26597,65971750671 5,017852427989988 64224,158269958454 64690,92770998826 1,4094162071511167 0,882850362353798 0,616276479390304 5,357340953827198 30,017826609847237 431,0571202786043 6,968616631235975 5665,634172466803 1
868,3311022127525 26724,29566055212 4,9345235021609 64903,25413971702 65261,398023680005 1,4130647317472926 0,8823160306847386 0,6281496617131186 5,4156183575735914 29,577684549982184 425,4922564566879 7,029602755171069 5643,88953485909 1
867,0995311670565 26723,907108923588 5,009384758827168 64737,22345137183 65420,893287731036 1,4069793957816803 0,8821314006939991 0,6258121529638487 5,359671352067777 29,87059567783116 429,5313234955217 6,967935531423168 5646,494354019245 1
856,2692193006178 26740,644998984815 4,997541108027685 65084,22091570172 65469,22653519392 1,405760006110013 0,8821341194549702 0,6313760952435178 5,394760424547667 29,950646044674293 430,3065897185439 7,026040181274661 5624,549178470431 1
869,8354043179329 26638,74270060232 5,014105685069743 65185,42876771716 65291,163200959105 1,4144818200928349 0,8931596428152119 0,6260676312386012 5,357817131959705 30,055980532346616 432,41288862495765 7,008761829269238 5683,012106463312 1
866,0617023040338 26829,763362405058 4,990248735438592 65333,85349974761 64557,2096937884 1,4275273764279244 0,8849309103936958 0,630565053286824 5,3552918933111515 29,68966047576891 428,5910254942462 7,010450331283723 5698,358159162239 1
863,0658291506576 26607,84234491406 5,020851907598816 65398,155248896015 64776,99254834182 1,4249603105896091 0,8768749885631308 0,6283447083035822 5,383872520626715 29,766026021824036 429,88206631107903 7,013263762631477 5691,984100832772 1
864,6966195984284 26672,40333780455 5,024899524149765 65711,19762268262 65320,75529392325 1,4205622060504068 0,8991646226391794 0,6274784784018095 5,322788583394233 30,1583013239926 425,9481652688224 6,984204454239616 5696,272924763298 1
867,0470386334244 26666,0101338413 5,033081023840181 65225,33219149931 64796,42135505412 1,4214951620168168 0,9059699904489972 0,6296373155434527 5,318454701957755 29,89508164475835 428,52899706352775 7,011716202274948 5733,875655951882 1
865,3820129275362 26720,306083104122 4,9902582529231605 64996,87578622442 65290,179250878195 1,4282352942826722 0,8985617035909094 0,6287156276874769 5,38668126411741 30,015935325016017 429,36511576393235 7,078992447639704 5678,179203482663 1
866,534819456092 26883,595495968893 5,0159854616119945 65618,60298158204 65216,616308431076 1,4723665764952052 0,9456217443706141 0,6896289349547835 5,3801301764301614 29,77883084347421 429,0342850107977 6,9953121418213 5672,744341751475 1
870,2224157009458 27074,119490837737 5,008903167349641 65495,366121783394 65085,15935162289 1,4795762479011692 0,9482211170578473 0,6847292783382353 5,340901186606996 29,71479542906307 430,0511369159139 7,031821516759676 5688,457128002115 1
868,2856981822282 26845,564913335427 5,016468634297357 65312,70705161084 64784,73490175722 1,4902177385758932 0,9463997107941089 0,6817282522701787 5,39276649005637 29,60224147335516 431,7574004703401 6,9835346037034 5650,8327227469035 1
875,9119658642127 26485,44033073429 4,955905691498805 65025,48806067345 65107,77496751811 1,5389294620502922 1,012125488866062 0,7187043451873184 5,377322154750283 29,5374123797087 429,15105927058835 7,007887140109443 5697,503989427011 1
864,0595123328599 26716,230933335253 4,9751895771102035 65053,732894568006 64962,261046039755 1,5311748550989566 1,022633016362989 0,7117524862733238 5,348066550645095 29,47666086397619 427,63900550022606 6,978383412249337 5647,392959578745 1
867,4561386063908 26709,960070852947 5,023043268580436 64906,28020226635 64259,432726635605 1,5280837495843005 0,9817620024766168 0,6679735904268925 5,381847346290723 29,2454592574118 427,38502757084296 7,065352316396333 5682,974270805322 1
871,2010517625157 26998,569840321237 4,970863554752551 65015,06201858591 64744,500405337145 1,526840906780818 0,9839461505441399 0,6693672793950114 5,380728660938931 29,620750309285796 431,8042585171354 7,034026714181815 5651,645372084138 1
868,168156439319 26749,488840887785 4,9671445583971865 64866,41625905077 65351,57929388987 1,4683368053961154 0,9331223766461811 0,6415139999183462 5,366872168764251 29,521859143011127 430,3642972359979 7,012413262082228 5646,36570528877 1
867,2678460588896 27002,44586069905 5,00829973682165 64556,70494352231 64618,25881105977 1,4844497354454977 0,9346766684302202 0,6473563508324982 5,390559078348993 29,729780580843073 431,66016058307537 6,997727523831531 5705,865059998888 1
874,7124705832207 26810,31640843046 4,9541690359802315 64628,487541934555 65295,690243660436 1,4652062783535684 0,9190164561264784 0,6287282737260813 5,35892388933502 29,971134051867732 434,5427610871335 6,943208805576301 5737,0960183928155 1
868,0410449209122 26743,137732964937 5,009455051931032 65001,84166039107 64771,44492712925 1,4614659888282377 0,9252471023059425 0,6339820539673567 5,382154801926974 29,51098309252955 429,19585137370575 6,997918123863336 5712,534558786488 1
875,6287257050891 26836,609569410815 5,019543632278988 65309,49435847594 64690,75788257134 1,4665385326221398 0,9085725163152812 0,6281687631223907 5,329662544656846 29,73170369891244 428,5984935051159 7,041533349357414 5748,291217778175 1
868,9517724941661 26795,88801797929 5,03340146080277 65335,36836723782 65203,579235943784 1,4629414899371131 0,9208190231406562 0,6437316634170895 5,37125362131771 29,481371694140957 431,320209178326 7,028345055659816 5675,018799274938 1
877,1810812793406 26634,554205354863 5,001365961887401 65517,28905394456 64322,58255124433 1,4550333672246838 0,9191119743858461 0,6361806874712808 5,421530290043861 29,769506701090744 428,0948900169249 6,9942514986678965 5729,54528589071 1
878,5602358426481 26938,633768285184 5,029015682074883 65128,29743037907 65484,10372357979 1,4716720511803782 0,9370773788169898 0,6493505552761348 5,380406976164514 29,535493122133076 429,45688664147366 6,986516954298131 5713,013472064486 1
876,1744545011718 26797,398985883705 5,015233886264444 64997,36308198304 64766,552375761574 1,473157215952712 0,9277337709686246 0,6511069692454498 5,388401304553365 29,681407047164946 425,7972590957139 6,992613313554072 5683,996140357459 1
875,8409468520031 26741,864502384647 5,049975615881951 64556,83630986858 65189,27038805499 1,4935412050186565 0,9559059110948418 0,6757239991795702 5,356544672034652 29,53662643075614 430,0499180340912 7,0176668936642015 5651,476293088159 1
871,0282955740352 26989,1860663765 5,033569665684662 64817,646555415864 64975,208551321055 1,4838177758351876 0,9443661217164755 0,6806317159414026 5,357172055020167 29,403395481109193 429,31780876353855 7,012957606631538 5703,2764095462235 1
879,339169403565 27038,074211176594 5,001440923859642 64948,90063014474 64538,387649457785 1,7021594204989055 1,1675317787068875 0,8969688311041245 5,386748382381053 29,550811238246506 431,4263491218708 6,94589702755467 5664,0880096402925 1
883,2291703041824 26794,891473810912 4,964423680497061 64666,79771746666 65310,358014159945 1,7057657143879932 1,1534565957845573 0,8935978496558585 5,334757912808028 28,57059067920826 431,5998125248772 6,973115547977355 5656,269972575201 1
885,7217290279738 27398,331787551346 4,987500258543997 65090,23341269944 64822,912702866844 1,7097069616392169 1,1508445575873565 0,8987651439275742 5,347274361630282 28,549308024958634 426,08801011049746 6,975784889114495 5717,181438371015 1
882,612469614308 27042,018061361247 4,9870443095350145 64549,466898336155 64398,27575826633 2,1208772052873854 1,5313209737473554 1,2404193935254673 5,373842786065647 27,52431605351795 428,9013517656659 6,0242011270523195 5654,152813406387 1
889,3963267060602 27326,963579146195 5,010510750759352 65437,336566726175 65027,51719111259 2,094357733722029 1,5456866045107964 1,247451710047154 5,383779636182755 27,69649668583732 431,60178550969846 5,999481795183754 5694,395523716312 1
891,9645384341766 27291,867065426883 5,054734360675523 64600,526553499316 64806,336427671944 2,372412905115281 1,7731983274313665 1,3340502278736956 5,317729839494182 27,53751242787754 430,26383314227354 6,021004927948872 5686,034524605198 1
879,2435776615529 27338,378923098197 5,007440220649247 65316,857408936674 64705,54484544255 2,3722330272872707 1,7894091059323862 1,3353038041901675 5,371552310059392 26,695951276803324 425,8886741923648 5,970969315324498 5709,619617599469 1
884,825135402381 27333,541227985133 5,035677396417377 64804,891472487005 65185,67358186141 2,0355973769181532 1,4557580627741018 0,88963050216833 5,372624406162354 26,383316257958302 417,97049365823443 6,007663609028534 5674,18036274516 1
878,7188046365201 27021,7618198321 5,040430041824293 65177,52704893494 64952,27303241743 2,032370276967917 1,4592496544038884 0,8822529070472841 5,363575466608157 26,59868533662901 417,04517500651735 6,044252962282996 5697,132112947131 1
883,2882375669918 27088,153506842275 5,014793142719254 64455,09723494293 64796,93702128715 1,8723824083972107 1,2630919726041445 0,7994669063849947 5,38666590431195 26,592199410432595 417,4048231624891 6,027806319522124 5711,075747592713 1
885,3730712760727 27126,06272259832 4,989818779678043 65425,866269252074 65096,28672652289 1,9022291437219752 1,266115151404106 0,7979952732795688 5,354891131163076 26,637992555781317 410,11799454940444 6,008047791663477 5671,110934016059 1
887,8245639634907 27135,34822104296 5,012287821277085 64453,067398626146 65109,14303126791 1,8747002848977659 1,277715707953497 0,7991081427652704 5,38599811817015 26,594048147461983 413,56291004317114 6,016250723303293 5698,196178314744 1
887,6453502171435 26984,671357065006 4,991436023270373 64549,56878960954 65185,32905300949 1,9368201751214962 1,3180514386726305 0,8894324549551942 5,399496878669834 26,826296592261674 410,6167054462128 6,006821799645 5728,213756480517 1
890,2628309367707 27052,46622329877 5,049953011787758 65237,13601471122 64912,61106516917 1,9366258943099595 1,3058405073615817 0,8909461628923021 5,372714586038223 26,516968347216245 408,80377006598263 5,952141609670057 5673,76571678176 1
888,4849320186011 27078,792550317303 5,000725836914648 64697,95751363718 64470,5071905761 1,8408442156030473 1,1952144781562404 0,7547706924961621 5,393625826730013 26,453188531696206 407,0869768305913 6,122777803073156 5670,342581138332 1
896,139071997256 27046,562746417658 4,941949009962352 65174,34719791828 65255,66140316695 1,8175531073061155 1,1993911968378281 0,750286900244735 5,313756162788249 26,789192808819998 405,73889954636263 6,020842461676489 5709,588341927801 1
