Co2(scd40) raw_signla(sgp40) aiq(ens160) tvoc(ens160) eco2(ens160) rs1(ens160) rs3(ens160) rs4(ens160) rmox(zmod4410) tvoc(zmod4410) eco2(zmod4410) iaq(zmod4410) resistencia(bme688) Aire/muestra
843,3800022654032 33448,887245719525 1,0019056477167916 46,12067855064044 450,7555838844327 665,9784627396732 712,7740611899717 109,43934722526053 5,461368225748879 0,017178613228198903 398,4341398031366 0,9952438476670833 601887,9541590748 1
840,8227932480117 33273,134242890956 0,9968001958637213 47,83810655164432 461,59923345776326 680,4362171250789 734,5170740636911 108,74771774898487 5,4722985512801365 0,017236455783301984 402,04878952783514 1,0014018840431185 603377,8989932969 1
841,6493087193196 33246,20477592031 0,9977846711583787 48,46810104866818 467,5261778882664 686,2476729573546 727,6391320685659 109,23397382931779 5,425007556310257 0,017499729274486852 404,20799690730524 0,9976714676829938 601681,1527139922 1
848,727208690083 33498,22644418085 1,008229964093501 52,1131434611254 457,8062329764526 656,222876976239 726,4901299665132 109,15727644876202 5,495258777040794 0,01727289000603161 398,58504328423265 0,9992199920945013 603682,9721434714 1
844,7324959542995 33057,10502303457 1,0095004354963395 52,13834302184657 460,19074165770667 665,5303276040225 724,8451748560069 108,6960762473987 5,457037470050065 0,018261271357235903 399,1008121749819 0,9962666637191139 601178,658674606 1
840,9287755099509 33156,26804427527 1,0032786482192242 49,194188667501706 460,9795659266538 663,1513498186409 717,2733868632048 109,40896846178182 5,464429867409127 0,018216555963524898 395,74774800311684 1,0015463674204308 605018,3211980973 1
844,4940384832231 33137,7956049189 0,992323786814134 48,814708648922746 452,47691496517757 650,8017857043718 714,8111562126134 109,17297522055735 5,449124851947056 0,018871312686796454 397,6182322504037 1,0048167692267536 597248,7825802878 1
839,9130960483169 32917,39200645645 1,0052552673866306 49,06736616209437 452,07704741629146 645,9353793081666 711,0304152910269 109,51788215131928 5,433261297142802 0,018749407297309267 397,8179617970849 1,0066847071491254 597736,8852315687 1
845,0262138989311 33393,141513965544 1,0004070780365468 41,37420769496727 439,2172597776514 666,7985733720733 717,6751397547201 111,53106016056206 5,470840675744749 0,0190894984849024 399,1013315481422 1,0026808739323476 604001,3067906155 1
843,2519373378941 33265,27962351809 1,0011666470095544 41,13704946481334 440,58317226929483 665,8838983223304 720,5355639892426 111,55397090262669 5,49264207692104 0,019625216437214262 398,87207964823943 0,9918262408894474 605810,0969525374 1
840,2295712670357 33177,50343888808 0,9966101868699706 39,18457012184677 468,89655253277647 662,5699950812171 704,5836702137304 108,8385359309569 5,505045225514551 0,019557991355835892 398,95141198642506 1,005833952891447 605474,615573176 1
847,444111275473 33034,39203307196 0,9993332927939254 38,895531219380715 470,3806069415576 656,0741903030654 710,0899601413122 108,77548207786185 5,500958189997054 0,01965981829794065 402,5750099227369 0,9966662103513454 604256,8686094594 1
843,160308802602 33025,52304955301 0,9906966765581615 51,36574022556458 461,0716472329628 659,4093479375364 709,07346987989 108,71413192468746 5,416579789501877 0,019738718405659304 400,6908775259393 1,0046462324320702 604006,3209178813 1
836,3935870360241 33403,37780088781 1,0040942468541116 50,965201623715 461,1484898623523 656,8932121596138 707,0552107760356 109,70087234939623 5,46634704921087 0,02051949211542563 399,0388600641082 0,9975542430730105 600430,919138181 1
844,5809379300302 33400,103094201 0,9886580373568612 55,96159961660797 459,4664712701012 654,7538114642947 712,6746662651504 108,93407788512206 5,398551765621928 0,020623080734501396 399,8172192567398 1,0037800546251332 598440,5438399973 1
842,7168070494769 33533,24084428262 0,998342590360952 56,04046909166716 468,1666609761642 662,622348065991 710,5297942740702 108,65794964824742 5,461649676769255 0,021042019849887014 400,8427383347538 1,0001040080639343 601594,866118036 1
850,7798954230924 32997,26311668603 0,9991469404153726 55,70700017911245 467,5931005893178 657,3151688304118 705,1115510473692 108,0433710073468 5,47238351732292 0,021246638730358154 400,00947227461 0,9962592621542683 601513,9297124733 1
852,135897225957 33166,34353698809 1,0057107447315135 44,23983218521253 444,5540499274051 671,4190951769684 710,0497621851606 110,53174105024995 5,500732784134392 0,02118951802353077 397,06417973440614 0,9981173969060989 601855,6037716643 1
837,8198269388727 33359,11239606119 1,0043912804440362 43,79719899537105 441,9114910394477 675,0403214828999 704,6668710417546 111,07163643046536 5,427635042295922 0,02147361438821462 402,8879307162201 0,9998539521124221 602482,1318537298 1
840,414690070076 32935,29430109226 1,0010323528342475 49,57209974209683 458,3241135248772 658,6769559140505 698,9185489163898 109,04916331739102 5,461805818817946 0,021530417362061925 397,9033260822651 1,0018652293558685 603468,6518472789 1
849,7492587862794 33206,14182018917 1,0040067265098678 50,280440861833256 455,9276936130557 648,1078410251583 698,5402325236333 109,79847596921782 5,46550850125347 0,02173448501492017 401,11665851484156 0,9995217713743264 602175,4608876301 1
844,4434901421296 32901,13227016173 1,0017251949661068 45,01318221142654 449,41622397618914 663,2653824042006 698,446421292302 110,89478124113207 5,463968680123991 0,02204209303577497 400,61753978636676 0,9982847691842542 602459,0652013923 1
843,8013439637404 33234,427690174845 0,993882953033605 45,3577944502306 445,8703217854674 653,8528851271478 701,0414860603673 108,93245122864211 5,458067623816187 0,022377513451683834 399,6439401082356 1,0082150973709079 599648,2075506556 1
835,7948435281397 32980,71685626593 1,0055607162986864 60,310086174675746 447,7159094714964 658,9743152090548 700,0723037008383 111,10451445758046 5,497904681729915 0,02242016830921028 404,25811704886286 0,9886741899774742 598269,7298971146 1
848,2091159208817 33458,418439551926 1,0044565474179 60,23090326221989 475,8386349793346 644,5099106814813 706,0429828872615 106,74438992385998 5,43351136303916 0,023343882806844313 404,09736019223 1,0077332147340896 601921,8156546919 1
846,0614975748144 33037,789640876406 1,0028517187908814 60,20993360552745 475,0592804019066 648,2199348875071 705,1150544454962 107,3767594845481 5,458353923062416 0,023408980789038702 401,83836523239665 1,0075911344975481 596743,9601722427 1
839,1796927900773 33247,08635513682 0,9934940059620841 54,263619784736605 468,6148846631997 643,2484038053061 693,877834933275 108,14146953812335 5,456074435319225 0,023268616178608013 402,17735675634333 1,0023056655277707 595218,8290450048 1
851,2839816034829 33270,88265460165 1,0022547065026877 53,93117877436813 464,77474075423925 647,4040783680069 693,0280133952349 108,13516482915371 5,434787066375003 0,024188460699534276 400,2643875389165 1,0025177897333986 596957,8538839153 1
848,9750536569072 33120,99288890539 1,0043438779020173 64,90378067031007 488,2741678486399 665,1397822458774 694,2798255822225 106,79468410947838 5,445470461595518 0,02417589397121117 405,62451318880926 1,0008654794282383 595248,5346797286 1
844,5900301823921 32964,30004130194 0,9937123580275391 64,73446236253388 484,24387151683226 662,0520578541814 698,067444607184 106,61437283084736 5,4338297090915475 0,02485110685922726 402,75018077406764 0,987270834592901 606525,8226956392 1
844,6319055433661 32854,25182285016 0,9991047536083063 58,25748588895751 475,4796418533801 653,8842096939923 677,5477203433597 108,22918198038043 5,478680579463208 0,024689971777206252 402,9459548270263 1,005101856994868 602865,0888351242 1
849,2537652174589 32954,595371821466 1,0053009435118687 58,24297369888557 474,81624737460623 655,5175528783614 676,385058415181 106,75506319284449 5,490494112543479 0,02535125092239126 402,254411944393 0,9997291414881101 598454,2179558759 1
841,503881275345 33287,198864759805 1,0000229276729375 51,095769175830945 470,88437532190653 655,2583906876421 683,5028340579574 107,80726224639335 5,468796022131123 0,02517142335317894 402,87487034439476 1,008457775544364 595730,3826471461 1
840,6917621341439 33149,67067999105 1,0095865143880067 50,84640861419625 461,8040716703117 651,638765646433 693,9020611534604 110,6379816093248 5,444855499421496 0,025972201753434128 401,43497789165616 0,9958428061347991 598280,900031424 1
846,5340729417204 33552,5407493587 1,0027830925802426 50,71715301235464 460,73453717808803 652,9405746239199 697,5016076570514 109,36882514632833 5,496876629672904 0,025987141173956094 400,1639028454997 1,0084145572939356 596376,0202296105 1
845,3277140053243 33065,263770168436 0,9939810727329222 60,530639602586696 463,26436783926204 667,8428590245044 687,9580022370453 108,98341029513078 5,483234551085924 0,026153585753869498 401,2260591989584 1,0066676639968808 596490,7519053033 1
836,5894718428368 33211,05850635751 0,9999463294170948 60,88085028741851 462,7944504004852 661,9084211854414 691,5973289444714 109,33858786671222 5,470033499675297 0,02683183555643397 395,72648267245165 1,0063619045770296 599979,0954979022 1
852,2059990106936 33197,60596665732 0,9981273450512025 49,928694981311004 455,79465348191854 658,2121647392962 685,3094064391947 108,82912745725433 5,482222916854772 0,027096266548475703 401,90210693446863 0,9992349933275823 594766,8445088505 1
848,6967033488546 33211,68235546003 0,9951549989848805 49,9442857827735 453,0130817320046 656,0687790202938 692,6410979574428 109,404314683155 5,455767960813648 0,02723302658059951 400,07671126350635 0,9981050694150572 597280,4410405129 1
848,3621574735789 33292,83729708286 0,9953215621805196 51,084803870894426 463,9010733451721 640,8315688822743 681,6207465112547 109,47984768155682 5,463443921417328 0,02735945725049252 403,50564086086155 0,9886460931731839 596692,0350161045 1
850,4122665906175 33312,24264635173 1,0049144208893936 51,2446427552566 455,55754490210467 645,5546403938326 684,8288022511342 108,12264465087104 5,458099498307888 0,028215442603464744 398,4528095602133 0,9902318975595192 595441,17200774 1
841,4562165943846 32988,07181569093 2,010823109759813 65,09641003226669 462,42170433872144 644,3733282412427 682,5714056418725 109,26855365044686 5,398667977929227 0,027759300998419285 404,07143360044915 1,0086237508489941 596152,3001491785 1
840,8035841925752 33161,97193098752 1,9774341741170323 65,36125767253375 485,29471400354953 654,9681766840223 698,927055502062 106,38044653627679 5,434108485432897 0,028697907816237565 401,6531757729626 1,0042190019181836 596336,5593154818 1
850,1608484987592 33075,423438696365 1,9849728577827073 64,8554921601214 483,4134916196195 648,7696440722406 701,2160938334083 106,24319932235734 5,452744141453479 0,02864819404425963 399,89298399175937 0,9953625901770594 599407,3776688824 1
842,9160681615106 33122,5524127415 1,0118587719207572 58,083183993267944 468,9369399007142 645,0487095167896 692,1756288404325 108,65790378613539 5,42777653919754 0,0285970301539243 401,9359332402765 0,9951776997155823 595575,8828399689 1
843,7625173500428 33210,774025861225 0,9915719611933269 58,26114216132118 464,319337332108 646,5068617981549 691,4704518201021 109,22796429040781 5,489365686754994 0,028817435155225807 401,19673583822413 1,0004462333443638 587351,6420375701 1
849,7244404814346 33198,46681812214 1,0076497383423075 45,541636280876354 450,6310603728217 639,5610703630798 693,890643960949 110,49712083482268 5,452256075279765 0,029209821133531415 400,999412057192 0,9951333275752196 585768,481288933 1
851,6695300111704 33443,14351844575 1,0002891104596865 45,955222695466716 450,49037240662733 640,9119352535419 695,237197519631 111,01205112121997 5,464745124975224 0,029444065062065573 400,2087318418872 1,0014253305407443 590136,6679042872 1
849,1562935571827 33229,51826019446 0,9996905319905574 52,16806488009423 461,10138498603754 644,4557503972102 703,9708983123612 108,07487065632515 5,433040557900351 0,029493481511711106 399,10116024319404 0,9976146976690645 599293,4501245028 1
847,2234941951314 33163,767002211105 0,9970805314807977 52,23721875420598 461,9584790432844 643,0502177563167 702,4947017947841 109,32464331126103 5,460571485685357 0,03010840268696766 402,6956112698819 1,000766278248909 590044,5815062913 1
852,9353457908722 32913,30150955719 0,9985904111500906 61,33120673576294 461,59739551332086 655,180748527395 701,9790517238486 108,77081213079269 5,457259880202796 0,029920646464031062 396,9629172408277 1,0015168649556205 592143,122169195 1
856,6250596051469 33219,78799292115 0,995833820602912 61,15411827849587 478,0408771228693 644,0343659826808 697,1926310981034 107,33630855123441 5,42306230454837 0,03077114817258055 402,0533442274409 0,9947824308249252 594982,8148199343 1
851,0923649697066 33056,14016686317 0,9908703833335942 61,06817360852353 479,16132500429933 643,7973761627931 680,0700197026357 107,09106815390196 5,448667699033214 0,030664911832120133 397,38387696909996 0,9998431388272098 592609,7352647468 1
844,2081674348684 33183,690760136575 1,996731303036139 65,55826538828799 488,0022788558615 653,0438948888125 687,4203550071184 105,81433303987271 5,448801391846459 0,030688882084905666 402,11757886533286 1,0127952979245478 592712,706165662 1
847,4745133364271 33109,02461731274 1,9904365453379003 66,22637108288089 486,240915086289 652,2905715600685 695,9062266777498 105,6794518871234 5,4901739089733566 0,03138083747224413 401,2137571046859 1,0038318344369477 592412,6987891335 1
842,7277787387193 33249,13170851723 0,9902980312528593 62,31786438771962 479,61044775680637 641,1882838075513 676,49454697117 106,97505057584428 5,440080033698111 0,03131096815842144 401,0590538593355 0,9947289861959383 596152,1509932069 1
848,3099261586731 33191,076165047605 1,0055988964800835 62,521477906335875 482,1606063807523 645,4695351449974 682,7293932282993 106,6137493368782 5,48973064331851 0,03184279028637766 400,5693676553699 1,0015657361556092 587947,0793229578 1
847,0605433454743 33387,33717211756 1,0028027048924002 61,889893842032784 488,05604918734406 637,329957846594 679,1374116786484 107,69769510481959 5,434862925855304 0,032128620282381996 402,682705308201 1,0033856288829077 593127,524516477 1
845,2298644006788 33292,20379214883 1,0007699974876911 61,67011208950298 480,26025498899656 642,3997765528329 674,938626629643 107,65543274524211 5,485008930945981 0,03269678133770377 401,0393787747874 0,996433350640907 591664,8123295777 1
851,4448762053624 33192,094631443244 0,9987647069615152 40,9531169937442 477,6862820302075 645,5585548677897 676,674471301609 107,20256161189836 5,451184175298202 0,03300596881296692 399,00252539649136 1,0022585397598451 592766,0260763575 1
850,8250082921929 33590,13069136836 0,9966225403312655 40,66462594359863 438,91749484851425 660,4133647313874 689,0332152630376 111,53801263352267 5,49493500928013 0,03328151269847387 402,4139430211128 0,9944363202294638 593472,8208999876 1
843,8220895581546 33344,99904409673 0,9962969555367527 41,001632205898204 438,5704501893172 657,5544651553625 693,8469063779798 112,07389494171703 5,442668117722258 0,03363828189351709 402,69124255238137 1,0006628323316102 590607,8735052029 1
854,2430712967663 33219,55567390558 0,995629873239258 57,66471557733615 492,8249154248527 650,9091425565115 682,9263067902036 106,3890204563423 5,454488129445397 0,03340285774680911 402,2231847366706 1,0005334731649866 588951,9125212943 1
861,609513671093 33376,74261548168 1,0013224588337037 58,199577559963124 490,74297240264366 641,1937709346945 688,7715142219959 106,92855737053415 5,4602612932236765 0,03392252403210797 403,19143515798163 0,9984187903082219 595595,9495125699 1
854,2558192358855 33412,50324068653 1,0058916338895456 55,09009472553014 468,38447331628805 654,8929297259907 692,8276410717755 109,11966527900168 5,470476760450473 0,034147279780898696 403,7506285643967 1,002118005764921 593805,8753136445 1
848,5282811248559 33217,75787679566 0,9954257250940644 54,80261641200131 466,90524557087224 649,0806546829067 690,04227314669 108,85453459876287 5,506646227586277 0,03440217351805799 402,46033966765356 1,0033934412017915 586701,8820188435 1
852,0687902420314 33360,41092206612 1,9961941919096113 69,4544885096084 493,13533521300155 636,4528874548711 694,6761664722942 105,30827816968475 5,422568900849136 0,03466033465199308 404,9361654366156 0,9933513272951638 589001,1047376404 1
846,3205790444464 33379,146787658814 2,0097147608257226 68,7545280610638 498,93786159926776 632,8449834038041 693,6836500088073 105,97698995591462 5,4439368017030345 0,0347050807938991 402,9097012375114 0,9954072123945048 594437,2201936832 1
857,6780650808741 33101,590721794164 0,9983792599590369 58,63174768585294 487,77406334754016 632,5288418954277 700,2328178837826 106,53427791826996 5,416440780189723 0,034891407762565135 402,2140238672594 0,9899910721816562 589644,6252262006 1
854,331545755073 33263,45708415097 1,0009176084448683 59,59410476451292 473,0453001875101 642,7895285736105 688,8228698731435 107,33048672847268 5,501393912453611 0,035644832046853425 402,6817984026861 1,0047992435170265 594746,0588650903 1
855,999054020381 33245,796033622464 1,0029969213097938 59,62646587167653 477,1043180520771 647,178618728392 687,6562785591484 107,67870654461045 5,478431038654794 0,03544590548285029 402,96286000365404 0,995305314449602 590480,4243330463 1
847,8619843900127 33428,86785495499 1,9990146776753093 65,29784849843769 447,01645956015176 652,1804091489475 675,7857743166196 110,88994140334732 5,465648597363686 0,03589005172849918 402,3631726114284 0,9935976651615359 587966,1312208315 1
856,1958465601872 32917,312695267916 2,006965018248938 65,46961466253477 448,03770518018894 645,8770482502877 674,1111315245852 109,59853326551607 5,437136136490217 0,036112956068348245 405,35857168873065 0,9935486993719826 604381,2647926388 1
854,2869955308269 33033,56565041852 0,9982047702627317 63,72371635451662 489,4708744782409 636,6835825520673 677,0029651642707 106,41668360800686 5,458421251199966 0,03643359955649704 406,8855857437664 0,9946350859471025 597486,8127771746 1
858,5177058999785 33173,79610141245 1,0038287274897704 64,29135412018097 487,26169774257795 640,5121360324288 672,7684637754605 106,4719581492875 5,4500409958779885 0,036679546494405746 407,26802422389585 1,0035488375272306 590260,7408366405 1
860,0035702292683 33328,20418857885 0,9957392288023735 44,63866829365405 442,01401183937463 634,1263323924733 676,7195956800256 110,43324891257498 5,456634099806533 0,0365697105256758 403,9762701962487 1,0085673040450207 591801,4293060302 1
856,0916999065032 33469,86638224185 0,999592267372645 45,009033687132714 443,56284676589956 630,6608839798023 678,900310796039 110,41536155828716 5,446356979628712 0,03711588704617682 402,71955955291054 1,001091788544951 595759,9348656607 1
847,5873119197341 33198,33497020511 0,9952070433931892 53,94635213128624 451,4430145451258 641,0175930690173 679,2164001361957 111,12290043543271 5,476706413220871 0,036971094155017564 405,7122908972971 0,9939789421741793 591878,9111872234 1
849,5856333333867 33447,03047138346 1,000018091945961 53,99344518476338 468,1246074153698 645,7867576627282 690,5358109696928 109,55310069976228 5,467798633580066 0,03775791658804232 404,0949728090921 0,9996321915422298 597227,868842355 1
851,7036390695973 33311,59481717358 0,9986853155804102 54,07117311648618 466,96212876071206 644,4620228778358 688,536960782744 109,99582448192785 5,462112642708296 0,03769250396927853 402,6572370218511 0,9971729737509916 592233,7172210857 1
854,3447840281028 33520,91700677933 0,9961476936884132 62,68604864494206 480,89154531026503 636,78423968987 687,594662251937 107,09707155060616 5,420313751262107 0,037594911066370536 403,65804302555574 1,0014352216913553 594608,0400979547 1
859,3664740308724 33311,01925184319 1,0030857372575794 63,07534005534894 485,236778915599 642,5179920493902 690,0256769963092 106,0373355341328 5,4229532416967166 0,03810603810978302 404,9153449482325 1,0044072643007123 588508,9716492428 1
849,8214568092097 33454,24745220323 2,000256552233444 65,88605953383873 488,9502185748698 634,609609188596 693,181343476396 105,61077331387324 5,4574735119995985 0,0374907617963655 405,2321616440776 1,0012036804328839 590613,2427553796 1
860,7972826099947 33194,71019986938 1,9807305745003752 65,32942726388018 486,9250272419488 643,5242634293264 693,1323690032269 106,07533759954802 5,479576522387299 0,037681630896575925 401,92448752223675 1,0001997142903876 590430,1363274982 1
853,587020960212 33316,52329835073 0,9972042861660848 58,26464317998761 474,6206874047176 637,8300247784672 670,7915279612556 107,89587065195352 5,410381526255668 0,03783403818343322 401,16322949530615 0,9966644399002389 585846,5046695403 1
848,78529599125 33297,03054263401 1,001532736637579 58,38152205576339 477,55817066602725 641,2394024203955 669,8775065184304 108,03185966833924 5,414601084528356 0,037151072552044265 407,98935380324696 1,003390864395069 586205,8339700322 1
855,8976510022012 33328,03080515251 1,0014207695960817 57,18395133009445 470,87500262768367 642,434125946908 677,1571889640958 108,91403451770479 5,449595204063662 0,03747971220656253 404,22049377452913 1,000997360868801 587958,6723529777 1
851,2639397477973 33076,83439560708 1,0029397705186691 56,828270312076086 443,0547642135901 634,2624826243347 674,408789456565 110,69825137819953 5,448573307575732 0,03817143741209691 408,874799816493 1,0044805458083539 600525,17616145 1
858,0151139432198 33047,80767013596 0,9967167561595327 57,261794226608124 445,76525287748154 634,7769320349199 677,4893457789904 110,43780030739326 5,4567132561944796 0,03836074120442724 405,0597330788391 0,9949792085110873 596832,3884019479 1
858,8708091619579 32924,776372306034 1,0006614497221482 54,786354439562004 463,5435305232776 642,8245186998131 670,4897181880128 107,96303669288277 5,4589610111001985 0,03840810467002481 402,1279344082349 0,997627433050233 591431,405072998 1
855,1953032420736 33115,45599168343 1,0105095338418801 55,29865632902866 466,53310411390447 644,8463923315644 669,3486872023072 107,38844313278292 5,454537202883947 0,03893783036444372 404,46740533256155 1,0023605146862757 591790,502964268 1
858,0996068029268 33082,50544546979 1,0004177860809695 57,93830356656968 467,18969140936906 616,6968173686212 684,7554204128204 107,94110499487492 5,460230061819303 0,038406425701367645 402,952573242917 1,013771396562484 596102,3279635136 1
852,5692077380514 33155,07984849872 0,9914685653320858 57,8789111353588 474,6326365810544 620,6646726010598 678,9595030204471 107,61335814248767 5,4302993691055885 0,03949408552904376 403,81736340163735 1,0027715160299693 588743,3363118089 1
851,1002359070334 33258,31179588292 1,0058112743629581 49,11179726150577 455,8431692412861 637,3695368809392 681,1398379612856 109,85980784898163 5,453498677419019 0,03936815947598495 405,8864852053938 1,002638973492384 589769,8508449582 1
855,3294349688498 33542,26332429323 1,0009638415562292 49,28279764196464 451,31286894278804 645,8996265539995 678,0681316903617 109,67700155458489 5,457886282083733 0,03996302301942844 402,20534951100916 0,9979511810584617 589324,0841931858 1
857,71486080777 33029,47708321038 1,0037006435765317 56,06989486016752 458,16945743409934 647,5531365470862 680,9085470891553 110,76721080448141 5,445179289673862 0,03989847553949586 404,06534493525027 1,0029314703102064 588704,5748361786 1
856,9724445991308 33286,40394046673 1,0053132688897397 56,1820894343842 442,01752595198155 651,2373294825991 675,6676367611042 111,20274627504358 5,420726815643084 0,04010660172496408 405,1823129840062 1,001126800243097 585997,9596069793 1
861,7252962460818 33243,09792718096 1,0001163199310168 55,631233968378105 441,98036458571937 649,1051079685682 681,2544270878642 112,29441023191367 5,4133987352687996 0,0399012321723165 404,69251697312967 0,999989507129328 591155,3356556821 1
858,5694497272467 33077,8830032635 0,9995504859854618 67,2153005634205 493,4628969165214 635,8761744128798 671,8675074321432 106,35635550763641 5,486007282251081 0,04022650555766351 402,38227655344474 1,000099259566684 591825,5622901034 1
853,9565660315501 33001,64911833834 1,001776479806577 66,31629287203472 488,70656876613947 630,4646317559603 681,1840408472137 106,42578582109655 5,454139379542232 0,04008751675767611 407,094203644545 1,003079508634985 591744,8884331331 1
