Co2(scd40) raw_signla(sgp40) aiq(ens160) tvoc(ens160) eco2(ens160) rs1(ens160) rs3(ens160) rs4(ens160) rmox(zmod4410) tvoc(zmod4410) eco2(zmod4410) iaq(zmod4410) resistencia(bme688) Aire/muestra
1287,3480662910865 32753,158650350637 2,994429942293271 378,3866535879374 820,8240704010602 410,41471228941305 361,72475306756996 74,70295214653426 5,313883203069781 0,0706296207420956 406,7782755757475 0,9936651579647648 415517,814460744 1
1280,947103176069 32408,067282401425 2,99869018525963 374,4869972612044 809,2802672301473 409,74529278787537 362,34282013533743 74,41470864680255 5,350847566883297 0,06978746137576378 408,7658000410397 0,9928441068935852 415263,77499483427 1
1268,0925352123754 32549,727090127304 3,0061315830048767 383,30270757995464 839,4470734602602 418,6033656288784 362,3172935633516 72,36352030861218 5,376071912192139 0,07061037534781574 407,0671061242359 1,0059134385266852 417669,79458719696 1
1290,5462314547367 32574,472576294236 2,9951598689164247 381,4494678778346 836,5096381569258 419,8775796298189 362,3383635874777 71,89748164350023 5,376133408639239 0,0727061381382653 409,1965522611951 0,9998508450917494 417890,0655457671 1
1302,5903942254818 32146,830459755136 2,9765197644530454 346,66375207788457 814,688833073102 415,2875308540399 356,9730638000086 74,75625935943424 5,405991034311059 0,07295519333786311 410,61438251099906 1,0021251820611505 417309,9154749429 1
1275,9316372294306 32516,498286598035 2,9958505781791303 347,6904750986667 814,9158665654668 411,9569199824416 358,8963383223979 74,47190296780899 5,390674522449038 0,07492212507327206 409,5961255616687 0,9951948278044518 413130,31691025954 1
1285,530198484626 32339,345886219264 3,026025151814623 353,301390469571 818,6729671466177 412,02816793244745 357,5032973864532 73,8767294684641 5,42253571845016 0,07546414335612667 408,48473346753366 1,000432828947018 413405,0438373331 1
1293,9051822343822 31984,009773314272 2,9876771366278656 355,4252740872027 814,8146958353826 416,6302199184463 356,49476354018975 74,43073358011416 5,394034654874005 0,07745996482345972 411,53537346295076 1,0071793016897372 412999,96388570935 1
1280,2867490443873 32563,23314668488 3,026953195297893 390,4774123990694 814,6233564426007 409,0072337793165 355,8875126231663 74,90800000900116 5,338650574916263 0,0772685328216081 411,6013275628866 1,00042833858345 421832,01737743156 1
1294,7017543436627 32293,511872498406 3,0101926281474274 391,01812853068304 826,5313061311259 412,96683316126075 355,88998231859773 72,48103059397772 5,363881600093039 0,08101332611013104 408,3486394316868 1,0013818984506757 420650,11989804293 1
1286,9258402908404 32557,550267829476 2,988321272471067 387,8461380654254 822,2474791858174 411,5806600351896 355,7664498558785 72,3814317147793 5,382084339389437 0,07994791847531604 403,34266079371923 0,9974609454617059 413567,8854026992 1
1291,3857241147964 32174,286316511327 3,002134051416941 354,9759713796908 824,1936631777623 410,3813792087136 361,4264861319375 73,96405475234639 5,3525179618524925 0,08006432136115635 407,60750301267046 1,0005664990540548 410146,85453878075 1
1295,4478245108448 32595,85633831041 3,0141219248394537 357,1656467858263 817,3504516551952 405,7534821341543 359,5141798083435 74,18111249156487 5,383164946309606 0,08240256773556956 408,76767654212875 0,998105606447507 412675,418657568 1
1290,86007040046 32017,992386663387 2,9924378448095146 349,25936028300225 810,4526388541249 404,9113176566514 350,707477701172 74,36145007813542 5,400326035313818 0,08276278946545809 411,1648377355549 1,0029737990929393 415642,40212719183 1
1283,214887612944 32445,092771239877 2,998499627194593 349,02890026273724 811,9406881446673 406,67577700695375 353,13578235636703 75,53515319581375 5,3539660974349275 0,0843868982484394 413,2538905534074 2,011245005903006 415324,78678231436 1
1301,594194294919 32334,589362870985 3,023346035069724 358,21638325603 824,3214669048066 397,9376268025526 355,8320162015266 73,50982603460248 5,390764471988956 0,08457781581698973 410,7837484382394 2,010333344593615 410859,0022324967 1
1292,0521517677128 32130,773653331606 2,9959016157494416 357,8221705125279 821,1959130563139 397,84882102063193 356,6882113094247 73,50939930658697 5,334102076524044 0,0867780574910252 411,8676402952171 2,007697430683634 416398,3294254323 1
1285,8974018029094 32783,10506541965 2,994127822559507 357,91189696513493 826,3733230222186 403,37027084509594 357,6280782205674 73,6552009750578 5,346307993078371 0,0871092355093 410,3742518671448 2,0094417727497342 410936,2180173638 1
1287,6061416037169 32225,86497728238 3,017223738264807 362,4691165523104 832,1695445188926 401,59399392319557 353,84001621843214 72,67772411095949 5,34984670147451 0,08983658745095598 411,3585524841264 1,9963603145867759 412111,9235382741 1
1277,7780532040224 32393,270928182836 3,028729428509892 355,3626741172945 828,308521016922 402,6570747828298 354,3553754764739 72,57283587330606 5,356867236865713 0,0900631388114272 409,28323854421797 1,976229221982382 410148,1747566691 1
1293,4631149330307 32387,28495509036 2,982704240785605 376,87168267312984 824,6384578932998 408,328338806296 358,39182773512 72,34494718696436 5,351670411427143 0,09042350721826699 409,751884415231 1,9844030220814082 408081,087889783 1
1287,6562616115161 32607,676004600926 3,0220359939880663 377,34121624571935 824,8894663063276 404,1846618209837 353,89730227304494 72,5059634844584 5,353019348647847 0,09223202502048113 413,4522693519109 2,009376999204506 416099,8924863012 1
1297,9431016264307 32651,6786420326 2,998477790904034 352,9510373606643 817,0326165341118 399,6398400082109 350,0024184660097 74,47015487523396 5,386860689932066 0,09162047910384695 411,0179145454375 1,990109884658633 418476,41511918587 1
1289,191475650467 32677,25821549392 3,0115991737267502 350,92878807364485 817,8780646671502 399,9544441027266 347,6495718517841 74,06186072114268 5,403303820862207 0,09359454245877177 417,46007262872916 1,9946972013630184 409119,2105612005 1
1279,7376676091426 32182,936989812537 2,9778584190900275 376,22115156978396 827,7410348704668 401,48885315674653 356,6593032699129 73,09669373659223 5,358981720878188 0,0939488944187951 415,59861698455035 2,003030094811896 412897,4145352203 1
1286,036642142856 32466,523710996167 2,9744678935175495 376,1992355073458 824,7921611848035 399,6899200181618 354,0304138907529 72,99220415683892 5,367540009865681 0,09566973384030893 415,8144251990806 1,9947184369903133 411669,9017322305 1
1294,3523304829434 32641,87939298598 3,0078409556006487 381,81637791144993 833,292845866035 401,4381384743015 353,4157458041173 73,13066428305233 5,338638841753631 0,09497017857383658 412,02797082381534 2,0005757372130826 411366,4740176696 1
1298,9631629306425 32454,254400032096 2,993532128712238 377,44868988903573 827,0348168122014 402,94121792499425 365,85404891822907 72,24060173227498 5,383273334006155 0,09728620353690445 416,03747805285104 2,0062288775577026 412234,80145246565 1
1278,0851052942623 32491,34373789279 3,0299626183349546 378,34366751113635 829,3902880384429 399,87531530128103 364,8315229201697 72,43161961404141 5,403734585326756 0,09733485019098949 412,6566718925373 1,9937581763848828 408965,34191126673 1
1280,9883815754988 32225,978784084433 2,9984269545205957 369,93929565101075 822,8738136727333 390,2124204701356 343,90983595212157 72,80212565711302 5,406466951368007 0,09682704937110725 411,5676092820905 2,009805624492094 413175,99780099106 1
1291,0577612981872 32446,675538292875 3,001934356045373 370,83672504520655 822,106484018652 389,67255095810265 347,2497435371739 72,74291985933566 5,379212931094325 0,0996002873150839 417,4805678452017 1,9769142508633089 410721,34788381227 1
1300,996537903803 32473,12160466753 3,0169657096050075 362,3414604019008 829,4006405629673 391,4572672544461 343,9124468368766 73,84414306473325 5,403350440668914 0,09936686085752529 415,8001420957471 1,9875973229703727 410174,54967488773 1
1287,3523206394555 32378,795101936787 3,0065938022203524 363,7268877496536 828,5063733093623 394,7592368599515 343,2670586044803 73,22466121605868 5,372166739274451 0,10063875777194752 418,050286723465 2,0084234147005926 408381,2816953958 1
1297,2233865459184 32222,072937798763 2,9927483521737774 353,49129253602695 819,632597377556 404,85553335309424 346,21380513240297 74,36764515125067 5,339547981200986 0,10103267530347115 413,72572802338897 1,9913948267964807 410764,71614078974 1
1286,5994169227702 32165,223826138023 2,984806861668965 353,1485064681533 814,8388466657065 403,28463871455347 344,8437959472663 74,31495451525028 5,370290259924362 0,10305583203059157 418,16984359584967 2,003170124002932 405755,80645969196 1
1287,7836520249812 32234,97675968247 3,0033165510803785 350,76336499595544 817,6266586181526 401,52531952250206 350,6696120811952 75,26394819199132 5,322018518150496 0,10327250468877357 416,192391841708 1,9976305570739343 413867,90290242754 1
1296,0159992530862 32158,716767636495 3,0027458266662457 354,8405644361299 819,8255354799679 410,3162914010697 344,574577992084 74,40612114645654 5,434542510951202 0,10559921949486653 414,0671496070206 1,998629150407167 409755,9596573052 1
1290,0155922091724 32540,973961387488 3,0060539321057105 354,95733000091565 814,8152296806538 408,65353169502754 346,5722917032438 73,53655238276646 5,393135225408901 0,10453560877795709 418,7883295739577 1,9995002313384502 411868,53352930263 1
1287,9204535094068 32606,196667506018 3,026970452231926 334,61246830541387 815,5541227881741 401,9402067042597 343,5302442737755 75,37000716281158 5,395248765945584 0,10377428820751347 420,3784634229578 2,005320226332656 412083,1512130487 1
1296,3535632721319 32403,22064785384 3,013619217144085 331,1900832782229 808,4999846704097 400,06448857060485 342,8781652411621 74,84021746584155 5,352724852331367 0,10613612008397359 419,0288930393311 1,9831168891704791 404655,9617587641 1
1291,26753579788 32288,45612679295 3,023668685637392 349,3453781948539 817,4518026597391 395,2666643764833 344,5984122716338 74,25841654253111 5,376120106198327 0,10581992301669794 413,8461010393004 2,0168779957260017 409772,70754088985 1
1294,539013966398 32553,55893279224 2,9913827909687853 347,9440622345795 817,6624275156842 391,7431053155363 346,6612662142273 74,17845447546499 5,387289121741055 0,10783463218055438 418,9435804353222 1,9928168706399356 409259,7400394954 1
1290,5038085947074 31969,18971234194 2,988144841527162 360,79496938690215 825,5453253790371 396,95391890348844 339,66196159303087 72,74534548683651 5,380658231683977 0,10746504624391605 421,88852763089113 1,988911373092108 406115,8664979431 1
1289,7699048738457 32385,087631817838 3,0089443898600896 362,39392040407034 822,1864354147851 398,9284420130906 342,0111735900685 73,85182758297333 5,415664118836059 0,10951644945419844 418,9067984735679 2,0037066851273235 408816,9066816271 1
1288,2411741106584 32543,957808944015 2,9887626599787187 416,82704977610257 828,8696169967584 396,084207316733 341,70865596972146 73,59892198941058 5,3606518294194005 0,10999839442397116 420,4284983766267 1,9979476741884628 405431,04199016385 1
1297,9334921859265 32408,11515761282 3,0090703403256724 407,61919613444917 840,2868936412253 390,11385186153444 345,68131313040163 70,75368180970666 5,400779767778085 0,11080263227786669 419,9945785725397 2,0020139772686814 403679,3452212676 1
1290,681416539527 32349,987815056804 3,020924446354471 410,92104550805703 835,8629691501015 391,7933499605095 346,53064056184064 70,89060966884485 5,332881896742972 0,11044029445852797 418,0251774213988 2,0084455425430257 409021,1696421354 1
1300,6606220691385 32257,910952748098 3,012595595041435 349,54544495566864 825,5195624963563 394,71111533508434 346,3384529872336 73,86284531350785 5,403903423648921 0,11109631026928148 418,23570196013867 2,0217208552771058 410766,4838436285 1
1292,1668149374648 32334,043111339426 3,0028464118952907 351,17786434966064 818,9228982490542 396,1000179576264 342,70036203264453 74,78200782243762 5,345333505392864 0,11326377380182315 420,3486958719484 1,9983524215555892 412448,387533773 1
1297,1505721984483 32275,2250146827 2,9867763360177904 375,5698044808247 827,4059216375192 397,7886315302765 346,7345895556547 72,57548442022865 5,334906563911651 0,11125963207964876 420,2612246833048 1,9847844064680515 412959,2242256657 1
1290,6034506775293 32705,985280260167 3,014475147089464 374,74550623061936 826,4231380517961 398,29150829422326 349,875865435086 73,3625577255375 5,354879656884868 0,11312660415650512 418,05001543167896 2,002318943587487 408798,1825148833 1
1282,5175851333704 32284,31752124191 3,0037911115779345 358,6523573589266 826,5294141810718 390,6948905218566 331,71204072703046 72,22386973031229 5,345254349701316 0,11311115798294916 420,8708447157929 2,004069864455689 402197,6450556445 1
1301,2220713865743 32295,406554398818 3,006157968163601 356,0363995767953 821,30503995215 392,3327284592023 334,5804695010354 72,93097254258994 5,371407545159618 0,11433414198815209 420,4720749199007 2,0083771999400617 404287,0094995127 1
1290,7157473889706 32128,814971468455 3,027999604770679 345,9316716074634 830,5405847232871 392,3599398965133 331,41693858933934 72,30264116589832 5,404946645906671 0,11356918544093159 419,6415476127293 2,01867286084464 401294,58487700025 1
1286,0298891434732 32406,52699936402 2,9814729619085596 347,65234155296326 812,6215594406509 391,20747115557316 336,1191100945927 75,30546543197475 5,357723709265775 0,11469880503187149 422,53241411282175 2,005736984786641 405811,7071245809 1
1301,7497429766026 32193,997894207874 2,985435228713687 351,054361583429 815,2060085118914 389,86991015514764 334,78311597316923 74,81133677460895 5,39509737883968 0,11552841587982327 422,9254160768876 2,0044890949681693 404267,1640601962 1
1288,4277048712418 32481,495801457968 2,9846085908748083 375,8497403057038 832,0121728698721 389,97567901696516 341,3404222736831 72,49484523483596 5,348776491168889 0,1155990009584472 423,0762704313737 1,9924595589948635 404495,7331571601 1
1308,7605033042278 32253,879510163886 2,9859972454333112 373,9889228808743 827,39681269505 390,3039262258055 341,9345587544035 73,0875355578726 5,394284365475316 0,11735997693392718 422,7310717796213 1,9950642008342052 404696,68322935025 1
1295,1550246726263 32152,964449683153 3,017949392136977 390,6524578095724 832,8004607620171 386,4840458349097 339,54547594696913 72,61558754700185 5,374182861731178 0,11536141462275183 422,87708271092885 2,0035953902458137 404005,5443778591 1
1289,1417995182444 32273,053013848243 2,9751330101479474 386,67259550938746 834,3574588814408 386,04659730734176 340,20371896673015 72,73042976594067 5,359909894009027 0,11837911563731464 421,87804901486027 2,003224308222148 408185,8342081593 1
1306,3679857668303 32257,801586378984 3,016258320752404 394,4998052217135 831,1972772057273 386,68061149251923 343,2690969599617 73,88453207685544 5,399105939137974 0,11850307766064472 418,5963381944939 2,0054568167537843 404815,84944629204 1
1275,8154871757872 32379,960930437926 2,9643373969383573 396,39295326172925 818,5367028657106 382,04943967493324 340,72960185836473 73,40939306273438 5,36443941986136 0,1183381760066327 424,62784630400444 1,989699803921988 408166,34430087655 1
1296,344548250825 32560,103265757007 3,002155417825466 400,25447241501894 821,5931938474008 381,57427279460467 340,5696673878854 72,98997734463406 5,32883181032142 0,11884044892146468 421,9807318948913 1,9869783205997298 405387,5719183101 1
1284,6780570129192 32394,759215278744 2,9940352161949106 400,76734172654227 828,4833840357007 393,3098435971567 332,5556312892558 72,1292176252794 5,32575951407294 0,12024948579408831 423,5592737191142 2,001839611344336 402261,26161234995 1
1288,0627034046279 32535,983929388094 2,990885759298342 399,96555117410736 836,472721794335 396,1920626690853 328,89853439801993 71,59979173026947 5,381162552910094 0,12108403046797755 417,87322876404863 1,9975637549797263 405084,35826140345 1
1286,2419693305624 32095,0309965786 3,0055606894427935 337,2254803686176 815,0269410904641 382,7746500993253 330,6930275972968 75,54520917852606 5,385471953780066 0,12011186694792092 422,21995343467887 2,0121635241098312 405996,7536399477 1
1301,1921012667115 32374,52694568732 3,023312840704118 337,455476952358 817,9403283957788 383,4480271105682 332,64565231851986 75,09536088619987 5,330457707368481 0,12130366656773496 423,3177711799272 2,018219716811015 407077,29742777726 1
1298,1228950869927 32328,312759534336 3,0132704962136265 350,07085714434305 818,2930262688585 412,13516076463605 337,3895780830819 74,14741418151499 5,3372547182631935 0,12139309191799433 424,3086526358732 1,9858341080351392 402948,050154944 1
1295,503284316997 32142,15646357098 3,0094153089685998 352,09537635365876 813,3086772704901 405,6414948681465 335,88322460975274 74,19140365063079 5,334994460203259 0,1220176407550773 425,42522199919637 1,9851488613975086 400840,38933585346 1
1288,0037030496978 32327,04494747022 2,9857118290259828 395,84729807764614 810,0063890398325 385,470399562485 337,07696439934966 74,62726437798291 5,394042446108803 0,12213817855664529 425,1706508574725 2,0211000206698886 405860,35470785963 1
1299,378804857123 32259,467906353602 3,010947803788591 397,8553946167098 815,9562029649958 387,9548038438621 336,33995175092906 75,04376691672947 5,406292836634199 0,12349492834936111 424,1299067053531 1,9997166926068901 402585,7288662892 1
1288,5885871536786 32301,49124090737 2,9703267728408225 358,80934191350207 813,32721166241 387,463655467597 338,60946597972105 74,7666354746524 5,379510324238284 0,12389124791070727 427,4061063759235 2,002739003886954 405747,60638383473 1
1296,143544464873 32412,52215087914 2,993327154078144 357,5237783366964 818,4698259089286 382,4520291018343 339,4655962464512 74,00019743442849 5,351945360692042 0,12493934595419792 422,68346293685863 1,9864316174793577 402548,23147500254 1
1294,828261796664 31869,286220270056 3,0070938454053127 357,7853430465598 821,6627555100664 382,76754885422747 339,90278353520296 74,33021989551447 5,384380356919898 0,1243406094895327 426,836167057817 2,0203422211522564 407148,32709425106 1
1289,7112212396335 32259,347464056522 2,9889453279779326 377,3555711418647 821,5621888466077 384,9312109017114 330,911996929181 72,99541040718738 5,37210683069043 0,12525347893815872 429,98891594638604 1,990920245994669 401855,48391802504 1
1295,3343666051646 32290,077877363015 2,997865893345203 374,85826869998056 832,3038048117197 379,0990530466797 333,4441827488017 71,53630445524631 5,395715617020512 0,12488611493937868 429,1112312876644 2,003493037966135 399828,14243470825 1
1306,4766321233985 32651,519107332457 3,0320421588684234 371,89015111709483 828,3849186126424 387,8894174089142 330,1398918604254 72,9038302200039 5,36109657931918 0,12575321622718447 425,3832695646663 1,9900491465700323 399513,01899129455 1
1294,662163445706 32454,025334869446 3,0171670258494965 370,6801373664291 822,1004449449634 390,263682427021 331,8494100019337 73,3856839530978 5,423444899780853 0,1254221809508584 426,434099991959 1,992016655740312 405230,6774181663 1
1299,6036598990215 32151,787924969398 3,0018849702623407 380,61625172682335 831,3097716396666 387,4700568127487 335,9883823912573 72,51218413103894 5,329508147148758 0,12604740852300272 424,8363482775114 1,9872085806867061 403565,13562703255 1
1292,2573687431156 32157,448728792595 2,9919843868894693 385,5349568737515 830,4988498025868 390,4364336556559 334,7835119427063 72,74504658884268 5,382156382729837 0,1269344580443761 428,1245480459879 1,9974082105104145 403375,9756360892 1
1280,6217588003888 32388,074118953282 3,003617083993868 367,230744589292 831,5423156065809 387,9011150234174 335,1529220594516 71,6616743325095 5,387576353448825 0,12818855242016922 426,4856752709353 1,9823507735790515 402216,3686115506 1
1299,6671008137153 32425,207724473643 2,9908377301142024 368,04318585489165 821,9106200414996 381,84739022125535 332,67235589466685 72,92286789883855 5,366917488208448 0,12837378698273216 425,8341820296392 2,0065109520425746 402060,4348561483 1
1284,7924715202637 32216,181545866122 3,0232656147894765 368,36695585920813 817,3159953443434 379,1318498949398 333,90650457299233 73,74567348132534 5,348382462562212 0,12976651902450412 425,5979333397817 1,9895812662981605 400261,0189072028 1
1293,9986235032125 32584,87022968351 3,025583043365258 378,1023732907933 835,5085192307453 384,29691540028097 333,9138659415794 72,78329893290982 5,337014087013087 0,13005830603520982 426,5957339294478 1,9867615332099182 404153,5306657379 1
1282,359671373421 32241,83153252121 3,002873193659484 380,6987846285572 830,2291178790707 384,26824464534377 335,24644350172156 72,94585192804368 5,364578851400911 0,12989722782734373 427,68207721528756 2,002994778977959 399649,8512180138 1
1283,9458761512992 32502,598821066596 2,9735446931042975 372,9940714870006 824,6167526390506 385,169316019383 328,75171389985246 73,09162360487746 5,404032590836944 0,1300954243582086 430,0857352512082 2,000934426636992 400308,2959195776 1
1293,8614932081189 32206,215166577316 3,0115766121749448 374,3558663126128 827,8735912180119 385,8501654060171 331,0176589058113 73,21112450104641 5,421996081625918 0,13143195344973027 429,4153565594587 1,9975458422895722 404984,0235573136 1
1284,9666668620112 32227,97332410564 2,98727970741691 359,27374766958036 826,6200215594216 384,0925293765051 332,0103873456933 73,98674604584109 5,361956241367897 0,13032745707643809 427,207940376658 2,0207007672944983 402713,84583355 1
1291,0269308889226 32165,30264691602 2,9849139249955394 360,4994894967013 821,6608092466616 381,71399915151363 329,4863113119391 73,6353434001807 5,409970258517891 0,13125699457037987 428,98237099252657 1,9933724680069909 401368,88937680144 1
1294,9874752406672 32222,00878510548 2,9705884350598613 405,368893845313 821,2457480146654 383,7149477721805 328,94272436672827 72,94525342606418 5,402462100741668 0,13377735212453332 428,8582243902812 2,00582292389056 400246,13652237906 1
1300,459687250758 32502,998510507823 3,0008749707307496 403,0791315003781 836,9018721667667 379,9674902568448 333,3744626796096 71,44978791064217 5,344215477337838 0,13165952699105685 425,47711536437623 1,9879937208904603 402352,0549124796 1
1299,6922177714296 32135,14833529601 2,997269561549043 407,55485765839666 839,6209651860586 384,17731874755486 327,3136535593422 71,10624860527632 5,366725681325558 0,13186249345891074 430,188372466609 2,0038079912297224 400577,7078949873 1
1294,3447994947126 32162,395836373857 2,9802414432898816 382,61503587108604 828,6794710063957 383,3133153159472 331,46008135357914 72,56347733142256 5,3604662632250255 0,13305426693810382 426,9675322907257 1,9983218251640034 398434,89598147036 1
1294,5041172402985 32142,01642124608 3,0100357524712473 383,91425035548787 831,8198332065775 379,7979252535254 330,4466282055532 72,40367724391739 5,3409360583329 0,13261124306043248 428,77301777733555 1,984133650035229 396918,9615264354 1
1295,8310083511208 32572,4561894976 2,9969161623146494 386,50433366259506 827,2110534517701 386,3060344522751 334,3967432216075 72,44904080376075 5,353818058484443 0,1334905833104286 433,16407155436383 2,006711317082619 399532,28906490834 1
1289,798562863891 32025,451330716303 2,9881289864791056 382,9242635193692 826,5750123140128 383,9432811993151 332,0489820705477 72,1733841119989 5,341893840169792 0,1340737785737088 432,8129035355447 1,99718139036079 399264,10367434233 1
1299,2365731233767 32260,198605586575 3,0087348735800763 355,4792293577145 819,3394225329483 378,1677208795136 330,1790058240257 73,66459216737596 5,399164724602112 0,1343618640569368 428,89568500646266 2,010516436728078 397989,19581499696 1
1294,7804910650998 32522,88931226433 2,9933026301837975 354,78881862978744 824,3431264180307 374,9981419802534 330,5331149509931 73,91842504573754 5,4111864654557165 0,13507333942352923 431,5141246464375 1,9865837796734875 396832,63417819445 1
1284,247887383559 32298,213490638038 2,9986851096757787 397,06123211059537 821,8954550372673 375,84035603432613 329,52020826100943 74,06662136384419 5,376971409571306 0,13654949507431235 427,6640959194626 1,983836146079891 399292,8288731981 1
1294,0849795021047 32530,822404336275 2,997667797590539 397,32586692260975 837,2026419012253 390,1721625274569 328,94490914392856 70,86931988465679 5,372790577852674 0,13690070014181835 429,4226109603598 2,0002618934702867 403500,56414974865 1
