Co2(scd40) raw_signla(sgp40) aiq(ens160) tvoc(ens160) eco2(ens160) rs1(ens160) rs3(ens160) rs4(ens160) rmox(zmod4410) tvoc(zmod4410) eco2(zmod4410) iaq(zmod4410) resistencia(bme688) Aire/muestra
1135,2287013546843 30291,541472679906 4,004015648475188 846,2042547943095 961,5227235292234 78,81227465993696 49,295634903138954 55,68728985765738 5,339532843315798 1,2478606237907868 421,03393565360426 2,9698940505850735 314182,6954143533 1
1137,5509887497353 29998,17839453479 3,999211137084257 865,4100478917309 978,3942668854672 77,84786936245352 49,11396160284838 54,92229576933687 5,328643723604389 1,254653309748741 423,8237306134717 2,9860885019361656 314833,3081274685 1
1139,2530266028173 30178,21596729506 3,994879055315437 873,5796177351905 976,6353867744424 77,89311080175666 49,40259462062011 54,869369778830745 5,376055716007146 1,2774230265315665 430,5322751584987 3,000779211557799 314997,02543210896 1
1135,9886884649056 30020,719905735477 3,995171033734619 843,3971337209498 964,8756098722881 78,19300198110072 48,93025570364122 55,52296459930378 5,375252018582753 1,267435901277393 428,86714821442524 2,9985171537341 313706,7638896392 1
1131,7429378885424 29981,941270387826 3,983675228358763 841,7490362621799 949,7330187002856 79,59658187536787 48,6630570698706 55,46218039905404 5,320543392148945 1,2685313310685336 430,1838372114623 3,0089360886026246 315274,4177715454 1
1132,497422210561 30119,98399102846 3,9378413217846684 849,5307831012755 962,7962845393039 79,04050878594016 49,56149429324576 55,41628542363498 5,369184250155921 1,2900495486137709 432,88400781797486 3,001184284763196 314682,9565330237 1
1119,1671812198754 30232,604022947853 4,020060414520931 864,4624578718772 963,3339303171664 78,58817210086417 49,99954904440445 55,94010411844556 5,393629589366835 1,2849015876403291 437,2838747567052 2,9852726009184214 314877,11220938765 1
1121,8637539342028 29842,13321388667 3,9943104172507735 874,670489168393 964,6884162296843 78,8287812253605 49,23371165268704 54,99294579399349 5,3625085709013955 1,2849595234852855 433,02224476816525 3,022903053698531 308493,39229697787 1
1123,7368556068766 29928,010376154856 4,007971534068701 864,9930941560034 974,1008205834338 77,81231382006041 50,70201229001787 54,89929695690807 5,33300292742707 1,281231266798043 437,37264294634565 2,9898673784532552 311868,60383577255 1
1135,1301281688247 30003,45525205112 3,9943264585756526 870,2647538589207 966,3928606650834 77,30737397988004 50,32437881990209 55,06652765537001 5,344034454054226 1,2820734147628348 434,4109390022506 2,997217122499503 309667,7228940467 1
1133,693209144652 29837,25103483067 3,959826924157094 867,5589013294027 963,4149176384337 78,79328937488908 49,78035956958966 54,529512535529406 5,325169997144075 1,2909432179306182 439,72791907153174 3,041635905862859 312713,39784690615 1
1134,201743357339 29859,638575233363 3,986016524861484 866,8569892790459 972,656582046909 79,28443447108248 50,43977195521592 54,48144252107318 5,371855322733572 1,289693257187874 436,5629612973151 2,985014483016953 312127,92681910814 1
1122,003175153754 30072,225409231305 3,990586614301746 811,7687374995934 948,1897129882161 78,96774157742877 50,52158477510898 56,99133671050604 5,347710415762756 1,2853140406451327 441,03716253091955 3,0181495339775717 312111,11317690444 1
1132,198782018217 30027,889683698006 4,003775440385046 813,114594256341 954,0847509705369 79,18094533780047 50,426277412367 56,95301980526604 5,43441452465882 1,2933414434435107 441,41291750900353 3,00559488962378 309993,27720198437 1
1122,0398022361203 30089,996176811193 4,035474671925968 855,4351112437878 958,195003179177 78,82010794187936 49,95284389833777 55,491985512267995 5,374069504629494 1,2964442154646165 445,2018418247334 3,011081405624842 310507,6168260125 1
1123,7303080038585 30171,360562900827 4,00012676593929 856,932671228551 965,9994592046031 78,48681732492342 50,824476969833825 55,1794670284454 5,391955801886662 1,3007888598970254 445,38937386616203 2,9984505859902733 312363,4058724861 1
1117,2966116053428 30317,936024944698 4,001868540152326 805,8725780273414 960,95812787843 78,68118696614557 50,43745087034848 55,61213582413553 5,375970149493606 1,28857268911666 441,4149155303064 2,99708128592781 313322,0608132913 1
1117,6633329333624 30354,48882930225 3,998929606954971 806,270803053908 949,7682944971046 82,77932921452299 51,20719672113636 56,96709420821956 5,366264029629192 1,3043092682543478 447,55269597070736 3,0094100625786924 311477,94766706816 1
1124,7225310360345 30009,683870071098 4,005736247846338 813,2013160217665 947,9792747211782 83,30497669781589 51,7273543350547 56,38665346922991 5,361747142787781 1,301012598120862 446,7893975591248 3,0148768102099623 311476,0370871531 1
1128,305150135319 29852,849376007016 4,009271387034493 859,2354249104767 961,4463656203937 78,99348278506557 50,378913003535345 55,21515820998084 5,428611074249202 1,2911923632154576 447,18676969799156 3,0181378781946018 312522,5121490612 1
1124,9263281285737 30058,983728781193 4,022305333459799 860,247663887183 967,656540611104 79,76510502282015 50,7459841593365 55,62887036370076 5,373256944290236 1,313213969868276 448,7381634165645 3,011887853943857 310890,7682583946 1
1124,7309593007853 30209,942322445288 4,019226355827209 892,1219042208645 976,4012641454506 78,66237777949483 50,53785839280174 55,350744289109905 5,405231714563271 1,2992747008148091 453,03891433686226 2,986620911541864 310573,9746697069 1
1133,9995822795177 29879,61221445982 4,01914771650652 894,5694197025629 980,3094950872426 78,88158888642587 50,377509433025345 54,31972134351602 5,338993357765892 1,3136628763759197 447,9341705935004 2,9832730049033986 311949,936907143 1
1127,7578899973846 29956,365543176445 4,0012017046796675 827,7598468404642 961,6631783185435 77,84254990004597 49,561389597058415 55,53456526343936 5,378464438754909 1,3056665323093346 450,49666352346355 2,9896662821451754 308292,0192463712 1
1114,5501240146032 30081,05201011256 4,008877266436726 829,1419205884802 961,8605233701126 77,46972915914527 49,97615258057843 55,76310240652929 5,356995952428975 1,3260720260448984 454,76328864275456 2,9781349362858736 311638,52985483303 1
1119,2522141319776 29979,596292109945 4,002973237242532 850,7398154758982 971,3351102854981 77,44577391741035 49,97606159624175 55,76913121517804 5,364683031887911 1,3099535966273257 455,0389067822761 2,988524023164443 306473,69189515145 1
1121,5578123066375 29893,553343424624 3,9879150146190923 854,8816399595746 960,1012832140376 78,29142114496607 50,03594018927663 54,84869112767219 5,3506842132311 1,3135730193653223 455,2113004577354 2,9909084837331275 308136,3264766873 1
1132,064561224817 30170,988804578457 4,013065331442801 858,8308143706497 973,8066716941081 78,14932478365697 49,736477678679556 55,13022776795718 5,410347466427504 1,30548608992436 454,86625947707944 3,0063456730963236 303523,9729726199 1
1125,9586227749119 30103,414184878457 4,020122777691513 834,6006568998538 957,3853240251067 77,04209147934415 51,20995215776359 56,403352445736985 5,400694650953541 1,3118203161574988 455,782403924721 2,98749205840757 309245,9634720987 1
1131,9160319427544 30110,464935515723 3,989553866738487 831,938291932553 962,4933802942426 76,66981793237642 51,24629884621673 56,03687016255745 5,403199962539895 1,3155112754787117 454,96504078007086 2,9851976394058224 310180,626337756 1
1121,123801505207 29816,928165133755 3,9929830341229087 854,6660219195911 962,0052273696613 78,0707152490539 50,88670314073423 55,79948422992554 5,368260384112953 1,3066152426455777 461,31411443281524 3,0073375396675703 311279,55590251274 1
1130,6327891632247 29960,868247873957 4,01665285004532 856,5801205255277 962,5688213443785 77,95057016005204 50,46659522120493 56,08906392295661 5,352767347111738 1,3238733002569723 459,10444744597464 3,0047536822678937 311500,2501524743 1
1113,0338172763252 29962,529140524595 3,9939250919110627 833,9453963315748 958,6299310950068 78,12541895883686 50,971107666637124 56,04154245079662 5,36515738776547 1,3121415607860616 456,37367828516267 2,995117466972104 312214,87719506846 1
1128,7174057441184 29985,56425915575 3,956855772356744 840,528903204955 964,3217900228376 78,40611102075172 51,2339166992769 56,075010662054076 5,383718522426679 1,3094185841616146 463,48928031209095 2,961778823527542 310837,5739060962 1
1123,6756706878327 30057,143465567486 4,004193720833721 827,3471994370968 964,9296279445663 78,22849293654403 51,35326212665975 55,9757954013701 5,352830657139813 1,3228156307889403 464,4357000901277 2,9973140702617345 309841,6326794674 1
1125,3718961931925 29990,661142468733 3,9889377720757184 816,1626221701721 955,9982942405927 78,35310807645226 50,296578681468176 55,97990555272398 5,396012382390102 1,3100533160123846 458,31559758834965 2,9694208145135543 309973,8665525089 1
1125,3734621190094 30123,288120781734 4,018562109183136 817,5407429208366 956,9149862605489 77,93773601610422 50,446129505870154 55,97889695938927 5,377693997416987 1,3124208634305032 461,8027374854898 3,0061916274207534 308378,087867695 1
1117,841680976273 30061,966679135032 3,9556253283695 771,8774298300126 935,2533085243605 77,25682272782842 49,71192651821652 58,005752860264884 5,34600907049363 1,3227630996117021 461,13177513961654 2,9936687029610263 309870,3938222136 1
1108,8608792292737 30116,106156442755 3,9955192748719757 770,405644967072 936,6456401589899 76,14732796634344 49,270192138799295 57,27797345155432 5,342633121988364 1,321441744631199 464,9474304367036 3,020049115745005 306535,62619387195 1
1120,9126793199189 30341,289660043894 4,0004310098577704 878,7280122051249 978,4793132649872 76,5909179809634 48,94980526916299 53,47194760021233 5,371497160801453 1,3266968682073823 462,77503418199495 2,9924555886810618 310280,54666459735 1
1124,0688227932387 30141,208851307823 3,979691697070882 876,3867202807833 985,3551507778244 75,41169218252678 48,50788540746583 54,028692980069444 5,4213983205485725 1,3182665963264903 461,7012559822487 2,9918331869289974 306380,7879853995 1
1116,9562504188248 29736,216084750184 4,003485764210043 900,8256136364698 971,699855261312 74,39659695787037 48,59085417544903 54,36011849798528 5,391865452533275 1,320814482760445 467,8089161381674 3,0166361837678295 308922,3456388281 1
1126,5172562653204 29752,662430397257 3,9922074678004216 887,8438171100134 978,2640530696332 75,6496774649971 48,3742248257239 54,22976175388954 5,383287703805861 1,328803262624636 467,6396736599587 2,981623476941543 307102,58942597563 1
1120,6327498128371 30141,947891212974 4,011777509466774 843,0334376974675 980,1281128201035 74,86808931123542 48,879263223465685 54,04645028678093 5,408300097562616 1,3254832677572705 469,2338146374842 2,973991189330616 305659,0949430515 1
1126,0845825093816 29969,118557671754 4,001211849560655 844,7594412953895 964,9703841929833 75,54871344122712 48,1729788357893 55,76837122833824 5,388847650253265 1,3310255865661813 470,2363225575894 2,979348880483398 305544,7385219142 1
1111,7260921118195 29789,6033458729 4,022166603073807 838,6357032086935 967,2919654083521 75,51227112618753 48,88555332088105 56,088704985275356 5,421412941800462 1,3368775971574276 464,7748006822623 3,0062782782851336 304681,53881226253 1
1119,2535562845762 29745,131963691965 3,993671815045807 807,0100207806073 946,2022926793884 76,21715253734084 48,95564143525929 57,1071951065143 5,363001065280189 1,337536475798537 470,4777011085954 3,001755422368078 301489,9380862994 1
1114,4122012371931 30136,04131978219 4,0163077459042125 812,0540902764731 950,963033289955 76,01229897144796 49,21591015906634 56,53139627612832 5,371653389687596 1,3325030669738824 468,57271840940365 2,99149581443979 308423,44534652954 1
1113,403667734228 29756,09361082417 4,004309244785057 843,4303912332731 959,1443015304317 76,95994619695763 49,1223440136895 55,64501774109273 5,370681078282734 1,325504583071502 473,8413931415714 3,0063802969002005 310039,381666412 1
1116,7344279122067 29738,17755546488 3,9814266973563384 842,6493898531096 962,6364704514187 77,12655711845058 48,56694113193482 54,97058545320472 5,372715843378417 1,3361569055665117 472,89239006875243 3,006726034465653 304948,8889997928 1
1122,3470263241757 30057,455125387725 3,9684287773308253 818,6467694773627 950,552621428573 77,40925583227711 48,76218040326893 56,156939089390285 5,377474943948989 1,3306440827904484 472,9907445648566 2,9984805126249006 303279,7436773908 1
1111,4609552862144 29964,91426078109 4,023896602288718 823,2913505771655 957,0137619661061 76,70446119169898 49,0245105045865 56,19317598208556 5,375910380439907 1,3369469635838416 476,69412603572204 2,982461119716251 303317,8606367821 1
1113,955778213039 30037,408201046743 3,9775316749802236 875,83243849535 958,1310296255149 77,11320600360264 48,419678404310865 55,82646747644716 5,333630580549762 1,35045463002044 471,9100944374528 3,020172835139876 306385,95721091545 1
1115,0365865942451 29865,59794425166 4,003241137745522 871,2469730268538 965,4359555674879 73,96849021046789 48,695766897071394 54,833520694317095 5,368246068719159 1,3280137304637094 476,6589061297337 2,9904880411259778 307804,5739539473 1
1109,200181243005 29807,840809010373 3,963015370229084 873,0158931783902 976,3317932436938 75,25104422180375 49,0546363936583 54,91786776220855 5,353638346812292 1,3496367333984 479,08326355359276 3,003542468840129 305421,1649758518 1
1110,0679037173247 30158,363589426528 4,017873450148224 884,0696178690076 977,7277312979436 73,8270827047686 48,1017429363991 55,04070905344575 5,369283039588476 1,3454585231857166 476,90212563113107 2,998187020978995 305068,68697041133 1
1097,8400399378397 29982,20548176303 4,032106362211935 878,15448436324 967,6531506447167 74,21692933489557 48,07845542888575 54,29541279723538 5,374645833099228 1,3396522209572443 478,78968189330993 2,968427521886831 306368,5761844512 1
1109,5726097487668 30002,2208349224 3,998221191019334 840,561487964708 956,1883013939395 74,86549653510855 48,43814234009714 54,997325852217095 5,36888633655324 1,3499986216165065 474,5118162263282 2,965922696301443 303478,41575299145 1
1118,663559386466 29829,05158312629 3,9787854752517493 840,2697929263335 955,773496934265 74,48156959707497 48,74960037083809 56,02583684019116 5,33250708539783 1,3379895950036214 476,824271178293 3,006824183447749 301360,4441838293 1
1100,79528151571 29900,537604463476 3,9781948677348513 873,6504082172219 965,4397603161426 74,51080866256234 47,634779328429886 54,99666860818288 5,35329962064838 1,342500124363919 472,60919647519967 3,000755052165971 302801,4902575442 1
1108,0080661609848 30041,62584351274 3,985946822722313 874,3839519249805 971,9136581458547 73,67788143671201 47,98920627574859 54,75116092229379 5,383237466758968 1,3500707437246078 480,35492090069073 2,986427621592211 303827,38420239004 1
1104,191748791412 29890,525432649334 4,017028416198932 856,7834560825946 974,9689015636552 74,24171884448793 47,589118211715615 54,74267438019735 5,3627723038589865 1,3489126263932698 476,79961245066556 3,000685253997471 304656,4680950723 1
1115,4269897082618 29967,614679195955 3,9778310570507176 857,0378158863947 962,1449390493464 75,0436364158889 47,78967311318591 55,71101896774769 5,347901768765277 1,3410087671957986 478,008018079763 3,0099945170630136 300734,46831378335 1
1095,7437720708213 29786,357876062175 3,9794512320290565 862,3981376415546 960,7511202418706 74,43141478796133 47,67251603784627 55,657388697375275 5,37108919187535 1,349654313442783 478,5699389306024 3,02360017884867 305330,6064238393 1
1112,0253345246883 29868,075973754694 4,029555633065891 856,184160514619 931,7500878923693 74,90740106062404 48,38260051922958 58,553398034004516 5,351129612001167 1,3330392683661436 481,28877868814436 2,999355224581657 304946,5809725239 1
1104,321822373884 29988,00958355599 4,023684965240423 860,777870839903 939,1600300715506 74,68181264511755 48,18072013490243 58,033198030004385 5,3755360106003085 1,3392558812318853 480,1616270710427 2,9849935957751534 306323,9204548275 1
1095,1572535030227 30137,9564051488 3,984901597892497 783,049605956659 957,9642651047003 75,4381307662819 48,87209380789975 57,02560274879759 5,339279413311074 1,3539888067876626 481,2680266167815 3,0236366745853527 307379,5892618059 1
1104,0828083149222 29993,88834831105 3,9572727449676903 780,4084739492457 941,4062706345815 76,36250889036074 48,950559451704585 56,58481210437641 5,37179683628046 1,3484947798450686 477,9823085518296 3,015172353908236 302949,0296053143 1
1097,8666803688811 29966,156228114203 3,9856716972891357 833,6088698080182 960,664187808805 73,68714315648927 47,35000951324489 55,71530121710786 5,375269135111895 1,34984280218628 485,1494163350693 2,9798592850524956 306450,7419703728 1
1113,032003833744 29964,38200116082 4,002946190546705 830,158579845793 962,3663339763068 73,97798279298003 48,03076958734003 55,995289037191874 5,378808482240719 1,340981392584126 483,88523475323075 3,0137078193419797 305574,35145253397 1
1102,3750241760308 29869,405699646366 4,015513138044648 899,1295982539024 961,8267804736843 73,12336356420217 47,379832233465514 55,45049932399616 5,3480903655576455 1,356903955992467 479,29976787285165 2,973985463933388 299915,6175955979 1
1090,0685561257503 29711,891586298316 3,957961016987409 908,4259764961619 973,8827227095993 72,31097167156972 46,59893160389826 54,411058070256935 5,358768477403942 1,353994724925594 482,2208380870629 3,003295809830562 300652,78975519043 1
1087,7351751324504 29777,004650231418 3,9877148767213875 907,6076937720752 980,9664297024183 72,51261350753241 46,67303145783052 54,26896620160545 5,417031751865904 1,3621019568272335 485,5045674113942 3,001701037601679 300674,699065133 1
1097,5595609688976 30041,95869548715 4,024257772937511 950,7832782213196 991,2328968055317 70,80203249406593 45,46848730043194 53,73415597339833 5,377449912948487 1,3529540731657035 487,48461270220037 2,9916672234194137 300991,07687579363 1
1097,6178007417252 30107,671665896214 3,9841899665732226 963,3347692255172 986,6113271125984 71,25362418290615 45,34496430530076 53,354297364695995 5,342154979901696 1,358868965282127 483,1471821537016 3,011779206078258 300126,39110297407 1
1104,0950323966274 30003,347308398497 4,020228875969204 892,5962616477159 972,9601365730127 70,20039056068694 45,107876474039415 54,627412740846346 5,384724707307775 1,3663546943395566 486,3373602514971 3,0164115348834266 299397,2609338505 1
1097,0430127089091 29894,286621150746 3,95327322883186 900,0850724051908 969,2567746713506 69,98447005139681 45,28911349270086 54,67289623722914 5,381265084132339 1,362097326440131 490,6747865704368 2,9838312130946387 301896,8100491076 1
1093,7039956771273 29888,556315475536 4,007497224609695 969,6081741354914 990,6353499165081 69,13318986262685 43,852996273853556 52,98959093590731 5,3816282932357 1,3561902976523454 486,25689178347614 2,976522925810598 298647,2140620266 1
1104,1959259442583 29906,607006709844 3,9638062432708914 974,2002118996813 993,4304776848634 69,26380716822759 43,70396039577193 52,74393950009811 5,407975800175282 1,3815971155238533 489,8192515423264 3,022032971141661 298176,84071591625 1
1093,9793335394004 29727,714337514168 4,012799320387709 891,8562760424119 999,2515028508992 69,28442324446804 43,589427239282394 52,823100206022474 5,327061870849759 1,3602256434335447 488,9542340489556 2,965966207914296 300139,3194829262 1
1088,6510316406645 29735,18073715861 3,9966643456859954 893,2890612503531 974,7934532620649 68,70051609357434 44,285394700802506 54,470416054293615 5,3766818103622755 1,3757822878071528 488,1074185216068 2,9976995741078394 295068,5553849354 1
1093,5783183119445 29762,15389277619 4,007713340909683 895,9479331929277 982,9916871200631 69,76316558603646 44,07923785198485 54,23552833525786 5,386658129588094 1,379870111951093 481,5902462344628 2,9891099137914265 298677,62745645945 1
1098,2233512945782 29920,186688939713 4,00086774765906 902,8864491781661 973,089917671278 70,48540688018258 45,15824306067544 54,24405241917121 5,290664466770326 1,3751629406735397 484,42059542946487 2,9974930210909427 295060,5419826606 1
1096,8077412073503 29815,28876988969 3,991045064490008 908,9203780570068 977,3589629327487 71,01596492987946 44,90983384521712 53,981514394977914 5,396547411471453 1,3792939379885645 485,52022876206956 3,01653256978938 294602,2879478429 1
1095,4233643612952 30174,430176504186 4,053983311535235 936,0598736898111 988,8380308811306 70,73973596336549 44,917187255337026 53,239965729167196 5,350599481172433 1,3735548169573326 491,1273020144884 2,999432013764785 296469,43073319213 1
1086,029615701244 29944,79988876146 3,966033399644801 945,5520965689859 976,115271046103 70,04808941281516 45,34622904369019 52,84956197177586 5,356738588166323 1,3807009571890831 486,18132214192696 3,020041860472311 294262,16225278383 1
1090,6476179799856 29696,888554917576 3,9968393651205902 863,2727732362124 963,4937419299956 71,68018666053891 45,64264364853938 55,10830583284493 5,363525834061968 1,3830100213839076 490,96163296404274 2,9993885992183165 294133,0790255813 1
1083,6131670960606 30026,229466188674 4,04606591809674 857,3596906933797 960,6730545866014 71,5113987213631 45,49151480305513 55,40370989540096 5,32502766771451 1,3689397367248608 488,40252611377014 2,9961399933734714 298181,45326339034 1
1081,9625482372307 30024,45386347123 4,011867446582732 840,751113981838 963,0544991772667 71,33165517470238 45,483580009763564 55,42523149620353 5,410870197101273 1,3812073930563127 494,02352231087565 3,003587425202944 296657,79884644935 1
1089,8951390020652 29967,115599402267 4,012995121798739 847,192219644378 974,4545213335324 70,88187348406544 45,797339329206196 55,842752216279216 5,395943093780083 1,3850410125203148 491,5328535408665 2,9997601207948863 297205,88641520805 1
1097,3771339356754 29804,510836308535 3,9998216380194487 845,0483335983786 961,6491145666923 70,4224183409669 46,018697484977416 54,979656664738584 5,354204006692254 1,3823455537173854 488,49958009218295 2,9903088421194806 300000,03978604847 1
1093,5561432965774 29892,198906289323 4,024974517780727 887,9793973084134 967,4791476168226 71,68669082588521 46,250075190574165 54,346151597791156 5,378112192224071 1,3726035866640314 494,33017395822645 3,0331354981472773 299246,167091957 1
1097,260200291996 29837,996308285085 4,023783306770043 876,2566075220594 972,2508052068797 70,95670345455571 46,357599194690884 54,35743211330832 5,335406127272879 1,389579574620863 497,2799833880967 2,999246842507308 294635,34660794336 1
1083,9586003039567 29855,10336549408 3,9977915616007706 879,0269432495595 970,1272411131398 70,66296298854996 46,49111472757607 55,01436378697159 5,389400716028693 1,38782994926019 489,7783929162637 3,0197142253338134 293199,4985380343 1
1080,085278022507 30041,364002936418 3,983341469734447 880,4199495729129 962,6720429030306 70,57814631081379 46,44348222553491 55,30622260746343 5,373405659902411 1,3826091400047777 497,25960969003404 3,0182486231609222 296789,7086697331 1
1092,3282029709828 29948,978705987232 3,9896984591813682 875,3175670708723 971,8304014268899 72,99140134160672 46,279922604430034 54,29488313469999 5,339630603692393 1,384387833916901 491,15851915857365 3,017923381965449 295404,3932946496 1
1085,998454757481 29787,739287860786 4,023455847167726 875,3106958576573 975,6858293991186 72,4956925045832 46,4409312620677 54,73231629590576 5,389086363387805 1,3931308654397276 498,86175645349186 2,9862652004634485 296811,954617777 1
1081,9179973341008 29853,558260841142 4,009127798064117 900,6453977957068 975,1993134117891 72,55699919401165 46,214469015395686 54,82854475855058 5,400129780233458 1,3837646888874935 492,8394524629188 3,020240865323699 295387,9544309716 1
1086,6868088204435 30078,532695240145 4,026170892882096 898,7359729709003 983,0364571339162 71,66770343949474 47,0419049205069 54,38278730281326 5,408875650075137 1,3911039322510275 492,18424870194985 2,9857761361865007 295947,74974465196 1
1088,2073113280928 29953,974955790276 3,959440870758596 905,1786466546235 965,8026489538172 72,19025486875698 46,78389903914406 54,104825549577164 5,3984815571851215 1,370961224918687 495,0394717671459 3,022660118317159 291278,2268462023 1
