Co2(scd40) raw_signla(sgp40) aiq(ens160) tvoc(ens160) eco2(ens160) rs1(ens160) rs3(ens160) rs4(ens160) rmox(zmod4410) tvoc(zmod4410) eco2(zmod4410) iaq(zmod4410) resistencia(bme688) Aire/muestra
1079,6036791610466 30531,058513603028 4,011725816280413 773,2003809728308 953,1876913895715 136,24936442079667 82,80032380877866 56,69456870317867 5,320746176007071 1,2746221030524083 486,96863783522286 3,0086011867203677 369603,8702645501 1
1076,445615868861 30452,675718479644 4,012790128299784 780,8050945929515 944,1843295092699 135,60424424497984 81,98279029874425 57,01201844737784 5,368397437936917 1,281377657127984 492,3403007905471 3,0011648235381054 370727,74915064103 1
1087,9842266830542 30209,72330091098 4,011482291424111 775,4566790394161 953,3096827986341 135,8525480466811 82,42257037265334 57,39352180379736 5,403049647204634 1,2855810182280307 492,1850340789207 2,999436531419013 368377,6993480903 1
1089,4669246003393 30613,79428048604 3,9948550220531756 834,3523516997591 963,2043156957227 135,7608115545978 81,58502618160594 55,716610871539345 5,323120056781072 1,2885185729849526 492,4393043009757 2,9895906744042446 369004,84095467377 1
1077,2959307865963 30460,350562342726 3,996679031477981 845,7161506926223 960,2337950250856 135,05444273531998 82,31339505335644 55,67646598921127 5,40067257800592 1,308771165356904 490,2802164938058 3,01352113442723 368355,8242065165 1
1092,6282495099774 30444,115887356802 3,957773888375702 778,0422493254539 939,2426506580238 133,5388614349829 79,39933519641698 57,63591580611446 5,327978069785415 1,285653046021896 494,02410671039473 2,9775199371981294 368481,9022539979 1
1084,5049569419123 30424,832507240575 3,9733985861259526 788,549575968994 945,4352907376652 133,44461391682853 79,37652143227614 57,24049936701099 5,37476014578065 1,3010261456015435 495,21473293707186 2,9867580375340186 366207,8590574388 1
1088,7177158191848 30498,611943214757 3,9694321271986275 848,3775231067865 971,1295298403985 131,48018491357294 79,64161307998044 55,52614141443772 5,386891792545563 1,3088193970833581 497,4819649803411 2,99905184830957 360812,98806385 1
1094,4504261734564 30266,966359013884 4,033347136690635 849,2097018116689 963,1920059113834 131,8919038315227 78,26753216729549 55,743131367942965 5,33348018224016 1,31905108025337 496,3220158061682 3,0063564613600624 363992,58606585435 1
1093,2315131433593 30443,01300002689 3,999636331215605 768,3780274040647 967,8982842212647 131,54459059804407 79,58890124405671 55,5390594864494 5,359206262395964 1,3121141605602162 496,72651229858207 3,0011958984536244 363160,1268432185 1
1087,4940401683182 30576,733286612598 3,9968018147481263 764,990655987367 943,3146757544203 132,87297892828585 79,0539243431243 57,6310905975668 5,403659776008095 1,3277124210693159 499,2113714817444 2,981811519116418 365766,5855802574 1
1087,1607779935923 30490,172633240178 3,9694926600491853 768,569604370709 944,3948123349602 133,78127889615132 79,03681772928053 57,5375560814636 5,371634503682192 1,3300220261058868 496,8076811784819 2,9930881237663858 367116,67959246336 1
1088,6775971833488 30453,67898644519 4,021753592638718 857,1905705936781 968,514977509762 131,52753571018496 78,70393567638504 54,611496156776916 5,378718405764262 1,3183500393659322 503,2715187668091 3,0099915995433655 368156,93430260156 1
1092,207714384212 30394,88754509057 4,026621435787753 853,7668540774961 972,8596255172123 130,477203097819 79,38301903551485 55,383781044498065 5,467450473947879 1,3453770252176716 500,7468298880923 3,0078349991915356 366588,7927332492 1
1090,183247292176 30346,139725677098 3,9883676954925527 822,4017950358385 956,711465135786 131,47921980447657 79,58182414098124 56,14545064035064 5,376072810008763 1,3281806559241478 501,7564503914858 3,009976438657976 366951,7413039987 1
1096,3464032386707 30415,531766963715 4,005133365361381 815,6190022284312 956,3252628877021 131,87885280623345 79,37262642749839 55,8594377135936 5,349345186442952 1,3389003195833222 506,20491934404515 2,9865042909050055 362057,2276005763 1
1097,2117406081597 30497,014248729327 4,009156858993841 875,8805722920623 970,8344866724228 128,55866513763232 78,8972060159908 55,207089694757144 5,374446724025494 1,3334726973863467 502,55693713597805 3,007839519956808 359726,8866213544 1
1088,9410991654645 30509,94842309082 4,057276641511553 873,846784798882 966,2841517114551 128,952630818274 78,12344478989687 55,153313911306185 5,320306992014068 1,3487516703877138 506,32677617837163 3,002834428858461 362747,30616707716 1
1091,9408172122903 30608,11804024428 3,9884187208351682 868,9680104342428 975,2181707443141 128,2442478287418 78,84699662163133 55,219065881542626 5,3883517136550685 1,3404721199437553 501,3717944265051 2,984823542303138 363235,33704496967 1
1096,9810933463766 30563,479650849495 4,001825802379976 871,4884693485895 972,0473417937648 130,6442367122084 75,91385749233307 55,36241124144496 5,3554708510642 1,3601195467283496 509,0486467551524 3,0014102048739058 362190,15103250777 1
1088,1441916903916 30798,305860864635 4,018419723557718 878,4826706068399 969,9239751104393 130,8455263115841 75,90170909718468 55,00138152250735 5,361894964191042 1,3485703099254123 510,5461966479871 3,004866191202302 363747,524510079 1
1095,3823271019005 30535,90251195994 3,9861689418361084 833,0939774903469 956,2665930221497 129,23852540774337 77,26591559346882 56,46221965345666 5,399157694648327 1,361408977068451 506,16729292702564 2,9901804603445257 362664,6650893997 1
1092,4609355452656 30432,57344131925 4,001382308839769 832,7690065864793 951,9569898366193 127,41250567708924 76,44635624895045 55,806907835822194 5,356160518903999 1,3610506952274883 511,8851684723504 3,0004479207807124 360779,29834939574 1
1096,2583075796538 30289,13474296653 4,005325284521018 841,0602914302821 966,1273706072702 131,91902853909005 76,86323283423575 55,69098085780808 5,375560871769158 1,3689512480279116 508,57892772575104 2,966833403502149 362051,8332503112 1
1097,157045807767 30425,580551585874 3,972364390258513 837,8724902563407 959,6256606243152 131,7155592535419 77,21163877425319 55,83115298569605 5,379646755168499 1,3795029003235386 512,0906344631907 3,036544359299349 366482,124170083 1
1096,8613035562034 30394,57416387047 4,0125426302743925 834,6420960986455 958,0138259410633 125,11499218566355 75,92548121662806 55,53195963411208 5,372830341808407 1,3721221683462836 513,47405252492 3,005812088513256 361261,56390159647 1
1094,6082277121477 30342,36390546959 3,9979125305271697 836,652059093975 962,3079440446412 125,86373693360882 76,43221494833736 55,81790395917654 5,35659918373307 1,3691712321276324 515,2887871235409 3,0209266978171945 361169,028306484 1
1090,5769878861531 30327,776656739177 4,00227622940347 901,7971627337721 964,3360915612715 124,40406318877478 75,39217877906175 56,165720014408045 5,355491524712076 1,3734021417110076 511,98761622470187 3,0072317829808846 359879,0726717535 1
1095,8924786541272 30363,529554777233 3,98795066781037 891,6191699053643 976,3615108358505 126,47675027695401 75,89161691143279 54,61766914588303 5,33551032027508 1,3735450746501991 518,1484500146498 3,0027090832475065 361095,47189579526 1
1097,7406733134835 30697,757967066314 4,022841477554459 899,0192395885259 973,5601043885579 127,28978578578804 75,98270298342943 55,05596379234274 5,327384397805827 1,3752999464284636 512,9955417058037 2,995410846261931 357023,9514841148 1
1102,023083105023 30268,593638719558 3,965466103061425 839,84990027607 956,3227199562534 127,08329914944271 75,15784142573017 55,758696447750246 5,379893179470021 1,375645437947842 516,2141255236447 3,01550596153829 361931,3738782978 1
1084,4760489840335 30437,31149935697 3,9656419893098174 835,128558779462 959,2104920411948 126,58534719543438 75,43765002014024 56,317159571124 5,367983476318729 1,3974548218520468 522,7242149077549 2,9806519892901147 356888,0188053416 1
1094,50101455687 30376,053552177476 4,020021146251307 921,19695096567 976,4848757217195 126,426201480149 74,98453793601946 53,850126633395014 5,3915476358801095 1,3827983854332275 519,9621840325349 2,993161229328693 363001,77325987373 1
1100,376279422974 30423,24247029139 4,0353187939499975 912,9226839394615 974,9924722172974 126,94276411601226 75,62063620822451 53,59581481750196 5,357617726026334 1,3842184680807528 523,4834485707122 2,991272644522145 358521,8712152322 1
1091,2228498905176 30546,05855493465 4,012312339474009 922,694771923518 984,8910130405158 122,31030193114472 74,06582012071644 54,39620763097512 5,35854891464915 1,3953531597628523 521,3857250284597 3,001845682419013 360312,3643684952 1
1084,928757208357 30679,29285202478 3,990767367181163 920,0207671207207 983,4412681329264 123,81285072991518 74,37307856976375 54,067865247392234 5,387576828145165 1,408102663985049 517,4518896027166 3,014021524160787 360125,14475340076 1
1094,433173701462 30638,454882983195 3,987560641721478 880,3537821840713 991,9388997708429 122,04630828147151 74,89930635398848 53,91144053627027 5,388664792450533 1,4063642156005245 520,926711212572 2,9966657883334356 363384,5891974787 1
1098,4620223589743 30473,215730523534 4,004506594127117 874,9362098212724 965,886469099458 124,12255189426317 75,65407372879196 54,704860646603 5,346077414114332 1,406959842329808 521,5805584393496 3,0227943645068214 363246,1185317597 1
1100,6599584184503 30453,33640320913 3,976694606223379 878,6661619025757 967,4716724762084 124,44257674024267 75,61842832883438 54,899968423299526 5,39482174881848 1,4088758748084664 525,842609989199 2,9963958531390285 359713,64598640497 1
1099,5883180881224 30366,420353114376 4,025607640555567 910,4564777193442 978,9351681093764 126,2641581285383 74,75045394768793 54,42833498348831 5,400903680049595 1,3975483412062322 523,9147797785637 2,9929422637410377 359579,4141809239 1
1098,4638032392722 30723,664624989357 3,978314265731477 909,1335343144187 972,624702162804 127,18540419070308 73,7070580164059 54,282003311603965 5,384502157389025 1,4114321737823274 526,751217016848 2,981441278046125 351812,2949410986 1
1088,0229973093294 30243,31315852868 4,019667318949389 932,0582885161814 994,1151975989181 123,8936500692848 73,88660985825962 53,598671434707256 5,3283905504875735 1,4121772223633404 524,3757797590863 2,990983008858025 353760,4297416095 1
1091,9233995955665 30525,65178726062 4,033441873673953 940,4326743231321 988,5574064138443 124,4370265593868 73,60832668361245 53,671752628859885 5,356948285081624 1,4171253392198857 530,885408994182 3,015589810600126 355685,8848652758 1
1100,5556863490467 30635,709296287117 3,99292981846993 836,0700135256303 958,6619130941746 125,14250627400168 74,74007233731749 56,32247910503884 5,340734611701802 1,4177465859620584 529,3831250771702 3,005356045434817 355545,93764447205 1
1102,0775577015993 30647,207227768544 3,9927173977132955 827,9871462823388 962,7778771291531 123,58621717888573 74,757885943056 56,131871351221335 5,410297318566098 1,422096357647088 530,2284113331962 3,006253224947921 356902,1537424301 1
1097,7618258791304 30461,969327515177 3,9612496786690308 903,4369230622967 959,1507309508729 123,30379867314987 74,2429471408343 55,84568162064755 5,373647055487108 1,428409000415774 530,6703060979146 3,0044913415295786 357124,31642617757 1
1104,5011039617173 30558,032068987948 4,002374127389684 910,5599768106906 980,5799178297056 123,57826129815592 74,42776327677949 54,240339295189166 5,360792157128235 1,4131599593003605 538,3212765159313 2,9886705783060767 356082,717836116 1
1095,940474897599 30541,27578032629 3,9893328030253086 905,2349532056829 986,6146189333632 122,94388932712074 74,5117571019757 54,270174002688506 5,356780599711144 1,4262513738007945 531,7251120785646 2,986976981803762 355195,82521463244 1
1108,636111972121 30299,256235240475 4,007546499935232 918,2622810998098 988,8254411966055 125,98016080727444 74,66613304998285 53,62025624368428 5,360065838158532 1,4142348488813252 537,0680697221716 3,0149734101326464 356017,58146183053 1
1107,0068308238626 30436,40190269639 3,9958795973005095 924,711837504555 989,840928488082 126,74059455446809 74,11960952058993 54,366442257191714 5,328169312173872 1,427741030408943 531,6915468539147 2,993409998350364 361985,22986619826 1
1099,625460098153 30467,58930431179 3,963559123733645 858,9812392992335 958,8343957857998 122,22762506630366 72,2727183676927 55,2670151498472 5,36588995100291 1,4213443814808617 531,1486937060927 2,981666449540373 358105,2210036586 1
1096,0666661263986 30423,801428665687 4,038669301702877 857,0640938722687 960,530893689772 123,30012508149687 72,38561612770084 55,11172331852544 5,363054673221125 1,4442690431227143 533,8135828137063 2,988296471563396 354935,7886233019 1
1108,256880967609 30708,401911482582 4,0034472878099 881,4970587877499 970,0789009416306 121,32520551972367 73,22317695022016 55,031801869286035 5,360843957956998 1,4276904415760803 541,0940446080866 3,006362426711032 357873,3264668796 1
1110,8453111646984 30588,575473719047 3,995428767967005 880,6105742672338 972,0535342097096 121,25948850672913 73,29474781566057 54,749786188616596 5,422481367786143 1,4340734906926078 540,0278017690597 3,00705177520289 356706,52945992927 1
1096,8174707798698 30670,896463570356 3,9978666842949964 902,2596095898343 972,4855408856982 122,24236384088715 73,01348636816037 55,22668372455995 5,410363638370286 1,4453549536787629 540,9698315625934 2,9988770465650845 361908,3208492464 1
1101,8145128598542 30618,106969005075 3,9500024959076616 908,6345770547448 983,8039332465264 122,10302685795517 73,50386831830414 54,515878622549174 5,371657440099159 1,4212696276739047 543,3594903301648 2,998489979496696 356870,56889509247 1
1106,40825577555 30573,76080278772 4,018574062073545 901,712594432007 982,6796164993818 121,56341818765912 73,29411910701639 54,118270163409 5,399873244763751 1,433404737036739 543,2758195974577 3,006944584005206 358495,0695063031 1
1101,0639444422404 30428,988390199105 4,039719690603785 872,1404055154404 970,9127045241424 120,89419816734826 73,11901260236901 55,43071891561919 5,416979343135039 1,430065848625704 542,9670475473366 2,9947000757858673 360826,2403806459 1
1104,9478464498052 30558,373358831966 4,011768769135078 872,3698134778998 972,2023404206129 122,80741586319951 72,09125907193565 55,03745951489498 5,364692937789455 1,4331978925145656 537,542815976219 2,996859227933024 355430,82107322733 1
1099,2205646621937 30516,38695191052 3,9931132856236458 884,6579889419634 974,5496552618257 122,84488503181387 72,79174456676445 55,076372171339415 5,353805107812942 1,4287420307201408 543,1891690911548 2,9981517735659162 357498,36842984136 1
1098,1973604326367 30456,62545101708 3,9932532550426205 888,5207081326506 980,8460699641219 123,36571517858874 72,6914327919632 54,627532318015405 5,3814947852033 1,4359840780377868 544,1802750168364 3,0070052494614457 353726,7819125694 1
1099,1269221098041 30818,551167041827 4,000482625038827 883,670533076975 966,3549543887697 122,74898927476077 74,16862864467711 54,327867626886494 5,421317732101865 1,441596009373347 544,7710049622692 3,018432288238586 352338,7763782369 1
1098,0205714236777 30630,65893158387 4,002056418073944 895,6037077372808 972,5077406955555 121,13026218007558 73,57722077856967 54,954766651471 5,35979631031321 1,4496450667945997 542,7467194974388 3,0064285313832526 356697,5058018219 1
1103,8830222886854 30293,41790466151 3,988620611976087 873,8013546672681 970,6898194374381 123,01473001477008 73,70109148638305 54,40081901112591 5,35037385988681 1,4380168461858587 548,9070045465786 3,002442508600904 354068,0655486395 1
1102,639288407389 30493,54348294007 3,995108164276462 876,0579503550575 973,1841312292055 120,78741041718737 71,65193660910901 54,26965131498916 5,361779613618264 1,4518878175751542 549,742352362333 2,978312988579825 353561,0521289081 1
1099,521487304675 30406,020892336102 4,011213519442218 875,2719669208392 981,0886738975354 120,51937936355642 71,75049392397256 54,21629514351243 5,344299511159541 1,4590046459775525 546,2154767727285 3,0175362760812146 352812,86212478566 1
1097,831133732982 30858,431295600305 3,9879754013961444 915,808847874341 972,61854710858 121,28392845569913 72,63661790264139 54,21301162000794 5,336317982893042 1,4591271569160364 550,4954298081522 3,0004285832675563 356461,3108388701 1
1105,5685528606932 30454,028610262965 3,97220849546247 911,696888312696 978,7275669386885 120,57794375191847 71,87878666714907 53,8597127917873 5,389311931935806 1,4509381400567938 548,9709787575918 2,9926152961086125 352381,95766287437 1
1104,013671242519 30614,00769561324 3,9889947438517845 919,6562411690688 979,7960061386875 122,87198422032137 73,46754807204577 54,06750519481031 5,367387773130191 1,4369470714310069 546,7585912864278 3,0424114770219566 349677,1073981846 1
1111,0506243158866 30591,32933316052 3,993444715416466 914,3579286430061 980,5726798774705 124,25965516855787 73,01351210950509 54,33796929088705 5,393073765626222 1,452572454143923 553,3980671893631 2,9786127850307667 355439,1542191565 1
1104,4163533644246 30421,630346807582 4,0118881333429375 851,8046181348395 955,615116507852 121,44613551103677 72,29537084193296 55,8645527426942 5,368467107954396 1,441481089665001 554,4046456852914 3,0168857779934957 357230,43715361966 1
1099,3969883369991 30563,196503729294 3,9742158870194415 848,8286041368914 957,1069615055609 120,7253968326223 72,36037656331926 55,2514333569186 5,380595975988778 1,4623166656405688 549,6599363327314 3,0183570081588185 351118,9037276326 1
1098,1246342031664 30569,68747521921 4,0255317687726455 941,2841091575515 960,2310183071077 121,44022457340176 72,62306645218437 56,015343570206625 5,394077881547324 1,458079414947552 554,7234963581625 2,99733532849717 352180,7062924282 1
1101,7727838554679 30714,329057382074 4,011125246132795 941,4471192305969 979,1248337038351 121,22634169193162 71,62062411552272 54,36774433076762 5,425213255456154 1,4571205527568485 555,0080184914565 2,9730933760806484 350484,3430397831 1
1103,3416574372668 30124,602022146995 3,9632910570686035 931,4611374593554 975,2110635171579 121,09122508333671 70,86406026155703 54,18988925198296 5,375458944727185 1,4679645533653976 552,7523098193533 3,011377044404437 355983,62732160516 1
1104,749755800038 30446,167156761265 4,000765689653878 904,5292214863882 980,4220331859417 121,3624011851323 72,75195607925922 54,44232311083097 5,359360882064218 1,4662722921380487 546,1705763867117 3,0096913700209313 354385,87566293206 1
1110,5699768423597 30468,340660990245 4,0457014962849005 898,5714602860637 977,6368131078069 121,2688345972424 72,78538603597038 55,09887442878818 5,362923050987511 1,4491176684866465 546,6914482377306 2,984573011104528 353678,8188424795 1
1099,243766438626 30990,136655753417 4,0078527111294795 977,1743813428601 989,6290151923665 119,72229520473003 72,17594994334767 52,67365441372826 5,362335810929703 1,4580157315627729 548,8609109900517 3,012877400243469 351392,08881467354 1
1106,536554383261 30218,267457704813 4,041550623838743 974,0478897914556 1006,0330716739036 119,33106905151321 72,45106787134965 52,485492560371654 5,383957462035834 1,4616398029329316 551,3935569801147 2,993904496422961 353994,38765524764 1
1100,658364776357 30362,058869208926 3,9848164713721363 906,2151057691888 981,6185585244529 120,06655538259507 72,75480420965448 54,083070503664366 5,3853543975253375 1,4656634888927538 564,4000479239403 3,0107730748467763 354050,03530823864 1
1102,5318635044596 30703,645306149963 3,9814392355025077 909,7618264551627 980,7706391839597 120,27663566085177 72,34259982479803 54,573475710327465 5,3590068655258545 1,4774409154885382 557,6748419667242 3,011143214576003 351580,4038252701 1
1102,9966842271178 30432,84013788112 4,003864194449331 831,3874071605009 973,9888186765388 120,14819848879966 72,72739142551944 54,77041232328317 5,380640644433561 1,472660938389024 555,1837705855194 3,015752447270768 352558,7567300776 1
1104,1538296366132 30470,95444838714 4,027316018782115 835,1037916720005 964,1444696461656 120,77209421938035 71,5558520822695 55,295166635763195 5,330911699467116 1,4583441300157642 557,7548668070319 3,0024887364549384 351370,3207704667 1
1110,5721399576241 30596,311447742344 3,9841978044695017 835,1618641272689 967,5878989001307 121,38600874417963 72,28063883763993 55,823747986090005 5,368622509904071 1,4810096384944873 559,4772562538344 3,0101944754873875 351266,4863282631 1
1110,0661271920405 30557,03506334441 4,018553598413434 902,2330431947488 979,6089380150528 118,85698050495641 73,168346507946 54,078256612122686 5,3540263555224605 1,474102044757308 558,1667815848078 3,0009128286676496 350761,4985625832 1
1099,6994942491121 30515,026477688192 4,015548201710146 904,498143526069 980,2533360775692 119,81534672356162 73,5249164276302 54,28752010986851 5,353004868031512 1,4685982202919718 560,4874141592757 2,990285862873828 350230,7704940713 1
1111,5538148473072 30629,967352500775 3,9894749858051184 902,5277956825273 983,305801253703 118,9865255461488 71,40499433084773 54,08142296783863 5,40702772722331 1,4581070490373944 558,3885256599993 2,9939399889038403 349150,9626221755 1
1102,5915683095507 30590,754230753864 4,010675848553819 894,8743193060044 977,4486898470642 118,39105591844563 71,56915002262372 53,84806423391609 5,3695439472678075 1,480797334358317 559,8839217851602 3,001631162838085 350600,688914732 1
1113,743995346428 30602,729106462328 4,014325996669222 898,4467546957286 979,1658896612453 120,52254706771927 71,59497435229758 54,207111021505675 5,361211582251728 1,472675789344291 560,7641601912185 2,993304625162373 350176,5592797326 1
1104,6851185589862 30513,99920137681 4,016335342787129 907,2696477655072 976,5728003283444 120,99166026558466 71,29905357927599 54,100468029018536 5,360810410737053 1,4728770944374059 561,2982242119874 3,006457988808627 352980,5109415116 1
1112,7446324799412 30523,446536026688 4,003366532628783 964,8862426775377 978,5899723029245 121,1277271548392 71,4136698114766 54,60497059957401 5,35408430562395 1,4674425898436203 562,175716941805 2,971959752360707 357808,955629479 1
1104,6781672206855 30461,603024663134 3,9999611848423906 960,8158767892247 982,7925416783287 118,7757952457197 71,53921381865031 54,02482350404511 5,4132319305525405 1,4744275439692698 565,6002706065594 2,992848860722759 353443,47394252504 1
1111,640290586417 30494,95056073838 4,0405995843766584 965,1269989905127 990,606552919229 117,36326722541489 71,31937923072857 53,756492474473255 5,42180753313009 1,4785155926780311 559,5968604136436 3,0159226646349193 354375,5316037791 1
1096,8360945700153 30465,149119303653 4,008397089804963 916,7419833576956 978,2191877271441 118,09678662316225 71,96909474397279 53,82277077552126 5,411714722635949 1,464851502267286 561,0753668621085 3,016126280030312 351360,18910120294 1
1115,017081979787 30722,607655641466 4,0038569061604425 929,1989711566546 979,1878405394325 120,06111267169949 72,44844282116027 53,362797746332284 5,372956017398135 1,4607399768229925 561,0371116345003 2,9874247737646984 351700,1888728517 1
1123,178151799351 30512,614313181504 4,000337447542513 955,8878533239856 992,0165394811625 120,47161979514361 70,92742651212245 53,528559011767356 5,348386215329217 1,4948615064736064 564,7747458513857 2,982092591792726 354434,20155004266 1
1109,7412436395427 30413,33604053758 4,002519342801237 960,794888562167 990,112410707544 120,5532355077944 69,97254042206067 53,378021722672635 5,398998524824194 1,4728929703285962 567,7180431974746 3,0072142817524745 357567,3243942239 1
1112,4090934399203 30407,948200935578 4,0064342394778665 892,7621091532891 972,3964136474569 120,91624013493602 71,23278494977325 54,61142921963779 5,370946748448364 1,466040050315468 566,1997739970301 2,997052831262134 355260,4934888773 1
1108,9218926353128 30805,686286370932 3,994448593165131 890,7594657752048 971,3135924677016 121,88857486333521 71,95906085079497 55,10395407947475 5,344953379037843 1,4775999329673715 568,0385769415807 2,966454675850242 355078,08288856276 1
1118,346464998097 30176,970294650466 3,991852860730524 909,7214579509259 976,7918982170698 121,85366380682217 71,27821263536809 54,52565805296265 5,419352722023814 1,48204169020831 568,7526724096467 2,9859802013003263 349657,39792085567 1
