Co2(scd40) raw_signla(sgp40) aiq(ens160) tvoc(ens160) eco2(ens160) rs1(ens160) rs3(ens160) rs4(ens160) rmox(zmod4410) tvoc(zmod4410) eco2(zmod4410) iaq(zmod4410) resistencia(bme688) Aire/muestra
948,1606473254911 32513,559039587006 2,006544915067277 134,1651651737736 606,7639687095981 451,70717862007416 458,2595056577956 94,17384315970735 5,364199324801318 0,02389861893811389 405,8583238121624 1,006676817992179 434339,0059970939 1
946,1153207421575 32518,66775370329 2,0131102220101256 174,46810501578358 605,3079922183983 454,6564932321352 458,53787643282897 94,97823009777662 5,382477060551562 0,023880396113871123 405,54486254108565 1,00049506741277 439825,44230106374 1
946,6599009896747 32652,489550094317 1,999281715500707 174,72035199177063 661,2068045987835 451,99486015397787 460,76878928985514 89,88775114704943 5,40245559545999 0,02364341057725261 400,1451622980091 0,9951836053477958 441139,95631913946 1
950,570234251349 32425,189230588003 2,00122843336276 174,8717307665282 666,445714119638 451,8909134237237 458,5896507961033 89,71875338705387 5,429427864758182 0,02373143812729837 404,0556576443755 0,9939035813780018 434165,6117755074 1
945,1292270595046 32445,839330906707 2,001390050047772 180,610744632808 665,0248269378827 455,70526532740666 459,554881310103 88,93716407524158 5,372702247756972 0,023749137692946263 403,81596399004184 0,9894581326820714 435828,9801350904 1
947,328717119164 32457,04288340276 2,0088782464481607 179,00642218617153 664,0213783079699 452,214747623085 457,66192913863784 88,41588421588182 5,407908861945642 0,02499684901128193 403,0514332896459 0,9960862221690457 436442,94610208477 1
951,6587303543843 32471,79387990377 2,003353849536875 205,5557165105693 676,8039598878787 443,2216910693073 450,8084136189085 87,6945101325708 5,377565857155663 0,02484567950970607 405,60807809751464 0,9937123642487002 440325,08352691587 1
947,8960560815518 32185,848209970212 1,982481190379939 205,20119692353796 674,9851161271449 444,0394989075863 448,7260296671866 87,51084290725551 5,374790723179817 0,026609450055754578 400,6610840729504 0,9931866829718946 430294,4164148742 1
946,9888380296757 32457,18184749034 3,0068345305591366 206,28635486323503 707,4551289611499 435,60850824304885 446,3813586619299 86,14235742961814 5,343550834983874 0,026791229775510485 402,17597937291976 0,9974147505549612 431938,51884438936 1
953,4312714548997 32358,062625716186 3,010691087423681 208,2427166641561 695,258074753774 441,7438515367074 441,94888387794987 84,99523259134038 5,388386678917182 0,029078159791122025 403,5827400832713 1,0005938254798215 433721,6906719847 1
945,3299497467124 31914,585014847173 2,994989104737022 233,5027897569969 708,9282506443998 440,02009450840967 446,9562695879506 85,41415328874571 5,406416201825673 0,029201575528908945 405,3095266374793 0,9976034079899287 427917,9813105682 1
958,3697254608117 32302,66881827258 3,011129845656531 233,74990702120903 734,2641820506075 440,88223096143264 431,9800678097202 83,14725801317255 5,425053787314726 0,03206129467191108 403,8390879013589 1,0021112169058937 431915,7449986229 1
943,888561402606 32529,202065596834 3,0012458741154004 234,4393336168953 734,2533900443983 437,99733808423207 431,1329362629415 82,80114000895666 5,366288515791042 0,03233199973479086 403,61000074537856 0,9961845991444245 429533,65420693386 1
953,0012311733908 32329,24674416744 3,004358170141173 229,56250249823833 725,0730420558226 455,3982625185264 436,0676352468069 83,2777549643814 5,40271386069853 0,032122121724422165 405,4364490091633 0,9966144899003703 429649,7241101233 1
948,1982375228491 32565,76217077884 3,0121993054241836 229,96333363420882 729,2416266283285 455,9312183343781 436,69026097590853 83,7233351573366 5,363315767590836 0,035318129853811865 405,2479143956282 1,000835747835792 432702,79716873344 1
953,5781711626871 31847,973223608577 1,9947111987749417 218,3079169748957 717,0546868017012 437,5532954976466 429,8240749430918 84,12862133110457 5,411748336341664 0,035522928705838 403,96534054997966 1,0039412517691186 432283,0138613138 1
950,4786381910004 32113,303023937002 2,002158390738321 220,20512640805666 718,3230098660258 433,72645005540363 426,1724976106585 83,77831068548701 5,375221823580718 0,03921410427321061 405,169024425156 1,0059665342284017 423905,49818007747 1
947,4759156837792 32079,296492447498 3,015243674008266 233,88257524532713 736,6934435333319 439,84119721036836 427,22187571730643 83,23730046614399 5,37793277753305 0,039373807826224905 404,3068586360206 0,9928005683134812 426064,0167397026 1
945,5726874451168 32489,389406683786 3,0050828711803144 235,2223709287189 739,2387739428693 438,26057326588125 425,1982265653682 83,24060950392172 5,384294810877252 0,04392711771738167 407,04538268902616 0,9968550306365661 424049,4900625824 1
948,5379492071937 32535,394219771246 1,9854621211616574 205,03908319188173 743,577708644915 434,8456833912517 424,940430944939 83,13210178065964 5,4198998253267625 0,044029816649139034 401,0538832315756 1,0049099870202605 421749,04378103913 1
945,6434327457223 32219,150016343854 1,9920850132054797 203,91199620143104 696,562547593441 448,60400134456205 424,2761336818382 86,40416463874848 5,427658718938052 0,04895778873370667 402,70460208339745 1,004499182277806 426985,24007480906 1
950,5420859553344 32520,92654471747 1,990267415696334 204,91367211764106 697,8361814883364 445,6939766043277 423,5468994901654 85,44902938106414 5,335715278254808 0,048740771374308677 406,0807504248924 1,003951468151356 430805,4060874561 1
950,8362848449141 32050,428777782112 2,9757990965680308 254,81628482324214 757,9514890609048 434,25385920424634 416,5124081081728 80,76022794215008 5,407913230466496 0,048914578542924594 403,0600871498183 0,9940465675572393 426498,3285206974 1
956,727121664876 32269,690130431132 3,010920862634964 255,29540613340828 750,6202302973888 431,1908391909935 418,06474645273727 81,83055948193719 5,423119731646828 0,05315362174643238 401,8508540278793 0,9977157279660225 423401,86853857624 1
943,5623130263533 31835,29524873366 2,0004144460075297 211,72311109230344 741,8802884801419 438,3743964545872 412,17503189453646 82,47753009315623 5,443720787155212 0,053603913067454885 405,56527161925004 1,0057983599690141 424084,8217904105 1
946,6348401698908 32422,206969787527 1,9874175992720948 214,1213634157491 737,7063127064156 437,43237536386323 414,45776771435703 83,47735917863771 5,421019666151571 0,05854675865502169 407,61954303812695 1,0006142755413174 423026,2558469763 1
950,4207516445124 31858,608664069703 3,0083264763733712 230,0960506598852 730,999845134704 432,1170883931536 410,183459397364 83,9748668093627 5,408061697420477 0,05799385503285186 404,8064733103033 0,9969666664734844 422404,9771033166 1
956,6549975295368 32046,43170660512 2,9792758953520706 230,5799880919344 726,0291730890918 432,0072483112238 412,8267994841868 84,51847111257352 5,395620223632829 0,061628808050549426 405,82299981142813 1,0067144394852854 419166,25674862467 1
959,9421093760225 32054,11409458782 2,9734933282975295 238,67680774304003 724,1150764742632 428,2577297256459 408,5379634705173 83,26289648989766 5,401978873078461 0,061902815723948186 402,06076861444876 0,9867598895963656 420753,43099267245 1
956,289167475797 32228,006524324883 3,0455368665383697 241,65177814458826 740,5148380617231 434,3595513678551 410,20795718186304 83,38163473605945 5,419947665298881 0,06635269888882628 403,3035383460117 1,0017131824251526 422503,6399543366 1
957,8136310995815 32389,793672288324 2,9967682607069035 241,8865371997546 744,825439486566 429,28480725088315 409,80583972891 82,60462658935064 5,374650326830062 0,06718254494082182 404,81741447717496 0,9974292738965456 425149,2024302966 1
948,7804536845499 32291,535395393752 2,9983724091076898 241,56795214126018 742,5644741012001 441,78470435665594 406,2109167975773 82,62925412562169 5,355556682550192 0,06661710170133162 406,3062793077097 0,9931605504306719 427639,3387085506 1
955,2928054790734 32056,272028883344 2,991262541537424 239,97399610766453 741,8554227170172 438,593798292598 407,1479674832329 83,29847812700103 5,392466194988202 0,07112718271976617 402,70443561611376 0,9945511703877448 418489,1138224108 1
948,0158489591396 32331,381390781484 3,004956106295499 263,1040071697444 768,1554023862901 432,41767438017354 406,2566766003899 80,34191145598061 5,411782719832498 0,07149409189396828 405,96850052771725 0,9988236533810807 416032,57158778195 1
964,1142828525333 32084,099610195844 3,016860392948722 265,4134848467201 773,2146251313197 430,5597060443227 407,7079814179317 81,31961873086793 5,385735400948793 0,07629734532901247 408,7456154287344 0,9940161605468418 422148,81555348675 1
957,583696548078 32402,88035601564 3,010595800285687 225,723069711057 723,5730713735612 433,4660760667455 409,155562908252 83,82370952162209 5,3909021614583175 0,0758797816901924 406,985899717694 0,9861584127042642 421484,3768811514 1
956,0394170131248 32373,060245152563 2,9978556501054783 225,3719082669302 729,4549845423918 436,66330215954264 406,9332106962174 83,83099019090581 5,3778282047809975 0,07974693701234561 402,8845074824875 1,002615961526649 419926,4256301542 1
954,8624310738331 32322,84378668209 2,974537658415751 229,86897126704307 722,2147086936926 439,25273457867576 410,35255792630466 84,05867883596326 5,352173268879601 0,07897924452209383 407,3138678239962 0,9965259871846743 420471,17950152385 1
961,0907047055908 32134,74708577254 2,976580944071972 226,66614463636623 724,9554124627923 431,13704330107214 413,11512628004874 84,19864090144665 5,438012954687442 0,08399100164226841 406,26283977351346 1,0069308391874534 419279,31436326954 1
963,9608312277645 32331,932983156305 2,980303581972162 226,54748987791476 723,2507708523675 432,0253874742583 407,37320803614733 84,02544213266863 5,396144749743192 0,08307888914249778 405,0511651030243 0,9976604654594292 424189,93759578146 1
966,648091124494 32084,86835161241 3,017563456044285 232,335286958341 730,1036047844232 431,45376564042544 396,7459299281061 83,11993251646813 5,402824252247468 0,08467578558204583 405,1421017276985 0,9969192176934375 420005,2468786319 1
962,6835030776474 32269,732846234896 2,967624537122197 234,01407199312527 740,8196542748341 431,1627710902183 396,0581664964003 83,26619958682915 5,340920631537974 0,08893536628366401 411,14804940732756 1,0010059652054897 415843,8585642896 1
963,601828453625 32400,725200892022 2,9939400688366375 266,2450165217191 760,6014038499706 426,4347718873127 403,63504127610395 80,30712418422448 5,335501380037682 0,08899408404042929 408,5866415495274 0,9994524610309717 413863,4850024041 1
962,6793245249437 31921,896319885636 3,0049499667164596 264,12223461297634 763,5738127223784 427,7371462744569 403,3926574394934 80,8458574417883 5,430542605290984 0,0939516469081105 409,48189659038434 2,010930324047842 417298,64278562745 1
960,4276914138115 32222,643203511245 3,0257629044003336 247,03611344901321 750,4097568178908 424,2312020626131 402,97713573804197 82,21055274352298 5,355637249111459 0,09382331184731008 408,93961948261114 2,0105237770918385 421839,5629482808 1
963,0054593193721 32420,153229708372 2,996930091687341 247,29578392353548 748,4700544301697 424,8902257622066 403,77878445288377 82,39008867296691 5,39696122244575 0,09883084063577663 406,8637656611717 1,9966256696088156 421866,0819913145 1
967,2741643657512 32170,641678922348 2,997780707453051 262,3375659807758 745,9618553194093 422,6555947207274 403,37628106657337 82,65466410400474 5,347521151064472 0,09813092341442807 410,2245030752215 2,011582987422268 415441,1093133552 1
965,0326679323479 31887,084696352274 2,9850487813915207 265,3395781633171 765,1304782022144 424,56978378092083 392,4041448176808 80,91969518849582 5,405681664315649 0,10205166025622263 414,6780986486422 1,994473162718936 415210,3182929905 1
959,2342233949691 32157,96145534067 3,0165842276466095 265,81312995943495 769,5438026340089 428,44548367998067 392,4017935247618 80,68111312896932 5,44046631113338 0,10238274353722862 408,75024851019896 2,0026829130299832 414814,5391221916 1
961,2745165864767 32065,05122036328 1,9843676817258478 217,91938697732428 751,5774077645748 427,0387009466557 395,34459016827685 82,37985212126516 5,397796862712658 0,1025081938782572 411,1279040272299 2,002802561833382 414186,29987229104 1
966,1954017012462 32138,34364518149 1,998665788562087 217,78359779508654 759,836809334431 424,42265430839984 401,57665779523467 82,02165771732957 5,4050638293641144 0,1063503415959775 410,27271791900336 2,010163903672682 416390,568876897 1
960,489474712887 31962,343653884403 2,9916975060021045 215,22319508397518 713,9163864511049 431,2143763539711 399,73638618144525 84,86013687822908 5,379201895678086 0,10646793218088407 415,35912791591517 2,0040779749657265 418756,4770480388 1
963,9246996142871 32132,47564685531 3,0034744887527447 214,89530683334132 719,4489056158711 430,15255903866466 392,79098725018883 84,97846666047263 5,442702141076632 0,11097178970675747 413,7545356275831 1,9884442455102522 415471,42469633376 1
971,8567292678154 31895,100653935948 2,9941396484520784 251,45375583207286 745,2811312975628 420,36133996316727 395,5397863611617 82,42003851945339 5,3983395902961675 0,11006640036763915 412,993265539182 2,0195034186334158 416570,62556504994 1
961,5654314976649 31973,303700346216 2,961944993583665 248,92706151186147 747,7488566378428 417,9701831293665 393,8408626610937 82,50265772296287 5,391750687754231 0,11500386543275064 414,1631143309715 1,9926989846928025 415210,39732990315 1
963,1149001670291 32259,73324754105 2,9830959066904037 256,5867911994128 754,1979830276457 417,81149054515686 397,9042637576131 82,62739963865353 5,4102507015303 0,11459045369294368 411,04524781695164 1,989754725539222 415842,8911993526 1
960,2580663235956 32140,58927260593 3,00358092010591 254,91991834153802 753,0224534228605 431,6011212466105 404,31624263096353 81,83040847346749 5,373585449577103 0,11906019709752592 415,8150884279545 2,0212169016198493 414107,3115909603 1
963,3141139820708 32179,892387075488 3,014969978515511 256,5089676755672 755,855601866596 433,4936526208032 401,5404202777672 81,00391653324465 5,41149013912293 0,11866428726222822 416,63479551892857 1,992109501071951 415730,42158374144 1
955,2412499178113 32458,53734558925 3,0386709344474196 242,21628661629964 732,4287730407896 425,9311752823202 388,37661366258754 83,46364596918897 5,355214925935891 0,11924096124124647 417,6609011323968 2,025596080685781 418871,7574450506 1
969,6233143230927 32130,170687766862 2,999601243785639 243,94870228036476 740,5494680125893 420,79138787906476 388,10452492152774 83,13114017842808 5,369925426475666 0,12248635715613027 416,18812115737313 2,0087613051428987 414973,855229544 1
967,0771228199291 32048,653817846905 2,985321937852979 248,24150571019774 746,6147454874325 430,12452633920486 394,944018764129 81,57332588368014 5,392835267041148 0,12130208148803658 414,7865245102163 1,9801898943614156 415305,9253816403 1
967,1930189315397 32077,720086375968 3,0098701627121773 250,47385993948802 752,2831055245043 434,04097569072957 395,02081094045093 82,22348611611851 5,388799452058976 0,12391335569657463 415,40301689857563 2,0065974061941225 415749,17822475685 1
966,1783275492461 32167,51576117283 3,0088430901126038 252,69225200258225 753,4429899236034 426,40458970636143 387,3489489748399 82,16405996640196 5,43108370635903 0,12319059807975376 415,27980141600966 2,0004375716905556 418260,6253952698 1
971,3456447356475 32299,62225289821 2,9793891571124633 253,0123504966655 751,1539171719141 418,62253571573217 385,028888042022 81,5308630388679 5,427218862101094 0,12766028171920438 420,94213707724055 1,9909300418943534 413641,5495188674 1
959,5456271930316 32349,80586547413 2,991274538833643 248,77818445606277 757,4296610176497 423,7205605891149 387,09418287797536 82,36508748194312 5,369513463459993 0,1273073211876369 417,7581326062502 1,9869291011551826 417607,19844201574 1
963,211787327242 32020,331899834513 2,997230470340454 249,39978268368438 745,8602796115056 423,4373062739885 384,9648317157217 82,13504322073364 5,348947012503503 0,13083002761586884 419,5838118970963 1,9904031760543635 417864,294319896 1
960,1173428498928 32198,78570101325 3,0086984546839 247,85849259214362 747,6757993616171 427,40180770628643 384,63464813156065 82,42961260577208 5,399918462225466 0,13060334172339086 417,14594225482097 2,008855036202264 414749,73978541006 1
968,3351988752695 32331,68721543863 2,984825691513061 238,2458791328328 749,1325791485552 424,72583576170643 395,247630223373 82,58781442110329 5,418002416886204 0,12989884416335712 421,29692716301014 2,012339945433702 418350,8619914199 1
961,756630254959 31925,50986953846 2,9963185861452004 239,00473126897532 753,3633511233407 428,4723125842146 394,6209707918922 81,52845596292549 5,419182213953736 0,13279857676257104 420,81049407701425 2,0007679868054575 415914,0009537033 1
961,0739008264655 32073,998642889652 2,0178053983680444 253,086478720485 755,0949523362885 421,58921568225423 389,3567338969884 81,36175245755437 5,41916629608406 0,1339831018590062 420,07332502712507 1,991261139277004 413100,3774707155 1
968,9047073969634 32122,557012168156 1,9997931821493176 251,84920006834543 753,3182424631789 426,6830821004118 390,1943676840011 81,98495408477929 5,409297144987057 0,1370878938868506 420,48589521690843 1,9963401298532206 414029,17075651325 1
974,2694060824599 32060,996641238737 3,0005754987058113 265,0820620821505 772,7497053101091 417,0873354363172 376,9953543587309 79,95716751144221 5,394741615480557 0,13722618189494978 419,9348494180494 1,9965104417231139 414800,2573187577 1
971,7224646644714 32184,493382013286 3,0384064598843477 263,53887142149915 766,3860746136343 415,6943163381788 376,9341500422696 80,83830867391141 5,347483871780188 0,13884430340130788 420,35940186068933 1,9975528817130257 415741,22696319176 1
960,9417412331719 32195,95493348417 3,0175176682993836 258,03537664550055 766,922519630763 421,9786518901874 379,4134539687093 81,12967317966528 5,41968641526218 0,1394648325110624 420,9207179820824 2,007126087586699 416660,4076389692 1
970,3641475482474 32187,34129394403 2,97715066649012 256,02370729079576 766,7691742017072 421,56732257847074 378,0494695542045 81,31886674678742 5,345072819327881 0,14319939431510254 422,9421714244038 2,0038923214230215 412930,9030011205 1
974,4899567999787 32077,049510643577 3,0051829414172246 255,56753737571603 762,703916147546 420,55629561022545 379,31139125051806 81,067176238299 5,404254206399439 0,14195385682840958 425,5525485455634 1,9837906373534333 407436,47213241406 1
968,0404621844436 32110,505092547697 3,014021014191907 247,56810947760212 756,7987749748478 424,9027870392309 388,29336464428917 81,38153938848409 5,400246624394088 0,1428671901212109 424,16648738566994 1,9987777536696316 412755,43389690766 1
961,3077325400992 32018,237217217615 3,015219579863441 245,23294513436264 751,4585312110054 423,7089774233867 392,7711589821071 82,12685012885838 5,4026629914941084 0,14425970593914295 423,7087932126096 1,9817923570877476 414311,24199884036 1
966,3112511106091 32251,34292560222 2,9977038873424746 259,3938761387991 754,8049647255021 416,64275340864464 385,10651354469303 81,28292826618699 5,370355023406195 0,14402426661606044 425,2775015154706 2,006739548803528 409163,1994008862 1
967,6320433234407 31977,37732481076 2,998275330287079 259,65026959699185 767,0067802157855 417,47694011078846 387,22536624517255 81,07736310259392 5,4226338526080715 0,1479351328088255 427,53311828272876 2,0003385914382923 414540,0873219063 1
967,1546296065807 32223,897157673953 1,995261459590381 219,05936445726812 714,5276857539616 420,02860614680657 374,365154556697 84,50024133831734 5,355460680571455 0,14857308846548217 423,8030919915333 1,9967421077896028 413749,44832653744 1
971,4762532542316 31892,647506939815 2,0074163102858398 217,00748318724212 722,056837326158 421,2774133216325 375,0095531343299 85,79100296681138 5,369425971582774 0,15091674421913112 428,38127403618233 2,0086947734764764 412924,0496649044 1
967,1095422068244 32235,529477214375 3,0265449652257166 243,72446583273214 712,3339712379034 421,54533828049364 376,88346526046695 84,57963324702138 5,427628707948202 0,1512035750322848 425,59541443764857 2,004913312769947 409047,0560764703 1
950,9724862519898 31795,88284076694 2,98703552558865 244,7206201158771 740,7225615557774 411,13065702453184 374,893252868981 82,7997593280165 5,419804634744113 0,15234086344099235 424,65243114039504 1,9984583566190155 412069,73409922374 1
969,7533627391014 32035,950851954505 2,9876421459804026 240,3765774430433 737,3367545138755 409,07123758703386 375,6230456749496 82,39642017059232 5,397940303518822 0,15307971094909945 427,9951725786143 2,0149377160147837 409830,5004163622 1
969,5889443644539 32152,007332415975 1,9929647354181164 218,93238721998327 766,8713446579166 415,93026112204467 381,02419821768586 80,20981507361459 5,430809748199301 0,15203312000537733 428,6278754640097 1,9875537124922182 410769,35137779353 1
969,6147935173211 32059,514283205983 1,9907531020156415 219,95607175632668 766,0864974073038 413,1777941280187 382,67070161081887 80,1980745885722 5,375401808630326 0,1553357999230102 423,58872283019514 2,004416889644833 415498,55907472485 1
954,623438297283 32256,838405620692 3,0188532240540438 248,57009929155134 748,5767810135424 419,8698012575864 378,9244609515638 82,44138643400966 5,374007277097089 0,1548747244101116 429,29360150909497 2,007114731912807 415273,6317784798 1
965,6547847169755 32234,67518493317 2,9985541878631725 247,82947644560852 744,207703290514 425,45291947004216 380,1836104875465 82,3165135172721 5,421777265196592 0,1555148501356802 426,8849658573343 1,9937525911494076 418181,49474935164 1
971,8896396475352 32061,060257537192 3,0208286962107325 234,5020623752402 735,4542944057456 414,9681608238149 383,55446849037145 83,2363980731025 5,35319147820843 0,1562146130515147 426,5184091743566 1,9915393844997131 413045,92407135415 1
969,8535679723309 32196,450269754274 3,008945409314098 234,39932400728003 733,2834855150531 413,5175149901436 381,3730879326917 83,46683467701335 5,394233289244839 0,1600412569291969 435,00430502882983 1,992581733381886 412926,7070039733 1
960,4254179733298 32117,549919352547 3,0076522277730913 238,8514593769077 732,1613251806986 411,7266647681404 382,6897205620032 83,77895913053659 5,38823682925015 0,1584300695930096 427,1583719009935 2,0187271546585492 410348,9673974757 1
966,9974498916804 32351,257216395064 2,9658776312893815 239,81341440023047 738,3795488169613 421,90619999964997 386,5478342175083 82,26498647168351 5,362919674577543 0,16056303123708923 428,3189049670767 2,0070155498986937 408918,42100526224 1
963,0371400565795 32168,507843346095 2,999359501524201 238,57266305666906 738,9180341291665 422,8325606708562 384,5346570562386 82,33968201049316 5,393386354854449 0,16291953507797566 432,43264914781247 1,9964007963352572 408652,66592988186 1
969,2159309579368 32302,555763394364 3,002777504227988 262,8878482493292 765,497408720095 415,1917958039245 377,2414176064193 81,26521562156181 5,43172338877853 0,16199846667299656 429,51264079776007 2,012165998059302 410993,19526518387 1
964,6213734826362 31973,072751949163 3,013086234782681 265,433939805785 766,7251062326732 417,78248028860924 381,9238963364097 80,32467225388415 5,370674097119021 0,1622475496055129 432,65827157551 2,006310946456711 410980,75974850886 1
961,5523378301871 31993,846039617947 2,997359928918967 229,55878590519623 729,7595105994488 413,5661137485861 380,8506003355289 84,04416181118906 5,316384044253554 0,16197026920075805 428,8993851459438 2,0088288399951106 412085,6150754839 1
964,7999632086138 32015,379100719645 2,9892993924105795 229,1733676510872 730,1191739217195 413,2595829457341 382,97589483631947 84,53950928336893 5,357675571542011 0,16572891885347518 431,15060547395217 1,9861357658833763 405377,84748843726 1
961,0416488302061 32132,62992266797 3,0090666990182218 252,19103531666173 750,6776885528376 416,92928069862455 381,7372495080836 82,2389513427451 5,395363062052447 0,1649104959729881 430,50854318121753 2,0072420339094106 407275,5308851999 1
967,7665587342342 32243,42644588345 3,025120817258254 251,85019774271723 755,8137676433357 416,6101788841316 379,2340694667753 81,19543593037011 5,375598136968657 0,16416680384107904 432,55408259806774 1,995978183513625 404761,7116433772 1
