Co2(scd40) raw_signla(sgp40) aiq(ens160) tvoc(ens160) eco2(ens160) rs1(ens160) rs3(ens160) rs4(ens160) rmox(zmod4410) tvoc(zmod4410) eco2(zmod4410) iaq(zmod4410) resistencia(bme688) Aire/muestra
1165,2046353462815 30353,452517104477 3,9779473084097097 834,6585839898928 966,8103543538627 104,09559006325718 60,65431902117429 55,946561586084584 5,367662805188968 1,0338462961557344 400,4039907585331 3,0227064470871534 347832,1718212659 1
1166,647738169706 30586,047394177756 4,001336110458825 837,0261916991819 962,6885930817559 103,66438148060169 60,85883090539345 55,92178702134008 5,374725384454884 1,0594705308109584 399,82756293618195 2,9804920967223056 342496,840687787 1
1165,6990739783853 30483,520915433703 3,9804543001476116 831,987315464946 947,9880771506664 97,6895358235168 56,737402451657736 56,74235488690818 5,372140410964915 1,0580028723721107 400,63669504819745 2,963286628438524 342796,1672871593 1
1158,6088017695017 30268,2773595975 4,017376821130043 834,3531784722575 953,9269052983276 96,1533128167897 57,42082823553175 56,90195195306519 5,3467717527151635 1,0864938018152168 402,16205094653435 3,0094320536153454 341754,43914323574 1
1162,846697368818 30234,813077576444 4,007163973518398 858,7106832994065 950,7003529315485 96,95857701470145 56,64993567759813 57,23992807117456 5,371469365338957 1,0783910351614125 401,4986148429829 3,019796953921249 333641,34948841593 1
1165,611548905076 30474,78453945676 3,9950107155845127 868,7532028473343 962,026364468958 91,87986948495771 55,53899340521691 55,492682734247744 5,3918660051011145 1,102936760858221 399,85169485302436 2,999173927780387 336784,391793975 1
1157,7203786202174 30413,65147955884 3,9601497784894124 864,401816679307 964,9029149125627 92,29560785826055 55,222713801409384 55,756119754041165 5,4254369993995315 1,0959756733762955 400,36709362610907 3,0131960590955265 330780,23483812297 1
1153,2375566562341 30123,725968318795 4,007450507051988 832,5933264599487 959,0215683924625 91,62875115959811 54,824530327534085 56,31572856481501 5,3821088393199075 1,1016856443761025 400,35182662830226 2,9822805977831264 330335,2770757136 1
1157,3011610175636 30006,94135426384 3,993642911985749 828,5409248401121 958,0278467229185 92,07452373623096 54,93213399051858 55,69355287756043 5,409107380076294 1,1113772977761602 400,75397802564777 3,0226053579749292 331471,06946752314 1
1152,3693265227143 30435,06129701424 4,0045307347988075 821,6449637183495 961,1060472576842 90,09721576232408 53,77873523230758 56,45619277171635 5,382758845099489 1,128059904009253 402,4536862433758 2,9991030225853326 334034,0199951629 1
1153,662747859489 30251,261371233784 4,010099861126877 827,8274824877142 950,6384063120904 90,35579860939207 53,51898501048958 55,96970716070132 5,3118303657187145 1,1346381600201267 402,17806669026425 3,0216394480355864 330372,0303264678 1
1152,1636095065428 30233,50256222829 3,981940433147922 774,1546527907747 984,2136263086879 88,46195484879374 54,28299709736478 54,3766711643247 5,386047878149377 1,1349616392928268 403,7118785319257 2,9948590704180806 330787,40208041907 1
1151,6647214513582 30063,96576711705 4,022964218612917 768,6901384478434 973,8947999926785 88,24007204736282 54,23241347906836 54,797192284610844 5,4002859502492235 1,1541062285394157 406,179359831065 2,9953167186693337 331897,8730872273 1
1149,7358661831643 29991,649152235437 4,030837175151562 852,0987402162544 976,8752774893383 89,18197907222945 54,01760902147671 54,78884131806029 5,378103830462501 1,1510842840092304 405,142461470962 2,99158172177303 327188,2789132241 1
1143,838352580956 30186,926192006893 4,019291594887006 849,5155477265189 964,2132828571264 87,40223086184753 53,19501632730707 55,468634017249826 5,375380092634477 1,1755917482046416 406,8992411177784 3,0206453850851815 327288,31435237435 1
1136,742185638481 30258,31903069625 3,9843592479089733 845,0393730757236 970,7467574027567 87,06245665789527 53,59700616474659 55,12461946909476 5,361445300172618 1,160045219839198 408,3929898750498 2,9846637251828945 322799,0634608934 1
1153,5848080113358 30115,410001060365 3,982489909920153 810,0660857604363 953,0568621226031 85,03819690356164 51,61397100299858 56,519333041272645 5,382101666563061 1,1684206753834228 410,4637332779695 2,9908497585202927 322485,3534177518 1
1145,433379590497 29830,700415356456 4,011223851347308 801,9967162821748 950,3063691232105 85,37339392836415 51,37183312371315 56,52530135673557 5,393207164815922 1,1804067733058523 408,4051776636682 3,004567945422024 323888,35641481524 1
1147,9756983847412 30248,192050953046 3,9923720490211703 870,9053323865833 978,3529271108388 84,4166554299039 51,323905233355624 55,24591764402112 5,334208369084586 1,1849175605235176 408,3967332616815 3,016864980361019 327497,33567582077 1
1144,976659275405 30183,976918441083 4,01607438596927 874,2488899196908 975,4576241386756 85,24193182761401 51,329160294789325 54,853594082165024 5,37834230083329 1,2004365210092236 406,4813728409375 3,0233232838436184 319757,47095184715 1
1149,1806930450296 29847,122951650905 4,022539111606334 829,8948201328278 944,0724776112909 82,46073402357935 51,622411748968204 56,75246781537122 5,315233709629063 1,1884233112235933 407,6618333033485 3,018623620038699 325146,91664086125 1
1139,213749815084 30045,009606133593 3,964389327484363 829,6677839666214 935,0547157023274 83,60883881769007 51,53482801676477 57,486398387498596 5,402417043783679 1,2129457814063953 414,6291278714257 2,9970208715549322 323373,3763272743 1
1142,83490566486 30136,011884467644 3,9720080902147594 878,4846687522122 945,6838550962192 83,14715857056048 51,655382780118146 57,0902801255358 5,36135236431352 1,2090280492478986 414,559601562372 3,034928128052713 321785,0471522887 1
1153,5149730141704 30106,760024690535 4,035214583520414 879,7303716490596 971,0189023671714 84,0331026883744 51,98941101124548 54,180872245688505 5,374721011111519 1,2202420276324266 413,5066362955367 2,999551768371994 321709,7639368102 1
1146,8836025039393 30126,102265565914 4,025508502547622 878,7858611225098 965,9109155372366 84,31560390907632 52,23949343318672 54,45748059693268 5,411574940928031 1,2164485263214564 414,4527830204436 2,9909566115998705 317036,3598058258 1
1137,1855352928576 30064,57552118643 3,9949077841471237 866,8548876916166 964,4114025336053 81,76959191390414 50,37174009600371 55,44310290708854 5,344772032693574 1,2234400773670115 414,07525999828135 3,016881624285493 317194,2575890582 1
1145,327282096106 29911,31366640404 3,9825145662611705 871,4715950096814 964,823640571424 81,59575306455095 50,031824674762746 55,00245636795226 5,417929823741514 1,2267099795861456 420,6818317992178 2,9831997893623265 319836,5768481235 1
1135,1381098918002 30069,01042902087 3,989506833062897 822,7446350127301 962,2377742775218 81,80518900855108 50,334186960742805 56,08416105017864 5,343157857011922 1,2235170104121038 421,13208380771914 3,0119120112632762 319964,5397935838 1
1141,0185435522937 30274,702553106414 4,005406176762131 820,36648591651 960,0591184440925 81,63382658318977 50,47638482980213 56,35009339409391 5,3236803556005645 1,2388486295979522 418,32234982773235 2,9928294709781564 315727,3355200761 1
1134,9006162392877 29758,398557573673 3,9795843791596552 865,4634503643719 968,3744819366592 81,63668895273332 49,724882838698726 55,13450614649299 5,385796840165766 1,2428067630169728 420,355132659496 3,0007282034096576 318127,9522199779 1
1136,6565990892238 30153,458737897538 4,018884999355052 859,6775438171413 963,3020334437475 81,13417495092746 49,75048956556076 55,40365247744595 5,344382451403312 1,2505406904887695 424,2799195034514 3,0131884410952305 317766,12897772406 1
1131,9542133299037 30188,034704963982 4,015892576824788 856,7928250437853 969,3984870077984 81,16389794041248 49,96044454275412 55,140889758317556 5,329045617128386 1,2561720415419269 421,1682792065748 2,99299782063221 314537,18446114677 1
1136,089901043503 29670,57858265431 3,9972714796068023 837,2213661290094 965,5256517476724 78,69511612992471 49,14283413533981 55,51754229500573 5,357936510899987 1,254338271826139 423,7156489765759 2,9921316282383166 315245,0361228551 1
1132,2287826598586 30052,56549139747 3,943398670116676 844,4715368498772 965,7953800561199 78,90013298231314 49,49657880958415 55,69146620532351 5,361132042685469 1,263939785778725 424,61359126752666 2,98105206219994 313082,997534095 1
1132,0518046132029 29995,24373250985 4,022176415162299 878,1865687310161 956,6992321246624 78,36385376492206 49,011009680604445 55,545467572519875 5,368872490403915 1,2600575911939833 426,9318135475404 3,0092153189884274 315229,29211341724 1
1118,6497232910285 30195,6087225608 4,007614101184942 876,3883136924491 973,4362021598042 78,31153735414411 49,22717703526151 54,948101918412014 5,335476473388851 1,271767305700208 428,1586141738732 2,982801534299365 312483,01885101927 1
1128,9704913248845 30096,436552133324 4,0066479890951365 843,8933604001986 962,7141550365294 79,01987629420054 48,85928307256398 55,679082720868394 5,439880113865306 1,2690548111194278 431,27039847807725 3,0221307894452734 314272,355805312 1
1116,8368185972158 30183,2117689445 3,9864393736054486 834,1325230391949 964,135845217954 78,50650079333755 49,57811070187526 55,63529284313175 5,376719696217598 1,2693270789231745 427,91715117076404 2,9832853300701583 313906,0839712337 1
1137,0618101717937 30000,82893836002 4,01955980580791 858,6368314879921 965,6439909651665 78,12009776851046 49,610265230922266 54,92979918248094 5,374018984326515 1,271596177926912 431,8569092514512 3,0159116316968584 311569,96790914965 1
1131,7540372476146 30108,433419698336 4,003619158397578 851,1557069037833 968,115939245632 78,8850269165198 49,64007655915185 55,20005822120459 5,38324126428038 1,2810996080988097 434,81656679664366 3,0034272105830393 314741,68614397355 1
1136,4877425784432 30256,91736954046 3,9876045842622063 869,1264836660204 962,1266307196613 78,91653672786734 49,619570770975315 54,96241398060604 5,337998999216197 1,2834317313374026 436,2470355232521 3,000410185623602 310602,4883617577 1
1138,0830141406286 30267,689185094576 3,9863460891528746 854,2663714844714 968,0170121859019 77,4344769596383 50,43868305626813 55,0181568396605 5,398102986921165 1,2830659709780736 434,59135904535464 2,99337473693694 311941,1389980435 1
1138,6004056227205 30140,646364540356 4,025121869330794 873,4866479091355 967,5326332763293 77,25149366835868 50,688424290035265 54,92190457607896 5,372747454472142 1,2967656848642362 435,1224739125299 2,9926494215519766 314004,4487387671 1
1120,402490309073 29709,9473719278 4,024613983810599 876,2630475475361 972,607689900786 79,16795341054481 49,72597553058208 55,138310011467915 5,355749249979416 1,286600498674211 432,01911424285277 2,9911170878766207 310672,6904754873 1
1124,0112398606125 30025,616345071187 3,9826374822505297 870,7659579717924 972,0333227909832 78,68054625139658 50,22633402474902 55,003674235421435 5,329628374461762 1,2930537810860596 439,4186053445285 2,991210799917294 314551,6971539334 1
1128,3164890219973 29996,581848655213 3,991852731660262 816,3812667679896 948,8171061806414 78,5769758698743 50,427474983863775 56,980246663730306 5,334969279329767 1,2918543675220227 437,7289380256679 2,984661863984821 309091,7754009321 1
1124,6553229024219 29898,867152437346 4,023347697713178 815,8200061662762 946,962581514857 78,281416802951 50,56166352761051 56,59843091106609 5,366650550025727 1,2939963241040882 445,31554894541864 2,990758927775412 307788,10700316436 1
1138,0900346907076 29962,606903524505 4,00099771192529 852,4702663785571 965,9515993316345 79,35378207970446 50,6537279457996 55,52893070231099 5,365268190701539 1,295298570372842 443,7088934421553 3,022933437103243 307290,36259457824 1
1127,1217689722305 29733,681675875265 3,978071500881786 860,4750493500999 965,0805645894542 78,7461408725285 50,09443267939184 55,48048541922309 5,33917998518027 1,3002742595315107 445,2512695073323 2,9850684913671497 308643,2994757749 1
1130,230053782949 30090,64960701591 4,0078691371826825 810,5021159242816 974,504185245054 79,46022781656363 50,80714455345792 55,025513550727574 5,332673860918474 1,2987714213424577 445,37749851953316 2,993779214591447 314207,5588332111 1
1131,5849853966777 30000,649667748734 3,976155519429579 805,1966648540043 956,2147949983454 83,26376340342998 51,16738520357006 56,53728570158931 5,403935243193704 1,2994997849519243 446,89387596325497 3,0179733527668606 311313,34905493614 1
1124,8607514412859 29928,522325874426 4,0139006371872625 815,8914589030626 950,4345570391014 83,0208854289407 50,91517008234038 56,65611863827827 5,339297642739079 1,3044275115191422 445,19269206956096 2,993103756159427 312872,07675865066 1
1130,6631837227364 29893,823057695936 3,9974496258397094 844,8884317195873 959,6002369851084 78,86852125690426 50,60216707268431 55,41753764736469 5,352443564006948 1,2999348371989181 445,26264236023076 2,9911358729205566 311737,8165983189 1
1119,6907135518684 30535,45403470552 4,007294351394367 856,1401984246763 966,4390796327863 79,41499288443762 50,36333651868013 55,50908250335125 5,36554096623302 1,3001912109962808 453,4955621834776 3,0022249774527694 310936,39900422026 1
1123,4456024832884 30276,091177987317 4,0046717934221565 900,0720757384967 971,2780081945707 78,43104191498495 50,965673492125596 55,108137666411004 5,388820740726038 1,3045381445876818 450,1841454465755 2,98979628172394 312462,5033229601 1
1128,1814501809058 30078,805861280853 4,012395793290719 887,422537511579 982,2212612606431 78,59802723259594 50,78468059778785 54,789374324646225 5,424269017273344 1,2976070857249304 452,34778184983094 3,0357138407514963 310160,93478917214 1
1127,038975224256 29958,68108362944 3,999995319667743 839,2291727184431 962,1421441470379 78,43952632125493 50,08030219122259 55,89393484562175 5,409098892550042 1,3130587752105392 449,6042496261048 3,013048171172173 311782,7616165167 1
1128,6076474690155 29898,37628851189 3,9945816767778575 829,7234627329098 959,0465325319651 77,85966361909544 49,78899584945838 55,83172528941044 5,324792568838029 1,3171274884940385 451,8612137285838 3,0044954864179942 311647,13167755783 1
1127,009898792284 30098,977595192573 3,9422063213286287 862,5274805877921 961,9419518066093 78,43219544421281 50,59959318283346 55,780397530793415 5,3736699817045555 1,303565675281765 450,8831430105016 2,9940242996579203 307586,18870329496 1
1125,997691508668 30160,74809405513 4,024708563553339 853,9117554520118 962,2524072935904 77,63683056663672 49,95629298637381 55,54242808069004 5,396828052785519 1,3088323405527909 458,94427403482894 2,9961513286293595 306864,3721103104 1
1122,9980422591075 29950,695890821975 4,00566908039926 853,3198570700177 966,8483547390487 78,81093013620537 49,633823351562626 55,19898634677222 5,328033636697915 1,3099562658119919 460,5590962359972 2,9825011000373007 307250,1873095268 1
1129,343869652269 30198,827212028667 3,9672046784520503 826,4860475286396 962,8230530686877 77,41280512620261 50,9473377080267 56,28382497984565 5,361527921412186 1,3155711152053342 455,41540550009637 3,023964220103867 309224,22666573786 1
1129,979601939027 30006,22308781929 3,977859824618549 826,639954181369 956,2911099329054 77,53022136248877 51,58470823985304 56,06122704817332 5,388649129958475 1,3110944873581165 457,9048933463307 2,993119421676484 309957,2569462752 1
1121,896835175976 30097,70526675219 3,997165213677452 849,6524605389446 948,393249593814 78,6614436687865 50,69045783351352 56,26980131206828 5,3860064567111845 1,3202736377189348 455,472270379012 3,0041169668568433 308173,03300503874 1
1134,2341378418203 29922,16790807925 3,968966793721656 859,664495897369 958,498222722337 78,08782035286305 50,47236268668113 56,41084740427135 5,347750962051314 1,3147630203527907 453,44381567304646 3,0217141348649097 311849,81865053205 1
1129,3832399384908 29986,32592518371 4,016607291975648 833,1428308129159 960,587225835415 78,60367463859612 50,97670288827209 56,12631344806095 5,334759268560599 1,316091506657272 461,66726841123403 3,003126621186593 309806,6335558966 1
1114,7576120282251 29977,553316345275 3,990891106958533 829,1465487056123 959,3265411999053 77,99952546737971 50,47036494245678 55,88556323997372 5,344120519668235 1,324772005367265 459,3285615467441 2,9987636905799873 312017,12110768416 1
1115,5235722622215 29791,704588455435 3,9644474450552303 816,0539484627521 964,1770328309965 78,65656578365946 50,74432096079389 56,317974925319994 5,4220545088228755 1,3077080916016806 466,15444877106734 2,9893118880658225 309469,923896193 1
1119,1914156992425 29966,551613974585 4,017962186772102 815,0188402135653 957,6876211691491 77,89919104860131 50,643297615334376 55,93255013842926 5,3753810733432115 1,319015232746407 459,20373524169906 3,022819322445874 311004,2530969646 1
1109,3440229764153 29964,915725729694 3,980304199833821 811,9016913558623 958,5231579053269 77,94168145547525 50,77278449710931 56,678232946529 5,382045740864052 1,3036692118762168 463,85706974867855 2,988483370738344 310691,8762870344 1
1111,4972715388867 30167,23720229971 3,9600402636542023 770,822254623486 935,2503000352167 77,25991514379358 49,46597986278114 57,25811152547718 5,3691723552435775 1,3180916968112368 462,5857515753217 2,9976940193227684 309329,3177041691 1
1119,4505188808826 30322,658412555153 3,9948163070388327 768,1607358315163 945,5779337826166 77,34715114714867 48,94336890209838 57,41673244855648 5,371338204395346 1,314744770068301 467,94098879122464 3,0039134359629722 306767,4504991365 1
1128,0330012728682 29926,829896365853 4,017126608823594 874,3301636527528 972,7249148999416 76,19495466426042 48,96868639618095 53,882230970318425 5,366800695573275 1,3213341698927088 461,98178469632467 2,9883479169061524 305822,92670477246 1
1114,4223444234071 29928,57572053144 3,9851349977722044 871,4550689090476 981,3609550310587 76,54335048795456 48,74416026795416 53,717420871308285 5,358950540970537 1,3255620205906409 468,67373813259593 3,001418302487661 306682,6461879229 1
1126,8507837903996 29872,600100011863 3,9956365879561186 894,2524090132479 978,7355813464532 75,03702138938446 48,929912834994106 54,51796819146893 5,336382284494772 1,317310167645496 466,45359875007085 3,008909186611482 306801,260485739 1
1123,8938274164398 30299,198319580693 4,022578724861973 908,3255172279829 977,4399152043043 75,48310559808202 48,6557761908684 54,735752650029255 5,362723163412546 1,3391180800830225 466,94571698687514 2,99446538280477 305494,6014762098 1
1118,2826012425971 29843,684180190627 4,02570228507558 845,7424426271433 975,0213526133315 75,48720256262204 48,36004062056851 53,81345375800836 5,415023889890275 1,3252710262853982 466,47676946420233 2,993029946285759 309894,3675862073 1
1118,3148367026838 30020,958660557 4,024274913319517 840,681995214117 959,2291237657201 75,13815126288878 48,21502188137248 55,61812506434541 5,358730281245786 1,3463596386031227 465,512111613259 2,9934341666431106 306264,2646355717 1
1118,197985688301 29670,735163139874 3,9542496112332852 842,0134988494913 960,1539076859974 75,73299785746026 48,307512201302316 56,05690699156958 5,398416094809042 1,329005726303533 468,77485448341315 3,023215488814908 304022,8930856557 1
1123,5287198671958 30073,178663526724 4,017194801041805 803,2449041287466 946,5900717524177 75,80315650332905 49,212835858381965 56,37034135429126 5,4169035764068925 1,3309607947331967 467,9036988042021 2,9958648122293976 305319,88077603787 1
1125,193009182789 29954,55505010321 4,012311286548482 811,3920234106963 959,0252092298741 75,76386987737038 49,24282826445074 56,294181409001794 5,392455625064538 1,3363899940930266 467,3270490857304 2,9962275654139012 306351,143386641 1
1112,2830063096574 30075,386283326432 4,0031418945018995 838,4603218910906 960,7674483971356 76,89350488994278 48,53950378809845 55,352253259439394 5,375977111012687 1,3264426061128924 468,99502315911116 3,0084841880381656 308402,6285075584 1
1110,574112026867 29941,271874487407 3,994423590455163 845,6095509229235 963,7748225686139 77,05856335591594 49,29784048059133 55,18433634562966 5,363739571205143 1,344751800655166 473,0929729503458 3,016198051280366 304190,43850830564 1
1113,8528063988429 30159,14013872379 4,055318511863327 821,269306292219 956,7316721539436 76,84280807069447 48,922884310710224 56,593078535431886 5,3602804630892535 1,3363001868271307 472,89064104121 2,999266336627115 305404,15939623164 1
1121,0726658777808 29997,82535268944 3,9892155124074082 821,2031872560136 956,6011348584678 76,66852783305139 48,661585317438735 56,53932439328415 5,3998736806354595 1,3508571027471683 473,9462119901452 2,9703872827370796 306172,33478059864 1
1111,627924309297 29888,03819693013 3,998907657175788 870,8362646056609 959,2014343783616 77,0068373361048 48,78129521709284 56,453070803834585 5,313358339316446 1,3370548275805465 475,50234107420005 2,999479319199194 305162,5293911919 1
1110,7910794848665 29922,837935948635 4,009119401864176 871,624299242065 971,4898460575654 74,6998281443125 48,779593621280306 54,50213811311582 5,369020568376238 1,3455683297416774 471,6932500253331 3,0188906029725437 305081,1659811908 1
1106,040693353736 30205,70417669461 3,987006004261366 877,1846568147646 969,9158246783188 74,60753989251388 48,93741640288094 54,779098066438586 5,3206126077616425 1,3449623776991317 473,0235452314561 3,007811286305837 301418,0024874573 1
1112,3739307691894 30034,169905862123 3,971750727344743 888,3889449696671 977,8717600638566 73,9606909007791 47,59339234760241 54,855963231311776 5,392106285006302 1,3470189316210597 477,36959662053977 3,017805356633115 302929,94791052956 1
1114,5631680977936 30040,19532827056 4,040527548793329 883,7589910553758 977,2006544592062 73,89161038048326 47,7629534871929 55,46199092651314 5,3988494343679365 1,3342454514946755 475,48801896389983 3,001454173248921 304824,0807276809 1
1113,5960236439307 30151,058353428285 3,9879866727561777 841,1191030929245 965,8522247243872 76,05517375197887 48,8657160037885 55,263953595948394 5,394540128837279 1,3430559559781379 477,2186737606518 3,0185411494362695 302609,2790448474 1
1109,6473533712149 29981,715906442943 3,980585224317602 837,4772402329781 959,8701145158917 74,93726691149128 48,944721503804494 55,30478459475609 5,332142759308812 1,3359085295770483 471,5616242666491 3,014506694907197 301728,21336761815 1
1109,4911904205612 30292,721283778646 3,977584294920371 881,2255271056325 966,988259771828 74,68772772121658 48,007443295912985 55,16744156079926 5,386944142305523 1,3391280663583482 477,3914884127334 2,988392351083964 301132,9098122933 1
1107,8673694693978 30002,286323569133 4,016102042909222 881,7250323663711 976,1096958297625 74,42662673570483 47,81805573454481 55,22122345915949 5,3826217310813265 1,3474779066491511 481,45798865693166 2,9794486574721493 303837,32363056106 1
1095,9852728097837 29982,168351707685 3,9934832443042594 861,5171325714392 970,627447068508 74,56501720257174 47,93541422677887 54,62945230114437 5,356368809623496 1,3402221698814027 481,0563396940204 2,97625027976476 304062,1033617511 1
1099,3119740749107 30301,300954043152 4,01570802945085 860,0257571475897 958,051861598182 74,45903629911622 48,07161481799343 55,32713423635738 5,323207471992471 1,3521030882482037 481,2064503872224 3,0015323075353137 302137,7149422661 1
1107,9311966506496 30100,98435540606 4,0364217717939574 849,4258851640964 962,7200806762307 74,84953334822188 47,80316895034458 54,96913609413674 5,375604677069242 1,3497232731556883 482,51164730964933 3,0028513758432127 304267,3452503241 1
1106,543580522812 29879,225354093975 3,9672983070491794 858,9400614743596 940,714659342981 75,66406673518709 48,04986328647494 58,244419356223744 5,351270484942438 1,355367006488595 480,9564427717451 2,991268310079637 304017,5536846604 1
1095,147404721811 29816,19629391618 4,010543475770984 865,5998081741204 934,2645864021916 74,39306694971764 48,412849494804995 58,25717903240202 5,4044600217141925 1,3533147431538424 477,3881303980335 2,986962008353191 306398,13235702267 1
1091,1328362258937 30313,35628404747 4,016302322496814 787,3090925903417 952,3501827870398 76,62538942733065 48,84857854497644 57,559894804156016 5,37711863669457 1,3511342595885025 479,3586867458426 3,0118678994056376 309407,0173032219 1
