Co2(scd40) raw_signla(sgp40) aiq(ens160) tvoc(ens160) eco2(ens160) rs1(ens160) rs3(ens160) rs4(ens160) rmox(zmod4410) tvoc(zmod4410) eco2(zmod4410) iaq(zmod4410) resistencia(bme688) Aire/muestra
919,6216438120973 32541,309182150704 1,9919468705129215 138,29708814326506 632,661943209377 457,0665655163179 457,1526051338849 94,48634264438547 5,411248096263958 0,024498202905990096 402,71874253568717 1,0014657408454073 453401,6555252821 1
908,9646565001779 32754,61412820296 1,9911833623504138 138,84497436155453 610,475079142024 464,0793908014165 461,55700388597734 95,2083635622155 5,401350443463449 0,025460464405733782 399,83855770620977 0,9922114295510573 452229,6151226814 1
911,0281788646158 32839,49847664919 1,9929420680348418 139,01497837488904 609,8380655667379 464,6639933727961 462,7384153300199 95,74855554462748 5,351604003774056 0,02564798736089809 401,5883807785833 0,9955989854280145 440364,7296048565 1
917,1765801443714 32239,69824094645 2,005571160924151 154,94430452180308 627,8936335612823 456,8596839195971 444,9941398251284 93,64685600319845 5,397764045579195 0,02558064780112092 398,8180682017831 0,9988603009828774 443584,16264759446 1
920,5332203716788 32218,698648137182 1,9873809190954925 154,803074464459 626,8625979213836 456,2174213951812 445,187327889209 93,02264578875624 5,418144206975174 0,02586320317833348 405,892537413067 0,9971429212081195 442943,47899949155 1
913,0558978742447 32529,39257391798 2,0030335723153634 161,3617586129224 637,8656088101437 466,7065063475621 462,1827833272628 92,45810801663391 5,387305665743178 0,02592894112593447 402,90628142121653 0,9988480537108091 442187,17359074776 1
914,6712776246976 32519,93347503957 1,9828166798937439 161,09439753400045 640,6544447419633 465,86103591255 459,5163310726956 92,32824877710202 5,378935270186258 0,026537288187918864 398,16757298211905 1,0071888112290952 443459,8295985849 1
919,4235798725789 32800,73636806551 2,006663761478177 139,02856347887706 605,4028673326982 460,63861453933544 460,637318200953 94,6584689487691 5,366772309204799 0,02635981701599581 405,2062023596589 1,0005780174336163 444554,68626423343 1
919,6117811348321 32702,435578241537 2,0048312837027407 138,65408000487722 607,3276486799805 457,19303436794917 460,5359571371152 95,77228932019341 5,4235361627926375 0,02678406250082274 402,33345852951567 0,9978534257125361 442944,3819781382 1
916,5960006102573 32609,32039007223 2,009740810789986 144,6054299012785 612,0434737676322 458,9262735601761 460,3355076779696 95,29458358835146 5,447561376150839 0,02676795170959656 402,5792386763566 0,995063384943691 445050,61351971916 1
919,8151835729279 32645,030567552712 1,990656942937426 143,16700818354693 617,4630953473745 452,00659564491446 456,2592031699136 94,96779582136192 5,380484871038891 0,027559397606171147 405,5729400639364 0,9972713966867405 446779,7038776219 1
917,9513189527105 32471,493166481283 2,0032053581346743 144,3006937910322 616,0745322514522 451,0206561326256 456,17667011695715 94,94133140484205 5,416548796804518 0,027625224906065764 400,2235230125777 1,003518257748999 441170,4331938521 1
919,2497083059878 32436,774592314763 1,9930614057223583 142,1128019387439 608,5204745905467 457,821302187268 454,54602265281017 95,414823848642 5,3995685045876405 0,0279176289960088 401,0441655899282 1,006415468289257 442222,8093850806 1
923,3727981177577 32743,898181439265 1,9946263833449283 143,00487627872167 607,9381820084819 462,40619964600353 456,74171891710773 95,50353120759003 5,398264837773587 0,02797859103682334 405,10281771331216 1,006527932691943 444597,7284787108 1
922,9417902344163 32735,033851712775 1,9845055492856396 116,29051079795943 576,0653424138338 454,243110821102 448,0885115237212 97,87172077496588 5,409762504308768 0,02803667382879944 401,20500337046315 1,0032294456525122 442942,66268968163 1
920,6622562034504 32489,941606273864 1,9982466556739147 116,78480886162745 577,914557279721 454,8577295027138 448,0069958670946 98,24932926078716 5,43129848456073 0,029168329148089384 401,15508073907955 0,9943225319880654 444807,70704788796 1
921,5559090986777 32473,00646767099 2,024955393351911 153,14137380030306 629,5537526832737 460,41484227230995 450,65845817128314 93,32197782376184 5,376096481709813 0,02921043897698807 403,05863729829906 0,995127726214377 444242,83028399583 1
925,9524320502687 32140,725987876674 1,9931448565153491 151,88230401382188 630,0256120928597 456,9855616389148 452,6891036446997 93,83185836196722 5,341651172342493 0,029268137061453543 402,95713736960784 1,0100221002919354 441148,15299378335 1
917,6931929571975 32829,88690057552 1,9978013736920666 144,5351781964233 632,7528841427096 456,67278918153227 451,67263518518905 93,75157795278763 5,379097834386546 0,029351401877202806 402,2183024194866 1,0053873944365876 440004,45979168394 1
918,1419425405911 32548,807017277148 1,9811087222892798 143,52618620625353 614,3295229042421 472,2177328601705 452,4239550230438 95,30480621464572 5,360205408221291 0,029607587197661163 404,68138630288445 1,0006241616547762 441904,219538775 1
926,4497554156422 32611,91265420467 2,0103607643205543 142,46676508070675 618,2308803924346 466,6024364106483 458,4282251441045 94,22736549109571 5,427842853700996 0,029606419555559302 406,5097341756115 1,0003728378099355 448405,5979984174 1
918,1201830221421 32622,728297749614 2,003356284277174 132,51225016538103 607,9283990632119 448,04469678000464 438,6259296333273 95,66180655756509 5,441805611875198 0,029336351645190197 404,93508366433235 0,9969632861556486 448682,5542534112 1
920,5283109733481 32412,26013110863 1,9978372518449325 132,69722720412963 595,6682859772884 446,6828736232094 443,4545423669349 95,63415416823226 5,402828093461922 0,030595978121711012 402,8952045580765 1,0017296882525921 444338,61530968145 1
912,398072406663 32438,95567960744 1,9850071495633843 147,58866876323233 623,8712828951287 451,93280456390534 450,2530883812911 93,73060187218896 5,412495596237828 0,03092364253058239 400,35487181947155 1,0085953010459399 439968,86228572554 1
912,0085036444722 32704,868534603065 1,9939433456374547 146,91047857164403 624,1165444620939 454,39847966981415 449,302640474812 94,8126310052754 5,41733005951835 0,031196002252461004 400,4633021373137 1,0016561485944284 444332,94243252353 1
906,6986950602433 32511,85759191055 2,015103263374222 132,73854440570102 603,6858518097209 460,0119789605875 453,5468930362573 95,28444782561274 5,382352443329189 0,031264161966270826 400,70872250532096 1,01030735880232 444553,49392087426 1
920,8793416198594 32823,85303676609 2,0011479526485494 133,55230235189282 600,5289946109174 454,98657793724243 455,12471665464034 96,31576465928866 5,415224766602566 0,03197996612943902 402,25246912488404 1,0040736356208284 446583,8745927122 1
913,5399634277867 32648,66190332866 1,9872359019930446 141,42118448263912 600,4024972838296 457,308942735856 450,60645031208037 96,55499927252438 5,356036856032867 0,03196226059700929 402,2476804252286 1,0009600359351363 440764,64227265096 1
920,7975255392406 32438,154526780425 1,9984609424201534 139,0592461038764 620,1858282044976 443,53464558996563 446,7038686754654 94,34913723146249 5,379504590503457 0,03274219970838083 405,7725126183077 1,0063374045021147 443386,52115545433 1
918,8745873278966 32482,63684920456 2,007961756540926 140,06289999031753 622,4526662090151 450,1911740445803 448,90069288737016 94,79044722654753 5,4135392452793205 0,03234035633984976 402,67693748405577 0,9990399487046706 441064,9175235898 1
915,605450540335 32706,059111845716 1,999823217060803 143,51863179833282 614,252696175715 447,36888641605333 448,8994713626027 94,95392656064517 5,41226849530342 0,03258263523428787 400,8798578496998 1,00325511347415 442785,0895671155 1
928,6411717930183 32494,664668824986 1,9729144671528591 142,46357545779634 621,0397011489052 447,6618941037326 448,80016633444535 94,8433115320623 5,381779239950136 0,03283251130774799 400,36312481870794 0,9938692024507051 438470,0418579133 1
914,87085308423 32329,367911929723 1,9950820078257565 145,52870460188464 624,8279560556549 454,0760457554064 440,0533883504055 94,43467632598687 5,390744393063019 0,03285164010576009 403,2585858163763 1,006722537627785 437357,85224004014 1
919,4283148731037 32357,006188136216 2,0053312438736195 146,79698146761203 622,573714303129 452,0315504103826 436,2819516753711 93,73610997644606 5,413569037941994 0,03351445622163701 401,3922739143618 0,9998247707031591 443518,3685596867 1
917,974789393854 32772,82286826063 1,981075414689928 148,66306718624972 622,1558597462379 453,52928097563466 445,9678786153921 93,71869877404636 5,372955500997349 0,0337836933726326 402,20995057942696 1,007018186330877 441732,89458967024 1
919,5525302423576 32633,505691029884 1,9931834182024855 147,29441918739883 630,5624776131095 447,653584283065 444,45545260856704 94,29471972423052 5,377634726132006 0,0334242040277019 402,21579115548855 1,0088587127789637 443563,50390871684 1
921,2806287181093 32534,190230024476 1,9957965942317744 146,59532312237707 626,9961323145524 451,22603034891205 445,3829629544437 93,21730592603632 5,370323706372887 0,03365007251410716 402,3823790882682 0,9932623881812718 441503,2388519445 1
917,1417941812789 32647,495974165384 2,0162779233016024 146,0343992229238 603,97317980332 446,1146248043974 436,75784706853614 95,1454892861542 5,354474063632737 0,03407572721006663 401,15289489893775 1,0006885014372586 446963,62626050174 1
919,6988743400796 32359,78500131418 1,9905624527143118 147,40595872907898 611,6557793297462 443,43101211366724 435,4869461675187 95,4293951894731 5,3412481488897505 0,033526470039493814 406,15359667894154 1,0005603206146667 437959,0029117719 1
918,9032722879546 32557,94917122801 2,006229568616535 154,04676171409307 631,5172695980712 454,79115870189935 442,78393953637703 92,9768403245478 5,369071448336611 0,0338570234303337 405,0016776490481 0,9992371931735676 436362,41419084894 1
917,6639503063391 33032,18395636216 2,005290972296947 152,59155327545562 630,2740142989605 455,5453762471131 442,0561796507662 92,96911284934092 5,386856048337504 0,034103751113686916 404,30155240331004 1,0006878318818715 444169,14252106746 1
913,3259557883447 32572,11733235945 1,9894789380594753 132,93233154619483 602,8535486875561 447,4635018448071 444,2246096918476 95,94396622964605 5,384932642994936 0,03427175588401285 402,55992058836307 1,0049015023853634 433470,66324158263 1
920,9923858545245 32584,60089473767 1,9820023728600509 132,59975231382435 606,0831851392753 448,3974186370737 441,0192846023525 96,18485455103932 5,4074244057617635 0,03468360515047418 402,39167478558556 0,9998934843092174 441401,8822164352 1
919,8816873767151 32454,72972982252 2,0000412188204844 144,99992121335697 625,0259462600606 447,1513238760642 432,2131918441182 94,50308094778858 5,4083119850241905 0,03450156408129537 403,22087430108047 1,007978723406218 441380,0157979981 1
925,6489844501501 32705,729838734173 2,0088188167541086 144,6540214069681 623,3347421012355 443,55550501886404 439,4461983243677 94,30333855443259 5,417928393245182 0,03559760830221108 406,1132503157529 0,9921888729424468 445199,75915928435 1
922,1504106122125 32437,005961625353 1,9889244504518275 122,3131314884818 620,0247714320709 445,3609317778634 437,06122205740184 93,8138886440155 5,396231391468412 0,035251347513156395 406,5622586291439 0,9914758528922115 440464,8079133762 1
917,7374244389503 32545,440205328192 1,9963431689038502 120,90210325896352 608,8467880308357 442,68697269499796 436,9458743123866 95,9496123097872 5,42084510378168 0,035619314119120775 400,2336525281412 1,0093287988345723 443138,5685216322 1
916,0566822068763 32284,892228928315 1,9787580299288903 122,06363971390492 607,1013869825184 441,9368237918744 433,49380349567906 94,77122690616265 5,391577515490828 0,035714742224069534 402,23574029193776 1,006401269982201 441504,93690170534 1
916,0442711639965 32407,047715109293 1,9806841470012253 126,74902428767528 590,3788464215608 447,4585041497331 439,81340220377064 96,60400655731195 5,372626702059656 0,035773518265930275 402,13514694075695 1,002573969930216 438448,4244912898 1
919,3694683095683 32452,98622307739 2,005210395243119 125,38736464271453 596,9425783666687 451,23050699981604 439,1423181023616 96,70335108363788 5,39889517198267 0,035474507082809324 403,4109800945176 0,9974948315075369 439746,2806651489 1
917,9882900871914 32751,073696371837 2,000637272870114 141,29953836744426 608,1491739730433 448,8110017739076 445,2499410420936 94,74695844401307 5,3855304325902225 0,03556603942551198 405,62940337224114 1,0019365589610263 445803,2635968627 1
917,6840550160296 32564,515171155632 1,9978184302587223 141,2977520401179 611,7797336440468 450,79176981721076 438,63682395833183 94,35857778823141 5,371449899002215 0,03596937711912022 409,3726979058513 0,9992631774715415 445758,1859008949 1
919,9496875716918 32516,992603719293 1,9878982569542987 158,68048244972502 633,7376911536168 449,1906524230289 443,99473369377665 93,50602878912926 5,439263783783475 0,035897226012888805 404,8050740867726 1,0003987106011734 443711,6278714861 1
922,4254684269117 32621,1780924883 2,007286544607487 156,5139363157823 636,9780791470481 447,926743550155 438,85844977294227 93,21930258835131 5,404843994894003 0,036306541278375695 404,9965876984125 1,0006361375009196 440802,4973569644 1
919,7156057045429 32807,4507259619 1,9969238339503825 137,76247290018688 632,9064948032614 451,44911515628667 437,516738349498 92,85672915109781 5,415404128271297 0,03676714530952051 402,97203509499985 0,9941344770065552 441738,72279490775 1
916,0460636437551 32977,61912562585 1,9849119326594546 134,67861605668782 603,4744116901343 453,01255648746064 431,3223707428095 95,56221156799573 5,423211796117039 0,03729694788874391 406,456456725108 1,0088783438329623 436851,4344445255 1
926,6975637533881 32251,54713261296 2,009060225102116 135,58528188823274 608,8410519838884 456,089157494327 429,89780487132964 95,08775320808503 5,3696423735984125 0,037073216395156504 409,67566885303756 1,011833914412907 436081,1912451502 1
914,1038700975819 32673,914175048845 1,9918017000028878 124,59733976020092 586,2089775325119 436,8350761604635 442,2462857514182 96,47889439961634 5,345736123592136 0,03697878197551764 400,3994146972963 1,00119218082031 439795,17315527634 1
914,5555231300756 32399,41663084351 2,004893999976885 124,65965133388985 591,5613918409275 440,58203220848316 439,2525521932884 96,5857390754527 5,421487546216762 0,03767286566322952 401,8882414792192 0,9987374786960078 441397,4396983411 1
922,6117784420105 32583,125151800527 1,9918300606112833 132,50570641380602 597,5901887059299 450,43952063229654 432,07310936839724 96,8883542603517 5,419146545114396 0,03772264274456398 402,17146995317324 0,9991038049096307 435949,4013711284 1
922,9099257793105 32701,118674442343 2,0246083841007034 131,74820367671225 598,4643265304938 447,3989181510044 432,7934906246825 95,16238773101173 5,38779740975151 0,0371921945782299 403,98222482734553 1,0110164863727025 437392,1595861504 1
916,439302475466 32596,12714304054 2,005166975058783 151,3321102129974 619,9781615628004 452,36657672872605 434,96639682860166 94,00421810100137 5,39543650176411 0,0373823808380157 404,91389548095776 0,9991741503038232 439499,36853978666 1
918,4016005993167 32673,684823710017 1,996155733603566 151,3043556515431 622,687157318426 448,70042571506553 437,6452181097733 93,99383923379857 5,375503610058542 0,037830491791078016 406,3799684949584 0,9977446878509375 435079,5847112484 1
915,7878478983463 32295,913737535186 1,9948728401273743 147,42982703732372 626,0698791868239 450,6840304073471 434,06797954156804 93,99313022345434 5,414825212821833 0,0375417648440919 404,0431376199093 0,9985669979034457 438546,2366306726 1
912,5602011780566 32148,34212020523 1,998891467826982 145,25547925188246 635,1328560813515 459,44415024424205 441,30383841679486 92,9970967773812 5,374021491508542 0,037635249224906256 407,8664329215911 1,0044900394036376 436926,46454743366 1
916,6246715296753 32547,287934239634 1,9973737175842374 146,9355906294411 628,636652830531 458,36148318770387 441,45890331758807 93,16471933295657 5,359581339808831 0,037629461633200446 405,9481686584889 1,0057802976320083 438218,8685729121 1
926,5810876670749 32743,609423481044 2,0154138381639273 153,51978683993033 632,4596830629223 445,34006523182023 435,25004194964015 92,00792957974787 5,41393802101238 0,037958063765377914 404,57898025710017 0,9979716096928906 438927,40977473056 1
918,0136548804721 32266,180100184818 1,9879411257705388 155,93975818887785 633,4958958631693 444,3329086148605 436,8775660232024 94,21713752289536 5,397383332525466 0,038351411324318414 403,88440076187294 0,997921081746891 438583,51537906966 1
916,7738861424208 32504,990029471523 2,003901594054791 143,87407131268012 617,7039093914937 447,2990712448403 439,3429985673208 93,62172577458902 5,382134470559259 0,03856069125931143 402,6984174362649 0,9974203977488442 436739,36911403795 1
910,9752063982221 32116,91858967999 1,9863237878669202 144,6518129428051 617,9607416609648 443,1776837718752 434,82255225360854 94,92497059601257 5,326246822891177 0,038748236854781 406,5542141068205 0,9942732522233665 438925,81836474 1
919,1023725744052 32796,946378374974 1,9954574384951134 140,65580380549073 610,5566179598887 458,48684848408726 433,8585701236376 94,17827262555521 5,382760534261307 0,038362881974284675 403,08655786480955 0,993341386710287 441814,50821696577 1
916,2447346211145 32697,16109381327 2,012965665841159 142,1648184746864 613,9085090389642 455,2303873603073 434,57044555794204 94,69753412941564 5,375710479182767 0,03908572933306887 405,61895322024003 1,0048810096562772 440077,781445667 1
910,4525492722655 32888,4112737411 1,9900231818026646 144,48353703702796 617,5705247312126 458,30478196283184 431,9796891849991 93,86420568780747 5,341909708493001 0,03914980302245767 403,8112352246355 1,0010615329451404 434713,63132112194 1
907,2382832638638 32514,876118780507 2,0022866892748334 143,75255293749078 637,184396988833 446,66282091607997 433,9851531102954 92,06175786965026 5,381661115430127 0,03939885293387491 401,2667878203482 1,002460815031674 439338,61592565273 1
914,6413113319961 32484,479460313385 1,9964315963068273 143,23869017673906 649,4352319094563 443,7475280419636 433,2951373863205 91,93743515505417 5,370451094284625 0,039122985110627534 402,5528878894669 0,9964408313085101 440624,65692199883 1
917,9823343909726 32508,47070697724 1,9975704973732644 136,82695939646467 605,9385743719449 441,9636772840126 441,26474613360796 94,4465422993088 5,446307771630768 0,03932857931821941 407,18445601253666 1,0022337261322385 436881,09901840414 1
916,3516301548492 32375,32377737642 2,0050856595653186 135,96473095987736 602,3403872897916 437,7668571825925 443,5566014056554 95,2614465769776 5,329775801871673 0,03922265192473302 406,83301331373514 1,001040646523093 438284,85428464593 1
918,851431436757 32530,85777269812 2,006132885121027 134,59419585459017 604,0708328516789 455,42752762328115 441,9100333776026 95,36021875037036 5,396493295523191 0,0392985717589497 404,6488274490434 0,9943461298912335 436594,4626272492 1
913,2403555015808 32369,76271746335 1,9979152969450515 135,50399295629612 596,2019049071546 447,6182366815939 438,3758441958706 94,78486442143215 5,406332759457067 0,039130330947710214 406,35925418689817 0,9988152679418368 437255,4744957944 1
916,2526098798147 32615,694057782763 2,00867048042417 128,86354615859634 588,7275759771787 438,9391107911119 433,6245728889804 96,39814235117669 5,4033179737770345 0,039603808122461434 404,7813537044821 1,0046972862258068 433354,923004133 1
919,2622852267216 32398,791932322492 1,9937893606974724 128,39740477184253 596,817635594727 446,87448616792744 430,9410218816355 96,83089111505163 5,376865051884198 0,03903558900010426 407,23813997196163 1,0019759964662363 439328,3763028635 1
923,4495613562103 32521,977384823393 2,011589755354859 134,38402766186843 594,0490186459631 445,6852891575728 433,873182994672 96,6283137534622 5,4183069538299184 0,03855118086655706 404,95048419645485 0,9916527079495544 437426,952869454 1
922,0996855325158 32476,069277337898 1,9917792860638057 132,8500932553658 629,3498196491191 433,16003841695345 436,5249097109148 93,95903406893702 5,43011565735568 0,038591843828737704 410,1064701887917 1,0077393203762106 437366,25671331614 1
925,117697940694 32238,552456028676 1,9935543304836223 133,27603973633197 632,184328247319 432,6809507816541 438,1803344109966 93,60630950171159 5,395590991673414 0,03867684603964566 406,9250934605489 0,9981159518264118 433545,2351212343 1
914,9947880559686 32379,953819291044 1,9930365872906428 143,56675991576708 614,0268759236084 446,3549503092826 432,1150139905891 94,87646868205422 5,349347743867005 0,03863414696156566 408,5288300413337 1,0009016774098585 436449,24553558754 1
914,5450837083994 32777,74682680325 2,0005461015622954 142,68044927286286 618,0199359281322 452,88448874211167 432,07150956026993 94,36169276398918 5,363440441107185 0,038342894714999284 404,8421103647294 0,9922150998889093 435192,8847360809 1
913,3947593967655 32356,860744423324 1,9956720289892511 132,00011990611446 592,8113602196897 438,57076767918943 435,3169621318739 95,43185948833457 5,366593871507422 0,03896560008450125 404,18721316977826 1,0035711799548444 433485,50033423916 1
917,2853502602717 32125,19208673497 1,9967307578299993 133,21282380373785 600,2050827203861 435,29192902710463 433,55461574757913 95,75741102556546 5,40928975832173 0,03848256373276402 405,1157247398417 0,9966988942420544 437282,0203969245 1
916,7084128061047 32398,617251388398 1,9903575874825368 159,51259428276282 645,988870227747 450,0249537910062 435,2406361689657 93,25763942689143 5,405515330290726 0,038885179824661255 403,86776983563396 0,9963280158958266 439517,1138475795 1
914,5090104004507 32638,449198039598 1,9936703750532268 159,82856762510724 641,4055663704759 448,24984091168744 437,53503516989247 92,73001870522988 5,387040021326493 0,038527350422114644 404,6402285144586 0,9975854760903805 438669,2793555347 1
912,7048899031364 32429,65756803225 1,9970927049472877 149,23951531052037 646,1412320386619 446,12974665875436 430,0761426198613 92,90151417856308 5,371838115418631 0,03845220780288861 406,36996001657593 0,9944078311688851 440570,49665137666 1
912,2339184014885 32451,29495584176 1,9941562569110205 150,0317644936202 620,6711603336398 444,76526192584384 424,66961847340025 94,17514552235627 5,371770907947915 0,038580963164347844 406,984556648254 0,9962146005533277 439889,2995940781 1
905,5976732609216 32451,091406918444 1,9824151664068732 148,9785104925 624,6171404935649 442,63393418762973 420,3997696711086 94,75703586135462 5,350344259494401 0,038534451595413646 406,2235130661334 0,9946042620984819 436289,82562937366 1
913,3997297060271 32469,41240082235 2,0025750606082706 129,88914998122144 602,2821277302216 454,626819642913 429,23864900293194 96,10873701489498 5,3329306265149174 0,03869231718431916 402,9477156883924 0,992079398863664 434783,3254263751 1
915,6167543577916 32485,16009161947 1,9893986257309357 130,38225329969936 596,7768490276045 451,6277022684489 429,42308687688694 95,76554975816335 5,429498740255067 0,03841917723258673 405,1178590994715 0,9993676914463503 437712,7503146384 1
913,6347759337206 32626,382030636578 2,0055028083827358 138,21570556397486 609,0100699406369 448,28784025812 430,3579723422823 95,48268147292768 5,4007250291488145 0,038369997964172835 407,4851829576579 0,998496343883672 434373,9714828435 1
903,9313056745832 32526,963657711956 2,005454649545128 137,7735813957579 609,4649194004029 446,7088776858271 425,19074202380125 95,61480498899583 5,440553427581099 0,03799897419110725 404,08046555082575 0,9970959228620175 436829,14243605966 1
911,7253381169551 32648,263831169348 1,9916088085606276 138,65641683174223 626,2229591404224 445,226098004993 425,45918047311585 93,58357558197284 5,392317882608888 0,038192104526353354 411,06801362900825 1,0053816199466503 436586,10227245436 1
916,0522398965466 32593,502878065035 1,9922148633453884 139,2225516859519 628,239045813506 444,359454898595 427,1584837263987 94,19590625408263 5,389935401816975 0,03825007888354123 405,275223246271 1,0113213062334803 441297,0774891375 1
917,5799864902875 32236,205998652567 2,0034713293121356 133,3072968840641 622,9262728705527 441,4197152522808 424,7916790004728 94,30962702699838 5,407492727898548 0,03840313960353453 406,58593434900564 1,003344581549398 434280,80508384405 1
