Co2(scd40) raw_signla(sgp40) aiq(ens160) tvoc(ens160) eco2(ens160) rs1(ens160) rs3(ens160) rs4(ens160) rmox(zmod4410) tvoc(zmod4410) eco2(zmod4410) iaq(zmod4410) resistencia(bme688) Aire/muestra
826,9211194581915 33056,71525394332 1,0006701260193795 15,010821064277813 398,23117634609497 600,3274455735113 656,4253068711967 117,9574743554896 5,426558208566314 0,016409855774621323 403,74922248614286 0,9955659675039451 549276,3070907688 1
823,2940629063696 33162,91367085303 1,0149081953421184 27,96062787788036 402,17063743823934 598,601287247392 663,5612893592673 115,27812983116495 5,428107886899662 0,01669498822631988 401,25876726143736 1,0024808460303811 555667,9748237621 1
819,0802899331572 32877,197588220595 1,0013117782218304 27,964378641024723 400,40692710798595 600,3266536181517 664,764014402715 116,04010067636293 5,428453997795545 0,016554655965132645 402,25418245130857 1,0051317682492755 549030,6826358186 1
824,4922946130437 33076,194644573916 0,9946965772507578 7,048216585059862 405,560993971463 594,1545283433292 660,9578420601774 118,77066729460162 5,479361679034867 0,016691197181418725 405,967260521876 0,9967700923253077 555479,4740775299 1
819,0369160086774 33183,89751053927 0,9990304533521617 7,025377463428195 401,26821940053884 600,0508929557201 660,0853393612274 118,54109409233291 5,39060085327496 0,016557888550257933 403,4683303658153 1,0004363098916973 554012,4044281872 1
826,7694681419688 33078,162115290346 0,9992994026429943 17,037897856727074 401,1375564016493 599,6672192445009 662,5608173841119 119,49099640515153 5,430035088103453 0,016584380124101843 400,84227739307613 1,0011618733353456 552299,7964420326 1
821,9090710914688 33164,24718062231 1,0036117115934762 16,954108401050448 399,8414793150358 611,5199776487494 652,8509318946689 117,02490367493222 5,43929539628041 0,016386431758254057 401,05253135437056 1,0023166343418959 547906,0535982155 1
824,2673795326297 33198,516794886214 0,9983462741586467 17,13956002165177 394,98881528888927 606,432481982317 653,4559507500959 117,0127828296872 5,405163053281662 0,016539396939645117 402,80595136604126 1,0031250092997779 547431,0977892717 1
819,7886158398746 32707,040003593575 0,9998060207157531 12,003046197585313 400,75148395639724 620,5223723322428 652,4448030384015 119,25772742030631 5,425892695636296 0,016423578634441802 402,7697851255361 0,9986359307553114 552646,8766129434 1
822,5885184259615 32966,32208632316 1,001021192157835 11,979162793767594 398,32870877812616 632,2827471248037 652,016578632349 117,50101163132106 5,475064753088132 0,016411791383399852 401,3392525836548 0,9986731910208593 551056,1469381915 1
815,3776994443166 33045,95619545917 0,997122985275349 20,908278201138035 395,47900275541866 609,0237846911119 650,4788804253479 120,87238434955967 5,453073727818608 0,016295416389154157 403,1585314008535 1,0011649661081004 545364,6430787076 1
823,4527287653312 32959,96606485716 1,0030761173260436 21,061228778346802 400,5666506002958 609,2829656686876 650,4916301172074 121,3065122741735 5,4560241527659255 0,016272894445956518 404,27645863683034 1,000685549830496 547224,7532618999 1
820,9607732605856 33124,3998834098 1,0016451602098673 17,003998892068264 399,57631830070795 606,3546052263413 644,0472955656325 116,53041047348303 5,425267033038767 0,016087945677318707 402,6694509728356 1,0055453456030123 549912,0900287579 1
816,7815441491306 33013,17674106075 1,0041145669179363 16,9605038405048 398,29890339137927 599,9012315374262 643,118707563118 116,73644790722992 5,459420026048837 0,01626559615912345 401,3887905790815 1,0075880022652859 555530,0413878238 1
808,0821633512343 33131,38462334324 0,9988299952212183 13,007982195470804 400,7713912035156 597,330198824835 639,6296237145351 117,86620343016756 5,430204438155622 0,016291417828752746 402,2684306252816 1,0031119835741071 553368,3981332411 1
814,781033298469 33179,114392263065 1,00431385426695 12,962451310290964 397,8100198174068 589,5444722103462 640,6420818304806 117,76724202134315 5,46792193579654 0,016147179236199488 400,987686009204 0,9888524374088432 550879,388819479 1
806,8595869577516 32901,147817400946 1,002274196183944 13,026411325549251 397,4577423416565 588,7954107670657 639,9458729418035 117,87036245610712 5,487158996999956 0,016166209603302308 402,812413323205 1,002154184022389 559762,0583415513 1
816,5947137734917 33153,4780050666 1,0010897801236411 10,99243994953597 398,7620416877652 594,2445751282679 634,1602290458965 118,58426993935042 5,5195937600257885 0,016053651821436015 400,29708512010836 1,0055474632861925 559648,3746463755 1
813,5303812740664 33250,515746519806 1,0042261621269375 10,9880996069707 402,70159599696547 596,6643283668964 640,6603279995853 118,13471243254956 5,421724883861837 0,016206817741285844 403,23616362478333 1,002683030996593 546473,3355922498 1
813,0683456567127 33236,66987664906 0,9953473047329051 18,978685391154002 404,4040619181807 592,7924570171292 637,8413201520573 115,49915282122055 5,430907941334492 0,016158134130510964 401,9416523204913 1,0113996409270556 547095,2726534909 1
801,9514248414222 32855,287571053916 1,000801771186665 19,013230648531405 403,11441428700897 593,4812686738343 644,59606834176 114,89312898390116 5,479817365895882 0,016196769534957866 404,4741176955139 1,0057930272160152 552034,2780971515 1
813,4606141888469 32740,936488501273 1,0044150285853637 24,04475171410766 397,8666405173386 614,3639884373839 637,7570367821036 114,3876542869078 5,435458555641029 0,01624648240633444 399,97515018176256 1,0010206496270129 556971,4504015854 1
800,8204567172914 33311,88829117255 0,9994212153012105 23,90641028730186 398,93784413106124 610,0828237171271 633,392982651332 115,9467630361796 5,43867789523851 0,01618203674477906 402,3301434343299 1,004630101591003 553214,1374471482 1
802,835908727082 33110,94022818216 1,0095449244067203 14,985911778883615 397,7947874436581 608,3600904444364 627,933873841131 115,74329818075415 5,459080842474801 0,01617912741460271 401,9593561790471 1,0000050980170807 549726,5163031474 1
806,4074677324752 33359,044419172074 0,993762076784916 15,078981784983776 396,0731856201616 592,3597925789544 625,1221855081197 116,59658780661276 5,426956160105151 0,016226953812339982 402,43934991977125 0,9955321024071874 550106,6812125917 1
807,0683538637892 32647,408862849847 0,998713456343487 14,983986075374428 400,9196999563129 605,3920449131704 629,6005637185993 118,0224415413709 5,486491874135116 0,016308873822066885 399,3410535212889 0,9951446835662275 553952,9616566618 1
802,2908515069009 32964,33534633634 0,9968396846341332 22,120754523205196 400,5420483110778 606,4580385114903 636,3078889772322 115,02752307288468 5,424699412147096 0,01618627058259056 401,3685261139787 1,0068394389367656 555865,5406883177 1
804,6572567941315 32846,29658995205 1,0074698510963067 21,953843205079647 398,84007294673836 596,6829058043212 636,2217762481285 115,13843773161021 5,549670261860053 0,016268994212918667 405,67618691765006 1,0029828175251945 557342,5023722303 1
802,504740525709 32894,362213343535 1,005331430662237 26,353351147552402 407,17452747626083 592,582090722582 650,0856534233428 114,98020718598508 5,419000907002567 0,016192442563341836 403,8456361404354 0,999002185148026 557175,693062437 1
802,8804763685608 32889,1968989855 0,9963406765432942 25,877925677575682 407,4206348947794 589,1022903273793 649,5571002326103 113,75692731252843 5,404167627164794 0,01621304150382197 398,38754934821816 1,0005644164867715 555393,8350134358 1
801,6991405081168 33339,19257781986 1,0010327935341046 30,130310547328737 409,72456258484135 594,6303651357093 626,3417776030991 112,74997967723293 5,468811918090834 0,016308492551740952 404,7915847264623 0,9953194043596746 557189,0215409142 1
801,0857955514766 32671,9379460016 0,9984019680208955 30,12029872408261 414,9906182679164 585,7732799954861 626,1690391042636 114,07070297307625 5,383034004347603 0,01653765482475872 398,5587802377742 1,005539033752568 557942,9506265098 1
796,4857135557621 32707,117759834382 1,000863383209112 28,89500959200155 411,5499969453231 589,3937171556955 629,5789382638128 113,15244172638421 5,4271425936752395 0,016436046860458523 401,3085778221202 1,0050615274280772 551594,3134009265 1
796,7281205565305 32932,637358468135 1,00153148464363 29,143689866313835 413,84543410511526 583,5993995294683 627,9459990770777 113,71395588914177 5,437546003936963 0,01644904619817351 402,4679852287242 0,9990182375408174 556811,7663135716 1
799,2803549609819 32820,40451429312 1,0056084470798392 28,940334911441347 412,82533453392557 588,3916693193561 627,6283289984608 113,68955774895615 5,444342520492463 0,01645409220978371 403,3393519726265 0,9957108202861505 556182,5716559456 1
797,9608655198128 32876,65633581165 1,0091557410447038 15,056879361699444 400,50627943817574 599,3319633769071 625,8835260242495 116,79737123781946 5,467150911959225 0,01640041538591034 404,61887903571034 1,0076020573073976 556837,359554187 1
794,7018357962406 33276,031895050255 1,0061339380135255 14,986502556885618 401,04504272137086 602,7592135349441 628,0622597670871 117,10294337130168 5,441291166832862 0,016527328693207652 404,79398444972645 1,0005446755256453 551605,1389858522 1
791,8472307190987 33034,628047140046 0,9942125096246271 17,014222739450553 396,4894452634296 584,053612501912 633,094274556406 117,76864145117165 5,430273093979761 0,016479457864257915 403,56306803331603 1,006087228262118 554201,8983181987 1
800,0435607802233 32828,852282311236 1,0027942739593894 16,791274877638887 401,12939824869966 587,3780560436824 631,3319239723296 116,94094056041806 5,390253265396551 0,0162185019013413 401,14231986980195 1,007724740457712 553071,4119232316 1
796,7173831540491 33087,542915675185 1,0003333518250699 19,102771630973535 401,12114609283805 588,343068091355 626,250514697149 117,12327273802724 5,470111085401441 0,016236033276194054 399,1507974253075 0,994513841164066 552682,4144436062 1
789,7836750519858 33177,77642750801 0,9945513537119859 19,024100867654433 401,08115565194436 583,8812898178965 630,3289089653563 116,74623879426923 5,44575179443374 0,016438274610261094 400,54918630971804 1,0018324871680302 548194,0730578912 1
796,0282788069685 32906,65988470158 0,9971951501007923 10,936330910479697 400,6352454367399 585,7664852538815 624,2062755837685 115,7694947385326 5,454149611877941 0,016550477435416683 401,1326080166948 1,0070886439435192 553106,105655632 1
794,7028261497791 32809,24005058655 0,9934201884439197 11,012007290690471 402,0497895678916 590,6482936818525 637,848946288543 120,06912605812252 5,485316634744319 0,01664792733498441 400,90679132579 1,0029187812098135 552933,2358877913 1
799,2195630423147 32942,122023320924 1,0033927388241772 11,005888326377228 399,3119817031725 590,6583474124402 639,9349354556521 118,73213784827831 5,495534841441341 0,01663920814474424 400,93760322746436 0,9996227999273001 559028,6608142119 1
791,6079828730922 33000,22042453216 1,0017271302752395 8,967665238304136 398,7504029212194 588,3019257070565 629,9645336605903 116,98239140160396 5,480506605577285 0,016605748746923336 402,2256557721982 1,0069893414251838 561493,6601873675 1
795,9996627627374 33355,834988390554 1,006882032540154 9,057323015108825 401,03783558059314 590,6893059433934 634,8497970880073 117,59099049388838 5,46152202370377 0,016331009421852175 400,8178465314519 1,0086503534186662 556487,3462880108 1
792,5203083281838 33227,60431048372 1,0024476445480732 28,207587089443024 408,093154502836 587,7307892058743 639,756164145543 113,87337006289218 5,426513825345232 0,01637762291291467 402,5793811784079 1,0053437398512735 553921,7853552712 1
793,2871725622231 32939,46591887319 0,9927311428543317 27,96101911026411 413,11255765555876 581,2713336503064 637,9418008447171 115,04050096269623 5,438535490537041 0,01648041068562297 398,36026504547107 0,9958487850722603 555434,2744335383 1
794,5797202174942 33078,515018959515 1,0047252941203753 25,046305783296724 404,0276681036962 588,8505007245756 621,2656585996589 114,55430313263548 5,422587651086748 0,01645333640429321 397,844859347773 0,9999834852858162 551582,2166989538 1
794,1626119021416 33035,983145255756 1,007900890906815 24,828015684338858 404,03648500413743 593,6569298040371 623,2435216157511 116,04155617020793 5,460915450261851 0,016445204360812187 401,7818131627115 1,0054636677230555 550990,3556354122 1
793,5414805239817 32933,05217396824 0,9980870684634334 18,039762006019036 404,6561442250978 593,4056804886995 618,642619879472 115,35720559185542 5,403429730546768 0,016328982987056224 399,40837285817463 1,0029655118999263 555620,5971859018 1
790,5050744559339 33004,83823003935 1,0035655300811614 17,827786492180387 398,974585714293 599,4980322940639 614,9072481025299 116,6123559726106 5,4568134283570675 0,016219330335046498 404,62130968976095 1,0004206783993455 556776,204429016 1
793,5094529355111 32913,22190642342 0,9941195171018452 18,07454886893337 400,5067990592822 608,7233724173253 624,7740759559146 116,35901672582145 5,4349137885520955 0,016201514406009858 402,46731480710304 1,002073228684227 554307,3468989236 1
794,9168057962037 32941,68160947368 0,9947372335501045 12,048648519844557 400,1696084580108 591,2452124530186 639,0548724893167 115,25289986654094 5,471128683864931 0,016386427216690858 401,20290323847746 1,0027875742830075 552027,382079252 1
798,16218700429 33136,68849388986 0,9983284103054938 11,95915941798716 399,2662579739078 587,5304277201693 633,4104901615661 115,34564186939353 5,44892454897731 0,016745249958197792 399,9339364401865 1,0020918419888367 553899,4046292951 1
789,5174789665189 32855,3765524708 1,0025700997679194 21,123082034306258 401,6892852184712 588,0762431323142 630,4550606216526 116,13672819960357 5,395049266133656 0,01663077962863189 400,2976027281405 0,9898067421240475 557091,8336372996 1
785,1996696331976 32945,56242038249 1,0024744842589925 20,979750492850865 402,16619894125944 586,8841949618468 634,3712467285418 116,15417606794004 5,457350806048995 0,016470907367095538 402,66499218763704 1,001170932917907 558978,4078502482 1
795,0693259359155 33083,37154016358 1,0008700335419893 16,909711280840718 399,8643387167938 593,4255585096668 616,6192941682418 117,61525703618543 5,4658826796339515 0,01646948143273146 400,3940565194792 1,0001881014117062 552902,1781942215 1
789,7186787811295 33114,91136222988 1,0043968458180708 17,07787348661083 400,7420632223819 588,5666605596343 617,3544784570302 117,44014102722556 5,454121841635797 0,01638078329941808 403,92592400361457 0,9983789376461374 562880,2975353925 1
793,518795446661 33067,540044191985 1,005464631255466 17,09162205929017 397,17004979975565 589,4772300086453 616,8093538186048 116,63493364600197 5,447760562177741 0,01648736947644148 403,18323159238753 1,012193221428128 561902,101925081 1
788,3068540694447 32880,01941182017 0,9991497554824258 17,023735838993836 398,810361687298 588,7319832267169 620,909770155936 116,2628996141721 5,508048844498194 0,016477920069518346 397,733914740925 1,0029971425425772 558103,8451469351 1
781,5605059836596 33095,05588289112 1,0033849404573136 16,993052069300592 401,5192654676169 590,0772665919699 622,2822599712676 116,51171848836972 5,419185147836975 0,016482869568575056 404,225562039841 0,9940737464306706 557998,5385966337 1
791,211151931669 32980,72915216133 0,9992563889538827 18,84939355632617 400,46261760012413 590,1858286921887 620,7531649602628 118,25544197844985 5,456267594974884 0,01630340245996296 401,5228108390085 1,0046061110549946 559397,666221336 1
787,7168271318454 33043,67649367824 0,9950536216627437 19,09623023464216 401,60596994908894 588,1656067687304 623,5332463410656 118,56836588183064 5,497357773759202 0,016265345099153717 404,60106222032334 1,0055731905860288 555644,5739821293 1
785,7607832708263 33061,4771492188 0,9884332065954111 19,844413861215166 398,8889270695232 585,5221028859286 615,7292101637224 115,58045333581059 5,475148053719069 0,016430447684294126 398,8263596403785 0,9974779814824268 558950,5347224758 1
789,9928819768937 32914,26567767806 0,9970413084029474 20,029328510291336 398,7899836640733 581,6851711483934 614,3381212119258 115,91022663876097 5,483344718641712 0,01644435589709535 398,19576261397236 1,002715402343904 558995,2128271473 1
782,4406703467386 33030,7868955007 0,9971215976177076 12,974234209480297 399,7530219351572 593,4227765053081 620,3556970991249 118,2745058248583 5,482908236429649 0,01632778624624538 401,4381600365086 1,0025067364999816 567143,1984984478 1
783,2789012654881 32936,18591310376 0,9975712317917741 12,987814302265543 399,06947347337956 596,7001377888444 623,3433010753124 117,33255986702376 5,440541654261932 0,01642673274065465 401,43929188211615 1,00055868567328 561645,0715549885 1
773,2299990362354 33085,56488469973 0,9901380914930196 23,865586269238523 399,69023158899887 601,4612178891239 622,49228682733 119,1321258819297 5,4353183713453515 0,016236629460029628 402,107724680815 1,001472461293411 564297,495528313 1
784,973877853057 32877,08804392529 0,9997174998920209 24,134836447931427 402,8295130178845 582,5400045399102 604,738918058357 114,61772714114353 5,470340760577546 0,01649673630570599 401,9553006869526 0,99922394300349 561313,2945972471 1
788,3806260079931 32846,77377202342 0,9961337899579363 23,998616721219214 400,1919914330877 586,0548493967441 615,1760572192105 115,0853449413304 5,445213506976595 0,016498435129921066 395,21270886673824 0,997977680067949 558658,133397562 1
787,8194766234249 33211,94514822963 1,0058728950809783 18,10009278333139 399,37095009992305 577,5009100619953 629,3998301981349 114,68416642743539 5,4738050335989294 0,016370197123175972 402,8185646340306 1,0036479513587637 558533,6954688458 1
783,7014624205975 33240,9111705579 0,9986559620832294 17,92431590962141 399,7674441268558 586,5667292844596 619,3142959071608 115,60539330902716 5,4517100546135655 0,016242425696500924 401,34788217202936 1,0042457190514291 556898,6825202404 1
783,5135217524197 33136,210065142506 1,0058400839926867 14,995253416207504 401,1596449947387 587,4772486813719 620,3668306061816 117,09415626527141 5,500253343407486 0,01648793517189393 398,4506136582067 0,9915671381967935 560455,651003144 1
782,1079550838399 33259,7751964065 1,0030371490402739 15,003596125024627 397,2859886674364 590,3610898143439 617,0979918096509 117,44135173048795 5,45320912512414 0,016299182833172315 396,52637568482453 0,9945869908275955 561798,1779102178 1
781,1076362897991 33104,13665074402 1,0007782427297491 14,97802751250502 401,69337813687537 579,826874774407 621,7621026884642 117,01667988170055 5,455447691720014 0,01631630359854439 399,03033953768806 1,009217275040218 559776,5050522694 1
784,4937054374836 33048,96224834154 1,0048298070599457 15,141362142785674 400,19874443627043 583,3618173382519 619,6523861407982 117,15619783701798 5,4714880438351 0,01622134180926331 397,2895011283391 0,9986338244769819 566931,1971196317 1
785,9758580550903 33003,478639593784 0,9948548787961653 16,083630175630258 400,94587745425605 583,9452774346233 616,0215879820174 116,92276512175086 5,481242443158938 0,016295238557880745 402,032921539261 0,9932413525055067 559273,2536556618 1
780,0837284141592 33290,16412294751 1,0004644202372006 16,034504208453164 400,0178340534541 570,4673933133496 623,1351278564741 117,66958895000923 5,4141649016203734 0,016296077030358166 397,28384910395323 0,9986578047391859 563580,78849821 1
781,7059086537653 33057,88224874491 0,9993997855775015 15,82407805998076 396,9413086592218 574,1226361523917 617,0015591287382 116,78751020362608 5,453282115832842 0,016238997432592373 396,57146915567233 0,9915040675993658 559634,6039480444 1
777,2661847062182 32863,29684299543 0,9914721513971883 11,060456354038294 399,057428985734 576,5117448125784 625,983767170452 114,90027759720135 5,433481773561145 0,016140505746247924 400,6297615288555 1,0003956868239319 557791,2386476073 1
788,2832458836459 33087,899126565346 0,9972824359338082 11,082427731410693 400,98010751442155 578,5581770682533 626,4544402875125 114,73187600126002 5,430949065366009 0,016100264823431236 402,28752663648066 0,9947747880512778 556979,7261331197 1
785,6397642219749 32790,05725448998 0,9995042492409884 14,14806681747796 399,5927805796525 585,6926636798423 632,1390536603653 118,50458205784341 5,47373655115376 0,01615728261176841 403,13808412052214 1,0000815752993175 560313,3838209304 1
785,8732662935348 33285,7566517499 0,9942199836393434 14,014161594801417 397,0001042521503 587,7672589498671 634,3928879741553 117,04309433344989 5,467942339561151 0,016205726369922437 401,3021823442175 1,0012041235280618 555119,244657247 1
785,5668511381981 33003,27503648788 1,002664523301585 16,990801410070578 403,26027767629256 573,7665666662521 609,459743692616 117,71883570614436 5,4618840569711145 0,016115644190325667 403,91552181737075 1,0016705536282835 553633,6152615482 1
789,4443017966463 33066,4664924807 0,9906661897396477 16,955551298677033 399,58022758600157 573,6508759191249 613,5318955807251 117,54863678205432 5,404109012325116 0,01610403210423981 398,87662969844644 0,99352557812872 553202,3472749457 1
784,082800131515 33075,98708297705 0,9896179046446593 13,062273330335866 398,56569980827794 575,7203406739327 613,816532802169 116,76519097982204 5,462502542933773 0,01604748818022867 399,01737056999866 1,0015934243756885 569114,0716068092 1
786,0463066038643 33424,86199660925 1,0018073607448268 12,973100207565135 398,1687564039631 572,0004104915631 622,4744416015628 118,14061632107169 5,417000258345581 0,015997420321684268 398,88374072724133 0,9999562162082911 564290,5464678191 1
787,594028615375 33101,730109048265 0,9946379840750453 12,888026493360222 400,2195820030115 576,0087370908955 621,9037512829702 117,09730261020913 5,447848416468296 0,016119750693943065 393,87617734207385 0,9898939238332259 563831,7094673389 1
780,7207619598511 33490,049541484106 1,0026214622855496 13,980100420016631 400,5480501274843 582,973006271078 614,8728708122151 117,83189587702995 5,513588616383594 0,01628029698421701 400,7686040002285 0,9991350690225249 559903,1643729254 1
780,3279340709971 33248,867797732346 1,003098452095539 14,058085337498415 395,21632371401176 581,9010597251224 625,4946983805961 119,01766229116329 5,439923566988371 0,01608828290982055 400,648030607372 0,9969125964722052 558711,8433496288 1
778,8246919400627 32812,4034479536 0,9991538485999212 23,070773104809053 403,1904278539316 581,1338049152812 618,5797745345677 114,55026929547371 5,43765931436742 0,016276349710860137 398,1968986718073 1,0029933255555588 561868,5719894072 1
786,8524016749888 33241,99410537443 0,9986473405572092 22,901153670777717 397,17246554144634 584,2796295888345 619,7349694969075 116,67887988236374 5,473908015835842 0,01610352809873808 396,0693313994288 0,996570134071372 564909,9281720862 1
784,1311833634767 33069,70739640365 0,9974281495378884 25,00796845962801 402,8401724220492 570,3307615261003 621,5561516053519 114,43865169146513 5,420369119100041 0,016231381549845134 406,0886356524458 0,9978516568283256 569101,1866754765 1
786,3778598323217 33011,32655850359 1,0088743004069856 25,053308117879077 402,1458414557408 575,1534160974835 629,2730523629403 115,23555724598106 5,424586196733781 0,016081961788002436 401,80396898374846 0,9978403512259043 564925,5400004317 1
789,871743103042 33260,307756846516 1,0047522345966506 17,05952399611107 403,1441504390434 571,7468750895606 619,4193294932392 114,78546035914198 5,486328070520615 0,016164334145906574 400,23146770179403 0,9998027655643889 566220,8195314851 1
781,3460951580553 33200,15769992552 0,9903843497353678 17,0365870419401 406,03145634094346 575,8758252508973 611,9244627551009 114,4615543714548 5,484328473437561 0,016094643663712247 399,9133522209398 1,0079402502959092 563687,0701566316 1
783,9464974196218 33062,109344710174 0,9998805936009053 16,882520666175072 406,15468874343327 576,4033547710245 609,5369966458595 114,893935076196 5,469754911287207 0,016118301649068387 399,54387231008957 1,0006593288274548 557637,440618178 1
775,7583176527991 33267,09186762121 1,000419786661521 12,079217078443868 399,8083221837952 575,4797145277777 626,8109713927962 118,17567849384794 5,440640319486437 0,01610310420423184 401,19663094071416 1,0010213939758654 556374,7522744654 1
778,2308101937264 32977,61581460448 0,9890006623514219 11,933933679512775 397,44390009046214 575,4764800967868 626,8456194988624 119,18081466708043 5,4690114985228675 0,01596329408874277 400,31119360101775 0,9951437762765165 566980,7179056532 1
