Co2(scd40) raw_signla(sgp40) aiq(ens160) tvoc(ens160) eco2(ens160) rs1(ens160) rs3(ens160) rs4(ens160) rmox(zmod4410) tvoc(zmod4410) eco2(zmod4410) iaq(zmod4410) resistencia(bme688) Aire/muestra
973,3834128288274 29316,29256014199 2,9882626151685385 498,0206380826769 861,9446504786328 354,58790795535737 345,63514949048187 67,91374168651632 5,410003672035665 0,5183832951859138 422,24688578511854 2,0070899228695698 415926,771275259 1
968,4358164755974 29054,517551986344 3,001272680201673 488,9186646567782 863,3243465798881 346,6898466817394 340,067899697164 68,63934102659373 5,384338698080789 0,5211859999219365 426,60521867640966 2,005101213695957 414987,25549430505 1
976,3947792930672 29273,72781790003 3,0173262921171076 490,7540593655751 862,4823043857753 354,56900846138205 340,64444660857276 68,29993812935264 5,39523621041327 0,5377876616207161 422,0132013659376 1,9920972614837844 415296,7102884426 1
984,9154395502076 29137,883494279056 3,0043688984270895 452,3917894366664 850,4384209340757 353,5652339684404 335,4048995478252 69,42214901866423 5,410771795657305 0,5422482216050106 423,35402530838127 1,992645487415729 416070,85619127826 1
979,5973660719228 29054,56050016771 2,999026384834674 452,9092426538674 845,0712446643283 352,86993223069686 334,8014395127211 70,1293873077269 5,460181011885057 0,5601683874783522 427,66199484411044 1,9998752418662193 416697,2770678643 1
982,8011138425898 29437,411297671304 3,011362851500759 520,7761469086545 851,4497822160833 354,3262857143477 333,7690457828774 69,90387276056197 5,4083142802458 0,5585996329728766 426,30433346253295 1,9954862032351357 417676,8457115455 1
975,2140031818807 29162,60529243671 2,985566056418749 522,8119948643789 855,6728928704929 349,8289718886665 344,70750527641314 68,68010135734869 5,431644051009349 0,5806117542020457 425,64074257721 2,0165436332013824 414754,9274225567 1
982,4850791359248 29082,795641473334 3,0013350511799466 524,4187635137514 859,1091119590044 352,5810512615925 339,54401340252423 68,52983063876215 5,471195564157993 0,5792768026899148 428,1022507445665 1,9927059700061696 411438,49252396834 1
976,9795511011988 29314,458844631183 2,9981498648043767 491,6675245868675 859,5432937557058 347,94810561435264 335,2504873790808 68,21942263976482 5,437048210638959 0,5758990752460963 428,0525079459191 2,0190810685878575 413627,8666960431 1
983,1848046234974 29212,279271013256 2,999887582599591 493,104410135597 863,7127092755363 349,5766058591315 338,7580440333175 67,83286288592174 5,419114811965587 0,5919478122990935 427,63641060860033 1,9946249660449316 413537,9712793624 1
982,4619014264093 29178,774470814278 2,989084557173418 492,3531170215847 863,6585990672438 352,1136781578471 341,29802571233967 68,00678056887675 5,467700855384475 0,5863244185796523 424,4392243763929 1,998274118955322 411380,8868689024 1
981,9911452022492 29182,98246679875 2,997026350119328 488,9106066711722 862,1197998063054 354,70698639082116 339,9729963905277 68,4970249601711 5,363852143064658 0,6079278483303115 429,78996141091534 2,0002720856347205 412350,53667280887 1
982,1806060867837 29189,01905967551 3,01443619604313 465,402235997335 858,0066862284032 350,6946828529772 340,29000367556154 70,01770696394227 5,436006187342852 0,6041461222384409 422,85861962180985 2,0060534843910647 414133,4642959979 1
985,6990475014082 29159,996712848126 2,9836334678697662 461,67142165590803 858,9168237098957 352,73174484754225 335,8503154751064 69,49490153982292 5,464930492281654 0,6157616106658306 423,2545301430688 1,9964255117696794 414857,4285728949 1
976,8899117145189 29118,879075599147 2,984577534809844 512,4670824767305 851,0088639791627 351,80025714375404 341,17357968806374 68,73458797828509 5,39046046391793 0,6173982490465552 424,7328927490867 1,988859532847338 414095,18195761513 1
980,5367857347566 29185,144867757776 2,980012467588121 516,9165043447263 855,5372052236871 347,90956940907864 338,8487846642382 68,86953224141173 5,430595934275787 0,6302885585131512 426,8587170092194 1,9923644070460174 412007,4575420239 1
981,0317950316787 28973,687816456255 2,991214305014748 514,9655461814539 853,7529471522361 345,5057962640808 339,0875295469246 68,95395372937418 5,403586418010646 0,6276574109470364 428,29047961344196 2,0041030301598077 411998,4176469259 1
992,4989023862171 28899,309970023252 3,0118709109199964 509,78611336003326 873,8666930909446 348,1208635932222 332,94956650055093 67,64477361331552 5,392573046836849 0,6314174354991451 424,3182662611558 2,006005354345807 408422,23096190416 1
979,6928685787422 28768,7086297271 3,0035199513335082 505,7980280390943 865,6096164252561 347,1643419413687 334,6246554621357 67,36809221558683 5,430209825672222 0,6379595785561134 426,0099132390271 2,0041831544873374 411205,87425795506 1
983,1235441357587 29123,99467603101 3,008489230431743 485,019618686391 857,470042772122 345,7247032229632 337,0229248965796 68,48531237786652 5,426913786920293 0,6363550817591561 423,7003261996819 1,985750153840253 409584,64369720046 1
982,0715035736035 28892,05068135017 3,0062693030641388 483,0367852978024 860,094172922529 342,445322294211 336,90150964232777 68,90716037460294 5,402625188915964 0,6497781573851565 428,0242609166473 1,990531777551902 410928,714818633 1
987,3618668433139 29161,171753763436 2,98887624674041 459,92528240920205 853,2827400290317 353,8321653389926 337,44330278119 69,42466901311174 5,415354152829904 0,6496023997708992 428,4919748496694 1,9892788291694627 413055,4445553165 1
986,9365841070222 29242,76096409078 3,0392144586886594 455,2992547070834 853,1631784227404 355,21455460133785 341,17620734467226 69,77769560345381 5,460542916058429 0,657240689210525 426,48315448671804 1,9918431709720432 409251,7531637123 1
981,5657014323609 28809,7353598967 3,0127600148364557 453,26540216722213 849,5420008109273 353,3528223110237 339,4378015626695 69,36978962131874 5,404568326222507 0,6561942278946139 426,8420945952759 2,013467723554819 411669,3826575358 1
987,5565150935801 29182,197102607253 2,9959797430147894 457,7023569127195 854,2767554915995 341,7343848877593 337,1841040797379 69,26464624100964 5,402220081597391 0,6693727511393102 429,1311178374695 1,9864318860330028 413071,715487316 1
975,414349659975 29150,576047773542 3,031164263201248 457,2684447149098 854,5427035488821 342,46640463531315 333,4726193941872 68,98201880902806 5,451713818335438 0,6683335142321536 427,5079993153086 1,9895429156157745 407718,39525374054 1
987,5791369461527 28959,87950832252 2,979618654140151 486,1834677192077 858,0835356218942 339,30809803470737 330,08748531258607 68,44195721458253 5,411411259773047 0,668229122115613 430,9528469290048 2,0088498949488907 407402,58574733697 1
979,2147914827914 28856,47213902568 2,9716482251470513 481,2390358045164 863,2422278237332 340,93584616481814 328,42593944852683 68,20343193748329 5,390420829795296 0,6676737405433911 426,03700903714105 3,0023146933306792 408257,4348254745 1
976,6353497451377 29166,440133352546 3,0184908915410915 511,46574539310245 873,1144057850695 352,8113813353861 327,22812846385676 66,6392079531747 5,42691080288749 0,6765711075658023 426,8800982924863 3,0400431119592373 411114,73626521236 1
978,3150232667153 28905,80349224667 2,99105747196534 512,3373381472371 868,4225230381944 351,5941180362645 323,44030883114124 67,03248823983202 5,401518198006022 0,6865896443214067 427,0074092434978 3,0272001458740085 409594,50414560724 1
980,7472074133249 28844,112761608183 3,0241765442800075 467,04162707997347 857,0246961653531 344,93555368051346 332,89338773998304 69,21336587941597 5,460184994386156 0,6845892638000743 425,0442309678625 3,0103052402328343 408150,12701249146 1
992,2301040930358 28982,33641178921 3,017481031095735 467,3371696413944 855,7510945681968 341,17857260234837 336,5496764163275 69,25757579777243 5,426419777890312 0,694494278551724 426,58066204830186 3,010891262680541 407072,5335008422 1
987,465916411456 29264,107733664026 3,0070850026866767 477,06209379657497 861,068569037285 338,7630753510072 332,224017106843 68,88189821017144 5,424353104574061 0,6909666144824675 430,39553141730534 3,0151573737489237 406379,2259402841 1
979,645101916957 29067,4405504422 2,9965052920067046 477,28111247927774 864,86386747228 339,80073653172377 333,2920036693217 68,82968926477112 5,447575939712927 0,7026700281915841 428,83803652431317 3,0212456471562517 408860,1404522889 1
987,8940297281138 29253,598937457173 2,97179089420342 478,96990642543176 861,0658774630126 348,7523990524956 333,3412740804506 68,48242704925354 5,42915045424281 0,7003027436106686 426,6783494300233 3,0114849698830666 404145,43522218015 1
984,0599795960514 28859,056828866647 2,9929894955003835 477,59903574968354 862,63643949787 339,2941494437589 329,08870896210016 68,42758246307525 5,384136387121349 0,6944805255986134 431,9798971411366 2,9916674297764807 404119,0960494957 1
989,7938456058388 28784,20918235846 2,993035734071126 474,0951790451411 856,7555511647972 337,35027309950243 329,1509215693755 68,55029098849062 5,359936565494067 0,708381811726316 428,7201353561967 3,0186860301917298 408442,0567115984 1
986,4298651670883 29008,341187117683 3,0090872950055907 487,9525078490414 864,4987148948859 340,5733620835532 331,9461996151416 68,33535003357433 5,390928050940559 0,6982851779702351 426,14103517015417 2,987695588987229 404205,18532097834 1
984,3724682224133 28875,577773128345 3,011380123225196 488,0128031193654 860,3538809228385 335,6857133984896 331,73419081952875 68,60248176106579 5,388852715865472 0,714628389998318 433,1060998857257 2,9840817730380245 405743,92955600604 1
991,5102670656809 28976,342502941465 3,0138930892025275 456,1121725532998 853,2559006189383 331,8680294886702 329,1973695173541 69,13607164422994 5,414369352393044 0,7158324145587308 433,64653787497923 2,994735131286789 408082,0353285016 1
998,0374823362678 28819,659064261028 2,986816369300677 451,45914886606926 849,3050773022811 330,50278817221437 327,6396512898813 69,55552808743067 5,444510029906056 0,7224424676478955 433,47730980636214 3,0248362912793283 408967,4722082172 1
985,0897228931267 29075,60917774646 2,9637841738420008 502,27443302881295 853,2263715414219 334,43392863233584 330,81930329856965 69,06979339273643 5,433143494068596 0,7263777742502511 437,72595993437267 2,9702077982577357 404549,0805512966 1
988,3015044061272 28908,707771392266 2,990573822796765 502,9196683831938 874,5831710970093 338,5092718041502 319,3097340321734 67,4482091582262 5,419320682713382 0,7228216994795423 434,2714565259726 2,9895077770914296 405609,91141270066 1
989,2973239099376 28744,804879747557 2,9806470055548244 497,72233175021324 863,8484678977277 338,2803164480059 320,27123857403984 67,51811618556756 5,437130167166929 0,7297637278178154 440,1037540024902 3,0154528226478994 403828,5644779294 1
992,5275675962031 28615,62586177695 3,0009004496582765 493,22510793685893 864,1282163167585 342,4433020916209 322,7868879689829 68,18808396320634 5,440255550013805 0,7286559573972532 438,07733507855886 2,9689922845804677 402970,2809931345 1
991,1927332218111 29086,53698510143 2,9971506726862445 489,0285998716381 859,0591562104399 343,43203724438644 323,1030781154815 69,16005603471702 5,39024086998549 0,7383028818077149 438,3844140013037 3,002805562270325 403127,85558919894 1
988,9607660262105 29051,687998420646 3,0140701951904463 484,88669435830644 856,9038187842319 331,5414557723506 324,3952533458643 68,30071773174778 5,406437636418683 0,7309543673233619 442,08295634187664 3,0051542374441267 403469,13328694686 1
986,4138730519933 28949,327281043217 2,977987477598032 487,9497653216282 868,3123451581474 327,67792915350907 326,3958166286951 68,63412442125576 5,413726689376698 0,739378498080985 442,10347750679574 2,992287187692042 400494,7293800972 1
994,046072506429 28747,96470299497 2,9893601015726103 463,58834883968944 859,9915299083202 337,8105434922063 319,4007202007612 69,17811769538973 5,395105525265005 0,7412078821924655 443,6215552671028 2,967672060568378 403133,6059839561 1
1000,8968825405029 28972,326118199064 3,0195068034346697 460,2275501732628 852,407748613101 339,4113714507513 319,17119484655603 69,04669667683538 5,43196157995268 0,7441956057491264 449,54254647118415 3,025949904546869 401085,8681066168 1
989,5322328522376 28649,135226175138 3,009323807883642 483,43055643954966 858,7619535305623 335,30145116287963 321,9363136344252 69,86785103674669 5,420237390090227 0,7426116987932257 446,4254970161774 2,997436145723822 402627,3668375885 1
987,6869250618519 28840,488224194658 2,994803084352963 486,88920131962067 857,6748156295256 334,91594984138385 321,731718192543 68,16259841994086 5,369663495617814 0,7487590840045049 448,31868303315684 2,9844795070008487 404588,321993116 1
981,9500636539468 28864,761997923317 3,0101940412332118 483,44362503353346 859,9947159302426 332,5067746963831 321,39995179263366 68,26329258711002 5,414392846223902 0,7500459775952015 450,63823208566646 3,022109564795503 404023,3063729436 1
985,1508289128552 28613,15614868433 2,987837294022219 534,4471641406101 875,3979220943639 341,6855904239835 327,1496026993823 66,50583779248615 5,442807909220978 0,7488979033193232 451,9784369871362 2,9848584757947507 400262,8379442185 1
995,2413811061482 28694,347652914763 3,028124739149189 534,904243508825 872,5948043727713 340,05572950407674 325,38770370008814 66,36741212133613 5,435424399070454 0,7509587744930282 453,7359966807688 3,010798253224479 402491,77075662225 1
983,0816620904529 28818,11245522193 2,999092116065194 481,7738076854116 862,6625534920603 325,9046225003583 324,6273904046981 68,57926977064503 5,418691628364318 0,7486314347327857 453,65074237645496 3,013105621364245 405978,0456898075 1
992,1529346350733 28828,898436412528 3,021729746317377 487,60083878850077 860,17265119283 322,490316396574 321,6379043143014 68,02187844308534 5,420419922124746 0,7530979777883633 457,4977518725649 2,976438695480647 402930,82150698616 1
990,9765527960058 28854,16659635013 2,9679309379208627 464,87079887802935 860,6306881001619 332,1702043354025 328,24241759251277 69,83319928081364 5,3803325027260716 0,7469493012788296 455,465322584467 3,0004931905633603 406387,7101289438 1
989,9840520315646 29029,63465145444 3,0316919675308824 465,24839057546416 861,669906974303 329,33484396193217 325,95070939806925 69,09046336775882 5,404427883838389 0,7510288574920198 459,2092372267137 2,9872422912543315 401653,39511695 1
996,0549347360868 29017,0620704218 3,003424357530169 459,8705366046939 852,8710458622617 330,89781837067017 326,99268095496006 69,44444553612959 5,411071062060509 0,7577950487322783 461,83833195073305 2,9862558792592404 404618,9367926512 1
987,2207472512347 28889,568659307643 3,000640844252323 457,9332080373821 853,6470019054512 330,4279906603409 322,0890769512707 70,10220032388587 5,414815591157867 0,7539419989535365 462,824899673518 2,986296655844685 408338,60807260504 1
993,0679414122017 29022,516039028706 2,9902118941697116 456,44365123244273 849,1057416072998 331,4462994190085 322,6507516653373 69,8781748466396 5,395859822603161 0,7522599458937367 458,1200273345767 3,0048996525950353 400748,86530097976 1
993,5455675036105 29119,129022033623 3,027745523328888 427,6430728646134 848,2638509344686 329,33447383486055 321,75631410489194 70,96400035648972 5,422219717848252 0,7634077056872172 459,8178482815321 2,9944163170157587 405386,9843649833 1
991,1892097255599 29065,131008254855 3,0117556322578043 429,1046303152518 842,7728705301674 329,9219894268566 320,52080366062114 70,95449165251604 5,458819611586573 0,7507009924242831 464,94873426823267 2,996944819152179 403275,8681567335 1
986,5091540978719 29241,830170870715 3,0162515794491354 456,5129817068889 851,1522463941645 334,1569142418355 321,3797243971711 70,0872949320412 5,397025207068003 0,7571654814413757 466,16265543378427 3,0145918610123097 407518,151270209 1
997,7266281420293 28921,77749002394 2,98735227917265 455,60084340285226 856,4324593268757 333,93446278871284 324,5472843734966 69,60414252973057 5,404936902756124 0,767130273635345 467,4247098043663 2,9874787606989415 402092,4159835509 1
1001,336837555512 28954,281908295863 2,9870025499414172 447,10087645740106 849,073658669663 324,8122270418736 328,04708943683346 70,06300730101624 5,422851386233825 0,7667369546481669 470,892506140148 3,031604799786766 400052,0198167086 1
998,5685245402497 29044,022516637833 3,021228720993646 453,6069748367623 845,5635519276179 327,32440923085034 327,3304244015157 69,82558401717884 5,441114932510852 0,7616665999411774 466,7729518318612 2,9964364962511563 404321,5712402497 1
987,7144714201872 28990,847081925906 3,013051520606052 450,0710596788901 849,2102412050272 326,81050299614816 328,8231044736721 70,16686090152504 5,443603894686935 0,7548825558021174 468,2207088594869 2,9718810634474555 399793,60159662785 1
993,7393597194022 28786,941077841726 3,0004592054012402 448,6304906093698 874,7264428896044 342,8818747266324 319,19786269731037 66,74688173678089 5,379644112705231 0,7634100478255414 475,1417903242641 2,982199511407109 403737,44799119217 1
990,1250357192101 28708,23817910795 3,016118496322487 450,0531973270866 873,4912346653218 341,6333359857733 323,72675231838264 67,28132212097765 5,4197921806871125 0,7701070865710202 474,89566615372206 2,9871781190680813 403110,08985347545 1
996,4611254488944 28688,230269096075 3,015216112576063 470,5270615880446 854,1653527528475 324,4437217835255 321,3594850700364 69,27732378093948 5,4566630455141985 0,7571332804949821 471,4041595714568 2,967518479299774 402644,67830483627 1
985,635593603358 28578,892517726385 3,008469682824295 470,71610030420663 859,7353837861385 325,6861527315973 324,2273012008538 69,68885413025065 5,398360566594642 0,7728424050099323 473,0766778970616 2,9848879270779527 400299,6042957344 1
1009,547141888851 28852,44483317838 2,998240210841763 497,88077894117964 862,9519634203518 331,4273055014342 326,8201534714967 67,96978406217843 5,422179896031613 0,7607698707187224 476,7916858603831 2,9861392262188953 396002,8808920257 1
990,2777786345201 29064,16796593681 3,010584416178587 500,49409314829944 860,1997053315454 329,5905577900921 323,0586909057553 67,85663378639669 5,406380906625026 0,7735368945304361 476,6371377555462 3,0021291555485687 399625,3899012929 1
997,0205846678929 28960,18408459012 2,999934226140269 429,9771695297345 834,9418982282089 325,5796271481492 322,5987658974643 71,14572750590841 5,433882358058667 0,7786512409618674 477,49345117905165 3,011018394098298 402242,8363762629 1
995,63782491104 29022,30383330631 2,987977088426911 425,4813306117491 835,7644859474276 324,75492974723716 322,42572264551285 70,47145977762814 5,432996983995356 0,7833893383468552 477,96687948454536 3,0018765355667076 402856,3659155364 1
1004,0966379428153 29085,075148475276 2,987126324842748 466,00348796179503 846,9955735615403 327,16798585813274 321,9774210633947 70,58311342076354 5,445783338901071 0,769237707028388 480,0114959720104 2,996235253527039 400167,0773800901 1
993,163899176319 28902,390339583857 2,996915916063973 465,97590339715657 849,6693225668085 324,54742494667545 319,7991918109016 70,05138110311604 5,375606403674516 0,774635634679491 478,7967823127494 2,975129429453004 396568,07193876954 1
999,9749554920595 28852,66442334826 3,0075931276234886 463,63873942623496 853,7175171849328 331,53584968061705 319,929691204747 70,3927056548828 5,3501527846420185 0,7686301000779985 480,5529276951661 2,992675331967693 401967,6887002479 1
1001,1404189876664 28868,172447111563 2,9907776769385754 413,1439450802728 844,3132179403235 330,19603957340814 318,7277463236123 71,47723743268854 5,389903618288768 0,7752988764138727 481,0156372322199 2,994258133117275 402793,80403330945 1
1002,3475772001316 29052,68747513478 2,9928177241191296 413,7721887379272 839,554334955311 331,7215234715268 321,15713432570794 71,51996226165804 5,373778501556157 0,7832405115535858 483,4741360579901 3,0214148977344353 404311,3384312735 1
995,8719312622663 28717,071929773487 2,980606053579388 442,49561407798177 849,4460202964126 331,628140464663 321,576360693304 70,24508188865542 5,406832658398683 0,7748334338016845 483,4307858919098 3,0234211060024125 402794,8934819509 1
996,9714359563353 29028,70107293575 3,0097093828067365 439,90442004450716 850,4656495889645 331,26637766395595 322,1903951452632 70,11674819983511 5,430526105096858 0,7749140493544324 482,1800930497365 3,0039051927216742 403706,3204713336 1
1005,5636965452171 28937,498275676568 3,0327010493921676 470,0875777039312 856,1022568348494 319,02230521823844 310,4968230564802 69,0548766810779 5,365096249822946 0,7771081182550041 483,7960293682739 2,9744286401617144 402752,6925066373 1
1004,1460811747886 28874,639090497756 3,0046598606497756 468,0212394746746 852,8620166940588 319,850619258868 310,6564458688993 68,85454456207886 5,429995315845554 0,781260856226759 481,54355614391255 2,992490400376189 400580,28120457014 1
995,9360451999738 28840,52912176811 2,9792857065251943 471,64889319336777 862,267332715534 318,13893745010216 311,67660036763994 68,7531584242963 5,4055793701655395 0,7800044421020504 485,222732431345 2,9946456647081403 401018,2339085701 1
992,5827383656551 28825,01394740124 2,996301757661292 473,78642852957944 848,6861257694079 321,3381892669905 312,412479848777 70,88500742202237 5,392825177806846 0,775120531089699 489,5811547697659 2,996202077461193 400015,12738665316 1
1000,2943487286375 28709,613650898795 3,0132963881096932 472,0966198171046 849,2351145156333 319,85756180591426 317,15785765637304 70,05994260793504 5,396836668419223 0,7738635945397311 486,7932256317935 2,995003212204233 400752,6752729636 1
999,7401998754641 28819,42007972633 2,9859092638584688 488,61747251861846 865,0903449182133 328,4454179566309 313,2105158466894 68,01869479716487 5,422328739192997 0,7794662180662427 483,7702866536964 2,977627222034602 402715,21705176885 1
998,347147659135 28785,348695935892 3,0220733193191895 487,0998356145779 855,2854717622286 328,53036725093045 315,67577812728194 68,37034616482943 5,416701572916683 0,7838106779217245 489,09795564635874 3,0100238146657596 398931,7333601135 1
1003,7173965795823 28741,373542143352 3,0106094949676283 479,721896890419 860,5020432661602 319,89886688675034 317,8514043665796 69,17908571294834 5,435131824796471 0,7835710458094971 488,97456782764607 2,9818975987114156 398206,65198855667 1
992,0860623396949 28866,854674892456 3,022240736357101 479,612288490483 864,0310393746139 319,23523872719903 317,1628443911444 69,07283275197275 5,407684996745568 0,7833764561131908 491,35652716129533 3,008545650960194 400884,67111280386 1
995,832751855607 29025,56746105718 3,0133440808687184 482,60478471255993 867,456677393518 326,9376171936479 312,75213023984617 68,61251569868173 5,391117373209702 0,785829669920012 489,93693281956325 3,0283125513592415 402182,08859530586 1
1004,3704278223446 28547,955216231636 2,9803936142469465 482,9833952282418 863,4897994449141 324,73778864724903 312,98633000656747 68,85185272121218 5,392130568965965 0,7815823983305158 494,70376252664465 2,98467038143927 399869,2913562266 1
1005,5831381082213 29244,411570172444 2,988265735571317 428,05603054847114 864,93499943511 329,0921947144572 316,1584861351017 68,80364959190871 5,449160816013089 0,7903537760638761 489,00767186327244 2,987560491184969 402707,2297267748 1
1005,0026274502087 28954,738764743124 3,022881454271067 427,79688199962703 846,6827477635215 329,33478671443197 322,1891161762694 70,77185370885084 5,420872294131576 0,7946651933315433 494,77105474111517 3,005066160848412 398889,6042323943 1
1009,6323023932141 28722,93378604545 3,0181793401304793 429,8481811450043 847,4988746972987 331,59734491927196 320,87911402520126 71,06426582895472 5,416973021494516 0,7849320036099743 489,5654635568352 2,9938464732404775 393147,23895238404 1
1004,5849121781364 28970,656659540873 2,9849183261132732 481,9638320388469 859,8893911037474 334,81665101198377 315,56976814937684 68,663612218161 5,450893784043333 0,7857368404740896 498,12252022783935 3,0024815209559117 397301,2289389849 1
998,8649059051843 28965,141432407065 3,0105403123782333 479,31053830104014 857,4411234704633 332,49260264169203 318,0950372164369 68,54024638999438 5,382249714698068 0,7893266707105034 497,21693456048564 3,014094953257495 398591,8149499679 1
