Co2(scd40) raw_signla(sgp40) aiq(ens160) tvoc(ens160) eco2(ens160) rs1(ens160) rs3(ens160) rs4(ens160) rmox(zmod4410) tvoc(zmod4410) eco2(zmod4410) iaq(zmod4410) resistencia(bme688) Aire/muestra
1209,014510109554 32696,252051848875 3,0114248163608046 278,2897124621941 775,5590870403247 455,72810480628965 441,5062169967989 79,31299076084925 5,365320266896046 0,01731767126461883 399,5872107003136 1,0041931951233616 436489,55796631455 1
1221,4751623781156 32590,492171056023 2,9874820393740666 318,6947452525923 806,9386243344064 452,3670624181428 420,700656354764 77,2393936570407 5,3900370818592345 0,01734882290956106 401,5385473309161 1,0082043451277627 433921,85910800885 1
1206,393952431002 32730,65433303016 2,9903433039777685 317,52398657423765 803,9423677676485 452,2905242038251 417,5803680576881 76,8770038363926 5,34840594390385 0,018707642396320827 400,3900440718411 0,9991799222926581 431664,909945343 1
1216,9847839658853 32587,489838296184 2,9792131381263642 318,6379034628202 810,980373664653 455,8115129096057 424,10175152202964 75,8344747981158 5,330903495403245 0,018685076922175286 398,2937740413686 0,9997947979696594 434959,62395487254 1
1216,2785830227128 32843,531666424096 3,0126809096261242 322,0897750072468 804,3226336795909 453,12358432506215 425,96376404065893 75,86753525474046 5,331900231309607 0,02037838390504977 403,61449323491155 1,0040257937107886 431769,5826621165 1
1237,3386029078367 32877,50350608743 3,0066901811434774 336,7108996936637 813,8902241417054 452,705739158657 428,2510583022236 76,33949409005784 5,381046996534133 0,02035545235610519 401,20530563838963 1,0043094196714764 435293,1547677781 1
1228,2989119251342 32495,95238969025 3,0111267025295945 335,0772410304006 814,13923389872 458,305512466035 412,24057893572365 74,28638118270624 5,394239636493936 0,022534695180178844 399,3407269150793 0,999218458353167 435313,7849846689 1
1233,0756700996303 32742,731706589155 3,011452986880169 338,16217456199314 815,1524369877659 460,40717540999566 414,4563857533072 75,7998845992734 5,390434278702454 0,022561582508930606 399,3964161865598 0,9966035174749754 433344,74839896505 1
1242,1980955504116 32471,294017666507 2,983754114674125 350,4194836447961 809,1078645325402 451,2341111624639 413,5925100405762 74,36642098990856 5,365419431457893 0,022630326457219872 401,8427712486108 0,9975254099537508 433308,6347609123 1
1244,5304987791083 32746,89291908992 3,0010986358734355 349,67312675626124 814,4035985649402 452,26898520508945 416,07001786672737 74,07501094672463 5,35853225650192 0,024676897054986227 400,1541374305538 0,9992004611503728 428128,4026653977 1
1247,4048100197242 32706,15885521275 3,0062951119546266 322,57853906930796 813,8429027379118 446,3867662880447 412,208440335439 74,55999792726217 5,3991851080137225 0,024603201915731805 396,94564528427117 1,0003083628978326 433260,7015508713 1
1246,674249037979 32746,509811550994 2,99695499951174 322,7885540963828 813,1387806760999 443,58901917921037 412,8633833371267 74,44127672206785 5,354406895889603 0,02648691142971693 399,76046774650524 0,9973915890252992 432483,898084997 1
1259,9438687467314 32685,032433416596 2,9884980464351263 307,03636356163065 798,6852510537024 447,90109202222106 404,7646616186672 77,65428385369098 5,378024609034775 0,026280293422890583 402,7028781899053 1,0067601393440666 428477,4528894547 1
1257,0355006037405 32737,55698112794 3,0208091882559653 303,7658333377781 800,4617790093171 444,9871174815532 405,40998087159653 78,11069388696275 5,438620551699205 0,02862068802463873 396,7434293883313 0,9978549711605339 432369,3580691111 1
1263,906024712507 32434,835726610563 2,9982419125484356 334,92184623099064 801,8350976357559 446,11371885275474 406,2887112521928 77,45471453912599 5,387444669082789 0,028337799316930902 401,50680805049336 1,0012320364684677 431623,45959505136 1
1260,095644891296 32485,221694661843 2,991840478703065 337,20306715713843 812,0324122966139 438,1109689281443 403,50622734185373 75,4885301595442 5,376559286673807 0,03058315482800859 397,71528880292925 1,0146378459969017 431217,1501530011 1
1255,4229334755569 32348,453910264325 3,0064722795613843 335,43929830245224 813,2667271015554 433,90743719520395 400,34563330107466 74,97564417820878 5,384147846515504 0,03078090669434186 401,05039185236063 1,0024177229905795 431351,5356626805 1
1257,907785056009 32617,00910791394 2,9936013134966837 346,7249477569658 818,3835941443439 438,14941325254216 396,1178672851986 75,07974677195605 5,319134554383284 0,030734527354063106 396,69398758870545 1,0001664635648757 430645,9155562451 1
1246,0579538341428 32747,973122066825 2,988605613307173 344,15606346556416 811,4455388425531 436,04614597068775 392,0836169673791 74,24774772146712 5,338642019108919 0,032460054429500576 401,48206327283293 1,0102063432286545 427451,99492249254 1
1268,291394043342 32199,361444769795 2,994995060419739 309,1093555321633 806,5651591102877 430,78081539655926 385,8541425214029 76,35313143451694 5,360862351701707 0,032691304946649 402,33364097156306 0,9997938091793658 426478,15117542545 1
1253,4562279280694 32650,560027388536 2,9983414447779477 310,77400978950067 802,0590881822424 430,54298788313343 382,93059730232795 76,50251959228828 5,398637423694337 0,03452440363966698 396,62635287931613 0,9961215771039933 425393,7122820706 1
1276,1371926831655 32491,59961262386 2,9783435440314765 327,38036987992365 808,0372195064297 438,9312630000619 388,016671870124 75,72239390521659 5,359205089452725 0,03464130712875082 401,39763171442536 0,9937389559704667 425809,67399646965 1
1266,2731139190955 32815,78039466251 2,9753388569481034 327,6943289372282 811,650734875242 437,77305156099817 388,67887331694607 75,76240876033624 5,422460455009842 0,03697567529751826 401,879113454449 0,9919241923730617 427800,4066927737 1
1275,063640382238 32545,352557135873 2,9700091541859077 349,8020255106721 810,7680217336075 438,06821545408286 389,7428485188971 75,3944256170801 5,335118231478463 0,037409561398040095 405,043708915167 1,004331855781597 425668,5808436603 1
1266,0202998645957 32683,599804941467 2,9946159337300284 347,68943762356054 822,7548316259364 434,5853792121597 388,9058643959071 74,0913371012111 5,353225727025176 0,03919190553343285 400,8505903980951 0,9969305074098707 427900,60306541267 1
1272,0182067196 32860,42448456129 3,0006188754973344 349,72340849143865 820,6730757784873 435,288450860349 391,78715705032363 73,2971271789068 5,404585636293391 0,03928317887786225 403,7951560782694 1,0061608471020764 425845,92500118975 1
1267,3264359066318 32614,114307470798 2,996967757723995 313,7574481174977 801,9513651367836 436,9731870068987 387,5438396778228 76,69840159529859 5,3498562027239265 0,03949588196935734 404,9706054009196 1,0003359981967253 429643,94235637283 1
1266,6821075285413 32615,948116224834 2,982460050697385 311,1923226144066 802,429563930064 433,0264729884113 388,8423228894349 77,12003167832783 5,401777581947873 0,04168203714524665 403,3700102080223 0,9993799710125303 424257,3393292851 1
1285,5791258960421 32432,082491876085 2,986227299065685 335,98443536201904 806,5596053341735 430,09847841167266 385,697073246882 75,8951750955053 5,346648907452342 0,04195037429651842 400,7558949680056 1,0075016266984596 425985,62242107553 1
1278,433371400249 32506,46263377038 3,0021850585183323 336,5904725158447 806,6207782474662 425,77053815139175 382,78578178130954 75,88480288158688 5,363378715103419 0,043818603874237666 400,24468117464954 0,9936216481642591 425926,31638789654 1
1271,3383576161355 32631,67231613674 3,018323175404581 317,38136805996965 807,9915716697013 432,1843708452458 374,37528682345584 76,70675584887378 5,3593515056630165 0,043818790696876594 404,9698956492627 0,9951660277701424 423095,2323075565 1
1276,5078949047981 32564,658344526393 2,985873056757233 315,4646761029475 811,9426070499513 432,555168713405 376,8463896716416 75,94363181879761 5,374194220864843 0,04652362402874162 404,35180825374516 1,0036510877389313 424559,69810527685 1
1292,309677404942 32509,678239707242 2,987717839006571 314,76309396454843 810,0252146040837 432,63581107075083 372,5274980017065 76,38194504538241 5,378608752749118 0,04624880953299515 402,13725391829706 1,0033116288653452 425161,00026486954 1
1285,4317405229253 32745,817553693192 3,0060732511058057 317,35036972694473 803,9918105978094 430,7808720349544 371,2535656574091 75,64613937499753 5,358182140126732 0,04836502805537642 402,01309842494516 1,0063242519111912 424516,4924744965 1
1300,9172152796584 32662,316736668374 2,9948241675623297 318,12475232163996 807,6081611733758 428,6665263339738 370,06068112076474 77,47294320064016 5,360104422586054 0,048188202314639085 402,16408653891114 1,0013738444186935 429553,35297838075 1
1272,0737139543164 32384,041473444082 2,9934143370823962 326,65615453638145 807,722512786685 431,7343353225636 373,92128745448923 76,1055280964445 5,374938653055353 0,047926977095876795 398,81806949438277 0,9973780536765237 424696,62088815897 1
1287,6350856281701 32546,490660955296 2,9885644801487867 328,9529445170306 810,1335622922693 427,34051768896074 371,9091773044443 76,87565183412639 5,362906616954243 0,05039695916504919 399,6369526801951 0,9980650390927296 422244,5465521438 1
1282,0137391095857 32797,514762038925 3,0213486524127435 328,05396175375813 807,8548553716639 422,23394274945275 370,8545250598856 75,63345341530153 5,363219767174727 0,050136570928590606 401,764516307373 1,0017894651974601 417277,461578632 1
1289,854740988613 32497,353194933366 3,0063387208428507 326,1482690294343 809,8654992448448 422,7994799437083 375,27980523463555 75,96821310750134 5,37873516834977 0,05210904167306014 404,826887181112 1,0007479884912693 423379,7421043292 1
1286,51922216609 32433,053394908435 2,9945142287921755 342,83573670838945 810,1796065186913 424,2254876407139 371,073105684966 74,80930651397993 5,357173439663035 0,05220805767662609 406,7592510218616 1,0048610667044693 419352,91939652537 1
1288,8286037215296 32740,098723843665 2,987819416105789 343,75404103261354 814,5758882590069 422,34664208613907 372,6667389750739 75,0010318411138 5,400787758455308 0,054012008713376865 404,05463708718736 1,003099028672303 418707,9664072213 1
1292,5454271088613 32767,691684245416 3,0117567325835513 367,11552552530344 811,5809320115918 424,31956844869313 376,22200790098975 74,14722514880125 5,39090756808168 0,05411077891216855 400,8242987379869 0,9927594429590249 419365,101677193 1
1291,4803749976493 32372,927927441804 3,0064157388832187 363,9060741193435 827,6599887626519 423,70358884443516 375,3603288148972 73,29966584628313 5,331264433195699 0,05659154379197166 406,85331513754 0,9963723775520369 419960,75108801416 1
1291,4070511255923 32633,434984279025 2,9868398221574006 364,0872084254169 822,6607457687082 422,04000783677526 373,0927342613797 74,13515372311923 5,410380511641281 0,05646061835090794 401,0522079785552 1,0063854824494884 426121,2927164902 1
1294,2186801602945 32341,5956437726 3,0033785775536614 344,32971145040773 810,0397311753283 418,4131587822944 372,5172574410456 75,02351821611505 5,422231321261549 0,056309688702233913 403,19315855574246 1,000791295337778 421571,2053857873 1
1283,033014850641 32791,82260992787 3,0064976113680855 345,21826922042635 812,1745777599732 421,9641021451833 373,48990270142673 74,91811920525221 5,378925801099932 0,05857040604844101 404,47180999356414 0,9943806425203423 419910,6308065425 1
1300,3111444733042 32191,957912885708 3,010064046282263 301,3512485481703 801,9438006123758 417,02678411076784 372,9895238159863 77,30752768520186 5,316744695141879 0,05939470221567523 405,1061533355997 1,004382051373293 418758,19545889134 1
1302,0581225747137 32405,30387111415 3,0170576654405235 302,50515623957915 802,9695192031594 415,6302931184055 372,0977103967512 77,09670285818375 5,347805595124328 0,06122289046896748 408,76095658400953 1,0027259795497596 416235,5501354502 1
1296,7800664709082 32525,588722561046 2,988672148604959 335,5334504757874 809,0150157452626 430,4082250918649 370,65466179229367 74,75800552590917 5,380492312621121 0,06067092891979636 400,90309640284596 1,001896692232012 419104,6802569068 1
1291,1481933718867 32740,03884283084 2,9959393619193526 336,6482960634419 811,0474463526975 428,45903206606755 372,53532132780657 75,21953840109748 5,399355307807357 0,06278673642060319 405,1486094384722 0,999464075432639 421298,77548563073 1
1296,5761160661398 32389,39084634467 2,9806869406778964 344,66063676687077 814,4599618196143 426,0641616481061 370,0498236004782 75,49167449189387 5,386153277458036 0,06275693945672518 408,02702586769277 1,0037237680754636 417467,1307316663 1
1305,935122538007 32243,453261422965 2,996012384562617 342,146109153335 815,6069890540169 418,56895763822615 364,19194215500204 74,93535421844739 5,389709662636929 0,0642470439075463 405,97881113728835 0,9957076019093518 420546,11644375534 1
1300,305875713662 32572,251781402538 3,0150251893847817 342,87252124454346 812,9604933188099 424,6991560806328 366,0644789303069 74,57506405546644 5,404963304729174 0,06414580339065039 407,59851172154214 1,0104525170636753 417695,11500639404 1
1299,2541801181737 32650,812861868733 2,984808852736091 329,0090874698548 789,5817355475598 415,77393264731904 364,0177826792045 78,4879152556615 5,36510685929704 0,06464181570451624 409,0643666967797 0,9989415844109594 414853,9238991342 1
1297,2170401004994 32241,114569791334 3,0096270200447246 329,2897260899955 788,0171252732055 413,178436536751 365,5306731504751 79,14083396497172 5,404477568258651 0,06579276674495409 409,6729809341206 0,9995337021378469 418523,03292368713 1
1305,2915112289631 32640,86177334721 2,9852531538664357 344,562052392586 814,1187896502933 417,4814494237108 367,96055178846854 74,6643121415317 5,368101213629896 0,06577895022070038 406,04049619594934 1,0032415310593275 418452,1743343288 1
1290,8837323090283 32526,89338868484 3,010102278960055 349,55757656942575 811,5408239489412 412,4901284857931 369,4774808076362 74,52093055712136 5,398913271985721 0,06745138506140273 410,9745069202456 0,9954715875191845 420544,1527021117 1
1300,456791136154 32610,936368489478 2,979647973492709 311,65171437990216 808,7605785501186 411,84060571128566 363,0795292306137 76,04975792114661 5,338975273892084 0,0678135184593627 409,25891193397064 0,9982301760731199 418878,32754109305 1
1313,6831008303823 32550,3512256161 3,012743826141527 313,7936701411306 808,2852970690133 412,4034160974092 359,8601977552333 76,7523254378303 5,422106408030688 0,0695889998266104 407,15318041712624 0,9976225197165549 418168,69763975777 1
1297,8517850612805 32753,469458641786 3,0166980683031803 344,5284543977796 807,5745823238018 407,5865720131777 357,3506040808953 77,0165461654155 5,369483397606101 0,06859806779473257 405,8927368972552 0,9907094077023917 418192,4669581284 1
1294,4351267832506 32574,85020973345 3,008676084181798 346,89600917914504 821,1786515077108 415,7741226811174 367,8005148257788 74,72048006700085 5,38402965182609 0,0701298185361785 409,61023560261725 0,9990591508697625 420277,28466076386 1
1301,2590196567533 32633,85691916692 2,9882476484687452 344,5361801836646 815,3141959475878 416,5767945385438 365,919322675901 74,85921950917978 5,3384895044210925 0,07071078952235958 409,8759291560564 1,001577468877888 420692,33690272825 1
1299,62666491545 32496,645429974444 2,998449058141147 337,8714513527582 826,2853492085543 421,3735837139385 363,18300230759485 73,64707720970836 5,38049205095195 0,07077424078139982 408,51777583786543 1,002093509328587 422389,25239393796 1
1304,4052775467283 32669,20391954249 3,001799262132803 337,18889713856953 817,0585657407 416,8840547391519 363,24917987897214 73,44605133039147 5,3919360848160665 0,07210383962687952 410,62279207124413 0,9937573634664544 418733,8340342913 1
1294,5509778790688 32625,98890236686 3,029803814585083 354,3355518552063 816,9769274048502 415,86269656370274 353,75381508666646 74,62007640058381 5,335124500770212 0,07230471597355255 409,76854946404654 0,987883899646416 419793,4804974384 1
1295,0341785833593 32609,02057472171 2,9993657906789633 356,1253654724336 816,0654660472769 412,7883797429388 354,3397904322088 74,22557822227351 5,455511839094503 0,07321098713322836 411,24377271592823 0,9965330839196943 421764,1700418576 1
1307,0119857762932 32452,708811575776 3,0016511603268397 329,1830752224363 809,0620694187513 407,68726924634547 355,60118529774087 75,30401665605541 5,364698908661138 0,07336827765517587 410,7534984851826 0,9976011315069298 422476,02191364736 1
1298,928313965978 32479,84314742439 3,008303765753759 329,41264170730085 806,2826542579278 406,00861022793504 355,6208957527016 75,5114179166205 5,366221035857987 0,07494841834128678 407,6233749045567 1,0064595500140072 423944,55231859325 1
1303,7241511028215 32693,83154849599 2,9944506954045127 353,44527901502386 817,4127732058856 407,3382636038425 352,08725529807793 75,26933611204123 5,383129074011537 0,0758769672253987 413,2319752364207 0,9916720000367265 415495,0595544639 1
1305,814302391643 32551,205535862886 2,992892443618666 354,061768343685 818,5007532008243 410,07760162417736 361,27936236382425 74,08411015656647 5,39999137607136 0,07604826550738565 409,9994113840658 0,999518845094785 411342,64003833086 1
1307,1699769769418 32835,458913939496 2,9864680456334263 353,8912292331931 821,6955491425804 410,5676733073847 359,83300017029376 73,59895392963628 5,3599215940901175 0,07683693619054831 411,2162354510457 0,9970203937103566 412202,6103944123 1
1301,0729767177907 32597,365513471752 2,9958761717161013 309,54596319152256 811,6324374124911 419,8784204182262 355,20038845508736 75,64768808224972 5,41538885639869 0,07676552168919269 410,3619246530463 1,002461194797566 415815,3890818261 1
1297,488728179352 32445,879739976826 2,9838735531699965 310,1534122865855 803,4316218307199 418,7298615897301 354,11890540784714 76,41662825570117 5,347511580046995 0,07827785037609378 412,3671739404678 1,001460249148221 419682,7465920439 1
1303,0035359337228 32489,448236152515 2,99023907402405 312,1875913707751 806,7133971575114 407,4878099636411 354,75990213610044 76,79024737764466 5,360089504753761 0,07782908381838538 415,2432830775975 1,0001830461570644 415970,45167208073 1
1302,330662832777 32545,42934774054 3,005469626911168 315,6151561864327 800,6841152471953 411,464793723918 356,11781147546793 76,34026121333822 5,365502765436194 0,08052111059930263 409,779234112202 0,9998091648207599 412831,5657841453 1
1300,7030850682445 32424,407731404983 2,996562045890837 335,1428931979481 814,0715533786581 405,1294028952704 358,8759199342048 74,98911478237072 5,407255139111162 0,08000500188832231 412,2918618641055 0,9867965943199903 411897,03069605696 1
1306,2624765824112 32396,247040542967 3,0081240111894676 335,67869713438364 813,7284426404203 407,403682490742 358,92573272317986 75,11044389508508 5,3938838036100165 0,08160414409454285 413,5258814541768 1,0012696908576384 413460,93736938183 1
1294,4985912820453 32534,467532120998 2,998233796774579 320,0646869807641 810,9904068015835 405,63166149623544 361,07222092611704 76,14105003140516 5,352520685899595 0,08163451464720352 412,02055285064586 1,0063087178846746 416511,535760454 1
1308,7216448665577 32626,917333758796 3,0080020102194576 319,5060868011607 809,0270507761513 405,95278889546256 351,8877256999949 76,52085077298896 5,387044950790133 0,08249330249049412 411,0815479901645 1,9984146639594074 417469,02362886805 1
1312,0577389396708 32562,43499193854 3,016656112522366 319,5013673062068 811,7022425846433 406,45841088882617 351,2632023696043 76,03759227425998 5,343637164388928 0,08346674525887547 414,84666241666247 1,992898943531283 414204,6457487292 1
1298,4462932039876 32266,536700136072 3,0052717741850703 306,66698632962044 804,5245288418596 410,08669504762923 351,92441053214867 75,80500260985525 5,369046163519346 0,08273932975823067 411,151708767151 2,007781928669608 411997,7394889064 1
1301,4923473909282 32534,620149193222 3,0072269622136356 308,9384493039218 811,6777835994833 411,44447761676275 351,3880460596646 75,63452055558669 5,362211898747494 0,08411145875409458 412,349752138061 1,9887847965717953 410130,2735984242 1
1304,4317433299173 32395,846534151988 2,985702475605379 356,90339431573346 817,3796889417328 410,0123220670971 351,2223787550768 74,64785890278178 5,39120062142658 0,08427515215267091 411,8745004608169 2,002700141798967 410446,57583083864 1
1295,6220506765364 32382,53927026751 2,999728839599811 357,76336750505584 816,2774076587658 408,7651210782934 351,83864988415513 73,46826485537063 5,358642183831072 0,0853488271322936 410,97791109804393 2,001510391611936 414940,7487904054 1
1299,1410369729983 32606,902831042546 3,0248952919663483 320,58601116635526 808,1654317978276 405,79713417728743 348,9317330594574 76,11931047936986 5,365449348479022 0,08497113253201945 413,53181450963905 1,997426450644633 415254,19862912165 1
1314,5919633611225 32545,357794195195 2,9935418121599495 320,73251838127675 809,66801494827 409,26460832671364 348,0794874493341 76,35632637562607 5,339381518827976 0,08735865458144389 413,83729963222055 1,9694304719364346 418214,8838815266 1
1303,123172938875 32584,25403062806 2,967906936164984 340,38841889913186 812,2266655508924 407,06867049352616 349,8426735998538 76,73895238946706 5,341479828394868 0,08673977132163065 411,68743069782687 1,9838705202702542 416409,1545121671 1
1299,5345458422717 32715,626154620055 3,0016258286394395 340,3221377777959 812,24395148298 407,3783460295978 350,6070058424146 74,95113055463152 5,3558308853943615 0,08778378898851465 414,64007344548025 2,0022483347379896 415874,6625826132 1
1301,2534828541418 32634,790685437383 3,0055511744105017 341,9501734719546 810,4033538053511 407,3030384763711 355,6445431673873 75,04022123436798 5,376791556638435 0,08763147508466647 413,90434544368793 2,0041167582121133 414055,9365980325 1
1313,8665296327347 32574,704936377384 2,993916588600813 308,80863181427435 825,3881360548056 399,48063968622046 352,1036935438655 75,13345138734357 5,3882044830144595 0,08669249214566838 412,984162777943 1,9972141635310463 414528,54049957305 1
1306,262345507206 32271,028013747866 3,00029167137924 306,1442859222481 819,9102578219378 399,61486109409526 351,2425626595653 75,01917207229276 5,379057172163171 0,08925792243005477 418,14056355092936 1,9999045861821907 417538,26417357736 1
1308,263843125168 32575,3641643815 2,9707115993713855 346,6192275158174 814,373736504946 403,7529092045379 355,75380592769045 74,64123522178383 5,3936075336619105 0,08878149059506302 416,7654352158113 1,99643755519671 416274,1600106531 1
1294,9709053498718 32668,054864826296 2,9983409539778276 346,26726024835267 817,442772177487 406,52999876305654 354,04756200755537 74,81047622135355 5,412461450956147 0,08988986992062742 416,0397889310674 1,9871330893170922 411247,24676746596 1
1294,690673891263 32463,672288637932 2,9891893726929397 351,1445297594659 812,1700982282895 400,45637944749376 350,6350981128087 74,81365214293363 5,3667751267879975 0,08916010566029565 414,83870271035687 1,9991608010264617 413542,6423132903 1
1293,006626515423 32577,950046151946 3,017862684890061 351,540399604072 811,6449462271141 400,4311503459497 351,53310118794735 74,08107871050207 5,393003592091309 0,09044271135516502 420,40059686571357 1,9959617576533881 410961,5822304015 1
1296,8247557166248 32631,30289392322 2,984324283195444 347,39462201746323 819,4132186986798 400,88239545107956 349,92409134916704 74,56733574426352 5,3732402378015305 0,09022611922454837 419,5706972595482 2,009352070639506 411703,03619972465 1
1286,0663818079186 32796,62122711076 3,002697065602068 347,6238084261205 821,6090259632158 392,3391223520596 353,9679470790294 73,33796505694605 5,315986717638556 0,09151806712822394 417,9798733718722 1,991970363739167 413849,96838405094 1
1301,926782635213 32953,80788389498 2,973697760185188 347,2333021998141 818,446656665206 394,71061020246367 354,652503661649 74,27069447188718 5,377039962589453 0,09176283453112498 415,0701839959924 1,9934103315796547 410721,2137331716 1
1300,076833047461 32329,647204085788 2,99644619611873 340,3251666435815 818,6421726462102 399,4822808371223 350,2077308776974 75,03040463488918 5,41219564181731 0,0923088398567141 413,78524258139913 1,99727645034795 408261,1952366896 1
1300,3988741488176 32368,535892148855 2,9963916243268356 339,72920433146237 801,9581030949058 397,92724177377704 352,0518638158493 75,47444337086552 5,387385161703063 0,09285738716537487 418,55738241790345 2,000687967855875 414804,49926813 1
