Co2(scd40) raw_signla(sgp40) aiq(ens160) tvoc(ens160) eco2(ens160) rs1(ens160) rs3(ens160) rs4(ens160) rmox(zmod4410) tvoc(zmod4410) eco2(zmod4410) iaq(zmod4410) resistencia(bme688) Aire/muestra
766,5235864358785 33822,58617245922 0,9945244779829746 0,0 399,9711899075281 622,2165951465274 696,0255730727223 122,85962810910813 5,488446991514446 0,016081622547401076 401,9597814473312 1,0018755758208322 573208,8702001638 1
765,5584923293663 33531,42314653115 0,9964446239002007 0,0 396,95361218215186 625,6518471514494 692,0353276501783 122,72305622617651 5,484559584395582 0,015935262997933946 401,5111165074596 0,9994652677808287 572227,614854033 1
765,6641319841588 33469,103333370374 0,9937681234181084 0,0 401,1012789420205 627,1249393367857 685,9036067233477 123,39692798718478 5,465533672183343 0,015829277180995128 400,0742082169888 0,9980595051527029 574637,7728259622 1
766,3267957612977 33449,37459547367 0,998126444132536 0,0 396,4954215941281 625,1899505108538 701,2741155119237 120,77433588314658 5,446332790931624 0,015967574882446305 399,2642518307849 0,9991647721863205 573175,5651932631 1
767,4867547680403 33814,45568120041 1,0042164673510543 0,0 403,34479674962614 623,6273174078306 694,494297937802 120,5029085833049 5,467006720872268 0,015927251671725023 399,8023141423489 1,006686767430538 570372,5097416998 1
767,679077669052 33623,910430007934 0,9971232021610215 0,0 401,8186991383301 622,3061144506418 695,2144036846678 122,4600858565085 5,460856825324744 0,015827833136106105 399,4072670532475 0,9998740253782152 573467,3345768043 1
767,8007031914351 33561,80426507517 0,9965126525956857 0,0 397,52416900137706 620,3028231712958 696,9132451002024 121,96144766518084 5,475153881669956 0,01584663453492875 401,5100044915618 1,0095311255977544 572278,8276981601 1
766,2882085559828 33727,800760981714 0,9921952474955311 0,0 399,392608160301 633,002088492535 686,3383282523689 122,196014209783 5,4257175435241205 0,015997504950527413 401,68610666290584 1,001680946281868 566573,2152409229 1
767,1909020657431 33935,077390149076 1,0072578180162441 0,0 401,3268461336297 629,7570037943468 685,6168442368869 122,95755936851288 5,478604547042444 0,01591974351050045 402,6458631161262 1,0013595570443832 577513,8512900048 1
766,6685016148541 33360,93782179797 1,0006205101034817 8,002258768659111 402,2267570925218 625,0516618051641 688,5325237005053 118,82039740476051 5,4804403940229145 0,015871198749591472 397,5844408673084 1,0009456489932358 574803,530650798 1
769,7503475878419 33403,74743898743 1,0082532680510226 7,962020271060396 398,4781926432814 619,0380062731523 689,0911898146951 117,05760254374931 5,442714308058036 0,015875676734113955 402,599470330874 0,995565608994112 577876,7120988632 1
764,5705752914257 33591,53932245934 0,998777130018243 0,0 399,2720251817896 627,1306636976411 690,8579088909975 117,91070058882107 5,47858738409691 0,01593963446232417 398,2960596452234 1,0057981377268919 565626,9624637776 1
766,6582832439574 33853,95926351976 0,9968842576870919 0,0 401,4837549566293 626,5137695236386 683,0461790096031 118,69286079701983 5,473567251633023 0,015881879653919247 402,95630073051746 0,9961141589496381 571551,5479278732 1
762,7446341126986 33283,2534609143 1,0041243843442444 0,0 402,38093535362947 622,0026645873825 687,9137266537599 118,72487111711088 5,524326512022852 0,016017435743526192 400,1480328022434 0,9983352507315295 570312,2164119444 1
765,1341291469164 33722,310064223275 0,9998997697899182 0,0 395,8274834801421 626,1356486515092 677,5376457201198 123,36598960032089 5,487683431484185 0,015863880529129196 402,40493609901284 1,003213703315516 572405,6609241158 1
773,1893945942331 33587,68142732884 0,9954448519762391 0,0 396,1195483857229 622,315536668145 668,8924238836489 124,63410695854823 5,459272623875261 0,01572825733688054 400,17929019148175 0,9967971791209312 569750,2399269678 1
758,0419038716208 33280,63388309101 1,0004025990510956 9,068218041869082 400,8412406625139 617,7019509450276 689,4924170792832 117,92888210842221 5,496378518405284 0,015826334053451366 399,3272673112093 0,9950195912981442 567891,3409029365 1
768,2732405397312 33596,65298585218 0,9979370121751664 9,07613824704968 397,2624568858327 619,2673301124961 693,0064146975999 117,55821760012341 5,437115166464616 0,01593402531048553 404,78719011892895 0,9999248424876637 569870,6415040767 1
767,7333596806425 33344,3288071797 0,9961815866152023 0,0 398,19956159909907 625,4372561988886 674,9255434363752 121,97154110710184 5,471413061752663 0,015728259583379922 400,69365047657 1,0032116365231796 573557,4886828333 1
762,309394310357 33526,5908062595 1,0096970419269968 0,0 398,98067416513913 624,496310159229 676,4200655506595 121,87132344696171 5,464969215266806 0,015889974624869636 400,6775798278033 0,9969894554579416 574015,8527318242 1
768,6789051494682 33745,87955830331 1,0044789049738545 7,021499091957333 401,2137993255435 626,3899087553953 679,0296049854279 122,72614557873666 5,4335190367125445 0,015900181800680712 403,5488045482892 0,9996342411470548 568061,8600267596 1
771,2704573842877 33500,8465451033 0,9971828665569168 7,034011182841688 398,6221777088268 619,380079967042 666,7262505757143 118,23297127977234 5,411841557903616 0,01576604510662291 398,76327230958225 0,9988543154779962 571083,7003122473 1
764,4295832326588 33542,686939926796 0,988732045964208 7,0461983173769775 397,8758753634987 620,361428588729 680,7879460955029 118,4671278761481 5,457626746947816 0,01600113111336105 398,7838848636824 1,0038311181978032 572226,3607363115 1
759,185724562865 33573,53428621406 0,9963019313417953 1,9838011842690049 403,6652065125749 629,2592807242222 689,6807373714412 119,50909560804406 5,44416255892532 0,015988563511916253 401,2522651123008 0,9953743779880562 568432,3853641568 1
764,2115397110213 33436,42794455567 0,9964125368621671 1,9938071004839706 401,635929675098 626,5658760140404 686,4682916305655 120,32689850065552 5,5364325325026265 0,01591507588847893 399,57941382573307 1,0038101892274138 569677,4326128438 1
767,547474092775 33660,73058907337 0,9991120102246734 13,007919371305826 402,2477834941535 615,2422185405514 671,0251211184196 117,18467107376435 5,411786987259654 0,015801196114482212 400,55145936286215 0,9962632762288214 566563,032055499 1
765,8475955735557 33641,33633876431 0,9914229040296556 13,025088094817844 401,1417652346602 616,8169328601349 673,1336103647932 116,29085982252464 5,441151914699974 0,01586632511989646 398,51403653838076 0,9998933612834816 570343,5351203125 1
764,784884582363 33475,927156672005 1,003453372326144 0,0 398,11953931972494 612,3898931576774 662,5366325752756 121,65045139244353 5,467898451944167 0,015958396809727503 399,90142483508373 1,0010937819536672 568712,6789478367 1
768,0636098367735 33604,934545351665 0,9974793033770543 0,0 398,4320146212012 605,3815315233281 661,9297986822431 122,12935348190709 5,4512258975789365 0,016127801002032104 399,42780304082135 0,9932991933758866 568205,8214172956 1
766,21956968 33758,41455742629 1,0068416228894606 0,0 399,824036677343 616,4488426993206 656,2769232933858 120,6249900060219 5,501221027045474 0,015960662976779588 400,09411394316896 1,0007014808484689 572865,5679331494 1
766,8823399760698 33564,49523599987 0,998115316797152 0,0 401,12946826599824 622,286796018342 678,3118506892586 122,08385606112384 5,495090669605341 0,015832994817991844 398,6063540594185 0,9951481133670509 573482,5539286667 1
768,5652413663066 33377,54039542218 1,004062598343463 0,0 400,06635216885786 627,278712569347 669,935875589627 123,12634077761767 5,490963019062375 0,015938806327598667 402,25913951717996 1,003010049206501 571293,372967791 1
768,983078316205 33633,419629646676 0,9916643621404592 13,046709788861051 398,2465089688568 615,7473480280902 660,6529008442732 116,74296161309651 5,443374583747253 0,015915321577316316 401,58406150079014 1,000143275484774 574272,8273473894 1
760,1115774918928 33486,02436764517 0,9971956484541741 12,94209264469533 400,00813442125354 618,8341054624157 662,9548269636468 116,87290619211122 5,473555620947543 0,01595152426698361 398,37989357746034 0,9939455983455603 573804,2032320853 1
767,9382191805464 33673,989860075526 0,9936891487233416 0,0 403,2015414574753 617,1787572823027 668,0689007822405 123,35451759659784 5,463260659680494 0,015877923049255546 399,2294833144646 1,0011699836509194 574791,1359125675 1
766,223379419229 33687,591661512415 1,0020948564752836 0,0 398,7256613607799 609,3670631953199 661,8932774758938 123,59264280446543 5,517926376676608 0,016085397638195147 401,41790615988356 1,0005616864663796 567509,0563474349 1
763,6715540130866 33483,892531927115 0,9981767969964859 7,988090284681428 396,5984927559474 609,3293380608383 676,8587671017384 119,3386471427572 5,425556754460136 0,015858894554302776 402,18184545419683 0,9991630501813188 567484,7276471455 1
766,2896852803502 33624,62469980619 1,0051559413047237 8,004861510908643 401,6612022156121 608,521607045893 671,5471108009357 119,56330688771574 5,436679131552223 0,015921895637056552 398,79022118805693 1,0005011417812317 566251,1164034035 1
771,3492330230539 33604,18010543944 0,9983486896328524 8,0045004928464 399,18536811178865 609,7813310537159 668,2385310207312 119,28147121476566 5,446887536290252 0,015923882006733968 404,1875804987097 1,001453006089065 564067,4254281061 1
770,2415974968056 33274,14736270308 1,0107178499050358 8,003745594460758 399,08552194071 609,2715946729436 663,2240972216721 118,132542919581 5,530869470741278 0,015908678184934848 402,3335463350068 1,010825199735189 563126,5132307651 1
768,8789749936457 33682,253736104874 1,0076916694187315 7,975027575203608 404,0578481488178 608,6097210197966 669,2017676810185 118,55550788776071 5,455813048910691 0,015996731983005705 400,1344584269474 0,9947259250359122 564972,723509104 1
767,4917190449137 33915,02655616177 1,0001561908661465 3,9740543338112158 398,30670922074717 603,66290143915 665,0211195217129 119,21278477697969 5,4514817113161556 0,015978686661280474 402,47615276575976 1,0111415143196396 561328,8841819682 1
772,4386483180018 33549,48233449024 1,0003516331528306 3,9949934417595125 398,4898610595671 597,5177533732258 657,9404066411702 119,47849169383376 5,402206608684468 0,01607687240604095 398,69536671511474 1,0056606138071331 567087,3697569792 1
773,3875025634051 33754,47922483718 1,0019300534631235 2,99815558124007 400,25082652656454 615,0999152788308 665,7063936134427 118,67693805848639 5,522856239614487 0,015825480972462475 400,8024430362285 0,9903471924439091 566247,635150284 1
769,5901659652686 33408,3871913117 0,9911635882602858 2,994727605267333 401,15166876319745 621,4746840741786 668,6011970228525 118,7587109148172 5,409628171563263 0,015870174107454168 396,1800583145214 1,0066562348057044 565748,8125363248 1
767,6748940096202 33453,944330733786 1,008638903118418 10,001940765141962 397,0572173259095 612,2914383720937 660,1524127866611 121,03021529087282 5,480282724973844 0,015870249490474823 400,3460207338155 1,005663113016215 570417,5075612473 1
770,9030483307515 33526,59319576459 0,9895611807384176 9,907349921020876 399,99501970548965 604,9757083705339 659,5877558237628 120,37904885449382 5,43150989433728 0,0159339592949471 400,0838636254119 0,9928710288970043 564729,6746580782 1
771,2389252120951 33591,10199691688 1,0115339422220624 18,93356066885801 402,88550163412077 606,806967093495 658,9016282950112 121,30389497498058 5,441869010045779 0,015948980668203484 399,790063321531 0,990185733066204 565682,2469947273 1
770,302571002167 33475,54684369208 1,0052419434406934 18,913180559261974 401,51067504724506 615,2729411347242 660,8214793117415 114,34168627814937 5,432873005389321 0,015917859575873005 397,435215247622 1,013236713378359 565969,3724170091 1
766,7161481647697 33580,42202783066 1,0030971571157625 19,126814133812907 397,91267483913396 610,2703784120872 651,2518188641898 115,44017341546694 5,449731652471403 0,015892386720258663 401,83606332761866 0,9992600026347667 569006,3314093499 1
769,8640725926897 33622,79397918492 1,001985216036955 13,026295986626268 399,7566304562429 609,2327404104608 657,7093098026858 116,89530773893875 5,443405751125694 0,015897505066131627 402,52759899810843 1,0014303090122383 564183,3500202808 1
772,3153013256095 33508,63913686786 1,003615230402705 12,982768518243095 400,33619809732625 603,3499425263883 661,9969928625839 116,3196836257494 5,444790238521223 0,01585314882428011 400,4419878304099 0,9958729991504187 566806,4283193185 1
774,8717177555601 33627,5400389371 0,9921631352421729 6,9913424164958755 402,35877271353553 615,3994157941137 650,733052087213 118,0120621070506 5,502724129214466 0,016015315828410866 401,40310138989423 0,9979923635528102 567839,8146444319 1
761,1741368097215 33640,51353703921 1,0019140013350603 6,9991126452579095 399,6941952670647 609,6485233235869 654,881700957125 119,79578813032074 5,499149625789391 0,015967616414902606 399,7582925599422 0,9911998131487549 565329,0687196671 1
770,6594977093391 33445,56663028181 0,9940642065228128 6,0175971657504395 398,65485850116073 605,5668374971567 665,1700188676419 120,45975963566065 5,455458378848363 0,01591593612326361 398,53814591911623 1,001936971014169 561675,243689177 1
764,3007474133448 33568,95357089451 0,9965483354629809 5,960302004833897 401,8939465151999 601,3452634387884 664,8815856088155 120,9594401254961 5,432176170132572 0,016067175748234644 400,9537977333303 0,9999373088947264 560036,7568082355 1
771,4972161639007 33501,61582937984 1,0032488921736655 10,010351315920207 398,75364770831504 600,2433899710171 660,7054951122768 119,93171348894751 5,4658824908387995 0,015784262655223653 402,1294467349689 0,9984963434612654 564587,5397244322 1
768,4697238807707 33435,404046901866 1,009248672444656 10,007942933879102 397,9342907202882 614,9713185942129 652,6525512939502 117,4982457786558 5,47321960390162 0,015830967284505146 398,8987216993283 1,0066082279374102 558616,1812505636 1
763,4914141416209 33426,482674923005 1,0014097313875618 10,082328421051528 401,92058707173805 614,4833865569155 651,5491471353301 117,2515274881041 5,481073381779499 0,01573518886670766 403,1339887181894 1,0030220674057766 561967,0722593939 1
771,320900403691 33699,65731425653 1,0042139597128104 6,003006533039873 402,67177482370886 613,1419610772405 671,2418918613276 119,34935896501322 5,490995336510053 0,015906262571145507 400,8971557135316 1,0078923948867657 569927,3768872271 1
769,148996659147 33370,722373239005 1,0011075994070457 6,018712228587665 400,59005958992947 615,5265100901526 662,9876717918086 119,71988987927283 5,421965052887666 0,0159695016637354 400,99835712764883 0,9913120715381627 563807,942569044 1
771,1707437276858 33581,36763038432 0,9984069797663788 5,051296328497199 398,56731873153285 595,8502082824959 655,3989376433586 118,74123765131866 5,465079484962681 0,01590853998338152 398,78042724876593 0,9906410338967113 554472,9961972457 1
775,4078635045947 33896,26358710938 0,9986358887834015 4,992492699651951 399,7239306200603 602,1729247366578 660,6987448406098 119,34817593732251 5,4511037053309295 0,01583037212487603 399,0575166712435 0,9987768880490282 561032,9428175843 1
765,3434393539171 33319,56814040035 0,9959776205169414 9,936867853601903 396,6020854662912 606,8325279383135 656,1628195953944 115,17341479119672 5,462950369966163 0,01587511335399608 402,33734324795637 1,0019822697793452 562341,576545182 1
767,5908938794369 33768,5675930118 1,0079394195488505 10,02874870755666 399,1543452274295 607,0818919486816 655,272170287411 115,40112432903585 5,441889101810009 0,015978902668892302 399,14411799729265 0,9994639774890932 560228,8204922017 1
771,8175738919468 33447,02697093975 0,9996180487715014 6,997925571935082 400,79093542155005 605,1765496010306 657,0628123597596 115,80256369043309 5,479921892781185 0,01592333754487486 402,30449826767796 1,0030094233622457 563342,9696044184 1
778,4280318693452 33630,10613671681 0,9942942610018888 7,056043174240315 396,4820533541262 611,2790564178048 642,6767980876648 118,41788229769212 5,470410279816623 0,015806575386705157 400,8142369490255 1,0069556539906992 562244,0946139197 1
766,8355505076256 33862,85050517958 1,0018490033248215 6,962744486860525 397,330580198999 607,0989698802549 642,21351369097 118,79543960244831 5,4677107360394 0,016020898316247038 402,06854220782316 0,9924401746992147 562986,7221367671 1
773,0203479848076 33674,00145004309 0,9989352342037711 11,056167995850078 400,49202559243355 608,4700848688649 656,437660101843 116,7676859034537 5,4755072360116825 0,015958357985019794 399,9316149615545 0,9930472438450374 559940,8771434105 1
773,9318723663906 33324,92429419467 0,9909776823584003 10,985401008328353 404,3635870504648 608,899001664824 643,5408589013826 116,07810374622076 5,466660640033262 0,015933846577325845 396,2995569967125 0,9954760802434653 561411,0912762437 1
776,132184256675 33355,73177866198 1,0043576508786678 10,002841087314437 396,41117469812184 588,3862130698542 655,6327205938958 116,75292653716893 5,451632733967357 0,015857752728546472 403,94456428010335 1,0034993474926757 566477,2603569053 1
773,3781566929655 33329,61551192899 0,9954826328511506 10,057672933818942 399,512254115863 593,9437521260346 653,2716945792007 117,26517922101218 5,422331510188878 0,016052527637438925 402,07394933929675 0,9998893853593006 567706,498139208 1
774,4827409451943 33415,9945480901 0,9955446658367088 9,9574683385347 401,7478326949168 596,5776628760509 640,3177877507219 117,64334973078523 5,495113995657719 0,016027455512104497 397,4561009198605 0,9925565171496952 562431,380162731 1
772,1204080050412 33360,35933441715 0,9974931788540613 10,047076802340074 397,17122615224866 600,885678251924 643,9032342515437 117,44113061129775 5,42943291659687 0,01611684135499891 398,03567926541496 0,9868424444831697 561876,1997513568 1
770,6275825908019 33240,24506040801 0,9961497374367374 4,965302907962651 400,5247234861582 593,5140551171525 639,5306501391844 117,34727466482381 5,4726718118164435 0,0162040097618932 399,34214268668507 1,0043398143188373 556815,2836156618 1
770,8427473819135 33389,706786937175 1,001563231436961 4,99022802700514 399,54081272178905 606,534154930352 654,0330217799449 119,2297433524759 5,422856012352989 0,01606805698367618 403,53816137854454 0,9956673508798852 561554,1448748171 1
769,9959441724735 33498,29461830641 1,0100360156662116 4,987652782442494 402,0872192054865 600,7864001883933 650,435023856223 118,76481526219094 5,454016050248748 0,016103805842262366 398,85067861550175 0,9947862067821024 560102,5946079888 1
781,1181052760827 33523,15908779219 0,9968674029603186 13,960849647251347 401,173456856967 609,826508080548 653,2801490754916 115,44157727338978 5,492698596924247 0,015980433608275467 399,4676850646921 1,0000437819906711 556715,3223109958 1
774,4366811346515 33821,217526784574 0,9973249429410946 14,023368289424061 403,49508045498146 614,2310584969363 651,0599481141526 116,31636687704372 5,464786825061081 0,016424980184833092 397,24275076348823 1,0087811603168735 562320,3016840507 1
773,6172334120673 33625,51867950806 1,001137847819136 9,0032930212124 396,81411922495624 617,8037387990423 654,8576594951953 119,3829922464447 5,515982109772594 0,01624249429964691 399,05101817081214 1,0069520816043815 558143,0929979492 1
776,4648358787182 33655,054447350056 0,9971107912483033 8,999562669791526 397,27952720137625 616,1151683168307 656,7369125355573 120,26064862156431 5,419049575536676 0,016360867526419555 398,3616789875672 0,9983412489198495 561231,4503261585 1
772,5347662487579 33869,04882590838 0,9918950284939478 15,055301164517095 401,3594139823548 600,4117817003521 648,0702428854033 116,80136899770257 5,423356606663358 0,016421447123710207 400,83836362535703 0,994595925731969 558912,9570002797 1
773,4770384467748 33527,24626334951 0,9929678842537317 14,97058028014409 401,7370665547445 587,8474279167791 653,9841147102392 115,62388708889824 5,4576479505288 0,016686374453192952 397,9842765647836 1,0030007772095502 559856,9202172309 1
764,6748085120194 33131,09408869454 1,0004136146542741 4,999092320381463 398,7126712628264 591,5785486575558 651,4720004950894 116,22890278127392 5,460595895721315 0,016836777189128776 400,23862224441604 0,9847064030773357 557978,7098966304 1
768,3680510136589 33736,258769489534 1,005671494953085 5,000849495513057 404,5685746085641 609,2578945613635 655,5859731265499 119,46890466760995 5,423417006639796 0,0166741105498882 398,73933473248087 0,9988044851328711 558118,6715516074 1
770,1106603860786 33459,428903993605 1,002059297814632 5,030269785601376 400,7617798373483 608,6785076572002 655,7028547780741 118,8974979146213 5,517102764614863 0,016875002672037405 398,1517187065469 0,9991927733027325 558606,0733981519 1
771,7712316716372 33519,236142972484 0,9982535581182201 0,0 396,09741897993456 596,3644747243616 649,1467435398746 124,13631864680768 5,485749444874198 0,016724702378620133 398,6524577504366 1,0001455030622028 560954,1082166127 1
775,1775942631683 33673,022067350794 1,0025416085079548 0,0 398,9163483408916 592,785363815365 648,483807972929 123,03671388016669 5,467711268167989 0,016793992096887318 397,96451578410614 1,000913280073695 560757,7179745934 1
772,1417324174791 33584,70861491325 0,9976151500541162 16,731842104696216 400,0970278634504 594,9262906002148 643,1788086646203 115,03468760364305 5,458492840953624 0,016860156830884297 402,54466950117444 0,9930527645072902 555002,4829370829 1
771,9242568113452 33513,17226721265 0,9944744354744364 17,01358444698488 398,86967809744675 599,1704821842266 648,9717678046899 115,82642954847049 5,463110411670514 0,01722484802508083 398,8584849497613 0,9970064883313687 557335,0689096287 1
770,9337747581498 33400,2376224491 0,9986101444343523 0,0 400,709818123227 594,4970524929334 642,6066033462804 120,78583059900318 5,476528129605103 0,017022853948336185 399,6874686678577 0,999788654904672 559896,5704722116 1
770,2755727067017 33582,11851755682 1,00286927365791 0,0 402,6358636841228 595,3955456179434 651,8199366020443 122,0735463183958 5,453151708344667 0,01733056335167173 398,7467316081526 0,9978176180759637 555775,1716516744 1
763,5323938460193 33618,62962577006 0,9994187648332143 13,959780764105023 396,39618197000715 597,9554361914089 647,7827987536858 121,19640736084895 5,462969948356993 0,017152055785820488 395,45608319153575 0,9929567477833965 554984,2017041468 1
765,8789032581852 33539,21363967504 1,0039737423251098 13,977221684725876 401,2828821055902 596,5929482782979 649,8489881818813 117,15276120247582 5,469139279978766 0,01706511609999255 398,22703265741956 0,9994950981557991 558280,0108035706 1
773,6639305291328 33634,18532448265 1,0057213733200885 14,009242085185345 398,4182224059508 594,7398088724143 651,4285454791361 115,72573379576096 5,489794558611667 0,017114858843651937 401,1671086631449 0,9951326891849412 560167,8433309607 1
771,8412643052656 33794,02153026179 0,9998444349637581 0,0 396,7474461326466 610,4829669768106 650,5041814826503 120,47973467098426 5,491305804776766 0,017186040331932797 399,62725886571843 0,9999743114205045 557247,3643095511 1
765,3648427041078 33397,72042825181 0,9970991060026636 0,0 401,69451427847076 606,3775605600002 642,3029030415644 121,59450578954144 5,458352123716394 0,01732921382199874 398,45123747573314 0,9969368275876404 554934,8025894703 1
773,4831249518867 33460,84641620477 1,0074475756835346 4,001662140144641 400,2168959676103 591,9995321980728 625,3854087425393 118,33154175697408 5,441939954537229 0,01736359667798198 399,4386881479456 0,9959843285596193 551134,9197379069 1
769,6406005439959 33852,23858435866 0,9935611298234723 4,02251124945367 401,807881795045 586,97505797776 621,5623287293529 118,33674825038129 5,505947567068654 0,01742047753074279 400,13962147608925 0,9967827860616503 560005,8892358851 1
773,73127125939 33923,13476513102 1,0042337646268569 9,995399014151333 398,24307406952664 598,5799233435167 626,8392320843476 118,7287495654666 5,4814732506461565 0,017316434675469332 398,8693248910216 0,9990288631278971 553406,632163531 1
