Co2(scd40) raw_signla(sgp40) aiq(ens160) tvoc(ens160) eco2(ens160) rs1(ens160) rs3(ens160) rs4(ens160) rmox(zmod4410) tvoc(zmod4410) eco2(zmod4410) iaq(zmod4410) resistencia(bme688) Aire/muestra
1212,8105806134245 31004,407182914983 4,9901639508678235 2967,3926052705638 1382,0385165430728 101,62235072150821 39,11648072158036 34,3669253523244 0,0 0,01583147750055402 0,0 0,9965097357762086 264445,2420231986 1
1213,6426131082344 30897,714112749276 5,006553321749637 2939,1838092967287 1389,4379553308745 100,29967625128937 39,14244677741471 34,19426581028213 0,0 0,015982441404729743 0,0 0,9959453584633334 264503,6167814155 1
1200,9363609744448 30787,078361745578 5,019830319944295 3110,010531783939 1374,0507267014923 100,33446240737129 38,67614775596146 33,92100453135557 0,0 0,01593377843561376 0,0 1,0043016005333043 258795,2942379893 1
1196,3864809949212 31135,299972266086 5,005846151703006 3143,5700814177335 1427,6742852551292 96,25877565688752 37,83449118096881 33,06410572733014 0,0 0,016024916109303598 0,0 0,9990710907364869 260346,42683641514 1
1216,1674223933799 30965,712023039683 4,9862404259455415 3122,514860712412 1425,3550629742167 95,27712551250508 37,95369519544107 32,89912866659362 0,0 0,015950164602079483 0,0 1,0005947948667706 256141,4154460184 1
1210,9032495060042 30861,90027560902 5,019569931806713 2999,9565921811454 1396,0062865378059 92,05354880448645 36,33208312395381 33,47977198228219 0,0 0,015853100327829082 0,0 1,0046568141428773 256225,0697047988 1
1211,2958795775874 30777,117890198333 4,996259094317608 3023,7161341487445 1402,0182867111125 92,43871440381044 36,54542154093918 33,710926980801304 0,0 0,015948883860063733 0,0 1,0071293092300195 254315,6573228859 1
1208,206704423931 30977,752643952444 5,037648990524075 2915,987715042113 1374,8142899443633 91,50030558099466 36,586075419829044 34,02141070672161 0,0 0,015857497586888127 0,0 1,0018472481724354 255444,19910265825 1
1211,0305458140624 30911,710395111564 4,980788834693256 2898,3283007038435 1377,6617780459285 92,12893133894754 36,737730039684116 33,93365631795085 0,0 0,015906491633480575 0,0 1,0042443910685777 251273,9487553307 1
1204,9818504056336 30825,008813794942 4,982483223153012 3060,331519405927 1428,1556362849803 84,58244912077039 36,09193703184697 33,215160436943414 0,0 0,01594486204221065 0,0 0,9975777093640885 251543,66268458552 1
1194,5022834443744 30638,404065997947 4,988848353997989 3090,919217764575 1421,6783394100041 84,08994184889957 36,26096824323368 33,11688495644538 0,0 0,016012469269264182 0,0 1,001050032810312 251955,8717763773 1
1202,0589037818268 30971,517850086035 5,009878376354092 2861,540407792615 1415,5532007439028 84,97500376885515 35,670612998828354 33,115815334129934 0,0 0,015884823565121626 0,0 0,9971328889678619 250350,40321661817 1
1205,5845238916115 30647,743541637574 4,9831757344982535 2875,635949244739 1357,8471046648099 85,14877636595173 36,2524218075691 34,28028249893624 0,0 0,015789425132813773 0,0 1,0059797022105623 250190,71961459523 1
1203,373831325459 30891,73328272258 4,991199555506674 2909,464788345761 1372,0468813943935 84,69065950619738 36,49320913764727 34,215236192311295 0,0 0,015903860183041796 0,0 0,9972113982031412 247113,37397032595 1
1211,9762172751218 30614,690706230995 4,953980762272808 2912,8509388351285 1381,3330265421437 84,91557787047442 36,612591288818024 34,1751839439566 0,0 0,016063069759585755 0,0 1,008125737548713 247359,01213994328 1
1221,3830458284704 30793,454173877395 5,015888514456146 2922,3689535636768 1376,3467165431764 84,61784722798654 35,80229465856701 34,05355012856746 0,0 0,015856766933687996 0,0 0,9847578586912498 247314,88175964874 1
1200,033556380394 30978,364196031605 4,976021815360559 2942,8083989493343 1392,4053287390618 83,4181399060169 36,51650335317141 33,98821412299642 0,0 0,015831195192912408 0,0 0,9975685943671978 249133,1382008747 1
1202,584630894101 30905,941655978495 4,986195289635609 2954,396635527634 1389,7978306407895 82,86786894562033 36,55906316100698 33,8843052800669 0,0 0,015975319180691294 0,0 1,0011017962855338 244866,17194517684 1
1207,7995926512608 30975,686658697192 4,9972494351771015 2834,3229987400746 1411,4634446791044 81,47624268230238 36,365504995092365 33,92762643715107 0,0 0,016057479383834908 0,0 1,007670078141253 246681,1239850557 1
1205,0194898577845 30639,68903532681 5,000363192165129 2817,3726080830256 1393,4578780016723 81,80144745455065 36,225284953632226 33,52590624393469 0,0 0,015755832885651033 0,0 1,0024958872357956 244951,34288912558 1
1205,2704204267695 30812,84205731311 4,996403506167082 2968,059156625293 1404,6438651682367 81,88341213466208 36,43421724046242 33,76598630202863 0,0 0,015910608451702696 0,0 0,9978860392832577 243753,2148841485 1
1207,2748100514495 30803,266554508242 5,007518308761721 2960,3053527578313 1393,8463019956635 80,87614438847054 36,37206295808343 33,9788763548884 0,0 0,01575274151036631 0,0 1,0000914854243188 245385,39122702827 1
1214,635647187077 30913,295913949503 5,002374700106065 2964,898762489122 1390,805940642273 81,26382014000698 36,356768337052955 33,76055483753437 0,0 0,015942123952513643 0,0 1,0025190419609364 243437,87326589396 1
1201,3350560571764 30629,091776370627 4,945189573552754 2870,899499008311 1380,0486843338429 80,00734555401941 36,140380149724464 34,284590702110364 0,0 0,015797948730176325 0,0 0,9947298864079674 244564,7776967302 1
1210,8122301332285 30736,189206762625 5,031502204446499 2869,120183105764 1369,6767323600743 81,09434194368446 36,37031607816575 34,457769527159186 0,0 0,0159535531301033 0,0 0,999052478272801 245657,68879479644 1
1215,9442863000288 30966,016912876505 5,0045360118420055 2918,6395195015316 1380,7861910846086 80,02924451974201 36,437689436590375 33,934484407965755 0,0 0,015835516282133463 0,0 0,994261271022316 243541,2463488938 1
1205,0001695425044 30842,956241149117 4,98934071051853 2932,920698377179 1374,6757708219843 80,2779662435928 36,458879008676334 34,155524906379476 4,836932620369838 0,01574921052112763 398,8437184343495 1,0015116882159665 245424,13107495298 1
1203,5806541826564 30444,305996621137 5,011977634640768 2759,3670502307145 1352,1230168211384 79,4951635782894 36,43820354531747 35,15094870449039 4,820663262084219 0,015971449900311577 403,3904341089902 1,0030350727885609 245224,41718467433 1
1204,0305275153216 30512,667694453135 4,969773162707703 2761,6495511257535 1350,737405882856 79,12687642118982 36,34939026565502 35,23457720979191 4,85365509347864 0,01599396413900699 396,5795832609802 0,9995851361284221 242623,17506520907 1
1204,434618625773 30818,22757171619 4,995365514908249 2691,8982787457444 1356,5092043211316 78,11673199416276 35,881856535913265 34,99691130908505 4,8531880719093605 0,01602237159905214 401,4623435033289 1,002727387767671 242008,3251711164 1
1207,8387392062634 30668,31020234289 5,011098491615288 2670,163621790216 1333,4021374407278 77,08768762656483 36,321809004393295 35,30578958829522 4,808225688198101 0,015989455484427137 402,43777839940486 1,0095259430147472 243680,04050410935 1
1213,8350664379038 30903,94038688511 5,033881703490723 2666,5526212978493 1344,3312307597068 78,11692134533943 36,30447972758406 35,2368734660371 4,845188836707307 0,016041846436438547 402,17045355185155 1,003317893691261 239361,30042195192 1
1203,2566156428643 30858,67112749761 5,026119177441213 2774,274351554602 1356,2856780299012 77,74196223632605 36,09594145261652 34,805456339184246 4,857966142025674 0,015950830860708493 403,08683046668773 0,9927874088565635 239663,2911043927 1
1201,8281827236233 30644,924565006673 5,001619462420102 2759,3207790855113 1364,5221334392895 77,83759747321207 36,07550337129523 34,463788875756386 4,8782007183401115 0,015768441508705124 404,5321246944817 0,9943461526545072 240561,29294086408 1
1202,5940377574477 30569,11177096306 5,020241481662206 2769,002007529645 1359,5048331199193 76,97529670092345 36,588444761182004 34,64153537805461 4,855111704133985 0,015790925966793178 397,565054583891 0,9945075211533335 242206,31713190564 1
1199,5624054389311 30927,00143176863 5,008248860772996 2748,1935475213527 1367,871815353735 77,17551728623192 36,47286196844115 34,89197581762289 4,849814959759197 0,01599899529703706 399,35105095079405 1,0012712385810492 243214,5871248676 1
1193,4549433655973 30894,04645525726 5,03372102827269 2784,3856809792364 1351,574718464041 80,25725485459546 35,979809056074245 34,80179567198677 4,85725840619983 0,015892349152468732 400,8005209926706 0,999930627304067 241667,88569821994 1
1191,5770508406995 30820,011910193753 4,982166652190844 2771,659855729922 1360,1257008485638 79,5614485945554 36,141511001528286 34,89431122390703 4,845476399930172 0,01591534579452329 400,6477322864179 0,9959807065481378 240023,60123122833 1
1204,7109592641534 30845,956335155744 4,961407588441264 2810,1372404511544 1351,9411328772171 80,30394373804236 36,03866539339501 34,93135389011886 4,878046381225363 0,015831321398882638 398,79200639391365 0,9926473446350194 239912,2569443594 1
1189,5633975125606 30605,92367875526 4,969624473082426 2816,6838759780717 1355,8513916840764 80,77885648575196 35,46723743528416 34,4525364185729 4,861704368273887 0,015810643384968112 401,16652359507486 1,0052879084552118 239737,73551462195 1
1199,654547401308 30820,19126067404 5,030431761497859 2800,906460054284 1367,1431006234109 81,09802643027763 35,12626814100341 34,75552887041643 4,859968947917457 0,015918270182195198 397,76161455850735 1,003851592089368 243093,0289255898 1
1207,0780498448107 30534,78888593443 5,02375354160864 2835,3050393711346 1365,3789311479134 80,09899638743173 35,95825324535002 34,36230971333834 4,825021130586562 0,015919729849074825 402,78611881115694 1,0024873266221026 241017,6427995179 1
1201,9582652875786 30756,79273371543 5,050237536917023 2872,1565573970693 1373,1963054526113 80,10110239554966 36,063104164493524 34,35211556626028 4,853536702088763 0,015911899421736247 401,8477467358933 1,0086366935269726 239524,24964177614 1
1203,788238748928 30856,64144649323 5,01318677753313 2866,028897559517 1371,0028882915565 78,49868663158395 36,60372789424131 34,41470862792772 4,827531299421231 0,015874177254072662 402,28668359790527 0,9943109957553433 239629,8530854627 1
1198,1951542506154 30748,85003000425 4,992865535050355 2873,549512517821 1373,760436509354 78,13013142310876 36,2677618284395 34,469461774601484 4,819037265141758 0,016109579899328517 400,28779916045653 1,0038356152807772 241046,47991662106 1
1203,522314414638 30915,517964570743 4,984993452216998 2806,45013993698 1351,217520593856 75,34930260385222 35,9342106960124 34,30963857172203 4,8494378229988095 0,015859971490092776 397,6183157750682 0,9991809799497682 239650,5589002723 1
1209,8962627799629 30594,8487303803 5,025739073733929 2806,943474932038 1357,7197066796448 75,05222955959644 35,864583966781574 34,87275738931014 4,861980007605289 0,015853308565986893 404,41091777021245 0,9993931234347854 240844,18700743804 1
1207,0245551340845 30531,007770122997 5,035385514054927 2916,608835648034 1352,72610944943 75,12299717985366 36,032747801127094 34,79456934257084 4,864045218820563 0,01588910861457317 401,56544351243815 1,0009324788510927 238920,4582539388 1
1204,613964611067 30585,360846354266 5,000878218539656 2908,74008369691 1381,1811784885576 75,86608502800973 35,615195901263895 34,115389443968965 4,807259465659717 0,015882607017977488 399,19185612451076 0,9983631691392827 238996,49785178705 1
1205,670226016033 31010,97855107383 4,9826719367745795 2909,466067101546 1381,1369654637285 76,2971100733852 35,555670525768775 33,790126562012624 4,824240366837907 0,015700157016378717 398,8409583231491 0,999663307320482 241264,59743537803 1
1200,782330308938 30740,775770391803 4,992984311258629 2769,404484831336 1354,4036571844433 77,95179253756736 35,74430035708889 35,188966530566184 4,852041433918139 0,01592695172535628 397,4786140052671 1,0024200011408164 240218,49961499934 1
1202,0201590905772 30669,424555516107 5,008779454333247 2763,487310100082 1349,025046361841 77,29202471456449 36,0081733433114 34,89024571361569 4,799123998991793 0,015942602434390746 401,0302850324212 1,0021059528820575 237911,7943709548 1
1208,256377863073 30865,533489587615 4,967282707909113 2797,7259644005635 1370,6933143125405 75,62421449886656 35,97612874466036 34,55618596834333 4,8149415573773116 0,01585968636605573 401,05835019686424 0,9978246705888408 241864,1091038256 1
1213,3751020639766 30658,554706235147 5,0401201126212944 2776,688061235658 1373,9557288178387 76,39237066036485 36,02778545908799 34,558664973472446 4,861651353632004 0,015878021835047353 401,84484806534834 1,0051351605456276 237004,52933651922 1
1201,332291720902 30580,95518294443 4,979340304386527 2846,174951402084 1368,8150483077602 74,14162782209974 36,13646243333537 34,54503662137433 4,840131424230866 0,016014796527627346 405,0274301296862 1,0040934192985633 237297,3801783143 1
1210,296838341612 30500,331432970317 4,9926128870190185 2836,1115944944513 1375,8593873518241 74,69629448534742 35,877952013293395 34,58813491821593 4,828326584516086 0,015887832755174008 400,3968047751063 1,0018410397699646 237420,23215161357 1
1195,8571586546427 30812,312342964782 5,010185615287447 2729,9908662375196 1378,3503813456869 73,71382335889514 35,596475052547554 34,475248801405726 4,877275227172567 0,01592712413709073 400,2072455617944 1,0013424373130513 238616,09896708577 1
1206,565641045033 30883,66895632756 5,020514144712152 2713,404801514454 1347,7632973454517 75,39346138494544 35,981606285031894 35,18619913388793 4,880856634923967 0,01587215568056002 400,96344432709674 1,0067710671398529 236760,66542571795 1
1212,60730409668 30737,03393565747 4,980370072864784 2698,472865415054 1338,103418141712 74,8274694583944 36,02749737127019 34,81216404946162 4,838568207115168 0,015917850541055475 404,4192678930397 1,0035551219425494 235036,73682983065 1
1209,0835965324197 30804,665421086003 4,95768724499702 2727,3323017037023 1368,472949158283 75,52193224909786 36,165747369034385 34,888252491962746 4,825172834385368 0,015869658604611606 397,2575730644903 0,9958345415928147 236248,72812442016 1
1209,460723203227 30835,67145831069 5,000622885068945 2719,9951247174176 1353,3759783421133 75,47564935387211 36,067836827815434 34,73641357403849 4,849982101947821 0,0157652581314947 397,2941171644034 0,999671567216771 238176,74041771525 1
1200,0711399967731 30847,419349559706 4,955038866163338 2913,0027566988465 1389,8882419163167 77,04315901679252 35,92497561172291 33,96533711317126 4,863883261355449 0,015975017834978695 401,4851113556047 1,005515654347017 237177,05881250466 1
1212,690674749824 30755,428787856323 5,0000003584189425 2880,1538284051517 1380,4373523827344 76,81097135593731 35,70035031981662 33,74966418870692 4,844610760437307 0,01593305775252174 401,37839651401504 0,9983577618965453 234514,7160725895 1
1212,083150201132 30462,53039533816 5,011753521399514 2894,269724692412 1374,4709411216581 76,33269935389127 35,474710587310874 34,250329677309516 4,826642019796211 0,015928342216273664 399,2952114189341 1,0032198192933404 237514,05901285022 1
1203,158193869438 30769,07314555138 4,9838277277335115 2897,2315966699025 1350,9128036823695 76,05012609002044 35,42378221596755 33,95682481595694 4,837322823044534 0,015904851520927795 397,2632314941878 0,9903287473894757 237197,7141768528 1
1203,2745951959673 30726,75230103463 4,930344608948198 2770,7461430632807 1389,1472067103907 76,07309271751684 35,434404580512975 34,38886712837633 4,873517069031732 0,01599843762890961 399,9140357119404 0,9926744204178292 237659,3978279608 1
1206,2016810126931 30595,187807249175 5,029836284038236 2769,010704298155 1361,5534297628897 75,51087580004564 35,94612873741501 34,76117745092372 4,8419533438761855 0,016034443084603476 399,83355024614764 0,9974603263930493 238696,40966459946 1
1202,8129266685653 30814,54402847872 5,00785080459827 2782,56316039261 1364,0943151849478 76,18288633055033 36,095078356585475 35,19124844528547 4,845385712276866 0,015997281614634276 400,4884212542943 1,0007350299373992 237259,0316418616 1
1206,2228116542185 30556,614124599077 5,027334414738722 2798,944579794892 1365,3086866860865 74,88106140300822 36,352963268133855 34,67376574120291 4,810377354533592 0,015898075632776013 402,5302405199179 0,9913057812459272 235312,59865027823 1
1204,9177974026743 30810,906512016787 5,041033766597015 2808,821870391529 1358,8536216795858 75,79630264218737 35,965305587502726 34,546225183961795 4,915513359559942 0,01617536858215288 399,03853071033234 0,9936205633574248 235942,15983296826 1
1199,7060644435485 30718,355385278042 4,946690808954562 2972,8586905216316 1370,974840360742 73,84192406599968 35,11733681184136 34,23564759028098 4,833645701387115 0,016319277583354053 399,50223089168884 1,00799351286308 235293,3438690671 1
1215,1081071460046 30681,235108873472 5,014733698603555 2976,448935911263 1364,7597760760675 74,43896455185092 35,02524716291573 34,760391581604594 4,843638439609893 0,016152922655098316 396,88914746098993 0,9997172455211143 236774,35429591956 1
1212,8425716389702 30844,32286973181 5,05093145324397 3033,7929430016775 1403,8912788389168 74,27400837859291 35,91120330901817 33,66982397916061 4,803417884578209 0,01618610351136331 400,9438613505802 0,9947688291835988 237587,15455282637 1
1202,6546328873656 30740,160409110907 4,977989259348175 3062,483346305253 1391,0519834602424 74,80497468340674 35,42205466975131 33,636243661757675 4,838842373304072 0,016299362990934752 401,8310648592924 1,000494674553943 237897,7504452649 1
1208,7703342857112 30938,465389546436 5,072155456609318 2957,757880687337 1402,215444824663 74,26398426540871 35,775029050762896 33,40648299362244 4,824457009202076 0,016348692900625367 400,2631926019044 1,0005240511586744 235275,61302726486 1
1201,6577414350309 30690,837338190762 5,001238835881969 2975,171522088184 1395,8009881426851 76,15686102802773 35,72944652269622 33,716466230188786 4,783486814859299 0,016664251540572977 399,69456385890186 0,9982080121192052 233880,25224539265 1
1207,3494867590211 30876,49605888011 5,051925335704861 2972,2545733386924 1396,3544468732127 76,04366935644232 35,822114037916286 33,45550944074621 4,838213598656499 0,016702142828837727 400,2848509329062 0,9923338772509158 236277,52337197753 1
1203,7694072670317 30584,5698021523 5,04185435228822 2991,7222611143693 1406,7288602130325 72,13793414654572 35,60030078215473 33,59604321388622 4,861055101573572 0,01651677776839923 400,025444428942 1,0103499033544292 235396,66676010573 1
1201,7634831302007 30665,61281810036 5,01490676214853 3009,404576458049 1402,4551517189277 71,57420293244004 35,4349661482572 33,81540891392713 4,8342314567851945 0,016739702174132013 398,47233399147945 1,0032333459801936 237617,7927658925 1
1209,1725579380154 30733,9960246521 5,02492347221555 3049,677879166139 1392,9737608703188 75,18455738914115 35,52462960950042 33,394972746929156 4,850369587281706 0,01671311297838982 400,2257995286595 1,0052642706198325 239802,3614816091 1
1193,541376249171 30388,480327706355 5,000924425688465 3023,345916687914 1395,891298352915 75,18662338646111 35,23577702235425 33,41049881637642 4,805304829242066 0,01680967241279055 400,41963574156335 1,0072235041519504 236434,81199480736 1
1207,725482587579 30599,263096318035 5,016145409331523 3083,378002948074 1409,3937393832225 74,70722165494051 35,02910206363418 33,171115958284005 4,808885769382867 0,01682327765457171 402,0014103244077 0,9957920006646839 236845,1967259348 1
1218,0511250773723 30669,636948005773 5,001923486739109 3089,6531566486196 1404,5446493862917 74,24303104879444 35,13640426221077 33,13301305103129 4,813633731160629 0,01668629281654032 399,24732454734146 1,0068134586226827 236155,17652171364 1
1217,242168844841 30777,953469570224 4,986906521179906 3058,638350961126 1418,837805758823 73,88278365486208 34,88344671598371 33,22656274516731 4,842951745096507 0,016751792949589582 402,86088083417246 1,0005871375947903 237842,6618505262 1
1213,3481838364967 30772,97309393983 5,011303744105912 3052,939971509154 1401,7845789666712 72,39317210698863 34,90471989069965 33,33743137734477 4,819264754091934 0,01695919966268902 402,24152870318034 0,9978979759922051 235673,04438798275 1
1201,4369647078022 30430,81234967834 5,022511426742336 3102,6828563931726 1412,5641425639449 72,06939459445756 34,611379245257396 33,25615496713291 4,851687978019709 0,017140449613061798 400,51080371723754 1,0015868737519196 236272,30651876781 1
1208,266421553709 30387,90636727222 4,989399817434242 3035,274867885626 1391,3206306042896 75,07688361789072 34,42586639153188 33,41556704392926 4,839869470717155 0,016860988768607213 400,1982897409503 0,9968152845245858 238369,73613749043 1
1219,4204177835086 30477,711550463813 4,973481518441631 3055,504695846241 1392,723703401885 75,25808700600392 34,65954237563951 33,474287359633436 4,8145033472726615 0,017326574663325472 397,35151372456056 0,9969788596162437 235366,4606209366 1
1189,281563830947 30609,758560976476 4,946662570100791 3103,446014683464 1376,6641177643335 72,96812103776516 34,7480410981998 33,965585486441164 4,8464535123070815 0,01730482932881539 398,05872548153104 0,9982610272520819 235084,07161379495 1
1207,4458342625253 30482,014607388082 4,949072822735736 3092,0930017107116 1390,180819793361 72,3663266862825 34,65212218275961 33,7794248334694 4,856709016141366 0,017476830771351426 400,8622463272668 1,0024384068008634 234897,40358227523 1
1203,305786097531 30711,134095143327 5,001796221909779 3175,880648999041 1417,8283550591116 70,85166329831658 35,15134819345474 32,98319505044292 4,8086237924436155 0,017367166034946268 399,97505732613644 0,9970853606682392 236693,41316871945 1
1197,0793298636033 30555,71985864143 5,010783310069133 3129,0719906206664 1415,1067830833404 71,30230146773658 35,30203535538995 33,25320843542335 4,833074757953066 0,017596271434362053 399,98238743134186 0,9954011840235517 234783,52330514515 1
1207,7102124394844 30548,170823853885 5,004814649668856 2887,949518840536 1417,0740988044743 70,3972550513149 35,39289506593724 33,291187522238914 4,843544514501211 0,017560591468606366 398,44139386896904 0,9974400883915593 231822,8487123814 1
1199,38697631887 30388,089469649407 4,9923862225754725 2901,8530814423684 1364,3480814231611 71,47551801277666 34,40927971810335 34,213113309785214 4,803725056978448 0,017903028284870164 401,9071559539679 0,9975055714436356 234925,9438892111 1
1208,1279623694988 30616,081660965247 4,964128916517835 2890,7018904481743 1384,6853049670847 71,58991676284204 34,49536178702509 33,819065760153265 4,858204490295778 0,01764061150359528 397,77863805433265 0,9959088983611 232811,57643025112 1
1205,8704935493683 30659,630876168296 5,007222318527738 2900,7233408367388 1371,1979668534636 73,3573344947813 34,863772688243834 33,81387388757122 4,84352635694714 0,01779412419834061 397,7863309178327 1,0018241298940824 235542,40037761212 1
1202,5214795953616 30488,81258478139 5,036426248840506 2936,3520780868125 1379,9753551239319 74,54990627428437 34,686905789236434 33,91132722703446 4,836894128807176 0,018094887585379665 398,8379340717012 0,990651412629298 235347,3002753209 1
1216,0338390363174 30429,375151684348 4,966845308657557 3245,9043395548106 1398,5285868333174 72,695094507105 34,293149570813625 33,22287480765655 4,857929655525545 0,01812766014150842 401,6192658981399 0,9991495730687272 233435,60869842806 1
1194,5709077769845 30950,3853419085 5,030781250733347 3258,013042809414 1397,272381182422 72,62087697611378 34,21300584961344 33,310228370303854 4,8742825597029205 0,018171666265467 398,0618090458711 0,995331274636487 233778,77409181083 1
1201,6360719131087 30683,031419492196 4,994649893568778 3198,828912416865 1415,8110359591042 73,37884484917751 34,52542170741444 32,46519248731745 4,884803552323394 0,018142986871338106 394,39573024051015 0,9997588281367003 233172,14424915946 1
