Co2(scd40) raw_signla(sgp40) aiq(ens160) tvoc(ens160) eco2(ens160) rs1(ens160) rs3(ens160) rs4(ens160) rmox(zmod4410) tvoc(zmod4410) eco2(zmod4410) iaq(zmod4410) resistencia(bme688) Aire/muestra
1009,7913200214268 30587,59347564321 4,988619226701579 6218,279565125952 2133,5346706210953 52,84177078909943 22,191524267159128 21,636761630682113 5,330731474031115 2,1936646245821128 413,9089316698008 2,9761038960719066 184258,60049389416 1
1018,1091040838794 30637,882805333193 4,961392590692046 6193,268223589852 2160,1351727209567 52,81642530030636 22,26443486754652 21,709349531355702 5,358553838815545 2,2149115425973545 418,14775486688876 3,0156623689650695 185464,97145722664 1
1008,4684342357879 30480,409735000205 5,053484144811492 5932,411623681981 2024,316078503754 54,181019679729005 22,322726861385874 22,976249197872196 5,382529255065147 2,2178483317479603 416,02008842280776 3,0287248102787485 184833,23923803619 1
1012,0504376730603 30530,534863823817 5,042505923105175 5991,2711297684455 2040,6094001425786 54,17750547374758 22,458875381442674 22,742924696880895 5,372096965527435 2,232802728627734 418,5005855437599 3,003277361254221 185604,1541644405 1
1002,6933774380142 30430,17736247394 4,983785361804626 5900,420810979366 2027,3670626513294 53,93714549255943 22,44614126533528 22,69621822348538 5,361605059172259 2,223572324291459 417,76879738588224 2,9957812807338544 185831,19715664178 1
1007,8733475173572 30457,63412149071 5,001176258997351 5848,74472078884 2010,0096271990465 54,392616323730486 22,847473892049518 23,344218150840035 5,382673585691042 2,2770551793069083 413,14597160646326 3,049489409257654 184557,88016932784 1
1012,07379115052 30461,991523575987 5,034244128628533 5894,923492863691 2005,2273274682104 54,30693740276298 23,07548657700714 23,16202635214361 5,376543945617398 2,2623846338837894 417,339956169929 2,99517672627365 185452,79439139404 1
1014,7812742028987 30353,21289393837 5,0236151403105636 5823,34288784225 1966,7071055351764 54,59929882716897 22,977503338811772 23,564860548892884 5,413031530401741 2,2669453464906306 413,5690421632369 3,0063189749957546 188182,9103220118 1
1009,4032350547866 30695,35934871208 4,996315725184193 5785,781526951848 1977,659418558198 54,309463019630826 23,15456066660158 23,54175867513504 5,354965286543055 2,2753438973977214 415,1352446389799 2,989677656285559 184475,01413713157 1
1005,8965516955283 30308,045442383118 5,015320939033953 5681,222072024429 1907,980884620342 55,4512824199332 23,780127020778448 24,56496390418084 5,371459822882804 2,2931496379990506 414,9895220727448 2,9983020770488515 185029,1028760214 1
1024,702048422944 30532,201655482 4,997384606372169 5677,153364145374 1918,6120072518056 55,2425071797635 23,746734907138112 24,372813235351135 5,383184660692521 2,281734279805089 414,9813187176202 2,990672431495702 186842,06811813943 1
1011,974515440885 30178,72209864887 5,000759658092326 5570,741501044416 1888,1978523132643 55,86559165849704 23,380565187385532 24,213522668361996 5,379597184287121 2,3014850076644984 415,6868863489335 2,9869636005746067 185708,36066537473 1
1012,0053309538661 30641,482888059338 5,015779758502239 5633,120891647051 1921,129302640282 55,5683963378132 23,529943975403043 24,25626336163254 5,330444428904186 2,294635515824689 417,5057093320459 3,0238632111275807 185546,60836444938 1
1014,1555187965888 30436,915876408984 5,020364632204969 5604,638872340778 1913,95163806688 56,23152360442771 23,65629925904047 24,357068252716164 5,417596217686385 2,2889050032366334 416,41141619276334 2,9925536136564217 186031,9161024961 1
1005,2301147501915 30573,112316608018 4,972538057972375 5587,153528278647 1887,1521979349038 56,113844219691906 24,218248903381628 24,180658718603343 5,350106020694685 2,3165875289074673 414,492567614991 2,9991027963335997 185867,9165865918 1
1012,3841426097192 30422,460748908386 5,017269317086287 5653,429345551761 1905,9780745710216 56,313994945893924 24,289256093235103 24,13210887398305 5,351762925900822 2,3283791364090036 412,6914146728336 2,9764984853133964 186651,58147465234 1
999,9716311251505 30511,487285508734 4,998942536251821 5331,917768409885 1810,3476103449132 55,783047789864234 24,690851439952425 25,536186904726264 5,385451519317794 2,3246546104047274 418,05679349074296 3,000566017719305 187706,99634411556 1
1009,6341191174344 30300,6185454072 5,000177572994139 5402,3712318222515 1813,9111311243323 56,02410236296094 24,448750380246018 25,66919661170686 5,357774152905805 2,3150142361206845 413,7200511620783 2,9880570028137288 186805,7062433582 1
1021,0991326984926 30363,218073866017 4,983908127370661 5380,650847155525 1761,186998816329 56,28061751387595 24,317270010868345 26,09977972863978 5,404756732577514 2,2993025724514715 417,5881983828912 2,9958934946264755 187286,76799456464 1
1018,8126069950627 30288,03604437674 5,02436270685203 5406,040879918178 1771,4395592912754 57,10120944819283 24,192099341164763 26,11054615325283 5,389872705506811 2,3313906480207045 415,1323324952113 2,9882530472073485 186886,443872369 1
1016,3389612970726 30133,936834800465 5,01321541031656 5301,091304825377 1804,821451047081 57,21158761171823 24,291513795687997 26,026075692331954 5,396995447107473 2,345538032472153 412,35773600287916 3,0134678521530307 187513,93127510286 1
1003,4607360952039 30460,90967056774 5,0100511951283195 5267,482812259532 1787,4895209527767 57,23539697894027 24,31503160257235 26,0192198560845 5,400180993955841 2,3444335625194537 413,79155012955863 2,9905269524862415 187007,99629479376 1
1007,2928320080507 30193,546765641328 5,000425911716768 5190,68560281384 1797,6599800398908 57,00512211940549 24,229837026197625 25,953255314941863 5,357146663604013 2,3412942561235264 416,7464072623433 3,0089073417297003 186710,94884455134 1
1013,0654637522138 30576,125397906406 4,938483452831386 5198,0483739111905 1752,3772815590066 57,547498495844835 24,94319072802908 26,59375176215475 5,370081131268977 2,337451260784377 412,9043831909285 2,9982485386939306 187053,33576610562 1
1009,9131910940688 30208,794540970226 4,973775879324985 5211,569829027706 1753,8473233996187 57,241348786542936 25,078460861887766 26,296919161881338 5,391765165283788 2,3499997010575826 414,25374452951195 2,996196319746989 190481,84441310295 1
1004,7137218596712 30407,901387189577 5,023679993972499 5024,279853305351 1713,1066666035176 58,008901861749685 24,78226025282722 26,96173803567692 5,395530953094408 2,347195381451637 416,68332875943645 3,005381255559162 191604,78664919068 1
1015,4777078937933 30353,555220430553 5,041146661164318 5030,06638775706 1708,6445328423486 57,82871511762048 24,705529532548045 27,247678821805035 5,358357251623394 2,334129410824784 417,6419135403591 2,9773160268743446 187636,2566477263 1
1005,854643660571 30419,574673268547 5,0025385963425295 5068,566212176649 1694,8445015338816 57,65087431508816 24,781472100656636 27,28605200561049 5,362811060028018 2,339813939512081 415,6806785946779 3,0254224078371057 186540,27271667475 1
1018,8906172072604 30526,271673759602 4,976284126270629 5088,151594119191 1690,514303433831 58,10448442772437 24,643570314595046 27,42804266965241 5,383342273549212 2,3466901056639142 413,53575366660596 3,000632096321125 189919,30274384847 1
1015,4749876544555 30277,16235329768 5,030776191140527 4975,315419007585 1709,4632350822167 59,61341221365693 24,687509126798556 27,549733974280677 5,396683124102298 2,3561931802152283 415,01296542682775 2,991367059925056 191685,32465422855 1
1007,4903441858345 30144,583250419128 5,013458538124736 5008,958285770701 1689,496660532242 60,15452702952697 24,936775310572482 27,291031843973546 5,35628781283548 2,3462349203177157 413,7201299298563 3,0122344576279305 190949,8323277538 1
1004,6933606708714 30055,152648993604 4,979652803486466 4802,464866096382 1716,865822630673 59,722585066810645 25,00730997282812 27,223491628764823 5,381176925757564 2,343187710141046 414,15785351210167 3,010146533395335 185826,5084405048 1
1010,6830205374318 30461,5923725529 4,99124808618982 4758,083691110088 1663,894103422648 58,522742414777305 25,598774406586628 27,846078443169084 5,396687126616732 2,348318328711783 413,7488377456125 3,0099024213182792 186334,7565453797 1
1008,2435140441127 30644,426419082793 4,971310483885273 4793,212175713091 1684,0607973141887 57,628752207695484 25,209979995394807 27,913716099860274 5,385810805467936 2,336116553599476 413,675108936701 2,9869530907129644 187760,2144873485 1
1016,3648720595638 30381,398251653918 4,969767742785378 4891,979891921078 1659,758136403544 59,36908929298367 25,406244712500424 27,664708360760347 5,382187319176089 2,3485994980411857 415,93937890801345 2,9953856357374713 186782,71443103207 1
1008,0872946309427 30348,38387212956 4,987938531971706 4875,655699573496 1670,7439467948898 58,776749647235064 25,418811092307855 27,62658419101531 5,395203389950277 2,3454334315346177 413,77975003768444 2,9869234788722787 186661,66880288091 1
1005,9253699584331 30121,09217603145 4,963181837725546 4932,169991961235 1680,2293909049622 57,656622782707906 25,4590416978618 27,65608639117672 5,402995354928972 2,361006010336343 413,71948985785417 2,989802425055291 187665,6828333005 1
1015,7040288044457 30501,42511753161 5,0275121290612645 4952,393993228928 1668,7543669479762 58,10979639974386 25,23377504486917 27,98749082167059 5,388856948237336 2,3443827238013593 413,5437956262507 3,006000816002663 193184,846321082 1
1011,558903002499 30244,07511037651 4,949255377025364 4811,008405068615 1670,522719140465 57,85215820401317 25,660200158634435 27,92784018262256 5,37094006541552 2,358226832291731 416,915285850234 3,0016627581040902 192847,67819992517 1
1005,99559846943 30306,554274277754 4,996784649227513 4768,242557052391 1673,0789036244855 57,86855604367927 25,718842807091818 27,579737755921403 5,398768328374415 2,371366867234696 412,69102898405015 3,0165673757127234 191361,18757912208 1
1006,9984837744547 30254,455685926652 4,998127705397577 4656,925008648538 1665,611861284969 58,5216980791457 25,865657104534332 27,92603914825831 5,347673316802756 2,3568320163613716 416,8806862500973 2,9796105262059855 188298,62408696886 1
1002,1920529725519 30177,73611726992 5,023373324987609 4647,1814767600135 1650,232132409806 58,197372316380225 25,32825372553997 28,353289883566006 5,36624858582065 2,3481101840722896 414,0813647959358 3,0079327565189526 187571,96194048383 1
1005,9061696690904 30339,22513628747 5,010916920092308 4639,596091468804 1644,2950659120925 58,85011938677736 25,32702229250448 28,091655563561986 5,394069615295736 2,352700907441613 415,9814233129918 2,9903450217717698 191325,18995990333 1
1007,1202424132803 30534,0254997286 5,009641552364787 4539,113258767598 1632,0334207177523 58,65872783755277 25,978765790743072 28,41530727230281 5,393524621482358 2,3711255333307175 418,34072148777636 2,988255879123139 190697,52240853413 1
1012,3463517417027 29905,69007702575 4,997191912614183 4534,082460425596 1624,1824128622645 58,32102071085633 25,596693823440717 28,617836767108955 5,406257474462685 2,3520364639887252 416,1733864578082 2,9909406419315547 186533,08803604668 1
1007,9669180202981 30398,83858714043 5,021713103511155 4626,681122734498 1627,9783738835424 60,282872900688304 25,562296306121148 28,86524370211682 5,354318996192894 2,361925787748844 413,91189587956364 3,0198308472285214 187516,29340597408 1
1005,8804338488862 30233,20037303401 5,024062944167672 4607,259118966874 1611,3931796598183 59,79590789488412 25,739055001544575 28,726428216373666 5,422067073203942 2,356662361233527 412,4286842961528 2,992411477110526 189568,65774578706 1
998,9098622530032 30422,878786756097 4,986184539552786 4592,635229378889 1642,5210774234863 58,35560559091353 25,807584404369685 28,38308154948061 5,434341672488766 2,3685502500586737 411,98254551249477 2,9753124359353973 191622,40429311775 1
1008,1535785685 30188,81682396328 5,0091853213194915 4607,138589056258 1644,7848592799937 59,11948713538861 25,97302217700265 28,371054656765605 5,391534829785227 2,358808773508709 415,77696415478164 3,003058579533646 193333,45689570313 1
1005,2349428294451 30139,821574723308 4,971101132351735 4537,024103610304 1646,1865380392035 58,65288856674964 25,83683838758113 28,46638190146186 5,393491598287478 2,3470445532807767 415,14064270857426 3,0039450410307786 191500,86751333345 1
1011,0046522484049 30223,766492292805 4,998712888748284 4501,939137492867 1625,920472096842 59,18464761406484 26,08771660755454 28,62703389911445 5,402269260887507 2,339454123050202 417,7777090050191 3,0154115830306427 191963,38299591825 1
1007,5657022825278 30496,341474987577 5,008117010116836 4519,337333566988 1629,4364146489972 59,63073075805804 26,26940443264474 28,388051562316697 5,379296815964814 2,337899640781656 413,70109884791344 2,990884941707246 187142,4051343707 1
1003,229533486959 30275,26464759936 4,998629270008063 4688,57414493323 1642,9927187079497 59,252917033764994 25,673342760537242 28,259812027152513 5,360320677951407 2,3611188898250504 419,0983933163833 3,026074708846859 186923,72341876125 1
1009,0822825056229 30217,836413517325 5,004742040059639 4695,727500360017 1660,1725367746692 58,58185083442433 25,847589635010475 28,305529070695528 5,3778713332420445 2,3409773330179795 420,11712424642826 3,0010987170683467 192441,60763921204 1
1011,5414393563576 30291,38558825087 5,002134935070265 4355,722240937981 1643,0528451978969 59,0201979640604 26,094370818617566 28,266978498923585 5,380649544294424 2,343068379102642 415,117444714809 3,0102722432586004 190980,98077759775 1
1006,0474926312204 30082,669039343757 5,007244791780802 4364,967857082784 1645,6434296496304 58,987160230822845 26,17408822716755 28,248898271495648 5,371115074858272 2,3225821543053957 418,85284413550295 3,0083809082644426 191576,86032989784 1
1002,7318311087142 30093,0570538961 5,0292399171620685 4276,089857588401 1602,5344253535368 59,246586553216154 26,31849952410003 29,074119757022565 5,434878762747171 2,3334784109046365 422,2512899572413 2,976018508367212 194633,0782202594 1
996,1190014480553 30476,32515957245 5,020936954038643 4291,68881857211 1592,0552198799453 59,22835694885127 26,39849872916935 29,261232676972973 5,421203309203116 2,346186457234456 427,4203655425264 3,0346811478560682 191649,1160594225 1
1010,4657026328495 30358,50846068587 4,979036771268126 4576,338927456806 1601,281210937504 59,40908482688541 26,54540866266763 29,095331907263773 5,397185490786128 2,3194135697183453 423,09768222464015 3,0055421430414486 191711,3283700874 1
1005,5241909243074 30222,90943099677 4,964581329560592 4541,01802102743 1628,948403442152 58,811391470394206 25,87643317647399 28,408397205615493 5,349974969787306 2,346798567942499 423,6449772887221 2,9898942587243256 191732,5952026718 1
1007,2729950354031 30196,99585038295 5,0069563540823205 4541,753285638359 1630,5917516826867 59,656131162310494 25,92865125030307 28,56604485714102 5,448098844137617 2,3574848407830293 425,1553391192176 2,968408942928172 192907,14764235727 1
996,8137270199089 30454,678228944467 5,001503419865152 4255,718754596981 1592,8505032184569 61,44888272352665 25,897180414284954 29,609231045103847 5,34666008375335 2,347250477458268 429,0757176764266 3,037197215995608 193204,21966081005 1
1010,9680525969314 30213,752772334043 5,009526773082788 4250,6846957400285 1584,7186722652377 61,53299928418791 25,98131149544811 29,138688116769345 5,396775118599126 2,3275403793825045 431,360581975732 3,0133224118261754 192114,5519729127 1
1025,4049205833808 30166,5571319878 5,002106324303516 4423,874107614484 1605,4602571253743 60,64280603432489 25,96657826858458 28,949325310256878 5,40329813908119 2,337755714593532 426,21842984575846 3,0085146511310015 191593,72723613062 1
1012,354601658145 30033,812432141694 5,047461133708829 4394,641271319519 1598,7948551403924 60,69234968853414 25,951649215655845 28,71149702456149 5,395073963646846 2,35005891415302 430,4947658348778 3,0303447811360074 189688,89365936426 1
1004,4885138989204 30312,25553743072 4,960661574177819 4431,28692419238 1624,7596247833817 59,33316762574273 26,475085221833243 28,56178406392891 5,381004036080871 2,326633530108412 431,69644308308534 3,023181138220383 193599,68481694572 1
1005,7823204003992 30041,106726247974 4,990216046852081 4465,720536665186 1629,7170871520739 59,071833764871144 26,49330958838115 28,83346870451163 5,386778872684848 2,3394030462565922 432,4624060053399 3,019186907820404 192630,11475039032 1
1004,7247884880853 30327,581247553888 4,939496514971552 4365,186519074664 1614,658450579607 59,263928997029105 26,611264320121073 28,772620358024845 5,398841980003896 2,343770083492445 431,2386549931321 3,003913320250367 192883,74910834452 1
1008,4823868783751 30279,27491940849 4,978774355301016 4334,806357961669 1598,3106412707039 58,97952492650947 26,08084563456549 29,107405170065825 5,385813663638497 2,3506637299446544 434,5806377037359 3,0110600461492334 191549,96968953716 1
1006,5546696130142 30192,146658438636 5,0444571018107 4335,324077337163 1607,2173775108772 59,21530044240347 25,98454228773176 29,258753757804957 5,389626520842943 2,347349313588185 436,29509213724 3,003486864807498 192180,08606699097 1
1011,3952033002015 30377,31430908078 5,003828422826903 4143,253743368974 1578,521608454145 59,513668081044166 25,918006883747957 29,469329857984977 5,37275584120792 2,340919875980746 436,3746658802308 3,016196961118861 192822,6467256753 1
1005,0609787262805 29928,151326396106 5,008422922352166 4195,76378890942 1592,4545136315407 59,75104404253899 25,55931658826686 29,431692189807315 5,363253874195376 2,340372242654431 440,11383165054673 3,0075481951591647 191229,01693614098 1
1002,3803547765586 30337,455620179462 4,950137570489556 4255,4230315235 1576,7479227511958 58,92902442952604 26,470436968305968 29,46411346889898 5,398905237418935 2,3445815512459043 439,1062301381488 2,9978267574360764 193256,26639729037 1
1009,4828754106836 30133,04189614124 4,995352560898169 4275,626463524236 1588,8521079164339 59,67334203223384 26,138058031698648 29,262258630719888 5,405749854112602 2,3429015310463495 439,2026045097262 2,9868572581642043 192296,1482431502 1
999,7079403429884 29991,492670618904 4,986795179758104 4258,047818616413 1585,6232368149062 60,268952825262076 26,485372740467756 29,293056601654282 5,387076569760922 2,3562680476107163 431,5636659085025 2,999361238054212 193132,69492271557 1
1001,270451838241 30256,307540194655 5,04809208144962 4268,779074353282 1600,280662879289 60,07948811626909 26,584880451317698 29,20356824048236 5,369056358863052 2,3192725132136944 441,945737819383 3,013700151429616 191784,5964326807 1
1012,5133162666173 30282,59544026475 5,010026070850535 4408,966136356652 1579,6126098875488 60,38779636563937 26,337584434593865 29,24846823588527 5,37927449548394 2,329525934134442 440,2979066089894 3,0049886925614757 192719,10785485007 1
1007,5864720807141 30382,8684721488 4,954334032611547 4382,231350258333 1604,4870268239117 60,578955899129255 26,374394736250082 28,752320428456063 5,401626803590546 2,3385907862968907 442,74040141483783 2,9862308023174413 193886,0004082425 1
997,2753189972916 30122,980209438123 4,983703383122229 4378,165331206634 1607,0806240638644 60,482923528369064 26,544094742476666 29,143980147967593 5,453783800514468 2,3103656852038923 440,7250132474513 2,9922304235359043 191381,50663059365 1
1000,3643083981481 30265,508208542054 4,984916284829916 4277,875634629671 1582,4584622946102 60,191591530283006 26,75157015436995 29,865694275676866 5,370229058950596 2,352956343229976 445,2105563163763 2,99645536132893 194123,62088559038 1
997,9778623025888 30042,096903453366 4,996851231508815 4256,847431851109 1583,554128545759 59,98710349364183 26,805509438202822 30,36415233298849 5,400083207260168 2,3234480368540518 444,59237656935585 3,012110186844691 191010,45350168957 1
994,7311922681911 30421,10141512027 4,977359867854511 4116,523820187014 1566,3851762250567 59,395706982461114 26,113320280480366 29,629955700738858 5,396317944917529 2,3284417677667175 439,0445982508379 2,9851577336641726 192771,6820265353 1
999,6731292707557 30252,885227752176 4,942034312076296 4129,231820760439 1570,6351203203587 59,956156073892835 26,119057686566634 29,626848208916755 5,39743921289283 2,3415609214792186 445,9236668480012 3,007927758693269 192710,26621412134 1
991,3244351801777 30327,17922898748 4,985353972198217 4190,391134748701 1583,9898306741957 59,58354590058412 26,739519644941698 29,40522885846744 5,381718799211688 2,333731380448255 442,8902958068286 2,978379332455482 192779,24900341852 1
998,0576496458389 30085,655733514617 4,987900900153528 4226,158229978139 1573,4768943948275 60,00085689655924 27,090611020691203 29,43746986076723 5,395288509320006 2,332435177069851 444,321883979376 2,9944098276171243 192651,64130970603 1
1005,5905482503096 30341,479167140176 4,997011485369008 4154,462513486236 1568,8365892955076 59,8793063359317 26,709003383459393 29,32851272354759 5,431983024505712 2,3249550043582787 445,16297815944137 3,0028364067695748 193438,06652872887 1
1000,1467348093004 30271,295704659966 5,024578593440749 4210,7854426300655 1589,5084683134496 58,553918420669014 26,92597002734568 29,570229923276756 5,371632060467712 2,3233516493418893 447,5277016446585 2,999887439686814 190957,41333336546 1
996,821074240077 30203,805498127495 5,0213228925457285 4159,059044831225 1584,8058867584632 59,78340917844968 26,84126037709504 29,764842207551972 5,419056050998079 2,3434341877474703 448,1439312530857 2,9950782444859687 195517,6822292663 1
1007,3355303450477 30056,73114393411 5,003517536557288 4116,48565924362 1585,3250987136423 59,616393729659926 26,638962946454047 29,538711428663248 5,382907201239219 2,2905440290848986 443,03977330753014 2,9811942372738307 193278,48745206508 1
987,6751511597848 30251,015633437535 4,9896062516884205 4132,201772569582 1585,5666177720914 59,88938660846339 26,968387953174066 29,804539858358137 5,4292157372889625 2,332548151500779 449,56363172101555 3,00704020641826 193412,4707953604 1
1007,8886749735678 29894,760719461396 4,984101870740234 3995,048103900055 1549,7160512838896 59,30666351417338 26,983537836250388 29,910609467087472 5,400902865664225 2,32640356712372 448,28908891279195 2,9675366439829687 193456,36523248084 1
1007,284780763413 30067,013031092523 4,982520685331304 4030,7960600109154 1544,3455123102042 59,7266423991657 27,160565286621463 30,148098284325517 5,357552381988837 2,3124369613083338 450,8615604615617 3,0166503717770943 193888,22958802545 1
1006,5585584826521 30294,9956441713 4,97273928074872 4110,940798200824 1585,6205569876797 58,5079008410091 26,583794125644378 29,631889759938712 5,40361183005486 2,314369374899525 453,60084427483895 3,012899335061784 192303,13017895457 1
1010,2706852401856 30306,397165499744 4,974659823965924 4117,4344139431 1564,1859493106087 59,1061553761783 26,446399186580802 29,572813410028687 5,504721975937946 2,32874552299219 449,0930670392842 3,0088213301896802 193352,38601927436 1
998,3487111915822 30407,736793811593 4,9979117191650815 4069,9272808498813 1579,9562520707234 59,28863093364937 26,650894985345698 29,793038649022783 5,396347378343633 2,3381859775615403 453,0298026175102 3,0140244114308183 192580,40761870504 1
1002,4988380918339 30045,62583936323 4,996339426832146 4081,8595258990918 1562,9972344276791 59,14082248014466 27,062681589233662 30,003065227042217 5,424952721507315 2,3181050801974 448,87842949865217 2,990386410583484 194504,85307296753 1
1008,7377789805281 30284,57621669583 5,017825912861969 4103,104831587231 1570,8865398228895 58,72791194850018 27,072858180523777 29,50860268433017 5,35277190905642 2,315120930420477 453,2047643995737 2,997324091250939 192627,6644911462 1
1005,7441056959266 30353,90022998118 5,005308812054024 4463,723335902768 1555,0725912859923 58,930172719647295 26,706295532832417 29,887509894994075 5,390440372418632 2,3363808698600845 450,2322540230362 3,0066803851046764 195053,69331167653 1
1010,5001421333145 30248,956921392906 5,013522843129728 4474,484955527715 1580,6500438931973 58,89984229094019 26,728240860151175 29,783826973775252 5,353141666521579 2,323620393237583 447,92196878498703 2,962520259244304 193382,87358776995 1
997,841897985664 30206,83917763056 5,027571261634709 4066,1826219554696 1554,8866807799022 58,418941422040696 26,6069892078533 30,12155415509766 5,4048080116278285 2,336000952600964 452,14543086691054 2,9909711828049623 194759,2711034722 1
