Co2(scd40) raw_signla(sgp40) aiq(ens160) tvoc(ens160) eco2(ens160) rs1(ens160) rs3(ens160) rs4(ens160) rmox(zmod4410) tvoc(zmod4410) eco2(zmod4410) iaq(zmod4410) resistencia(bme688) Aire/muestra
1181,6496134186207 29873,200237630448 4,014335485994532 1018,3857651675672 995,1745250876457 94,60928145858877 53,55481840302802 51,44581939280184 5,4017040113458155 1,0345004429169935 401,5108418214935 2,9907022447133644 325515,3571336517 1
1189,3000291384976 29875,064711210238 3,9729117519271733 1079,6153330783027 1010,1255652871707 96,0079176467151 53,942606778560524 51,59086352233601 5,405541605715157 1,0422252922699287 401,86670779887226 2,9763823275626846 314116,0226237103 1
1176,2663593668306 29971,212800744135 4,037496374410705 1087,9691153206043 1022,8873046048194 89,52570407372508 51,32631181822255 50,90905108013659 5,364195219543983 1,0730085343812719 401,77019073365165 2,9989025779126166 315158,9002300309 1
1187,543609990762 30153,30263934518 4,013808267335066 1078,4198690821618 1022,4271068789766 89,06098710255567 51,370911608637094 50,7420274946701 5,43063120416023 1,0681244333876996 402,3651030405931 2,9966118008279983 308898,906195103 1
1182,5514756596497 30004,94857379794 3,973526538630363 1108,8676112626065 1032,9235135093202 84,93045183818157 48,54598674606674 50,394805827967254 5,4042677660588225 1,0688488758287038 403,7383887048433 3,0180921760231123 312185,69151104346 1
1184,5291546168637 29832,23810913287 4,013383047115889 1098,4155685362796 1022,4394678917783 85,31469870486552 47,69067396376519 50,168634070358905 5,360887991337739 1,1150324899411526 403,72675655659754 3,010530625635819 311634,4514556099 1
1182,334911719901 29814,27850039853 4,002968251476252 1150,0877745887312 1038,1042175327543 81,76178921814035 47,232373058675414 49,40064800177609 5,3551944259994215 1,1113625719695428 401,9606058550939 2,9881244655204564 309015,91446371836 1
1189,7000875058238 29981,214313161854 4,015950031481586 1149,847116753954 1036,1077615646684 81,06259595298792 46,98377453835517 49,37670153667334 5,3625007492206835 1,1327202445394813 402,93814691366674 2,9824035791605947 298520,28653810563 1
1182,8974599983353 30059,30084986889 3,997514297790901 1116,0999922676772 1028,5236290391097 77,71725717940298 45,52457342394858 50,371202667875174 5,355011454819518 1,1296463728383381 406,165259412749 3,0045693968934426 300393,36172454356 1
1184,189178395983 29819,182561504313 3,9820933534391973 1110,5536070501203 1029,9927852972792 78,29713001288839 45,45660603858983 50,41364433765549 5,372045626941781 1,1811967226705684 407,2369880832049 2,9505322311814934 297932,7069352161 1
1183,8906408967066 29959,202872462898 3,9750234748549382 1195,775132946934 1043,844725393812 78,13778799237419 45,775751599378076 50,2462116079617 5,374080895715459 1,1502890746017198 407,5440206362358 2,9794915246326075 303906,01145625266 1
1188,181459346591 30217,972455495492 4,0095142614055534 1180,7834515564136 1054,594620514754 75,31827867560078 44,87726164432083 49,094466285027806 5,3904622427000835 1,208353366359878 410,30698513705926 2,9947430073458525 304574,9120157597 1
1189,0307025431532 29924,472258656013 3,966204005159047 1184,5498797622467 1032,7219052450105 75,31070542432022 44,614248742854606 49,092234960028826 5,3099695338299435 1,18747766505251 411,53319960657564 3,0030398323016865 295785,64298954565 1
1190,2086610845151 29770,865714791442 3,9966550951694066 1105,688499010636 1030,9326046098633 73,86499348687856 44,21355575874555 50,04791122634352 5,334057633842081 1,1846556743920365 410,59006436793237 3,007176814131954 298156,9201736416 1
1188,9542403083428 29717,81793680717 4,016164506895052 1109,529626892623 1025,5236435539516 73,78250959704532 44,547566888327204 50,418304816086305 5,327088032444107 1,2147962091843425 416,57929108464094 2,9925421596709594 293472,59805862495 1
1192,7230804141168 29503,518355595206 4,007834051643094 1101,9914017272354 1017,3320968559432 73,05561774680206 43,39941031221646 50,81541295581735 5,336003175263192 1,2155486342876778 415,2852204995528 2,999945355762386 297504,6539938014 1
1190,3971746663997 29802,911695685496 4,03630986361922 1102,7978193579283 1025,6741835982627 72,92297876039335 42,908654347047985 50,16646455796375 5,4403556044222405 1,2301469537276952 417,7844996732722 2,9829941129266855 289586,55069514335 1
1186,0210069388881 29691,39302650115 4,008481443712591 1159,2388590620178 1030,6364391226346 71,92471832648552 43,63193602122782 49,649119089582165 5,352747038291688 1,2469922333546124 419,84752015162223 2,984073228518502 291281,786950934 1
1188,732256490134 29957,09124832424 3,9978995427828545 1150,2305546020932 1032,8356212123326 71,40533114211745 43,22037460663355 49,81425529769894 5,357228809390628 1,271488020036771 421,363666623668 3,004133302723961 290704,03218856314 1
1195,0634032418063 29374,832814592504 3,978134454424059 1155,1525705977247 1040,9975036312999 71,38086644217118 42,94167298165525 49,5657005059571 5,3491607785768505 1,2665193490535085 421,06628419830963 2,993473562839948 287588,7406165414 1
1194,0954473640086 29845,318275802143 4,019103549823335 1148,313781871997 1031,7414694511797 70,31108705066508 43,33348421072114 49,688552418870685 5,41908710099277 1,2865202311737212 424,04327257549096 2,999085626188931 290714,06254935556 1
1180,8029161604431 29723,004345278696 3,998594563435401 1158,1477003941247 1047,2433150156157 70,93387258826944 43,6996561796054 49,48294790117378 5,395334868840063 1,2765785585060079 427,02765135231124 2,9932430905007728 289677,0485704371 1
1181,669494697391 29640,667934875048 4,024150481558299 1111,1166119042962 1023,4239831430273 71,07474103361581 42,71791265249494 50,825248258738974 5,360806449286911 1,2830478989067255 422,4252723978331 3,0151044943014527 288397,64519002434 1
1186,3844631664542 29840,358449574756 3,998656327975652 1115,5232855196593 1021,5826835793588 69,58856369170074 43,48169269993585 50,54829943876262 5,384739042009067 1,3140884509447872 423,8330021141512 2,9777624493144783 283998,0707065428 1
1182,8641008976053 29670,789910505184 4,015228700859917 1172,8714537646513 1043,8588670952183 71,7751870411987 43,197338110275496 48,98891554690403 5,335993942500753 1,3089460497417373 425,29412788798015 3,0016190592328567 283612,68935312727 1
1166,2923567858224 29545,028634279974 4,000055730963163 1179,9189504723665 1048,775108435314 71,34097395403994 43,48742536874514 48,95608272098638 5,366283753523287 1,31315079194151 425,7754783274374 2,9970564064225806 285269,43947033526 1
1193,3103426336472 29622,30198278942 4,016599489444667 1165,3486318671573 1044,081047607811 68,9757223633942 43,7073080035273 49,28172769156514 5,354297037992564 1,3227534599691595 427,6418832253022 3,017587846991269 286919,8859925312 1
1194,351897214546 29367,360580559933 4,0146584440804105 1173,1231916275729 1039,128006957939 69,04736653978082 43,86566605072314 49,20994982767932 5,384292210000771 1,323741121434407 430,65294201214846 3,0004279860756204 285681,5791906513 1
1189,3244919679917 29725,08586790715 3,9981873235219174 1106,5653133743551 1044,9889530503833 68,45215359395435 43,541371084850695 49,62411898984441 5,342151145048797 1,327231328412695 428,9641630559475 2,998169159778956 290926,22255868587 1
1181,8999653596813 29670,42693204982 4,039903062350951 1093,222460921708 1040,2448556114325 69,6556234814374 42,68077495661091 50,396008437807154 5,360644357730806 1,3465499405691523 430,5948243765794 2,9877880888492423 288733,14618696086 1
1184,2642032475196 29808,74385375468 3,955811099010792 1104,0781455457936 1025,9530328730639 69,22319966587783 42,970637119000244 50,37284527873022 5,418264370696559 1,347285949506736 428,9561823470604 3,000714956305819 288769,2822299465 1
1185,7188280914265 29519,32522986121 3,987724286967592 1161,3412422210338 1053,341199833791 69,23548349308814 42,6791643046163 49,747088511567746 5,414775463455262 1,3604773863484119 431,3532679763245 2,9794350758849193 286772,2893270202 1
1187,5179705940077 29508,510451207952 4,024069782261239 1157,286970631733 1045,3855830387824 69,3678224077431 42,44678010771359 49,34505846566574 5,410114185348868 1,3695747677248067 426,0978116891958 3,0118518467651785 285313,91255218035 1
1195,0228762704864 29595,398657626603 4,010001960680252 1132,1429168132954 1028,879462499295 68,57680560470745 42,44234487915519 49,67393917592772 5,348007338328655 1,3574463159013657 429,200504276355 3,00522387981177 283414,46100973984 1
1187,7387656283702 29574,448942130744 4,008523816857702 1128,3987321052227 1029,831962172563 67,87668854683372 42,552255420544455 49,86041644204742 5,406447794952294 1,3714123580882607 431,6195478085665 3,005086942901026 281113,9859511587 1
1187,8874536713759 29789,209273163062 3,9750900929000017 1115,551077431798 1018,5724656286216 68,63265656707874 42,53797175952354 50,17731589941762 5,389807931128306 1,3733254342955539 427,4207613683255 2,9731107272426973 283269,01739080984 1
1183,3468721163283 29670,73688038693 3,9858981245029534 1109,2712597809973 1027,833372644204 68,82747903755391 42,556428166600185 50,056786293602904 5,3739528368784555 1,3847752875784674 430,4197415274703 2,993323861620331 282671,3122379297 1
1184,963071893134 29631,46212723891 4,017320906954737 1132,8584377176567 1031,4821854665365 68,36735178898999 42,276750842870726 50,93166539390711 5,378795349117864 1,3767564633847493 429,7025809207506 2,9875233467018742 283474,6871971856 1
1188,3172788387649 29597,07841357296 4,02534939939983 1131,200391259654 1030,6088953755618 66,13994284578344 43,05615462036232 49,91836898210001 5,370514804439122 1,3839037118232422 435,01328438867466 2,9967877876341733 281879,12791781116 1
1183,4894780754514 29542,884878058816 4,043393336654461 1143,484598959502 1024,738570259884 66,8013130982917 42,6909915749235 50,379579634963015 5,396952997234119 1,3946495971600357 432,4646363255464 3,019130003438036 281784,10881844553 1
1183,8344833966564 29572,742017077308 4,000280185253784 1086,7921559953904 1023,717968197765 67,72930616615716 43,183617213603476 50,33920877200304 5,395124793069158 1,4050857619753896 435,0140628621631 2,9803735946410987 284687,65697261697 1
1190,9154396956596 29813,46847574999 3,9984699720320225 1090,2903531938287 1019,7863500385392 67,73971600187265 43,64267222344874 51,03535590120823 5,349459815601578 1,3941368233329599 438,7395781177479 2,994478231098374 285008,8351733058 1
1183,8331276319834 29861,94230545257 4,013504425553473 1080,5762485095347 1020,0027831241571 67,58638248989084 43,17127813642461 50,47133279409673 5,311149791036742 1,3850131797892569 429,1433545578315 2,9998749921167116 285911,9673865337 1
1183,456306763114 29626,39380872199 4,027897935343991 1083,5344854580442 1019,1455509812808 67,99570566454702 42,984569894362934 50,75638320461995 5,35545155776317 1,4056815307070112 435,70015943884465 2,994362064243716 282030,7765643016 1
1178,329411937242 29368,032207653476 4,005345018429726 1106,7032390181773 1026,8508766051846 67,87537707581109 43,193523984934565 50,198913186032605 5,3587960044203315 1,3933629263389122 436,3087920851722 2,975585541128588 280987,0644698278 1
1183,3443172183534 29470,976993728003 4,004057082129543 1107,1201690143193 1031,9150472695442 67,61887802823452 43,335739978620616 50,275868440556714 5,375224340739112 1,4190875079164078 442,602705701726 2,9906271958427793 281861,5659848855 1
1177,0819738883658 29626,449444761103 3,9910590295162827 1090,2790363224615 1027,6994054114728 67,72132403179471 43,27753848432155 50,01370786319269 5,3722221866036675 1,4186641149008161 441,24966384899665 3,0163834054089356 283787,8964492398 1
1186,6826415705652 29642,878821416864 3,9751141330921897 1091,0028220358597 1012,3148160816619 67,34866398470172 42,714735921498665 50,7844371107576 5,336022987874021 1,4090266405382563 443,4123066722502 3,0139425181740993 282076,63169895264 1
1186,5242189711662 29451,701316920262 3,9856993205651414 1085,0460456973042 1014,3250942582845 67,14717770473983 42,57064268330138 50,60126889776894 5,318587405635608 1,399572070387832 445,10432269034976 2,989216969073743 279914,0572649139 1
1191,8472418347792 29505,455017600518 4,0316002855469835 1139,1659107645282 1055,3207400843585 66,68462491598807 43,03553004671839 48,83367659483718 5,359042197389801 1,4054056135231154 445,77269582925356 2,980011532569999 279999,5773567773 1
1180,8415065127917 29680,02975552655 4,03785254990417 1135,8212865372602 1050,5082967537023 67,24036716591961 43,068513278237894 48,407810190258054 5,378905689652123 1,4139162761019783 448,4424687971609 2,996344686545304 280404,18020015856 1
1185,635320157627 29809,228344415333 3,993156548275556 1191,2148417100393 1053,3132018333652 66,40060405474055 41,34607019993448 48,912465348288414 5,358244625956301 1,4110983069907148 442,1277281463858 3,0107809245665615 280432,89085975435 1
1181,4359788318397 29761,261211068362 3,9926272821269486 1190,2418308075012 1052,607940724174 66,3364867738607 40,97048766355763 49,19587281273352 5,351068531798575 1,440598696115447 449,4115998601482 3,0063793912730974 277956,1922530056 1
1191,426999910636 29385,76484175821 4,0136087050347315 1169,5101041356434 1049,6950242589473 64,95611025407784 41,533338662094124 49,66333519261608 5,366511613770151 1,4281970269507562 451,431826329512 3,0062477755894705 279418,9965706968 1
1178,6848701211118 29571,947833124195 3,9779142464661343 1172,7074619309287 1046,1305215543498 64,74591804747904 41,51412592736578 49,1071458601902 5,373069121182705 1,4190596543416714 457,61342576807755 3,008367301317369 275439,0843976185 1
1185,2013939997785 29417,59519658023 3,999745670151731 1199,3134234446845 1043,8877635656836 65,43798196361664 41,702920073196076 49,283157737208086 5,38848426534255 1,4426624524779001 452,0913687491475 2,999309656425665 276480,65388691315 1
1181,1361267480706 29595,818833222944 4,039385212916575 1192,5943097514396 1044,052025632467 64,6468491102624 41,014404545481305 48,92176627672281 5,342719017354092 1,4608134192732882 453,25018284860994 3,005002782949409 277707,380613173 1
1190,234538992884 29633,809680586022 4,004356744880523 1194,7122763542577 1046,3636910800433 64,29866897487146 41,06432780255218 49,12587033024552 5,351637491173862 1,443537076161574 456,8945095451921 2,970729434480129 274614,0526993033 1
1185,2652868232292 29683,756218206578 3,9810129217224284 1246,0118206201428 1064,4500664358961 65,35293096182572 40,615653400391956 48,415492600470174 5,363073367123117 1,4470318160315216 452,75999805009815 3,007980421367882 277847,4376150424 1
1183,8673136266698 29913,614437728855 3,998459912813355 1233,5515998472115 1068,8431606628696 64,8617741411553 40,806815013548515 48,27737361592212 5,416819039477505 1,4486453533194286 458,262633319703 3,019904750259917 275754,7841970908 1
1182,2084057319062 29597,10205079518 4,017566571615984 1200,9641764890287 1043,348793671352 64,81510310900582 41,54371022010938 48,81234727246934 5,387749315615233 1,4475122199813548 458,47315231471447 3,0082295757581967 278803,5135680059 1
1188,466108326075 29668,799795545856 4,001026471522516 1193,4770280238417 1045,8417317850435 65,5581770258478 40,77033255175862 49,32189215359617 5,369655829213962 1,45915517136583 461,89846014488546 3,0050723221628948 277438,94798165397 1
1173,1928019490197 29563,168341186 3,9943783921254132 1256,896282156921 1063,5076250623435 64,18227705662578 40,82992538010061 47,97069929216192 5,344992534622727 1,4706639268120276 460,18162135410876 2,9994411131012484 279377,80811468064 1
1181,2947031304077 29548,068150171435 3,992160818434193 1252,1224161132832 1061,5846952537295 64,49574303922323 40,566994531043136 48,14019563056579 5,334668441911917 1,4577145290616487 467,14805957833795 3,009221541337285 275382,0330129783 1
1184,424154483861 29496,103443921795 3,999997446419412 1174,3215319446874 1047,3520075705967 64,72056681884143 40,651452923554146 48,219333936793966 5,356895793412008 1,4576020391554219 469,19276413643195 3,003527666072492 277337,9803203511 1
1179,6339135311173 29462,196892172717 4,001461809347159 1176,7092073716353 1039,809124206208 64,13461092826596 40,97286195045919 49,41204315346237 5,401566372925359 1,463231616135808 473,0473011526209 2,9876180011040985 274269,5022502807 1
1181,6424078988641 29617,102482994665 4,026849610925559 1176,7277334143828 1037,461324789114 63,72813358688423 41,067879364301014 49,687983016786625 5,3689652960109555 1,467650482409172 466,4989956074979 3,012881783613287 271734,5006481356 1
1199,896973475219 29692,143050415765 4,020237916014028 1244,2181815524118 1057,571578001086 62,90514105428263 40,7105048706967 47,98320766943819 5,368377602805698 1,4796656987593317 473,15196561561675 2,9923336920828087 274464,1904879367 1
1193,8789315562456 29640,67599556014 3,976049057670775 1239,633546120097 1054,448606706017 63,11887464057294 40,62741439395132 48,27726234946088 5,385331201805621 1,4688473888364972 471,80648516668583 2,9782954086229645 274250,65386480134 1
1184,6947794312089 29620,115706715384 4,000574875138875 1205,212821216759 1047,9813608210388 63,23939927394539 40,51792686692175 48,94016746345796 5,361258272148221 1,4759669022826247 475,5631830890962 2,989486969224618 274148,47335702705 1
1187,053671216959 29573,159381843987 4,006966296614556 1204,0580361076143 1048,599367370205 62,92648398376409 40,29870932781666 48,95343371315148 5,423017427467267 1,4737881767808754 474,9354424510768 3,0016713098548755 272878,7578660617 1
1193,7673379424912 29665,508637167597 3,9857062798362035 1193,571196177241 1047,9750261867841 63,28593876702121 40,21378629325747 48,94082082464602 5,364798195220851 1,4878714233249328 474,9408579334696 2,986124790208337 272091,31172113563 1
1185,335334156649 29463,364495442143 4,013586178306898 1198,1512341551904 1050,2883165332312 63,16886281096248 40,21612440179415 48,8767578900067 5,400435687659975 1,4906055548874144 480,6508361773534 3,0161851545283955 272697,1069670021 1
1195,9205355985937 29700,89278855621 4,004974947669435 1081,4810102635158 1042,961265475087 62,751233997206946 40,59651309226502 48,83011980899125 5,362278142080928 1,4769177488936347 477,8481597245017 2,985195508098334 273625,5845452636 1
1188,8356817890808 29486,468243200277 3,994565823049561 1079,411747455217 1049,3540594546228 62,374393393328695 42,218452224805034 49,43969800862758 5,433107192109385 1,475523156341053 481,87581649022417 2,995179820179483 272314,7869294884 1
1201,5252527078253 29545,577333001784 3,965961425725048 1088,777991272179 1048,6421028684122 62,48208277570167 42,278917828386355 49,11941299212905 5,356091941236973 1,4988637634992412 480,1659072179505 2,9945468348131783 274837,00080638984 1
1187,792580197981 29510,358247357177 4,01173558105378 1057,2317513926762 1020,9174563975357 65,24626082349684 41,779135558863565 50,714759987713585 5,383228738384847 1,483565847860553 482,61976189254403 3,0050797312662745 275122,0947733814 1
1187,0762860131247 29445,599930100998 4,00364930874288 1064,941350015414 1020,2222660081641 65,65279563920991 41,88250717857754 51,273406336876114 5,38270010534665 1,470539186086751 483,82733609235527 3,0013175027760677 277077,8487391243 1
1189,6866583148728 29632,76561592291 3,9962398091324935 1119,0074638976032 1029,9048893631564 65,28793689167414 43,04067485463915 50,47456834258929 5,39168452822262 1,4865897339329912 481,1752407486909 2,9958752808247215 274720,43563705496 1
1189,2306882667779 29559,134216501632 4,045252483855014 1120,8186429532636 1032,957984016527 65,0943381980703 43,22998156687747 49,747820177253026 5,374695327955951 1,4875652067424006 482,05673469775104 2,994731943180052 271960,2182737891 1
1189,2936511736707 29626,991736120595 4,001800526111296 1046,0645862206554 1003,9959139220388 65,6606082969858 42,86783274854144 51,45420329669152 5,356365663765078 1,4859995543883329 488,57504225336464 2,97753997806855 271857,9390260589 1
1183,254223356189 29661,918336303253 3,9894280566727556 1040,7446771076495 1008,472993292237 65,25855826050152 42,9781860535751 51,210030874698596 5,388856375858414 1,47964090236462 490,9347606108503 3,0116539017371062 272148,6158620217 1
1198,498874172287 29610,1000892758 4,022525957847858 1127,3416820172922 1008,7307608068919 65,19637032018707 43,02004572712562 51,58106847355533 5,338731602638553 1,4772717021924513 489,4455588056621 3,0050345542067234 275767,26270187035 1
1184,8377060387265 29602,790184803307 3,990684551544433 1140,8528915673323 1040,3419711477964 65,96956111552763 43,41807103476353 49,544991074460754 5,4156636378992715 1,4827810876696994 491,25398210887545 3,0125660105862417 274627,6369743564 1
1199,6614610127579 29294,981407364587 3,989392312817449 1123,3347642993472 1031,4258791296506 65,84055990788787 43,517912033208965 49,034954185412666 5,387136836200052 1,4730151663796371 488,2395413054398 3,0022260888022356 276493,9159959768 1
1192,7648067619928 29728,39548155579 3,987705815544963 1070,482322067089 1013,2105517106885 65,57305669311178 43,431460110135994 50,71816967327042 5,368100178161534 1,479065023714301 493,549581311615 2,980165494780237 276286,71631633723 1
1190,207873240209 29579,535054063675 3,9808149110121214 1067,4335200312792 1022,2859314096693 65,15805426545928 43,41119027501053 51,40820272590206 5,348214690279032 1,4713519235298955 492,32350876635036 2,982682123183493 274917,241305167 1
1186,000885839437 29711,64055430562 4,0006865457873895 1047,186655306259 1016,080291609027 66,7921808448423 42,58730124670718 51,33910617163518 5,37714208089296 1,4930476976657494 489,20805841560656 3,0144827407369075 275637,22192153503 1
1190,594608197948 29616,318991219003 4,009338619224532 1055,712210870816 1012,4364686122858 66,47163157108949 42,57569121996709 51,43025212264906 5,326706989288604 1,4772210697322103 489,4665248759103 3,020544633269664 273835,12994908926 1
1197,976988230976 29535,524042268415 4,05032425785821 1001,151801055218 1009,1519997623556 66,43225343951325 44,28230942162908 51,76966489434223 5,361547468171658 1,4733679669855098 495,824362542466 2,9816428317817194 275932,4920815464 1
1193,8279331876363 29654,248701386085 4,003431703046419 1007,9023643123938 994,484622938372 65,93257563658425 44,11198396795633 51,87455919633679 5,35128943020951 1,475904731361486 494,268095359458 3,0036412246200013 275244,2275353736 1
1184,6373974019798 29357,86538982499 4,030659548496863 1001,4830700281024 1011,9061740307267 66,48401748793137 44,16124525014229 52,20664829876751 5,342981527679757 1,4656052769718173 491,7613358952146 2,9803607369767 277073,0428769174 1
1187,1400216216343 29467,88362585677 3,970874834787273 1001,8579961450162 1005,6866340139637 67,3479702266311 43,95293044819184 50,82981415537398 5,393809620348377 1,4607860789827625 496,80163483350503 3,0152219732850822 279381,2341510734 1
1195,5669995630922 29369,64379080579 4,010530007217069 999,3819551925208 1007,2777926711022 67,55991377485336 43,84092518834405 50,84056672673296 5,4152376485386755 1,4751130538719797 495,5539904895607 2,983051672225687 276217,4946653854 1
1186,599188518127 29383,75865203069 4,001005440623929 1122,8057418566975 1022,7721749173085 66,74358990091963 44,542600909590924 49,71855968549479 5,346458259839048 1,4720302657498197 497,73986441820296 2,995887468245285 276429,924779427 1
1182,2735798949984 29188,58526286384 3,999845877311274 1119,9097721838887 1027,8275280901096 67,06061719460047 44,706232633737166 49,89800368029911 5,373531363838821 1,476131948828197 498,2173214913909 2,982442002553 276669,2121888372 1
1192,53066299931 29590,580207426476 4,053009365754953 1067,2612221183017 1027,0955204850004 66,13389161156215 43,255250649465324 51,08877252498282 5,399233948067011 1,4863677287027899 501,5380775967283 3,0062804250455377 276114,8867370266 1
1197,972456683864 29576,684529187616 4,002486693238446 1067,0707626182468 1016,6132903944235 66,41528599080404 43,62679466157139 51,05470095780134 5,380696750158766 1,4871186041813582 504,58777773671335 2,9994069781395094 275031,04915929056 1
1192,4189105274747 29862,189861075607 3,9985555013463983 1096,9527907294982 1020,6731916606708 68,7199208946541 44,216182995474945 50,858182549395586 5,401164190939125 1,4634994312265899 503,196350079411 3,0274270028904233 276930,9084102022 1
1188,355655525201 29681,45999431924 4,020213675910946 1088,137445743906 1031,1168142517802 68,92946359890043 44,27354579954077 50,52796554075139 5,322499518150918 1,483165371309077 501,73590412032365 3,0026455719424225 277647,035952442 1
