Co2(scd40) raw_signla(sgp40) aiq(ens160) tvoc(ens160) eco2(ens160) rs1(ens160) rs3(ens160) rs4(ens160) rmox(zmod4410) tvoc(zmod4410) eco2(zmod4410) iaq(zmod4410) resistencia(bme688) Aire/muestra
985,4875202137707 31650,153213574864 2,998178722795389 274,6717801298205 775,0533842364295 244,64074307515372 213,36461878347984 79,69794375111321 5,374404527978014 0,8745640595686653 395,8873243516783 2,9990990377434357 455509,95881537924 1
984,0215178135898 31539,847975580316 3,0158158734780693 273,03174114177096 782,6755744713158 242,802852556502 212,21429888959247 79,32853052483006 5,3608436267359405 0,8652800881589433 400,3173260249413 3,0279789675161073 454871,24384591397 1
991,4260504621797 31782,891419874275 3,0086276811594495 274,7783972074755 775,388574735666 243,65435883566255 211,6014324102491 80,31737666381044 5,396359092050371 0,8689014194077743 401,58513440108214 2,9907620453541637 453614,7195084636 1
988,2776914772336 31070,579847189332 3,0103580976717876 345,8899990616854 775,9754043363523 243,0193232082831 211,55141684440858 79,44126996405144 5,3457395312490075 0,8679451769727421 399,0226880055064 3,004662089850239 452336,6236273992 1
995,0014033211932 31541,33894566677 2,9898786010291025 345,9108164183257 818,4905957365285 224,42793760607353 181,14720996449762 73,20091651705243 5,329351983153778 0,8790003260303207 401,2054005816708 2,9977822068596462 452511,0959401319 1
996,9461691525214 30795,608593547608 3,0268955269764666 347,54530359220763 821,6257168753758 225,53659035297932 180,59607945257952 74,26863368781297 5,395542799232541 0,8802245599421954 397,7671408031054 2,990162171871154 434440,00060275 1
990,1485632707851 30809,071934860676 2,996846669185988 442,03275261025226 850,5270713848802 203,27520050741876 151,46248110370382 68,95847121958317 5,327759958471705 0,8700471048283936 399,82074173535284 3,009101889401035 435999,22224879614 1
1000,2243983950463 31041,415453113535 3,012826232584242 446,399525662944 847,9453151922171 201,809763591233 151,692398267618 68,88142045264676 5,385930760217817 0,8845458606263915 399,9222350969733 3,033209872119339 421615,73683220154 1
995,6858268218452 30518,398450771245 2,9845715279485288 546,8182815134433 878,5670659877901 190,3744035654359 130,28268833073815 64,46553498027352 5,361003407260419 0,8888670258766497 400,8614616669274 3,02311379679258 423292,0475475565 1
999,3893928510661 30535,255417757737 2,998260103721746 551,2407056958544 879,181568649297 189,30470249231286 131,58985580082637 65,03755931063276 5,367450423244025 0,8991964325154547 401,3767248318726 3,0124344335900273 418095,47738545603 1
985,6520839676465 30461,60975304203 2,967971680077522 609,3414504308678 885,6316492105805 181,04867958190547 122,35270185641133 62,549755743583404 5,321829863332721 0,902627798535096 400,9124179228679 2,999818862138951 417900,0108806314 1
998,3137262646441 30682,835054924624 3,004969454878478 607,2195125668886 891,5131635962771 180,51580642908272 121,46157255392329 61,92447692995206 5,347890833980522 0,91589273040305 401,4175393555067 3,0070007919434456 416320,99166832265 1
999,1881063382943 30431,19195381798 4,042532665851746 669,5181114047241 896,8118709032935 182,8553846335969 121,32035056579066 62,08856940319682 5,3848411868299655 0,9228607218538868 402,3871255807225 3,0022311244561752 402289,56989181135 1
1013,8533728756136 30670,397292345777 4,002133319193197 665,3116609013705 915,3659764958128 171,2628938112122 112,695818497777 60,89917871255566 5,39061948333764 0,949320619742371 401,022865931436 2,992953757200201 401243,8308057878 1
1007,395964765908 30522,70573165692 3,9953515474387413 673,7249148678088 920,0037134442999 172,30679806457093 113,01585449806635 60,62119658981797 5,369666896612979 0,9376115262129392 401,79820474987855 3,010927785020522 396433,5741818845 1
1004,564362225653 30623,85655135143 3,9907723217443225 663,2080995731231 914,8987293768404 164,79882955549698 107,2373484831885 60,86123758264352 5,379068212334637 0,93387413974275 400,7891317523943 2,993587667495291 395053,0100936976 1
998,7517871200575 30526,45534974151 3,9961707287686843 664,1103287613887 910,7914191578672 164,26596940855967 107,47389928970313 60,75817175284155 5,415295025820138 0,9570107435214126 403,0183137547215 2,9881881882685732 389548,2212088516 1
1002,7187838380081 30469,55686841395 4,000237662777439 698,6167033071433 919,4682226757665 158,19013786740078 102,33388582996785 59,76440381104221 5,4139922041590705 0,9562268401085182 405,7875535807537 2,985346054735413 386879,8522799527 1
1017,1874694595758 30735,473631734898 3,9775779430098943 701,7475315098936 921,6059119661833 158,04118079046822 103,34351024573625 59,214397179776 5,394030897052668 0,963305074777178 403,4582198504673 3,029725504989395 385673,4408764177 1
1024,6752788435451 30237,632343726018 4,009547712561106 721,6485175236522 928,7404372739736 155,43971665453424 98,85910519911238 58,800132328282785 5,385757025601227 0,9692993820055705 403,11520111109786 3,0007930936016383 386355,864622204 1
1021,3256465233814 30452,432018890664 3,981601389298565 732,9353877889218 928,4177287032186 154,49593456899615 99,06140872698725 58,75628420028894 5,389712068528811 0,9925889543913277 404,7507280292381 2,9972453074195213 380499,8729513582 1
1012,9617245864926 30527,86406920121 4,003318238674299 733,9951574455243 932,2067149338125 156,42868661138058 98,59784860955897 58,97656278572992 5,387296929435575 0,9889651237016985 401,8814370118068 3,006103912343156 381717,8364255758 1
1015,1341013333248 30295,686797663435 4,017354927329275 737,88815968495 931,2226682584826 150,72466212723614 95,43208291877475 59,117227077136725 5,393673737473361 1,008715603565316 404,9297706379734 3,0137454428663517 380852,54082551564 1
1020,1267942403955 30136,811518894836 4,017967124940433 731,7767207291615 938,4406344541272 152,6240068883348 95,74281715013126 58,777195492795116 5,333366451284595 1,0077634129016235 405,651030594213 2,9934030245286283 375212,30089380074 1
1018,9715879460263 30232,644412540325 4,038611237272284 750,6159524385638 933,5929054707391 148,48630738438115 93,28755769313945 58,03050563520255 5,3337461798095305 1,0136513511325418 405,89176320830916 2,9997021920932507 375668,5916934182 1
1010,5708506289299 30278,12898633401 3,9902503140530294 749,7741463415573 936,0382375368563 148,7026240298414 92,9492781928666 58,495483563642665 5,357821998659432 1,02358448374176 405,4122514263412 3,0318319097354824 364288,24182595365 1
1020,4910261619855 30532,6549566683 3,984073462513704 728,3844519136754 932,6890929308465 144,70357087618785 93,65042187369419 58,95315803378999 5,403238637476466 1,0281628072320288 405,7259520952418 2,9904057918469977 369805,65730576246 1
1022,9320370556469 30401,380272323328 3,9879106969120457 729,3785000174477 933,6257040408743 145,67101070774345 92,94550438722273 58,592284587705976 5,333880636746373 1,0360373436068397 404,91049232543406 2,9963706829667225 364941,10896677023 1
1019,643325655105 30455,85528141139 4,023658571515365 769,9450981553665 945,5345938774606 143,76762278820024 89,40428013728273 57,34301498203028 5,357434939996554 1,0502953931873535 411,0001056114253 3,0031347936775123 362488,97838297894 1
1022,1699905012296 30208,018174712164 3,994431517742325 768,4742619517727 942,1213470616963 144,6895278461143 90,64900460115545 56,865631498117594 5,325877468924664 1,0511059362036963 410,40066205455304 2,9889466651393746 364134,171899928 1
1025,2568811113588 30181,154981431166 3,987363726168405 768,2383609112848 940,536490979823 143,57607964207466 89,45404904083888 57,191678465105575 5,347424755964203 1,0569514165035845 410,9321571282173 3,0137841083709764 357734,89286680915 1
1026,0103729453263 30246,76163895803 4,000531371208919 763,2238829841351 946,8011128771536 143,25406881389364 88,5429933543447 58,08396112033078 5,402010850028244 1,0641339505648997 415,06135713819293 3,002148485123202 360296,6765812467 1
1022,0473242839246 30323,79802871815 3,9596943271665577 760,3160139687024 942,7287916983378 143,27546556500005 88,7541633625636 57,71690720715788 5,412842431802606 1,061822107554482 411,64853761235906 3,0184171949690293 360355,1581208702 1
1019,6023513183661 30430,901766985226 3,9930949715713213 711,555384743428 930,7583446492197 143,01506746012598 86,4285886474629 59,32427515227037 5,396981666076114 1,0676944570045894 411,6735478784687 2,9938458225697353 362579,8992823911 1
1021,8554450718174 30147,59208057249 3,9996951320646086 713,74574702014 927,263368156952 141,41623762737078 85,70044458954864 59,230574843948254 5,392105966763293 1,0776769206539376 415,61019834511166 3,0021240402111093 365018,4660312253 1
1027,8908167927077 30368,07411008266 4,019538211809966 772,1420797108842 943,16314595153 139,37335053318165 87,76425518137503 57,04129291012387 5,388581981745733 1,0949322691804186 414,41474565207926 2,9991893106234215 359275,45341718924 1
1028,9390029678516 30296,121392170855 4,030033495233222 777,2826990545865 946,2311766253313 138,22277154322086 86,757716543762 57,60740230964412 5,404814739149755 1,1130639315900106 418,6386049240017 3,0103245420342164 354358,8876874621 1
1027,7185239606304 30167,547071023313 3,9991490325059442 834,0371865049935 957,1001084471711 135,4046977720091 83,86834980264018 56,48064884592387 5,3197585553644275 1,0879091571868067 420,839419960947 2,998243193832857 358825,6362621263 1
1022,1211440364111 29956,10303435725 3,9954612513531638 841,801317791589 961,4808664837747 137,33796168896416 84,66151139219097 56,493638315869916 5,3594136473803 1,1209891022785365 422,52980493610835 3,0240645333525897 358596,6772446106 1
1018,4386612596037 30349,771528064837 4,001836846191941 789,654690872688 952,7861535613799 136,8543532584122 84,14939924200482 56,12474380411143 5,3624185050251505 1,1135756537693047 415,79663858864046 2,9885052501399776 354609,85412212915 1
1026,7243143826036 30158,884591216494 4,028570729142496 793,2487409233165 955,2777213710463 138,26026420564241 83,86195994037207 57,19804832906189 5,381231803469218 1,1269093836593493 420,7761442177662 2,9947681024893935 353047,9445760304 1
1025,234129477988 30162,85732975664 3,9943073221007377 799,7490754291209 942,6850753723124 137,95929608724546 83,5845395163878 56,6045980243682 5,392331685774677 1,130178635586777 423,25616435361155 3,019588884246503 359030,28122236347 1
1031,0889392315037 30115,37769968054 3,9861989276657748 802,7036527452539 959,1713353862707 134,93231108381443 83,28582852500121 56,74172339696243 5,3499126905236905 1,1211646179786645 422,3190695016273 3,0017215208344097 356985,87931208493 1
1031,4683468753194 30147,702836109205 3,961976612855973 796,3928084938473 955,8632523686911 135,49621309624322 84,02585503772939 56,70522072100966 5,324685922859783 1,140018359621516 426,0867015459309 3,004048137810357 357252,7949309204 1
1026,6419319919762 30262,73813587339 4,000121592266382 798,8490450038335 943,7416570512869 135,13751566818146 81,47767154513123 57,261445866290735 5,370741308874652 1,1398954578794536 431,55507062150156 2,975372285464635 355798,050550923 1
1029,7282704442496 30280,949662619223 3,9904212905028094 792,6228957462546 944,1524539347935 134,24891222112308 82,69345855081964 57,17340492745076 5,364801975204465 1,1481355725172822 430,3372831405986 3,0131441973388347 352204,1341184532 1
1025,4192019271384 30305,823816043147 3,9874904775339908 792,9893820116059 945,6204351596276 132,6423470032053 80,93108786386263 56,99332818705072 5,386008084803553 1,1547794615118894 426,5864431370904 2,986538225749613 353822,33831985825 1
1025,1098602644397 30106,96451580086 3,981976913033064 780,7076916517776 941,7365997651649 131,10480249276446 81,14681237368524 57,29591134141254 5,4039153047875335 1,166916934901119 433,07779579760813 3,0210580725198097 353747,64510302217 1
1034,4050759604559 30314,092327204064 4,015246505239447 854,279662032809 942,4737576259878 131,46295764687042 81,26368555017302 57,56425952991971 5,329271629990598 1,172064392301203 431,29395559105916 2,961151781334451 345660,4693315933 1
1026,5131103364347 30366,8113335347 3,984682107657798 856,5846084388663 967,7411630044738 132,59553680286783 81,64188997940992 55,26411627575959 5,392790571174824 1,1667186057621144 439,65891053007726 3,0128748872707867 348918,5646616331 1
1022,9088265969092 30246,641340568367 4,013757422237819 862,2429332892223 971,5369889952203 131,31146496735167 80,55084158087156 55,16015342178444 5,440168792731696 1,1736024551818236 434,26003449071493 3,0082966776644993 348785,24376142793 1
1024,7836847825429 30038,055746488837 3,9575859246159 816,7720845951088 952,4165793972393 130,29615911369572 81,64740564583103 56,623932423573734 5,360088116255841 1,1778183633371286 433,5526405838833 2,9902612567434823 346143,44183580135 1
1024,4121220180652 29725,159639285994 4,027243737286317 811,2161733710905 949,9968673657028 131,87040550878396 81,2292715127852 56,59656784885377 5,362600430963716 1,1922845550601642 443,6264142285982 2,970850872287765 348011,2386668268 1
1026,1041688350695 30289,1170226703 3,9823549622916525 865,7700973247177 969,9257109468357 130,11475292203406 80,15911453993704 54,98181499420872 5,387575105515375 1,188191668138424 440,3119904324776 2,988800481819032 351420,9065197521 1
1025,8609602817085 30235,55555108203 3,9927841123931027 874,0172640962505 965,1430892286804 129,10326145663797 79,12054817566025 54,796259450539765 5,377921735506739 1,1996898805283782 439,8466977783338 3,0061444189547997 345423,75953760144 1
1020,4521233028821 30133,598531796186 4,01223531221843 824,4274880226495 949,3940819599391 128,48763044518574 78,68290223936424 56,15018555740429 5,377681187546064 1,2029830365203686 439,04394764708235 2,977257877216613 344344,22677396354 1
1024,9474133383355 30423,94824428042 3,996563938335135 825,9651661177797 952,1926639183225 128,0286032442926 79,01689730552937 55,772398033938906 5,370215888024722 1,2196501010718788 446,8644590848516 2,9934695631731194 342774,4167434559 1
1015,3569685549829 30039,90111340551 3,9762575405137626 896,0293270852144 965,8064838861616 129,38593662241172 79,78720558056446 56,03709192295664 5,355338692285477 1,204905020373309 442,9570868855256 2,99565300260853 352097,2350826346 1
1024,321692894775 30258,65907827164 3,9781435600762327 890,3856594279023 981,0407542158958 129,87641749996726 78,61045297664721 54,32624070741532 5,37814961929679 1,2238241327917159 448,36418586668015 3,0244361926507066 352688,27380342793 1
1036,1285796862112 30142,642141988872 4,015919525588626 885,5422827634633 973,1721418009517 129,88617783115856 79,63185685367193 54,86497839013989 5,368541847387651 1,214784693196 448,9740671152678 2,9931168229483958 351058,30993037863 1
1028,7453631826893 30260,975783400212 3,9912160230521385 822,8364169217922 958,707762880453 127,82334882128445 78,32590763088739 56,27832746701602 5,370105595297418 1,2242171751963957 448,6979630033195 2,9989275695684348 350913,17681265535 1
1022,0746553856177 30131,80391536352 4,006956377452418 812,2009904852667 959,1080377941968 128,4608923881671 77,85701972478627 56,178742172581835 5,37266185137202 1,2180929724104523 453,9771767254413 2,988526952841471 351294,4195276629 1
1025,3028521382764 29926,98830285841 3,9912171179056526 927,3641186836726 979,2963119640654 127,07345566906068 75,90523444662011 53,818673216007895 5,3844593493175905 1,2204807464115652 455,54380335236283 2,9904608692471673 352466,8040568146 1
1026,4187893846047 30459,700432625643 3,9522802062367877 925,0528727583152 978,5491367830246 125,79948434954309 76,63559706126381 53,755890217281554 5,3552104372364795 1,231826805941208 455,4768568628899 3,00827989286617 343270,8157378143 1
1022,3566653325662 30151,159263692538 3,9978106643096307 846,2527381841817 968,1918952425751 126,77755297044381 76,92488337616011 54,14807900807073 5,380032122550909 1,2451583292848312 457,47780355357276 3,006521991489498 347041,14651180385 1
1029,3688476612592 30227,790276937074 4,044101367397394 848,5444624560364 964,2287162609772 125,92372041837385 75,94268160146203 54,56684441359903 5,385637269588822 1,249463646945832 464,4267378723789 3,0068968403082996 349601,59407979454 1
1023,7114628610758 30343,956322504255 3,978606273597248 868,861112549432 969,9397415216837 125,73201604752302 76,85465803926982 54,932272960230414 5,365161731435279 1,2474794806488345 458,07658067814947 3,00783507546374 342876,3645927316 1
1028,2591030782332 30165,080644567843 3,9887048538193213 882,0995448048295 974,3388302524718 124,9302141472915 76,77945652372237 54,84225418394785 5,373660409961703 1,2473279843525604 465,98423360726275 2,9966237908823574 344786,34693042457 1
1026,1434616895283 30265,340621577234 4,0201215837079864 873,3315680294586 971,0774164880592 124,2332207055923 76,44179097951142 55,13469690170863 5,355527582016405 1,2581264712265896 457,4293875562563 2,9921146016036895 349110,71375159035 1
1026,2985399973077 30270,473308118955 3,989251542814532 898,6145291419618 974,7045887662892 123,79224833700677 75,93883789449545 54,38319800873324 5,356680356449278 1,2439872606517866 466,02626569507146 3,0026691189508723 344713,49227737257 1
1012,7313969764374 30423,716118834727 4,001596122457823 895,7985572858499 979,6681498060976 123,98708018159749 76,73132731469276 54,7064403705038 5,385123533759948 1,2593037221672707 470,1008511947025 2,993392995924679 347548,24390033266 1
1017,4261939007557 30274,868558789174 4,012105589783773 868,0226795375659 973,473110249394 123,56583848064552 74,87311359379274 55,173093659267344 5,395079042374299 1,2727226779284166 462,03206049851974 3,0125439743499483 343853,2298866627 1
1023,5257135967962 30296,56201021933 3,9970647873135805 870,7695591758927 961,1071573343592 124,44849447203059 75,6998259776914 55,412507220507855 5,356211755003127 1,2725581170651359 471,14466889243937 2,986820635090483 341992,9978276103 1
1025,2293605618609 29778,559486525002 4,0040859331082315 864,620222886167 979,455356643077 122,43772533828145 74,89501133187521 53,99161745894273 5,347275366489919 1,2644655618166312 467,75743322616233 3,0116319396822284 341833,95930896944 1
1020,049214026483 30158,379313037334 4,025600037808364 872,0270945762275 990,5215065443035 123,75970875111265 74,49581535491703 53,648072439144194 5,310049395342968 1,2917605453837793 468,0244329139103 3,034069403575772 347895,36384906305 1
1017,4834863005103 30234,846737089953 4,024297696460784 850,2398397461146 979,5048367035271 123,71520075210739 75,25790280790432 53,93119068727275 5,384817485910236 1,2879614096902798 473,4580079317074 2,98645573383921 348402,032676391 1
1030,9709963234457 30087,329666839214 4,0018388424594455 845,5161431907013 965,0447485392149 121,35283572411512 76,29638006921154 55,766242565364855 5,343012277015755 1,2855676294238296 473,2260496386909 3,0055696907061913 348146,4290499126 1
1025,2799059164088 29878,72406496397 4,006307336151609 847,7006650078705 967,4532949924403 122,19053093233555 75,82684071607245 55,273829205578345 5,42830703334558 1,286866568696308 473,7086534282223 3,0112453436024653 345510,40546234103 1
1022,7774099130222 30005,88284939729 4,020002814126239 883,8518184800745 979,4204821353698 121,43259768058581 73,8808516431854 54,33468557886508 5,348867404433608 1,2792697995298075 474,1182823957571 3,017282652126437 346045,33951006475 1
1016,6349430567734 30255,008428355504 4,0172942962789495 877,337049343834 972,8068971965679 122,79734451506552 73,65285637109041 54,727444191532946 5,362439568442862 1,2935267335520964 478,0859231030367 3,0102676195404756 344169,9655551663 1
1024,377631126878 29978,351234644917 4,00324984133971 955,2107701217587 995,1349618552413 120,7069298742389 74,35216977030824 52,500242901046455 5,371067642337377 1,2968110005156817 477,3081894172289 3,0273617075935704 347198,2107960018 1
1020,415523686645 30315,869365490395 3,9640368413333174 957,1605971883874 995,3966578893501 121,8165076867299 73,68665075737869 52,75526051404925 5,372476773729918 1,2989460114591624 479,32462412616206 2,967376220142218 344018,4072262447 1
1024,2339518725273 30104,522589916083 4,002768977359851 891,1868797718022 971,5745539665132 121,66506678603211 73,65668434836778 54,2399558865104 5,376378800958493 1,2926863995871285 481,0534836378095 3,0026587499813218 345269,5666368624 1
1015,3006620349538 29951,259833543627 4,032348396731719 894,4224875238933 971,1120794448731 121,76371834729915 73,55252224195362 54,8363643718076 5,406545767460124 1,3104561900236797 485,3726817632626 3,015872720309146 343879,4494714194 1
1027,3929304100116 30098,596275043237 4,000047955072108 847,7955386066051 973,8471968303356 122,12731004947217 73,36476658787457 54,18092027612135 5,333373790986249 1,301803385815979 486,2655547508478 2,978848621142814 343430,05805166054 1
1028,3977212337038 30060,09848640848 3,9663642041727485 848,1953975437261 963,2809947599172 119,04110200442496 72,25451984056359 54,95648005715697 5,385165094786955 1,314617654622229 489,846295936484 2,984879265992168 344606,09724586137 1
1025,0468108942318 30132,905391532437 4,008559670139972 853,1532328298395 955,2920816030286 119,28580901666072 72,30165947221764 55,51094482109864 5,355589452055551 1,3266769611683484 486,8846057324948 3,004288434905025 342909,20624665875 1
1017,6678369262866 30053,568042797502 4,005241557594849 808,4764516635444 954,3105243721219 119,90705381263055 73,16193733979068 56,70174225310172 5,343627877118904 1,3136476951795621 486,4658202701348 2,9774564475055776 343229,51037936483 1
1019,5323202971639 30471,95120284722 4,019955740363084 814,9122807419835 940,3076996894443 119,78072375276092 72,66008239813745 56,09643495255465 5,364370983443174 1,3271910808521428 493,3422620273824 2,991654197997156 345241,9318686274 1
1013,5696737702982 30301,11536903426 3,994848842202149 935,8220223517988 993,7453435271981 120,71493066861298 72,49963317771751 53,71588838156573 5,30520756957131 1,3240781623317062 493,8605247554826 3,002067633487087 342550,8969006003 1
1016,6000458207461 30211,571419695985 3,9796359306981355 923,5540105211744 980,1696520880403 120,07091798788265 71,92725278468015 53,42550653127834 5,426298707440114 1,3255420745018758 496,03515342593613 3,0044815733186203 343500,1012840137 1
1023,050771145424 30239,052196244844 4,010836821884926 972,7027851695823 999,6555897164257 117,23361275309773 73,80646256679965 52,92149591149553 5,388109897206747 1,3373231295609254 493,9479702401006 3,019923661882822 344188,8088459836 1
1023,3772397557984 30194,793611530826 4,008217024995824 968,2124303198567 997,4321089467563 117,01412778555601 74,41152773654159 52,11693390400091 5,365814450911046 1,3434078282727455 489,9810448792304 2,9913345681283863 344459,31433607056 1
1027,9308458689002 30328,59101747116 3,965980157456751 890,4144846115278 1006,444275587655 119,31105118095556 73,76197406261937 52,906777801980226 5,367810955272503 1,3340575735307962 497,31835101534267 3,0157105074887007 344055,05437964696 1
1025,9213820199375 30103,217944082884 3,9867751334235924 897,2697456381649 973,2243911282823 118,44152669998986 72,1853029661769 54,348444975624076 5,384128202347531 1,348722399251979 497,5093027976958 2,994345800204945 347817,48679168423 1
1022,2890507836873 29916,73572204766 4,022399949035195 897,9461976125205 980,7703943932247 118,5746192471071 72,10438105923895 54,48545683438415 5,3781653224734285 1,350649797223403 497,16170462150177 2,987879395528201 343745,270158569 1
1025,6537211561956 29882,833095121125 3,985466527006799 990,4275451161571 1004,8991825985141 119,08541955701321 72,02978527916224 52,22556436470696 5,375031818581996 1,3254210268938567 497,29398873573956 3,0198983971195568 346468,03939891973 1
1019,4287903730744 30193,859983899816 3,95740310876315 985,6496283064677 1005,4111310170914 120,49849221995997 71,4824668004943 52,4314404340217 5,361301432345868 1,3447098092045682 500,42636314349085 2,9921694024104117 341674,4212428516 1
1023,8332587874683 30126,10526718828 4,004740785620212 886,8502672539761 996,0839253721374 116,63778722190659 70,96527416964632 53,58031449929157 5,367941717741861 1,3556890048588461 499,12538646309895 2,9825190364150407 344031,52624454914 1
1026,9240983855311 29980,9333324331 3,983586868437772 884,7076393048965 983,1074960638398 117,79163803272904 71,18373957197431 53,34935690789865 5,325557677081083 1,3580321046068529 506,22354913657074 2,979000510111538 346113,05526228016 1
