Co2(scd40) raw_signla(sgp40) aiq(ens160) tvoc(ens160) eco2(ens160) rs1(ens160) rs3(ens160) rs4(ens160) rmox(zmod4410) tvoc(zmod4410) eco2(zmod4410) iaq(zmod4410) resistencia(bme688) Aire/muestra
874,1116213618243 33479,13239788235 0,9983308937512998 41,86195052324279 439,7827078215391 579,9081190754889 617,6210070950667 110,76590718693829 5,459490756251283 0,11359796607501356 423,29629054992097 1,9864227835859658 505302,7825269744 1
880,2648404974157 33313,0285210062 0,9950175060784898 42,13135114530248 437,99868156641406 576,8002863499129 610,4476441104312 110,75769007757626 5,524871564783904 0,11836869850687674 426,6198645696078 2,0113966812736006 506887,5584534852 1
866,177143868745 33148,73974749276 1,011690840806441 63,761784830021696 486,86342310781805 576,2995184946321 610,6217791667748 105,49394742083304 5,474843860988028 0,11842628651192884 425,3478023030806 2,01897937370309 508614,67053542985 1
865,9874814775301 33204,91376939854 1,0048187798272028 63,7918766184846 483,89604066165606 577,7300841996367 606,5869520588342 105,49017572703907 5,452435598381041 0,1228848153170481 424,4573275793339 1,9780502003394544 498403,04449413327 1
874,4674964479472 33284,490355462774 1,995110871649929 67,7608421188431 483,5415686058537 576,7170145343648 611,3822080499771 105,5016756887193 5,440644501614687 0,12465550814052487 427,4092762981248 2,0053894419307836 506807,44806173246 1
857,1438640045967 32861,16832731894 1,9943091811245979 67,91217074267176 486,52703737459194 572,0682456094487 601,017170810023 106,05416708393815 5,476525560830817 0,1285148152998931 430,5648632279714 1,9966406323031316 502980,4617060832 1
877,5762610135054 33242,020793983844 2,0055272504182233 67,8449915853116 490,94295483151757 575,3134905035189 595,7186398408998 104,92701739726087 5,481310103274481 0,13129298433198955 425,7823066780179 1,9897109422306951 503320,72720882186 1
861,9699801623017 33052,173381055145 2,002401640855949 64,96967517737495 485,764060456887 576,740078472505 607,3189469676871 104,85481976097695 5,4428208016685025 0,13020316470814908 427,54705469802434 1,9979921125702498 504332,42539599765 1
880,786054163419 33466,51275582096 1,9887775407585753 64,24537542717212 489,46795598643234 581,7294648435058 603,7165859315745 105,3825620183235 5,478821900233171 0,1370530185250454 427,2321461429111 1,9894328733147195 501005,37395104463 1
880,2392056728077 33413,76200876107 2,0000501276436244 74,88872387334024 506,26410497780984 568,4504999680264 591,8397925309436 103,98719609686512 5,480690968325079 0,13661537779568245 429,2981932346063 1,988676046610175 500642,7448236042 1
876,79846865287 33319,258690578616 2,0015407368933125 75,0295477841414 504,86158651498073 571,4695878393771 593,560359258233 103,36847765976573 5,473726940553499 0,14256399137599823 427,61286002905064 2,0004009724927725 495141,71256383206 1
877,5816056618071 33397,6963199181 2,0066312734250644 79,68231905132501 517,4957960317626 566,4328215472414 594,4551111181421 103,87804503332343 5,442274044746632 0,1431118807403862 429,77059219576137 2,0048862340969604 501032,1720725615 1
880,2169902593982 33307,00121571612 1,9876624434968118 79,31713557165831 516,7414412934912 567,9890244377434 598,2798577858956 102,51483100491392 5,481372767765273 0,15042567748862434 427,46579512300383 2,0066438624372713 497038,3399731038 1
878,3099842974693 33297,706228135714 2,0001427388565634 65,73035297920713 516,6057339685042 570,7115926499296 598,1961986119278 102,66547228002263 5,447592171948034 0,14976829195354857 431,27530948477465 1,9924813932496646 500191,07968590845 1
877,1799680244342 33121,95359977238 2,0231126947117337 65,80624674248116 475,74325526992624 566,2461675923281 571,3162683935304 105,63047150376354 5,469140365353155 0,1564595620515189 429,43643245696376 1,9794956380642403 502851,24270125624 1
878,7356412930191 32960,10362061319 1,991138928700662 65,54495131808004 479,3648268335015 561,0717109620873 578,1765377162008 106,82601028210841 5,5037012390520905 0,1564033028665809 431,2843214346738 2,003046038109427 502432,1356390314 1
885,7197869672123 33327,702188002804 2,0134225805585193 65,66017008051085 488,5110497689039 569,9948014447059 591,5631733667726 104,15201472980758 5,45129736306399 0,15800811870528986 429,993018904375 1,9995896612046542 505496,2382775616 1
886,8133840839266 33378,19066063017 2,010640333643709 65,11211084093009 483,6185125448981 572,442240351661 585,8381187130994 105,97715715934608 5,4601300618991155 0,16518666855142897 429,8775915103201 2,020681736902147 498593,55083621334 1
890,3994793968062 33171,85792885757 1,9904198528754808 67,78657141445797 492,91440570438886 561,6668534236348 576,4822789197806 106,05096388449668 5,568336715433635 0,16442387108225417 432,7636479474047 1,9999219621373319 498849,71456629515 1
890,8985436639197 33103,564986222846 1,983319890986091 67,52490586299295 491,5844636788273 560,7310198904574 578,1728592206841 105,35755747131263 5,4630793538101345 0,1724172566508012 426,4626722552902 2,004162489791088 500457,29308450595 1
888,055541856717 33306,778986613484 1,9897705705282187 64,86282725879512 487,762991494429 562,0677201935174 569,2853249034137 106,29417948205163 5,488145825790204 0,17256927452778012 435,20016712081355 2,010483734717826 504989,92788781045 1
885,0590990490779 33242,07447516935 2,0050455878046822 64,99359408456465 486,0863814757716 567,0096685517319 571,3877616092192 106,0861906451455 5,472347614085932 0,1806403054567151 432,56519857472694 1,9975643608087477 499848,47297992953 1
889,8804834474818 33200,73889877312 2,0005592230853013 65,09238288852092 485,0988581521792 562,914958777242 574,4640898515723 105,48822700766569 5,514038169920625 0,18240798090613933 430,86549119041354 1,9905889811853992 495521,9333262974 1
882,2691120518988 32876,947995982315 1,985628091726153 65,07058547190208 484,7892087758267 556,1715228505999 563,9428857339713 106,57851363648452 5,459512466001727 0,19248345791305987 432,6986994728306 2,01104643505598 493318,9079916974 1
897,4649467575829 33411,6646370597 1,9964049677385551 65,67672173443245 480,8179354862017 561,2577750809811 561,6815212344962 106,43875068999235 5,4939321342862355 0,19157909138414583 432,6257859024154 1,9877146252160935 499163,0713670618 1
896,2492777100252 33449,76039551374 2,005787640563252 79,540552251627 515,4456383033187 549,6793233868796 556,3163065937241 103,39151599061914 5,510711839706163 0,19221881070456526 432,0248217282039 1,985994113192431 492079,5037970214 1
893,5923302722589 33116,000064651154 1,9945815259517015 80,2382188974859 511,73067736349736 552,9730271498887 557,8690739722169 102,36387597770201 5,437997303702585 0,19993347486954774 434,0455657407571 2,000160111181282 495182,8705803458 1
888,0276966806848 33400,431207138965 2,0001750153711897 73,49398139599077 505,3095373316578 549,1611228034047 554,0014781829741 102,74448731435386 5,437570131839178 0,1987245183946598 431,3439278551601 1,9889914107915538 498060,1507246374 1
885,8772941707327 33764,061626552255 2,0164608300339153 73,56503421663534 504,7176013776049 553,2301720527338 559,7963966850714 103,88340550351067 5,4463155760811555 0,21015121972455797 436,50024050021506 2,0140211208913317 496755,3474458721 1
888,2336209951072 33246,95512601642 2,0049482457630647 71,78243051728583 498,02170815848575 546,7070818605094 566,5771031547558 104,45938488508055 5,4576049949095005 0,2061131922523334 435,44819574556857 1,996626838467693 496560,646392973 1
899,4931798373093 33313,580173445705 2,009201140931361 71,04734880995373 496,87439532706816 549,7900451534518 565,7262258451509 104,37465594970642 5,422608896486857 0,21669984557558114 437,01015679206 2,0055223238783815 498339,6978404181 1
885,4317120152039 33178,411670871275 1,998859344675469 79,45170451927694 498,349310525013 544,5034955566042 566,1091692286761 104,11052951000693 5,511993614745391 0,21814205033004552 435,162884049267 2,016506114543857 494192,54566152405 1
892,7128346531946 33375,00581572594 2,000026537816746 78,39762070323846 545,349338745077 559,4242388653194 561,9349205207936 99,95171521459076 5,470016506195948 0,22732781995884044 440,66547115263756 2,0026688757658513 495521,1460503519 1
896,8246195008734 33375,19520726383 1,9987665775370016 79,09217077932668 537,0265335758422 557,3224200151392 552,853604216259 100,30997937587772 5,4504677655241975 0,22509171885451182 436,5921766670949 1,9876240172924593 488963,3704653816 1
888,2261938317848 33089,79447178666 1,9866935016848568 72,49005360311838 497,45319073592555 550,9264314016544 554,1927804124451 104,58959782474858 5,473491472945627 0,22751065089966102 436,96165343316284 1,9869452697246592 493947,3671795339 1
897,017658835584 32845,85414172401 2,0158002258160495 71,97162672684111 501,021916784671 540,7638155468004 554,3211134993834 104,78842741803818 5,442132561991457 0,23518197368315616 437,3599860666317 2,017552679559462 497945,3988042198 1
889,7764812670453 33286,17154807187 2,0085941454761302 76,85811876264576 508,63274005882363 553,3764968911664 551,6412805739019 103,03422373648351 5,507665813085089 0,234540603477 439,33474862657823 2,020018667423984 498704,6350892614 1
889,8171599241853 33182,17914709569 1,9997061870993786 76,83406247123463 509,0397021407545 552,7771063827315 553,9959429199519 102,55422918082712 5,49693183961981 0,24328186104258823 442,3415584065372 2,003353991612033 491110,03331308236 1
887,0924470301763 33164,28027954761 2,0048601594762685 65,96304991918882 490,86606316612404 537,1432816895793 548,3650426180172 104,71396300264112 5,473108015384333 0,2461311887321036 440,65535675776385 2,016908341064222 492795,25156588963 1
897,6921908938436 33235,02593149827 2,005744929626643 65,6161727686585 488,9575880578377 544,001160948019 546,5270107611855 104,1828984790791 5,447805588354567 0,25577873704724985 446,15225913703364 1,975249535415495 492020,5412107081 1
886,7105237781476 33211,266557285286 2,0057798072783997 87,19471283806787 490,26499627580154 541,5041490659025 552,1924380937782 105,67941077546038 5,492754084230964 0,253608683576635 439,65882993625917 2,0188536185701906 493470,2752298949 1
895,4514283953068 33293,96099997714 1,994339921382835 87,84198144786369 525,7316758155372 540,4191223305512 548,6416022372533 102,17031844628309 5,445812772785047 0,26266018979342554 442,50527540163444 2,0164631943767053 493192,3017972552 1
896,8038694509114 33240,82452758194 1,9930474279195811 87,42499756111658 524,2661355853206 546,3396059828657 545,22213068038 102,00972375688384 5,493812822773154 0,26735733370895276 444,4676992987714 2,0008646920596904 490360,5698628352 1
896,3065985381646 33221,423813035326 0,9952568743110229 59,717785526987 476,3327401797484 531,5704259832813 542,5907619810858 106,53265921859293 5,435448745097651 0,2634724123071067 448,5598143291873 1,9923814765177246 485314,6519133027 1
893,1801773523621 33164,09144407461 1,0040497163028608 60,17700927983333 477,31467327438605 533,5889555428054 541,3747522104442 105,95873237171553 5,457714047361379 0,277070917192966 447,0316623191417 2,0079956733124327 493494,96738967544 1
893,7155104899208 33012,003695028594 2,0072886272028323 76,12648095419756 505,9901859758194 549,0914833688196 530,6833712084829 103,23915643876626 5,438496446767155 0,27579156917276887 449,55876179203887 2,006231937844401 492334,79582764336 1
895,0492277257534 33450,3966143367 1,9959909607524409 75,32469669165702 510,21913368275153 549,3235442755874 528,644794611116 103,28761238723266 5,418438702042781 0,2850299295516566 446,59537141623156 1,9946877087272448 497625,1025377432 1
893,7867970626056 33509,66274232893 1,9917585776301003 69,26802018734047 514,6708204805426 530,0464471330345 523,6674550733915 103,04647775615439 5,463888172538891 0,28669885234019743 444,45976540768305 1,9865678091667693 492781,3499157146 1
885,3942174639335 33405,8159149073 1,9970828688062658 69,08142483774733 518,4578262276775 534,5825154043639 521,1767866587069 102,19123980233653 5,45037046639669 0,29506382628083816 450,3680883200456 1,9879638917725688 495894,9430049571 1
898,5209884782832 32940,992561425424 2,0051608769060474 88,21647456798382 516,4916684840182 537,7467128320718 524,0089098119056 102,27513424527368 5,453829203094746 0,2942252429322445 448,7043738060123 1,9777944100523321 485524,09621959896 1
895,8130359790304 33303,06913804484 2,004165218839205 87,68398596938147 530,1221961973506 535,7524835017944 525,5167610186943 102,29014421236096 5,463649218062133 0,3065247777630667 453,21518607166354 1,9975667547007427 485038,02248461195 1
895,5964549742288 33208,56410920996 1,992498231030922 87,13794876193273 529,165603180026 536,3121379048234 528,0950542656668 101,5945019903657 5,425380646970108 0,3054451830009624 453,7337413419875 1,9873303903861113 485138,62896436075 1
905,8020078450057 33532,14898232461 1,9956772165801822 85,80665248597724 525,4201416102752 532,695061323919 533,6279510815723 102,01231169964873 5,50224305209958 0,3054494704115397 452,4208847920969 2,0071249690502073 491993,3959397415 1
891,5457048040466 32776,05152169191 2,0091316654523403 85,94846384644593 526,051822561133 533,1774561354098 533,8997917720502 101,93139327275665 5,4505726969855175 0,3147643290618787 448,5311232877992 2,0057443094743554 488454,51250178646 1
892,511269483198 33270,081466714335 1,9870495976272375 89,75871118040399 528,8267174950738 530,7941870617018 524,8740294737561 101,89222581610967 5,4872786535324405 0,3160904293610494 453,5845439302927 2,0080561898855445 484556,669310393 1
905,1000707758376 33024,48465841645 2,0021093348469927 89,13745342516779 530,3874876745333 534,0585206116363 522,3820123819007 100,60822710548528 5,500039130250528 0,3211603360576532 456,46920159576626 1,9998985486263934 483138,41084777476 1
889,7494896813159 32950,15994429749 1,976031787230273 94,4024261859924 536,4109048433852 536,4881854205871 530,0296030772593 100,21249576033739 5,5001878790148355 0,3222960436221014 457,4013604498334 2,0122223674637527 487066,6633811627 1
895,0625731410635 33130,055308600095 2,0116458335981164 94,5397785911964 542,9864385198812 534,8254909047071 533,1520876155978 100,73498329597315 5,451668064013009 0,33312964348370905 460,96042674405373 1,9925718902814589 484878,27880979975 1
905,8279426185497 33239,60583286133 1,9913503642359092 88,36821250402275 536,3957656473472 536,197009517249 531,3372626034974 100,09175135826284 5,463761027669957 0,3330089473174348 458,37370994776444 2,007665227035709 487219,76471092226 1
897,208435867839 33331,99734809523 1,99325613077432 87,81052833587273 526,1991028651018 530,2792889274295 519,4894519488139 101,30100122717928 5,447702378821666 0,3413223642522923 459,9899832657092 1,994856864597271 490753,761591941 1
900,9516875247996 33387,116761689394 1,9899530496722495 87,97422676012012 527,0347142218686 528,5084445126979 522,7105928577172 102,00558495466348 5,437521416975012 0,34313257946755177 463,84704328151633 1,9904015867862843 485046,2584605366 1
896,8974917894834 32891,31549274303 1,9991157119129053 79,93043556783442 511,9224187689837 539,0946684015336 522,6264613548748 103,04785188585971 5,493677041696177 0,3433018869974058 460,9041872265927 1,9933056506453746 489129,4766117413 1
899,2781143304192 33092,373729821324 2,0036079755689533 79,92468465687219 512,9625290713592 536,3549186668533 521,366571472416 102,39258906369939 5,471017613398313 0,3477878270532154 465,4644968693032 2,00966939533737 487845,80781787727 1
904,9256971068913 33505,14707940724 1,9890564565602644 99,76022136707805 546,8337613906725 531,7373734947431 507,63298960683903 99,301794500732 5,466330981846616 0,3515242055180275 466,86553769720194 1,9858596440504765 482470,7188344539 1
890,4293040671665 33335,78552467125 2,002760952709941 99,77956525128907 548,3004173737411 524,4494230110429 508,6147848940337 98,19766841795182 5,453166490292637 0,36145149560518447 462,3295539778957 2,002149977712764 487182,9865654989 1
900,6639667227558 33081,61166543821 2,0061013770196325 68,04579812778798 512,7389213175018 531,2148869793655 513,3197338458265 102,91224631523689 5,4952108192383795 0,3679120947115708 467,590297409731 1,9831298783260036 482416,18166050524 1
900,7861284026208 33285,025093672564 1,9919705854119596 68,09264429510444 515,9547225259714 530,4436559082488 509,03193112801085 102,73847746148166 5,504035428778559 0,36804028699403385 465,87632517817593 2,0082596943944373 486977,71547799447 1
902,0394266260906 33210,64404234047 2,0130032784131746 93,39372351696458 512,7495584603228 530,492166634711 504,79165206948244 102,76378413972073 5,504800994047228 0,37141033131540785 466,58141691602555 2,0118095232644677 485708,4591595352 1
899,477946421999 33087,40998534778 2,004353887536609 94,0756101399026 543,9312250118925 517,505867851538 515,2165361976554 99,81147470827455 5,465816603168539 0,3821078492105142 470,30124510048626 2,011932568141704 483304,21389582707 1
902,8317673338757 33559,45566210417 1,9962261890704474 93,48114482499831 539,188898204259 519,7410647288664 520,9656711484822 100,98887200482423 5,435486106217431 0,3781030084284688 470,9195151624097 2,0166923062061186 483479,551842199 1
911,8133036853851 33217,05856873788 2,0175748604942148 102,19733480084652 555,0684055313151 538,7928342088059 515,5403124365685 98,36977190691847 5,433424643360361 0,38053321384586664 469,0342092662356 2,011536649381473 482331,32187911205 1
903,2812711609021 33111,80614802152 1,9944635030069502 102,74435578652667 557,6187190197991 536,652668354926 518,3067085452905 98,27664401273292 5,482771349569019 0,38567405416166495 472,1749091303205 2,011196007362719 483081,171571268 1
899,1091134109344 33101,61615654124 1,986356688525167 95,93746868288768 543,7019437710603 520,4946479823265 511,5310972665653 100,6097014236522 5,424774166613613 0,38880341171422206 472,1924457337461 2,0195562247894534 485382,08229993534 1
895,8429911788576 32795,698833325994 2,011981902140695 96,15442050005595 543,8229505147725 521,646273500602 515,7904146413232 100,24183990021608 5,500111134831635 0,3944647654009768 476,82776362002454 1,9890791239904915 482283,9975944805 1
895,7277055573835 33217,07297827478 1,9989349769263918 85,39584290313451 530,8874504001699 524,3137546272857 512,3049089056351 101,26737001564679 5,447232539263476 0,39578273476753306 476,9371349880561 1,9929088464212574 480094,6986914026 1
893,694017478829 33129,65510854651 2,0085255113374654 84,54629798979236 528,5518122145736 521,3023539550652 507,1063571747598 101,2324613905949 5,475408271648444 0,4094513799332902 476,06222231367144 1,9852097977034873 482725,4911231488 1
903,2890963612747 33372,66650549027 1,9994852096764257 97,83982472135375 535,5495969984087 528,0526481441963 513,407752722866 101,17598176678128 5,482279030364877 0,40991994042192037 480,6316438939091 1,996837833297125 476883,04274988355 1
895,5859827516019 32997,75386620228 2,000827833643125 97,95472875925014 546,211932243775 523,9688978173309 516,5083880802856 98,68960536173752 5,4915543584273045 0,4158682828556946 478,52176778316965 2,0008153465933223 481951,94809108553 1
897,4676187265088 32920,80484977797 1,985472338648203 98,41103369276371 543,3540488296088 530,4767041230506 506,4709741769295 99,31304752432948 5,497609321066869 0,4131749303038523 478,88473969463007 1,9879175632382424 481662,0369637078 1
902,4662745234559 33281,982091563346 2,0026624654763507 86,02441888747407 526,6070350576597 515,0026539601537 503,0523234865457 101,17312609916014 5,484769608105778 0,41438307618359194 481,6636554879968 1,9937137940296303 480602,3954611198 1
901,5436523663583 33094,186992632756 2,0080087386851306 86,22711749587789 523,4691547024786 517,5351114421413 506,2877268741334 100,98470168787748 5,444995423012423 0,4211044340477644 478,9624814032221 2,01414375012115 477002,04268179124 1
909,4226278650674 33119,16325357928 1,9972727012811304 92,01553406131688 531,2306184370218 520,5650960576968 502,9936874240344 100,86374039919879 5,499873466559697 0,4188599298479439 480,4850895862054 2,0007139030587138 477778,1254951381 1
901,3694468936026 33272,255961630304 1,9878267844251831 92,89848904188476 535,6495360425481 516,2397275316425 505,53388556911744 100,71631408742081 5,475870869157123 0,42650772288702754 481,6782182194304 1,9983053697531041 483982,30717810313 1
895,1146652943168 33282,5635332377 2,008080672465492 96,22653358059547 520,692759682417 530,1805011843479 509,55520952951804 102,96161219705836 5,492069599170037 0,42731617011469536 490,9469140960044 1,996916213228306 478813,95565696043 1
903,1380619438169 32899,50000012107 1,996458796952278 95,58434639031344 515,1648773844285 529,4373741837464 509,01960134383717 102,51644091603151 5,522899768660549 0,4351670429049511 486,9932108835422 1,9904018830226837 479222,0844294745 1
910,7274537804685 33019,98411746532 2,000513386509231 86,75696860294586 518,8166768730338 528,3368778799329 505,1274118124729 102,7188851920912 5,463970395126324 0,4369273834125323 486,66255407797365 1,9813914712310743 478607,67740812595 1
905,3285410136635 33122,32933407462 2,007034089591204 86,40678095513859 531,6469930575063 517,4769588786363 492,93302689242535 101,67871365102012 5,476257331858044 0,4388493342966509 489,5762620471619 2,0080065869327655 475136,6147877248 1
906,1283372332659 33060,100371746434 2,0146876855201867 86,29478313835867 526,3911424269699 521,2400821273695 494,2151018568607 101,1755183288453 5,464335436635304 0,4420708214552103 493,1169748623884 2,011899771233301 482472,1168094964 1
904,2522793906352 33280,72296320778 2,0091840413374937 104,94837319709698 559,0994775838457 506,4649994574868 490,0854414662225 98,79365673900173 5,460693688688128 0,44354083020296026 488,1394542841418 2,0008398369484963 480990,99945894064 1
906,1289084017014 33104,55622122657 2,002087336540287 105,23245092147413 555,3066845881727 511,0051053901374 487,0654816559115 98,65340771355996 5,436273954183351 0,4487069671806403 491,09240668558743 2,0036145457600822 477346,56080205605 1
905,473825654565 32906,72946082957 1,984197271976705 82,75562963806217 523,7483476450656 520,0105029272347 492,7891152063139 102,24429836309294 5,419298274828563 0,45269489162210336 492,62513834261074 1,9965682262873603 479764,61196572275 1
911,1216649703217 33311,80678849578 1,9866668466775184 82,8806765176543 514,0983644230427 517,4659196565681 503,52283861317585 102,01597657529376 5,522621265036166 0,45759495146304824 495,1587879314181 1,9919074540530592 485441,5537549287 1
906,6187716245323 33029,7768658475 2,008624053349268 83,71374154282371 555,7740960617796 521,4683863201977 503,4902746108657 98,61761365787802 5,4843961223923605 0,45185802192529284 493,9766858626156 2,0212132203786832 483034,46418100956 1
904,3289769298033 32895,516108793665 2,0097156847137536 84,37298650230997 552,0122864441679 519,1387218323407 501,7629877610622 97,92147197939809 5,460138317741718 0,4601953453206045 496,85054938975526 1,9881719059676906 482437,38797163876 1
895,3768102562814 33068,11205916037 2,018827703297245 83,12582119560182 555,2071176706878 520,8806025392365 504,30918505820154 98,59860813964214 5,46456110181133 0,462017059626187 498,3731290526172 2,001306863363454 483445,66314624436 1
904,5316035509953 33128,15170525436 1,9986932933770198 82,0899967157284 522,0290292300812 508,6797118702489 489,10414583051676 102,52532603155221 5,512200255427059 0,46465060149360726 498,07897155897143 2,0013195028353947 479451,78017564164 1
905,8435288480806 33267,225537018356 2,0012485381854614 82,86116028777909 521,2240595366553 503,9614633082844 491,75435311266136 102,24748492000465 5,519907600689142 0,4677339959499156 502,24705288888276 2,004330970963302 475599,15751224244 1
906,1846665480489 32803,12998862866 1,9953144940931054 107,82388364385233 561,1977764521884 510,5170695470122 496,0698567352551 98,37417610220776 5,52181975999043 0,46917474250570085 499,7363630866931 2,002336654628304 474898,94348408625 1
903,45289364381 33169,915213471366 2,0085842217612213 106,75419352900535 558,5511938413822 511,50261162239366 495,6357927454624 98,77955933511836 5,459320869925467 0,471886746744365 501,37563957744936 1,9884614450975369 473545,8350966034 1
909,4628862635196 33069,32822222174 1,9927445057695357 89,37159268116004 529,5899723637519 516,3517062367835 490,1138500598088 100,98750805409159 5,470758381984813 0,47300931417275494 499,8718231199123 2,001232760535311 476243,03209733294 1
