Co2(scd40) raw_signla(sgp40) aiq(ens160) tvoc(ens160) eco2(ens160) rs1(ens160) rs3(ens160) rs4(ens160) rmox(zmod4410) tvoc(zmod4410) eco2(zmod4410) iaq(zmod4410) resistencia(bme688) Aire/muestra
1286,884057175296 32803,721075612935 3,021066801830929 359,38192705075534 810,7849396130023 417,7991917124824 368,17466810041066 75,61014449902271 5,378648586049057 0,059095088659374836 404,4941926688665 1,0076963671939232 417407,771008567 1
1285,2939762339163 32593,195674365146 2,9905727936662725 329,2973359681473 818,254724697137 419,5206866292464 371,1246290616804 75,7097742809668 5,3849236259690665 0,06027701763094102 405,16428870681045 1,0006246696075751 414886,8253355559 1
1280,928990509458 32162,934816873414 3,0139930427144286 331,4162577224904 812,0054327771073 424,3909482019519 372,86426806528556 75,16673785967095 5,392448222643646 0,06264965348539885 406,41062088551865 0,9972460543230142 418421,70159645303 1
1287,8530831074022 32331,631387586778 3,003911659085004 334,767474326294 815,6346756169563 415,9345452906425 366,33416689660476 75,70591262057516 5,356467934616675 0,06252166804929413 405,54946298557167 0,999680206474987 419216,93949967274 1
1292,8333368584213 32258,253757894523 2,995583491182967 333,05737960563994 811,2171513744173 412,89979160307786 371,6513697132708 75,86175915420276 5,399746769854303 0,06564669441201831 406,716422180501 1,005089792440073 414706,5485952231 1
1297,6686601325905 32545,563113745153 3,0042348628827265 345,3428721049526 813,0983140524387 417,1857886287185 361,31269447077483 74,78832245650315 5,378280937717349 0,06534270112177107 408,7353833209647 1,0088402752134138 416736,7332540406 1
1282,2734256615304 32594,05611844354 3,009159612783983 344,334547880632 813,5608861681714 421,55706618685093 360,5795840835648 74,85220714619969 5,3383291032047175 0,06790463444414843 407,19448460775754 0,9967042446202318 414570,438875807 1
1291,1059561965492 32387,25362922495 2,9962894036492433 370,34978182164696 807,1214322174371 418,298549205891 357,5424808029406 74,84569436982014 5,329647159224645 0,0676853781233285 410,19482729453404 0,9943787931826614 416731,3919787303 1
1289,2818921940695 32562,10275765642 2,991426945551839 372,3033282738015 815,9508535480203 413,6783983716431 362,03120267674467 74,14305134855934 5,337345193995704 0,07077062814117997 404,8486652422088 1,001699379810871 416637,3614999597 1
1288,58316872236 32477,9090393728 2,9961884766359885 374,77397830888265 817,6364795588828 411,48207449007043 358,76407058500223 74,30289917234853 5,359643892415379 0,07028485163152341 408,8479198615129 1,007194202974631 414957,16499353026 1
1287,8533995468108 32417,859794128894 3,021307918663714 383,39640220855944 838,6884216423447 416,7394535828557 366,0974023113522 72,89255922912216 5,339456024148648 0,07078594898580816 406,0746913623019 1,0008328268127886 417855,0237177061 1
1287,3641549188083 32394,10739957124 3,01154331940145 381,5987746989954 821,5936787263754 415,7402705098128 362,0588416617596 71,97276392048629 5,375156942007178 0,07245460155466742 408,8023624608799 0,9900043843546797 419609,93803968234 1
1283,1577660686435 32459,37652654029 3,016488914899851 349,7249671703201 816,2437814215623 411,5419576639163 358,4948550856731 74,17036292277697 5,427434616263248 0,07293983728346831 409,3802041846929 0,9999603694478565 415530,5276354563 1
1294,991305730105 32505,74181908389 2,987460798876892 347,75923668228324 817,8742071513676 411,7598295171595 357,081140053499 74,95860508303336 5,369151857183524 0,07530645784156004 410,14807313566365 0,9987836242905087 412069,6427892891 1
1276,0305649612992 32304,170979849747 2,998805389569433 352,273753178881 815,4010296846023 415,8571409297317 355,39231023066515 73,94736319791043 5,35218857425281 0,07550274309200757 407,5963420785091 1,0054875270939776 413764,72517402866 1
1284,0283653245956 32590,82277069605 3,0030324328399427 350,1618938560665 821,3089109092135 416,57574569146357 357,70344831223764 74,1823006865757 5,3762064326179875 0,07749326711091384 409,34146790066256 0,9970939253335941 414059,4406231473 1
1281,2567120936953 32300,37267893813 3,0179869705887574 391,9137481213588 822,2318273904403 416,4138298209346 351,53684156084984 73,98694294740064 5,344664296790703 0,07853659574841433 405,86231336163235 1,003457207038714 421004,8235225743 1
1287,059585891578 32411,677590959385 2,998228984448447 389,8181395072206 821,2103922644992 413,1806368370151 355,40844528480847 72,1968560668361 5,344148846112538 0,07995575977613928 409,879956364298 1,0053919527307362 418798,85691764776 1
1279,4009197714347 32545,136912059294 3,0033351342306807 386,9462477066299 826,6509633190971 413,615567044098 358,1857402180988 72,46022898918268 5,401336345731108 0,0801334658937688 409,5304778764594 0,9937285956685589 412643,6259078458 1
1293,8845261020767 32286,849509208416 2,984661958764918 356,3537335872998 819,171157048154 412,9415825098592 363,95520463722323 74,56570987605234 5,3908149355350545 0,08041337538218743 408,30806640221437 1,0069596287372127 417073,5342166489 1
1285,9484523551482 32503,212487348992 3,012604092657441 356,2303943542755 817,9723000773705 409,5636177311282 365,3466685130721 74,87843868814284 5,359266906474314 0,08264472289017533 413,6457959339105 1,0059773033696537 416229,61838395655 1
1288,382236512483 32470,002486554247 2,995051132285192 353,4530406938136 815,4840554284373 405,23206591345763 354,2886075188895 74,6413161218555 5,375016082730623 0,08226717342927437 414,9714418822188 0,9881343312840594 418409,64234792517 1
1286,035078266613 32358,04379054579 2,995791968273066 348,20169351914467 816,5792657089565 403,5627644160781 353,3396052038441 74,36970185722598 5,395523845667988 0,08515647867283764 410,07536807753297 2,008655190439183 415893,05660470156 1
1290,3741467856244 32597,306947870627 2,98972634889358 358,2546521440756 821,251593299236 400,939579712526 358,2186397254476 74,23155137440258 5,356786101873356 0,08489136725316557 415,1145992502253 1,9921904366392171 410474,67241122026 1
1294,0592297869189 32481,905162574283 3,0086642256116187 360,1699557738368 821,9265007698694 400,2129655342521 356,900377912781 73,67620333591577 5,386173851192286 0,08668869524544325 413,17009797850784 2,0171681868295614 414003,07312020665 1
1275,995037718481 32337,74033655788 2,990941645080712 354,6098722467848 815,0853539718748 399,6952320719759 356,31931557014946 74,11983366468334 5,321436740161654 0,08735642745768599 409,5318362679942 1,9823512262145213 415212,5991262955 1
1294,7742604960906 32517,676131989025 3,0008072078664547 355,08824814280126 831,0860950947124 401,2117221125894 353,3337385510434 72,66429132597558 5,341656545076356 0,09020464718897227 414,6701051585454 2,011642637609657 416936,5014262728 1
1292,381239427727 32551,803969193406 3,013218249919991 355,1622827578802 834,4573426930494 396,9728851496612 355,1017588410329 73,09235514748853 5,393045586207336 0,09000421332952811 411,43887393406254 2,0064130251343015 405310,9241020046 1
1298,0688847605577 32461,111762623193 3,017056658670902 378,3924755409807 830,0493258152322 407,3720925794816 354,4958131583062 72,71364363497199 5,352619678845807 0,09026348131308026 413,4676220776328 1,9915597302181043 413202,9418481929 1
1289,5374669709672 32596,989176444335 2,9977943624872614 375,221103946778 825,4429295239672 410,64824424329737 352,68753023329816 72,85513914360018 5,350116884320247 0,09141619972952911 412,3894734691555 2,0109567373066017 413607,7370082427 1
1287,2488124594288 32250,15311035885 2,9663787186291644 352,01724356565705 818,929541668266 402,0987774240743 351,35610243100956 74,23341426974088 5,383822297904769 0,09144492497727592 413,28632059741886 1,9930299144645667 416730,0904421936 1
1284,43817146108 32332,015000306645 2,98959006228187 351,75507551882487 816,3057478883907 397,5715072226929 352,48176892881224 74,49114487318657 5,344891264914345 0,09334078573971046 414,92934869881947 1,9850965281474628 412292,8191435112 1
1292,9238495714321 32685,826572605547 2,999383068866341 373,8628436477616 828,6131198554125 401,35074795618834 355,17360960169543 72,82820208114319 5,363367806059677 0,09442792455812098 414,6897524999405 1,9958413605247958 414552,2122883792 1
1290,2758195400058 32545,859566192386 2,999212393914237 376,3455527062419 835,3852877205943 397,10908312535724 356,7123498304901 72,85382526504418 5,3285910392673195 0,09569141507876056 411,4248831372087 2,0133908157910105 412461,3787014432 1
1284,9150420134456 32613,730799229714 3,0201233632696507 378,19074097916575 830,2554921110686 400,4992506420757 355,5080436394553 72,36337934615891 5,354115374436168 0,09583098638089044 411,2346264492113 1,995346200214553 407690,7560473279 1
1290,9312483289998 32543,343415731437 3,0176061891100217 378,48799389553767 824,662304300386 400,98425714114967 363,58513712595965 72,52366840748341 5,369357977592461 0,09777379120631084 413,7244158023962 2,0057585984165818 411803,0461226115 1
1285,3635708248446 32867,501993670565 3,016328642349481 376,9418179496998 828,314008482254 404,61246235692767 363,54266229078013 72,58918731148299 5,340079452253264 0,0971046000564945 412,2353622361005 2,0121476177701507 411058,8832035286 1
1285,3481294382464 32570,25516428915 3,0213411589219024 371,9887848391719 824,1111632501282 392,167339275944 343,9438673131986 73,05299556786517 5,37358485971533 0,09792606065632452 414,97123546618883 1,9947442215465812 411080,05637401814 1
1298,7662044310407 32480,525936429432 3,0119955403549694 372,73640817518515 830,6096378847706 389,1899188311195 344,90416729147233 73,15895567034163 5,364329147482642 0,09893118485424754 415,64854094442114 2,0057891312367016 407439,5205651101 1
1291,0839762721262 32301,109426636594 3,0251404222504727 365,8204642251967 827,5409855528198 392,5516740446512 345,574955123055 74,32751017183729 5,401060044511617 0,09931208029918567 415,065791710135 2,017222340686784 412631,5059488954 1
1293,9268488994949 32101,886917681506 2,9958060325057145 361,09153297858154 819,0491428916039 392,779367438647 342,675388028605 73,58675727187796 5,386939190326563 0,10083181026728327 422,17272091171344 2,0091515170010363 410866,68286319496 1
1309,4642989981207 32662,84092870607 3,0172436330698074 352,49209185618446 819,7393088610727 401,16076530729674 346,33762570720336 74,42767016314507 5,357845466774223 0,10066883916152908 413,9072905005585 2,010091498786972 409668,21851171576 1
1293,699920006564 32669,199593249512 2,9767322370517477 353,41238998151647 814,6724696057338 405,2248809583561 344,73404589023875 74,28168239343941 5,378090869041226 0,1025358830699114 419,05892202186465 2,0040227654100917 405264,7101877481 1
1302,0106613406679 32211,13095258772 3,0057949295184265 354,7442108394125 816,1146718123506 402,7569135396762 346,8269203568064 74,05581936263529 5,346102852120441 0,10273007890801719 417,1794850195466 2,000149126439205 410429,15905186563 1
1291,2192552599956 32382,81389906411 3,010858302944419 358,5025711824997 821,5475991201172 408,6126076623521 349,1770846739872 73,79769285794688 5,348513558883265 0,10408610839081345 420,31190707520005 1,9937827879392378 408678,5113606056 1
1285,8640755486308 32257,74346840183 3,0395172709851126 354,2682779188779 824,6277365775326 409,48155566381234 343,05360600182695 74,58631926857515 5,389370616858498 0,1041534607818519 412,584587470687 1,9915553765699228 411137,48033480544 1
1285,5023531410602 32317,53348282822 2,975379100549743 329,93675125948556 811,3214911458583 395,69663927173224 345,0005412283063 75,18001090856202 5,382986489033778 0,10515439406548774 415,76808098013834 1,9866855526098453 414663,8128848627 1
1303,1591717221474 32340,521703033202 2,9900592144542277 329,6201130867046 813,2674550346172 395,36308591500625 346,65231273253204 75,37055319835689 5,364519559600561 0,10574195520561282 417,9390083125351 2,0018014362776944 408411,9090746276 1
1281,42447306757 32445,494287132577 2,982206632720525 348,3323916830079 811,1585079963993 394,3278138260142 348,33279380823274 74,1716528910448 5,3968220782149166 0,10661781504857092 418,7929472910692 2,010866037065965 409874,4660558713 1
1299,4754557821166 32509,437442406925 3,00460086339686 350,7827583653639 818,2267628853833 394,0629732476511 344,384349602228 74,35810248767235 5,347670723734622 0,10875183040482646 418,3957736685123 1,9828512120568644 409407,31616060477 1
1301,3524533623277 32500,14784188391 3,0236898100215237 359,00515298939473 833,3298633447463 394,6390249170636 342,3104470316555 73,00250622234408 5,384292581752426 0,10829771553747047 420,7130962592185 2,000848883368276 407847,5375026237 1
1292,0267271469506 32534,4657434646 2,9802832059923734 361,49795128186287 824,7510264548353 396,67212163726117 342,010694949315 73,1676656280281 5,410071510049959 0,10903383777242343 418,0621738337496 2,0082125673328926 408282,9222067419 1
1290,622751070902 32612,448285585044 3,0212628544039926 414,427967674018 824,8270123095377 397,4379147733291 341,4844916988596 73,64613951416501 5,380637728830405 0,11033339125614736 420,9096778003181 1,9990980859291554 400805,3099715471 1
1296,393344111662 32406,694969048887 3,0269767116642656 411,12998198839944 831,314394598577 392,07776223423264 345,8902155182886 70,68987880268874 5,368731431420142 0,11167931090281025 423,6358480078608 1,9876915066389818 404123,7537685266 1
1296,1649602384373 32351,230751419607 3,0029630961833433 413,4925516918109 835,2825166193494 395,0959491529569 340,96611410191963 70,51817734264264 5,375342368490305 0,11100762780196373 418,46038844942166 1,992695531271544 411918,2395270059 1
1283,0863678577603 32214,112487915292 3,001536448537831 353,3134499259009 816,991212881996 397,4119047011694 346,01754881355976 74,00108187805648 5,40445465649563 0,1116452985955475 421,3792285613511 1,991206809258397 409286,55065583816 1
1303,0365381333302 32234,437240672847 3,0069869666742584 355,2351482411706 820,0429059774085 395,0822892087686 345,50572996373984 74,15242754948245 5,353676874928804 0,11194410614949 419,54011317624287 2,007207611409278 407884,16396728624 1
1292,3412912284825 32575,086538875104 3,0047738732806257 373,9299699183453 832,4376528313404 398,36017427020766 344,48292102246774 72,83901633383097 5,367734651144504 0,11261428889212911 418,71144139972284 1,9831429332377126 411986,7661630942 1
1302,6045263113492 32409,82096736081 3,0220465201688453 377,39724910174795 824,3830503323086 402,8118069891378 349,05117408385087 73,0085371471751 5,37626674185832 0,11365511089133494 424,3140795374208 1,979298703586281 405470,8146972202 1
1286,4887367845822 32533,914976548993 2,994427378474381 358,1222402914483 822,867192856778 389,44656251935237 331,2904899324774 72,50872009482204 5,379083323936743 0,11372232416267372 420,7614545508528 1,98895668830751 405042,3924474071 1
1296,3310784467121 32546,73949036654 3,013950291836828 359,6612330387149 836,5864285325545 386,85439401639394 331,1689209057591 72,52650299389992 5,371850051399383 0,11484331638986105 422,23179219133425 2,007134031350241 404051,87400417443 1
1303,6676821268056 32307,14534131025 3,0199366393110556 350,7293383784136 826,0549420341913 388,95157754633897 335,8118958007291 72,19163736575554 5,3567850050620756 0,11411601987368618 420,5119181589692 1,990790689171088 404208,8729698976 1
1293,0174117672505 32248,19824090922 2,9943634151629044 352,44790688841084 822,8546367098164 388,25839318821494 331,4038908509829 74,82597884475194 5,4007876475395635 0,11511580251102602 423,1402378090849 1,9994593074068607 408314,5790816355 1
1270,71958095773 32468,029104289133 2,9924653149679545 349,4862963101899 812,971655081084 388,87242859233237 332,0809439711499 74,88792265847559 5,335951114520771 0,11587718086961046 421,9489574488523 1,9972474230666208 405259,15888069465 1
1285,1750977625977 32280,032145387482 3,002405851282199 371,1049092016134 823,3828114685633 394,73549197517013 342,20472361107716 73,31480478954327 5,412362823705039 0,11428313383832461 421,74716544871495 2,0067899776782516 404707,7995628192 1
1281,53609444686 32551,412211750503 2,9777320164494174 374,4483161864523 825,9618810718755 391,0444200481105 339,5395671958356 73,4678948996916 5,318113755706147 0,11651808042756183 420,71124070512866 2,01069796504377 404294,0054466432 1
1307,8450490168664 32264,125981665195 2,984305114747823 389,0015804779172 817,308218114881 382,3026159837174 341,11177190019896 72,51908453996141 5,448509252573679 0,11731059677284403 420,3258658254497 1,9974002180381587 406394,1551005998 1
1292,985814298849 32459,985412360544 3,008613092736331 384,5963427274104 828,0314710634757 386,68144647661154 336,7166781763092 72,7684353718273 5,378963988108604 0,11917320305647953 423,727575835828 1,9916322532756079 408048,1878272675 1
1296,8232296231586 32311,05318135548 3,003036662139964 393,5721988622605 823,7653653994188 383,9206749283657 343,59452744713536 73,48631331470528 5,38557677071678 0,11843038479651437 419,82767764844806 2,011374064322251 407313,7585807731 1
1287,1544244230824 32395,58264668395 2,990648078536042 391,97368612170925 816,9980623287884 384,3240778681667 343,6549711277776 73,76647550177466 5,3480072224756565 0,11865897934599995 424,47475541211844 2,0032991761120686 404808,22128685727 1
1290,6771690758958 32675,80261200511 3,0046647438144483 395,4176066436702 827,4003175577413 383,629839118462 339,91354953713045 73,6894400205268 5,385127265267852 0,11919304223502511 421,843713244911 2,0080687671033663 405132,48512445047 1
1278,3696186115706 32656,297545683796 3,015529792017263 394,7773376158325 832,020120877392 394,13880805824016 331,9326464076073 71,72488676800955 5,384203203733328 0,12115292391060838 421,0045019509869 1,9788404729439037 408972,33992413373 1
1290,5208467615805 32569,504704622046 3,041650161202082 399,6803799220091 836,3195263263622 394,515009735746 335,562427683349 71,6547671908318 5,331972395941655 0,12048372745414225 425,043400422712 2,0028906782151763 401050,382120177 1
1284,4893314263243 32480,28448110498 2,997543051879643 339,60993166419394 817,8389061148471 382,85946099477144 329,5188762233423 74,80019847248114 5,370592751260785 0,12146271296091117 424,52447712167964 2,0107697392948927 405674,4625038573 1
1294,5855689327043 32169,01507401008 3,014929415035021 343,1139201081893 820,0098649097267 380,37433122179306 332,74813326294463 75,18831844105321 5,419777895142811 0,12241153118113461 425,02761384306706 1,9980648954720246 408381,5271713839 1
1292,632874637113 32238,155296701803 2,9969840487667225 351,0189105738663 816,3553716141844 410,18498904808513 336,0835049773646 74,03045543847557 5,358150111835356 0,12135989733447156 424,2529413751222 1,9940432607135103 401098,6602202591 1
1291,5511233438256 32341,096904340055 2,9997392095037596 351,0981439671748 818,7523747286217 410,6900798106036 338,7780926035845 74,62753070508617 5,401037620078148 0,12262417213278815 421,64890329723045 1,9863048175217202 401433,9604350234 1
1291,0700274020746 32459,814812843877 3,033455146944282 394,82430294011124 814,916688723511 389,31297154147626 337,1619211995639 75,02104397145837 5,3597779586919465 0,12235903005284458 426,7170174470988 2,021205301705842 402128,4255240131 1
1287,4518529634524 32390,912314286063 2,980347619960854 397,22412843988116 815,5463931930416 390,2488437691085 339,2804706247351 75,62536446087354 5,317768106374508 0,12346203368724934 422,3036483159735 1,9846417446384987 405369,6314627658 1
1295,0908566495546 32185,39502150666 2,9942558356234223 356,40737196525066 815,3498307488992 389,7439826390439 337,5661717783451 75,56651100622676 5,369206475154848 0,12308621692660558 421,15586067701514 1,9944884047992393 405482,0319319485 1
1293,638439960549 32356,454286135555 3,0080803975016215 358,91918426001683 819,4802701286718 385,04541903672333 337,947069558959 73,92690568823971 5,342124810053019 0,12472523253988949 427,5840047488272 2,019360104050843 401820,1338868032 1
1292,6394805149237 32493,345863052647 3,0063273020284753 360,60836938155006 827,3539220353758 381,40957368428764 339,375699996895 73,8401745369419 5,406204524200049 0,12404414303367112 424,8394100617609 1,9931084035495952 407306,3614713977 1
1277,3865127439562 32291,039372006617 3,0080703999920013 376,5403009599562 822,0095884559369 383,2315170579328 331,69990612998095 72,26574155000803 5,411745327424187 0,12544881946199918 429,4734998465224 2,00020983783562 404912,1217428179 1
1297,6671610403123 32313,123742231946 2,9864544018844192 378,9598150370294 824,5021478887859 384,32554782899825 332,43968601076136 72,69264799902541 5,411786010406713 0,1260561483788321 426,8435329700199 1,9848124125133273 403544,7539705412 1
1285,0366008656201 32360,391111260342 2,975420487993817 373,14184754758486 824,243262721916 389,25861671669355 329,55790950747615 74,17866424605266 5,358990674201801 0,1260357368484586 425,9868226201072 1,989378546560634 400801,4169172036 1
1303,5924142650265 32400,089280838747 3,017313019651331 372,08830348127464 828,513296255315 386,3047527817994 325,7115456330441 73,6650316746378 5,383185073198886 0,12701216388684408 430,53980160218777 1,9958715920146561 400361,0391217355 1
1292,0966859360483 32131,942438309536 2,986787208261407 382,4409304226867 828,2283322370874 387,3418082011248 335,8723987724234 72,51601704116217 5,373700689887967 0,12546348145939124 428,39576427328694 2,0036514715978035 402866,64308502694 1
1286,5492192919432 32322,44309700097 3,003403566197406 382,57650772245495 821,7518828190325 386,4819279871659 333,0841770910854 71,91702783488222 5,343580070797297 0,1297242940583701 428,4580281999598 1,9863140558613939 403421,0081564615 1
1294,803383555229 32265,67381056987 2,987670901304041 369,1101380171968 832,2040354024688 389,1578125353835 332,9192733580272 72,42132926852645 5,3453987546695565 0,12758896505580286 426,0144967442977 2,003558757325499 397462,0225971903 1
1295,773356423793 32119,06542414925 2,9939672635053554 372,857295757288 822,7340774398438 384,13670016764604 333,5931946004238 72,92290202428357 5,382809161622329 0,12971253015117185 431,5237867408873 1,9941912676440263 398783,7960966492 1
1293,4089427471456 32032,598812857 3,0073758110055095 370,0777034686812 823,2300773923314 382,5905090762905 332,113660122405 73,07992215544827 5,368918043319816 0,12923426874321808 427,522142131126 2,0134040228152355 403629,04184341227 1
1294,516807595456 32332,20203702471 2,981730542692861 378,01448819142377 825,6724388166269 388,0172337704082 331,34572861172296 72,41832975339389 5,418428825997733 0,12957905608118758 429,50835285304436 2,000412258250486 402553,0418066506 1
1294,5859091738887 32316,853999577914 3,0070935018390132 376,4622578974504 821,7637818324016 384,16600833219127 334,5642168438778 73,14066415188418 5,350470866223435 0,13050180711530893 427,72622418852393 1,9992061692847976 399328,76650766656 1
1296,7290596153466 31994,514235923143 3,0124648626518815 374,572161285114 828,4660399927005 385,1031285981818 330,3857102372075 73,15203310321306 5,30979221916292 0,1294927483525807 427,01911277643507 1,9891577095479507 400226,69812390005 1
1300,6835744502193 31871,75884140894 2,988195997665046 373,3240465647449 835,2094799882125 390,9195413407079 330,22462926560104 72,81657184027429 5,35779947030694 0,13104257699240435 429,2087009151037 2,008699301495251 398104,92217728327 1
1299,2481623684057 32347,58223660192 3,001526708677081 361,4647720949897 827,1543948950598 383,68401767754267 331,7613796493092 74,25638891076603 5,356320351355129 0,13047570838466602 430,63771315383104 2,005010697065553 398987,10185085895 1
1282,1172316837262 32390,723740749345 2,9732555501334836 359,7047762074833 817,0368464820002 382,2391172984213 332,5316215264168 73,87952696090372 5,334323971890031 0,1325249991165031 433,24395704137436 2,002351066411634 400828,64972355624 1
1295,6028003332183 32235,86257469511 2,9980360598894844 407,14933945204206 818,8351847634773 384,48509800907675 329,31166423807304 74,40191627570812 5,3591307936302375 0,13254979495610866 430,4373109805019 1,9897081953595601 400075,8516291459 1
1287,1495780748476 32312,32163014662 3,01513131764424 406,82905744528637 840,9388981864611 379,8817381655558 331,61228456068847 70,21085905453332 5,408052298492005 0,1332608725480109 431,5516576525412 1,9992612406820665 397367,44004002254 1
1287,6390169991632 32361,775873853752 3,0014852568445187 406,2024642314247 841,2896194754283 381,6469155133465 329,8060155837449 71,06808572157317 5,375551706472217 0,1325052648727125 426,89174458950424 2,012663165163244 401056,9851724507 1
