Co2(scd40) raw_signla(sgp40) aiq(ens160) tvoc(ens160) eco2(ens160) rs1(ens160) rs3(ens160) rs4(ens160) rmox(zmod4410) tvoc(zmod4410) eco2(zmod4410) iaq(zmod4410) resistencia(bme688) Aire/muestra
1145,0326379240973 31706,81164118032 2,0033288920611136 131,81226658904924 634,9779722956946 354,0682258312481 370,8039810790867 92,34400748626172 5,291647643024703 0,01584637438221225 397,3699010233451 0,994733128407855 463238,9361492071 1
1155,6964287608885 31857,859574711205 2,028225839355096 131,7026168617962 602,6883187667867 355,3264735952554 366,4200878303655 93,85098473690195 5,367857357547333 0,01580383963404614 404,04913870470745 1,0038516125612256 458659,9198962519 1
1149,8333160563063 32034,068691454166 1,993838148826866 131,9412651640659 595,4051953261355 356,1447260965045 364,50617176819327 94,51658697359262 5,294001771798721 0,015927280925614587 398,9758931287624 1,0025971391093595 458725,8195442809 1
1144,4649892311165 32048,830150935788 2,0021402443606644 194,77304442850559 722,998208814926 350,45043258677657 348,14962016456866 84,40143508427902 5,32949196793005 0,015770406548825715 398,8237713475202 1,0061396627240038 459485,4180081857 1
1166,0547772417467 31608,820685122933 2,009175151664906 194,63089723235953 720,6377883243814 350,2429180261556 343,1749264443845 84,81676128276413 5,293414651931827 0,01885010235096864 399,5825740627506 1,0034890439218564 453860,4526064351 1
1160,4970244064398 31227,051366739477 2,981164315101457 292,553605089947 799,2860666474207 331,1666191599666 315,22775173988674 78,95633144803355 5,371837668289237 0,01894258756231395 397,81370382823076 1,0023370095597333 451162,5576525821 1
1144,951390763792 31727,818638549434 3,0138985166832897 294,6359324541982 795,9941396477221 331,90941432575727 315,20529320602316 79,19887371629528 5,371444256522812 0,030628026364364878 399,38522962314454 0,9963845066448462 448424,51698891935 1
1152,8242666792087 31524,69903271197 3,0121999970979214 328,40799015637845 813,6945574800836 325,42014628417706 288,436228681354 76,68044899531175 5,325284059499238 0,030909707259930152 399,1160638532864 0,9920430482166771 453995,1535457514 1
1164,3079335267066 31288,049974693986 3,013276747387705 327,8004850182043 807,4216139114519 325,3715042698768 287,78751893884987 76,49398617891292 5,32052606115247 0,050222858754246875 397,071244091229 1,0004682788465467 445849,18536721566 1
1151,8547361099947 31270,300922504073 2,9771016389659444 342,3316432356362 810,714910417289 324,8678765992937 291,5674606078007 76,34705933710788 5,33171116933218 0,050486061837681305 399,14367103479384 0,9992719561242688 444818,2110520121 1
1162,3467912905708 31425,243841877367 3,017693083085412 339,6041826821879 809,6765607722434 318,06028732169216 273,58509685343495 74,38565249241984 5,279361671572152 0,0779396445494306 401,3070177120164 0,9970205778322008 443403,6739225871 1
1155,0500506602448 31171,600145073804 2,992429682673629 342,9793753474127 814,0693870247934 316,3819529915073 269,22270265658506 74,81327951210793 5,279823478054983 0,07809800051401339 405,7825601475364 0,9954509443769193 440965,7714145878 1
1152,7074845017628 31691,53583728594 3,0005058901180854 339,79067142586257 810,7626836809841 317,34178422338846 265,32247362613856 75,5589471879244 5,3007412871256365 0,07785181579996277 403,5242945623683 0,996727190353094 442314,71844275057 1
1153,0415470300245 31434,10869144548 2,948476878184465 338,56705018824675 818,984599424445 321,5944767100159 263,31078499512967 75,39182646734533 5,3056839698766325 0,10996229127007771 402,59425213774813 0,9962424185844783 439195,6432632525 1
1163,8889597102923 31439,111576032963 2,9825561077073988 355,9437125781424 814,3779866323829 311,1975720556831 256,0302902073047 73,8778902586473 5,347122861637151 0,10862021778399215 404,2898301785473 1,0071654003893031 438970,6159154474 1
1163,5342844370737 31392,463489053047 2,9988631875531024 358,04520225826764 819,029439531824 310,3460868462567 258,66998326962505 74,51550875553563 5,345746575754681 0,1414367144244675 402,346913983938 1,0042904674011184 438627,3879217038 1
1158,023695468347 31711,741281714487 2,9813997903212632 318,3926752391293 808,9670933644247 316,2055017769575 248,8937017863907 76,56974811531252 5,347233790326169 0,14224609299207497 400,74300907771186 1,0028765011921932 439198,436697297 1
1155,4737792868236 31538,499895443198 2,9945165361021364 320,4508092921899 802,44478059964 316,4603651073792 249,65033426704437 76,44957112925132 5,3553642815604245 0,17778388646684393 399,97320111546645 2,0019880432432866 442055,2363014035 1
1160,7990020873906 31760,6531337737 2,9921122568468026 358,08683449336826 803,4375336854729 317,2689466498966 249,84544081921067 76,7432533111826 5,310102613304578 0,17761980046913592 405,2402038546286 2,007897536987515 436859,8666036466 1
1164,1200603595062 31409,649960479168 3,0284899183127356 357,721903424814 825,9255809244087 308,10566519607136 244,2026435772072 74,17664605851756 5,302307828794925 0,21112700249567315 404,4149224956134 1,9876724875088783 436100,3367951673 1
1154,3504074512373 31590,41128997549 2,9768070172969043 358,53582572948693 817,9498516832583 308,3508881522803 247,16171674152451 74,4916351851106 5,378774288416705 0,2102731270768642 406,3621897002386 1,9910507132560884 432572,6081909965 1
1156,8235831242475 31212,790473686284 3,001119050324861 324,7991281840404 806,2616700615267 299,09124582716277 244,4853979406071 77,04938744835535 5,32729668175471 0,21060130132277774 406,47786852530646 2,0035523572914524 431794,79562934075 1
1161,855609619816 31719,635592707407 3,007358177415397 323,8779586623896 806,8090481662375 300,3453380545228 244,60145629514724 76,32596701886621 5,307346290370351 0,24333983411915774 405,10036683939586 1,994573675895456 430741,1273688732 1
1154,5165038564112 31506,258878159657 3,005523997969341 356,4837681120611 823,9735713733988 303,03162938708414 237,66609654337913 74,52070162061234 5,358525825128695 0,24651170043362125 406,00290153467864 1,9949333232497388 429193,82584308827 1
1167,7403319094074 31213,181941953713 2,997654198775077 352,96058453073834 814,7349083141288 301,91769522924795 237,23548019286255 74,6072276841172 5,316465424199132 0,2760202034509976 408,7115808417454 2,004840478170717 433848,9512575479 1
1171,427658616201 31554,36076360277 3,013183007119814 325,0947723944719 804,7284836628763 301,1643890558493 239,13055332855487 76,3309121063311 5,353577417093001 0,27807505766586765 410,94602050216884 1,9907416998997647 427399,2727061287 1
1168,9696783467118 31495,04389004326 2,990361160215959 328,3741339378387 816,155455307328 300,1958293423779 238,33188889086315 76,21195091525937 5,2918041656053525 0,3056613366724231 416,24599985277996 1,9884434831833706 429879,7179523984 1
1149,3646114096791 31836,810353366498 3,000533987497718 324,10336609612943 810,5403134918864 300,8548140624397 238,10840281833052 76,18563466023649 5,284541519675778 0,3058713029660811 416,98451265624095 2,006094853157608 427658,75841860764 1
1155,010393236894 31357,60723034317 3,0108027154803256 326,0466813461587 820,22611385006 302,58375694003314 235,71389613074155 76,07116826563531 5,368672091836672 0,33675145681187957 416,31505816611207 1,9986874436519377 427737,8023114557 1
1153,1741829274645 31487,80993548042 2,9732015152209232 322,91630473728463 820,9571254541537 301,6843704818923 233,87477053630133 75,50950057171431 5,342088748157069 0,3368539407381748 420,4140714095212 1,9857901416993917 425797,91018613585 1
1159,7552264793171 31013,036330106253 2,998757759052995 316,7395560650646 798,9545085691777 291,68088367220463 230,51431124410396 77,77086845373826 5,329572190291234 0,3360013553573182 416,43599245021505 2,008296365534348 428295,76749079255 1
1165,3858579340247 31240,366789525204 2,9907846984108635 314,47821818576836 804,0380930774413 292,96242462447333 230,61683647324338 77,56125844952041 5,3570225235416915 0,36327539084222993 416,842281424931 1,992533908916824 430450,8037670263 1
1158,4817565029443 31578,05409054508 2,990868027941161 295,86444134066437 795,3600109834053 291,6240187531501 234,63621837556548 79,18544444526607 5,336363276490046 0,36181999840529977 419,3336417662921 1,982398519433528 428952,7397741843 1
1151,387840782686 31539,72049334951 3,0003152696428614 294,09084298957146 793,3235585711275 293,98469040812654 233,46635658005937 78,61613217557112 5,325963259966512 0,38639752403671873 421,20406375043495 1,9984784072557351 431294,88478034147 1
1158,6990832033325 31432,960055551954 3,002875065618217 351,34268187804304 822,6386053748992 294,7870486911021 228,4665305968453 74,15537361062013 5,3247516736519325 0,3878121834573911 417,5723735299067 1,9975900045250474 432132,0456815821 1
1167,9567505448574 31470,483595042795 2,9859084259870996 356,8251363473976 812,5889230093649 297,16229543097035 226,44167291696075 74,7978035942934 5,323644734590041 0,40610408136233583 424,216303728801 2,0090594868002856 434857,56648817623 1
1158,267101158529 31114,073964368872 2,9865333856297998 312,9338143534811 819,8130210012171 294,06694040454806 227,9980620274691 74,89142268429083 5,317523523418761 0,4095997968529485 419,86500099711037 2,012921802802377 423031,9835267227 1
1165,5150169566355 31457,254324438345 2,9747321011370538 313,60930395298766 808,5270308694492 286,13525121012236 231,06880762879797 77,60504719651964 5,302750841943123 0,42954521505337984 426,2075497604283 2,0174883598546725 427815,8526375124 1
1156,7877559874082 31591,118439924983 2,981646452540194 313,1948682435471 800,1363050428383 289,3110150493386 231,7799941269175 77,74063987882928 5,324419769290454 0,43286516272445 421,2964275521737 1,992788827680169 428191,26455287635 1
1154,768580225287 31663,228101181314 2,9948431226830934 306,8586060218515 798,8585107413519 287,22114474775174 227,41095601555273 77,62338931301726 5,355527409398955 0,43076763189043127 427,2722678987864 2,0061997960844726 426443,14099354326 1
1156,434178611481 31634,336045066622 3,017820956963628 302,00892679240116 801,3776524017223 285,8710025423117 225,55926916069302 77,6680573196357 5,316799190063977 0,4559343074029878 424,81063803424524 1,9968628487348876 429306,80351110926 1
1158,6450396404841 31404,824092679173 3,011270696728289 306,79144967905927 805,418151915978 283,35585757226437 227,74296983954116 78,0919284282153 5,33085931892329 0,4557441237842779 429,21648088811634 2,002210719097102 425821,06449069694 1
1152,5322298738934 31431,554807162713 2,978098125947439 308,3829383049332 800,545867162217 287,3508084889078 227,82780115532773 77,18400752714965 5,300307078588768 0,4685886653453599 426,80940510034605 2,0012151137347898 426442,3823088866 1
1162,436208715828 31388,285252965237 3,021790160017238 307,7419351330302 807,9598947872537 283,57723331799656 224,60020463506112 77,09065951473168 5,281932186875483 0,4664473817069477 425,52713214396795 2,004913681253588 425873,02447213297 1
1157,6145562339732 31251,714630044393 2,993097499499015 308,8427098565903 804,0520801662741 284,20326239389453 224,58680595701287 77,06503940586695 5,315300857435652 0,4901893562244278 424,93878173915584 1,993138516814048 429915,3976184307 1
1158,6362588144877 31218,700989308174 2,9831428128844957 317,3910617778666 797,9918709562578 286,012735117322 225,7926108788071 78,08899140085734 5,308495048916638 0,4854373794409549 422,4054319764548 1,9934674552677283 420270,37803968455 1
1169,7034861147185 31642,819780269478 3,010036762005602 316,4320170763731 804,2174810220475 279,8785440730194 227,331322259188 77,73770176393582 5,324708437468294 0,49932650573763987 426,5044289132276 1,9997498401892078 426591,23687369644 1
1176,71249828144 31197,87961732344 2,9940712902487303 315,70398135439035 797,7765751671093 280,1122070665003 229,11601058570787 77,82460522793866 5,318481245203814 0,5017690622535335 428,9034059067765 1,9889872742385686 427769,12009264965 1
1166,4418377140066 31364,701621055727 3,0085001044163047 297,71074316069706 803,077984830576 282,7973793338643 225,95121609615586 78,65999164066947 5,291679168991427 0,5029522260940127 430,45368994353515 2,0187845811186027 424482,307525914 1
1150,947727404513 31606,994096309718 2,9956783637347906 295,6091074544926 796,331734289894 280,1033102839885 225,28136404940844 78,81284772668663 5,265106564575179 0,5105224759528189 431,6559898679408 2,0095668142322713 427180,9873879205 1
1169,7110892338144 31359,09565383481 2,9891543805967586 332,44409765227323 804,7054852599739 287,69697096070416 225,22174951980188 75,41194811299705 5,311977088673204 0,5147171129786097 426,48127771809476 1,9960802319687174 424772,8483934136 1
1161,4444411750949 31309,134634743983 3,0202923000169237 336,25449329722505 813,3197056081958 287,75344203355314 224,4976717042488 75,71670852032764 5,290157160870374 0,5324221687033482 425,7092501990075 1,9950935137377015 426803,74981826526 1
1166,4382970118115 31591,694804889274 3,034044991944869 320,12010493788915 802,6196232182148 282,9431159234228 221,34136932278238 76,66183741605306 5,350332157724612 0,5246544650197162 424,2380097246197 2,0140948058862937 426242,6543465987 1
1163,4072198776553 31361,051379492048 3,0204976675564814 316,68252546274425 810,8574908223743 280,4820173200373 222,98453097546778 76,8638665982947 5,326037222492526 0,5424010059501716 423,8736639548397 2,013749085645959 425129,9737169259 1
1162,1134566170142 31217,227591530936 3,0293858273836363 306,29664674452596 801,9313727453507 280,39818363440577 222,94069823650915 77,33656928523062 5,349084173748196 0,5427679114365584 427,3979733803528 1,9983763848103895 421433,9100033377 1
1151,7309704414724 31461,03404560424 2,9912077991070647 303,60683104594585 805,0880619626912 281,4268476225006 224,19329646942936 76,78212836526116 5,3608908136603715 0,5496363395216622 425,37551939542726 2,0096756456795193 423572,83295724017 1
1164,196862782233 31268,954359826206 2,995433745191442 303,2442946205411 806,98234216343 278,6240515477528 224,28934756353047 76,33724133057159 5,272622231021198 0,5518614720353506 424,03673009937074 2,004574167687233 420525,05195704737 1
1149,956403109718 31424,904373676985 3,0174464712057194 346,73572996421314 824,326253871407 281,52065827924156 227,4763912693109 74,76003956854315 5,363487278051429 0,5521912004782847 425,2094846384304 2,013429569790455 422987,29123940016 1
1164,0043773180616 31443,70265140501 3,0164931190409394 349,3789548929739 816,5445999705848 280,0772331834 223,8420124057314 74,83096468299752 5,310606572917358 0,5599837701631999 427,77530493164824 2,0052609338307823 419286,343721819 1
1170,9562250809133 31473,454360890668 3,002706660165207 328,2783884759393 812,4339194950192 274,30847926357234 222,42452436830962 76,15320203504473 5,336243709027866 0,5579860562934074 428,8442421863688 2,011135015401623 421617,76620414335 1
1162,6869889715779 31447,525882705315 3,0235683166003375 329,65761752655146 806,9286890168053 273,08506063545224 221,12575300103373 76,61595240241203 5,273710301845522 0,5679360714736683 423,842731174166 1,996841282535666 420560,2362347978 1
1162,5915997191253 31568,882992246396 2,972907332448056 285,5979893361652 784,7752661567782 277,50600459471787 221,66280640512613 79,48406170692768 5,298245266561142 0,571805173876975 425,4828330802291 1,9943598900295056 421543,20300973835 1
1167,426107352478 31495,45687264302 2,9870047105951096 284,4947215263428 793,5922827658953 277,3756590744525 220,70391384266088 79,8718832927172 5,348245108778383 0,581833029516675 427,5087614324041 2,0012152500665836 425195,19241489365 1
1168,7266641093834 31544,080600326204 3,004430662551688 305,2651918227688 788,5557720868447 276,2582278965037 221,34061697588996 79,55175567198995 5,3493255417090255 0,5816633470645274 427,88482700466943 1,99212548017011 427583,56519279483 1
1158,7541145910857 31548,063205085753 2,9975958855009774 302,59123534833174 792,3472473800524 283,77329694851124 222,3951747339121 79,05941564219461 5,33436526439816 0,5889251900033226 422,7980325928058 1,9928759549882546 425789,48902870464 1
1165,0793645113613 31429,215116210977 2,9826611379971597 300,93964765385846 793,9154942278824 286,65993746099076 224,59555948766578 79,45166101360664 5,309281174018099 0,577691719560823 426,8098753133904 2,020856538635214 420404,12162450986 1
1162,8090153850449 31627,171438801248 3,0086594171223977 321,5613181038483 808,4533053458417 270,5662066935587 222,12568843247607 77,14440014212357 5,3235088911883315 0,5904855498055345 425,21026270043694 1,9980136751064177 423459,7235446781 1
1166,5870322474427 31492,265495057458 2,998382850114671 323,55003994565106 806,0726332077344 270,56366302008513 221,67913885927564 76,83962281677312 5,331309512451794 0,5940054383654232 425,42732360531056 2,001577801316795 417727,96872653347 1
1156,02961259858 31474,047382907585 2,997237058838813 298,96106966156015 803,4468123588475 273,6890511906182 218,10265201492737 78,21852071047005 5,306108483275835 0,5932900231721376 431,1403978494967 1,9894197560950402 422247,5703106734 1
1164,6234669193461 31404,4589020021 3,0247452711586966 299,864089363826 804,3122064399602 273,23282647012627 218,79444169309272 77,49762569171881 5,352910308954314 0,5959831812104741 432,80893858026565 1,9963743996697265 421362,11327983346 1
1171,387395271458 31376,797676531838 2,978179087498309 329,10610822093685 807,2994597293424 273,25865736866143 219,0006021693423 75,89293330751136 5,305716402629779 0,6000550104338144 429,8486858677871 1,9880096252564856 421913,4783332463 1
1159,026719659978 31406,96258869949 3,0065702345323113 330,69570184873805 812,0195384330337 272,94083449984385 220,37417841307288 76,64590865928345 5,324807601809436 0,6043482548380107 431,9718152851369 2,0014926410499445 425362,15793914034 1
1174,3269437757556 31315,771206498026 3,0138327708568386 295,3142464956501 808,1604623653359 274,9003590338816 218,3922466642668 76,02539056639704 5,307141214407541 0,6070389517316779 434,6329626035063 1,9955904681053722 419130,43086358724 1
1164,7013389441886 31234,84544859374 3,009286844971477 296,2518900270213 794,5022153636864 276,647270358925 217,05811609913582 78,65209830590813 5,3355809517467545 0,6109887270687309 432,0650491282177 2,0011429249912465 419570,7590348227 1
1173,0652474865042 31318,196763925014 3,0084095792288346 297,2149953362043 803,3369845117141 275,0707171946502 217,28621706399832 78,56046468220114 5,344442639672629 0,6085881606012217 430,40468223781727 2,0117438526402025 416864,11937595496 1
1161,9209981997806 31319,705006625965 3,0068339902113204 284,1890217766745 788,9526914877798 272,15242500674856 215,1690084364847 79,03360955843557 5,3450402607040655 0,6124442717830738 431,70651642562547 2,003179242373604 417666,62501404656 1
1171,0322409323373 31407,250576806386 3,004155787833722 285,76490470958936 790,9286422394764 269,95827731585456 215,6779419319957 79,3560949589203 5,347593878397697 0,6127365634257044 438,23212939931466 2,0013334357537422 418125,029117702 1
1164,4051441762417 31410,408437373295 3,016268648878415 327,72488454123555 816,3089339125797 269,25261685566517 214,6544330442309 75,64770298319944 5,336876605534284 0,6220194836401588 440,78178463802504 1,9962519073449836 420457,60741136916 1
1165,0918407232084 31348,536438626736 2,9957734776791725 327,1906869079073 804,8477802244552 270,5290788137831 215,81387423960334 76,66991782934642 5,285784621675616 0,6182575855952416 440,27914719019515 2,0130718417416715 417201,08418281254 1
1165,081619730111 31566,175345555894 2,971446312673793 311,10284935307044 809,3265171814409 272,48237978989687 218,8910165484188 77,38046938890412 5,361339927383176 0,6237671427430194 438,4964551764737 1,9892023216534818 419872,7097586928 1
1176,871046130354 31696,527956145514 3,0177122508458405 307,48991529321535 808,1831015990532 270,7415564398579 218,5559562186558 77,25782919486912 5,305188487830439 0,6241368953066937 444,6179885991812 1,9877349001170372 417129,5876546839 1
1165,4830651080824 31379,29913756172 3,0075254903976645 288,1490750323935 802,5148300821565 272,0694106399326 217,90640783414756 76,8284917218786 5,303383865269136 0,6249586932923484 444,1419462010292 1,994510136989907 423681,62467685615 1
1167,553173169196 31619,557317988918 3,0022280571446953 286,7583663154848 790,4629823686175 269,90914661911603 214,98431351899228 79,340374468092 5,347561740036648 0,6220760472331074 444,8616911353588 2,017357853406107 422201,7768454673 1
1164,0330567862943 31465,701202130713 3,002097244381651 287,23156564097866 790,5420764944463 268,0425332118593 215,77611233175406 79,54412873073873 5,276349405265629 0,625592480964898 443,8947109608965 1,998017958246849 415406,68560395064 1
1156,1616230374605 31393,29888121694 2,9820269559423074 307,73258799429925 808,1622273931458 267,5317033078514 216,74240766161932 78,54134248753333 5,340366773872047 0,629332674380117 444,2394378942955 2,0034237798899444 416319,4193891876 1
1166,4377808059787 31349,650966036956 3,001575222140632 308,90771448330196 801,6907145414971 267,6307482877561 216,71547940469105 77,97505148877515 5,352018443614861 0,6293353732459739 448,5079041583508 2,0037530886999493 417974,54590191913 1
1167,1063772146665 31117,893587089657 2,991114133102002 289,60631150534806 791,5190004537959 267,356727341034 213,83655548353698 78,7037386515201 5,373000766590608 0,6287597741520481 447,67183120432617 2,004744216060534 417332,44918680505 1
1170,1272761269058 31315,881288625686 2,9975380541585595 291,46884456426596 795,7824503512445 269,7133385777586 211,2909071793813 78,25883066148354 5,289837342797027 0,6285103377828564 455,73140529331545 1,9922904367409056 415703,422281894 1
1160,271031797256 31227,600239797815 3,0210014781831918 291,52541338878365 804,3863803637266 270,71550813786916 214,15537785251337 78,27330378261247 5,328380785066787 0,6291767162768042 453,59032955520007 2,007017337760841 413752,50504414696 1
1153,273328495614 31178,757374459903 2,9941733309264547 287,6879059447688 800,2696819223096 269,12669300833096 215,59932099981575 77,36722715731186 5,355666915117948 0,629401171205905 455,863442269478 1,9765972774253333 415144,0481754108 1
1168,9033313815007 31386,46192964355 3,009374093239467 308,98596246935136 801,6876861823641 267,6131676836547 214,61068235251278 77,90843633992502 5,386587523240027 0,6359159552482867 453,00880305411346 2,027768456076458 415094,34123428055 1
1156,3003404747114 31265,669810722247 2,9704622507669263 309,9896981952416 805,1007134325831 262,27671520303363 213,92412681638 76,93454850021752 5,318511099467479 0,6350159364775322 458,3794850808179 2,006196896930526 413178,47809436434 1
1165,3225067405651 31543,43323209438 2,9911305983635694 309,1437068800506 805,7364964844595 259,6941889808846 211,85869742347057 77,6861828523406 5,324449556598316 0,633963476380593 458,6840700069654 1,9944890055275408 417277,49471753795 1
1170,2325505810497 31363,87235221063 3,0071276505856743 321,8981627608602 807,2115708329715 265,651975463201 220,7630370755092 76,58625820371283 5,375473088190327 0,637780060723604 458,25919951845464 2,0149678080957063 415981,72947778064 1
1167,3173113789483 31247,007040348624 2,9992759766496464 322,3723220302106 802,5674357039182 266,73668874990415 220,6917885892359 77,10332325092017 5,320805711913814 0,6411086344406316 457,88423505066214 2,9977977776767566 414369,5508284059 1
1166,6130324795224 31200,507129330814 3,0188366265121074 314,4698957000174 795,2091300291928 260,117464276651 213,34195166105062 77,07263608105825 5,3771599699934765 0,6415183945933297 459,09622053479484 3,0220838312642835 411347,48522064934 1
1158,5247258972859 31245,206011499842 2,9640661125043803 312,0531905830351 808,8466180687499 261,2286474115539 215,47321116172915 77,53545994623164 5,313737073768889 0,6407181353479199 462,3652514154676 3,0330424449768483 416073,1524360885 1
1163,633514246282 31364,28382962642 3,0030113190186176 287,7839153881355 799,6326309732971 267,6973668335658 218,24586224801496 78,01073694580126 5,331968363002481 0,6408325886649168 460,8373730220382 3,0013301103506356 418205,6286059695 1
1159,0939701703367 31348,04904620288 3,0010634792365765 291,5877601157965 800,6300572825508 267,4324447764551 214,69670176836766 78,01285115199757 5,375399962578997 0,6486922684069417 462,69445921556996 2,9916241710569924 415870,54593056306 1
1165,5188282708732 31325,82700304513 3,0078409396048906 289,16625144361973 799,3059168661405 266,1394803895746 217,3497112589885 78,36194672956405 5,346865665029347 0,6459230170921197 462,257676896299 2,989950752988126 415194,47825668287 1
