Co2(scd40) raw_signla(sgp40) aiq(ens160) tvoc(ens160) eco2(ens160) rs1(ens160) rs3(ens160) rs4(ens160) rmox(zmod4410) tvoc(zmod4410) eco2(zmod4410) iaq(zmod4410) resistencia(bme688) Aire/muestra
1437,5169594522758 30285,214341438383 4,026641497911362 978,3243940366483 994,9737496853687 129,21988940621534 71,27436782172943 52,539856439388345 5,40974337536916 1,2717571541291517 403,40558356608483 2,998386605245688 315358,96172615635 1
1432,4361664170765 30086,824427425556 3,974523284532848 1040,5545549345368 1013,1164401303428 128,9976888945599 71,4690358240878 51,39406901271088 5,385073354773616 1,285489266753463 406,24712388919755 3,015104619699547 315270,6468327195 1
1421,9056606258405 30190,202757967603 4,007701620488483 1034,287689143008 1011,8134475285909 128,9277046550821 71,32974825163173 51,74179096489752 5,426032822913544 1,2913322035712071 405,07891745503116 3,0060755646192927 314616,6301554592 1
1428,8323657955361 30364,948426867995 3,9945775596082274 1015,0291832623697 1013,2306327570518 130,27691860348543 71,57738915984108 51,574647702385484 5,389878930143204 1,2988649762147075 405,5025041948331 2,987883688555977 313961,0173143254 1
1434,1619873818952 30237,36632478284 3,9882869052197556 997,0899785325065 997,6015163659384 125,01607979451423 68,43308600941289 52,10891668819147 5,40026661117406 1,303753822554041 408,4476782916592 3,003512474810745 314298,3391000604 1
1432,0186700108598 29953,5345187924 4,003749533942258 1012,5229803715431 1000,8465553670748 125,15824767348407 68,7508208129809 52,1180562427114 5,417208476837351 1,3186920309798797 407,8109223646622 2,9966390607254287 314587,44649846794 1
1429,9359747959404 30491,977873134747 3,9737368506202806 1093,0022650378032 999,4982843733046 122,51808598256625 67,66199564109937 52,33419753988349 5,461117169884424 1,3240552017795997 410,4475340507928 3,0159040766167617 313059,01656726736 1
1435,4558181606903 30223,258124110234 4,0116068634957145 1089,6533569547357 1002,0431226747103 123,74177211680224 67,92236413426177 52,304288207712474 5,340328306567346 1,3306125778030036 408,07865863630155 3,0115090646028078 312304,29444236774 1
1451,6107556851584 29880,225795520873 3,969713801821951 1021,8799986655602 1003,3620270987293 121,8551549162549 69,06872050275594 51,50836226902666 5,438041978840383 1,3221935383024168 410,9914980598588 3,0178779458215366 313177,2987680914 1
1434,2966296907446 30379,084995527402 3,9425359658211394 1015,3761463130562 1000,1947621151257 121,24786165118746 69,48420216144746 51,66857678953647 5,368132886841241 1,3503826061525432 411,4901955708542 2,9763482968274575 312895,33810825204 1
1443,6058421668793 30399,257694626347 3,9925914016318003 1049,6787552329881 1012,5282591206919 124,17721268967628 68,9543404761241 51,85657118244141 5,399144411043523 1,340973318311576 413,6245483240388 3,0048286245442215 313866,5923274147 1
1438,588382393351 30324,695918164536 3,979854665325423 1037,097566492888 1013,3117364737534 121,8707248284634 69,09813645739254 51,05095077403548 5,373251337991772 1,3544581122301926 411,96041540295727 2,9896866393530592 313293,0717726669 1
1440,794240494487 30268,551335028274 3,9807109308448942 1069,3026762636441 1022,0132044505843 123,86271137344085 69,08748908335987 51,20909577270398 5,435060997653193 1,3572353375861355 414,92023525074734 3,0084395560040833 308888,8201370608 1
1454,8030094837864 30164,157040444756 4,020570373480287 1083,5847380199148 1031,4495783432776 123,43400564551948 66,45127643003222 50,74230327933847 5,4357885461627715 1,3756278921494316 415,75440188265407 2,9968266621865847 312011,6954173841 1
1434,3548309338864 30329,8827543364 3,9948356706102177 1083,0659595833683 1023,4970166234103 123,4783028633008 66,201731608603 50,72028648638383 5,42384155233058 1,3723054750556647 416,04853978516456 3,0177771272199387 313674,87078191363 1
1450,9416153209897 30127,59488990645 3,9947199218002094 1031,8204785877792 1013,7174239696974 116,75568225040361 65,76406141561189 52,03653696185747 5,468452766962889 1,3734990796546698 415,4460311222562 3,0034811282607885 311737,97944808577 1
1439,2092799106633 29986,34873448345 4,0111303392749384 1030,163816383457 1008,3454762126121 116,46694703255949 65,91257701623977 51,80134229849432 5,387265973998386 1,388383755078252 424,5231711964018 3,010484760986002 309713,8289938774 1
1455,251532998063 30171,649229642342 4,004901520417093 1099,479957596426 1018,8391260395631 118,07891162761976 66,01605125295212 50,39799427324461 5,393680524628932 1,3929534223157158 422,03879951805607 3,000751072324295 310576,91771112947 1
1459,4665795624555 29971,89754129895 3,9978853583578804 1102,679040807918 1026,179140561665 117,85660955945595 66,13060314628494 50,921674333228154 5,416111016154994 1,404858393438261 424,1437338248925 3,0021148240732494 312780,88331922895 1
1451,7152524593407 30256,18271872947 4,013868800731764 1105,6680543597588 1031,671670583741 118,72956435420832 64,81134046742794 50,003170486271834 5,456784077538583 1,3994238880704752 420,91214349162397 3,0024694106976466 310245,6833418246 1
1456,0343471296053 30066,785541330457 3,9999626499774714 1107,2238944836167 1033,5106364122812 118,20154512346437 65,18514336034667 50,439846208682404 5,38095918616346 1,414872968473443 427,55677826572935 2,967322086882822 307949,7668638855 1
1475,5258970621107 30192,56024481192 4,001591065361324 1035,2218826367648 1024,273826687844 119,34079794017921 66,07403139514898 50,65834379550898 5,394135589286138 1,4092973673558407 427,2323613371748 2,989842031621711 309069,1249696993 1
1455,3806816281196 30161,96156657726 4,02021093110333 1020,45802995169 1021,9570146742083 114,81534429776993 65,62216477038538 51,85627126268863 5,428780025878285 1,432312152098428 429,43358515583145 2,9931716441407863 308676,2526970313 1
1458,1633702254344 30206,9467111042 4,004946360315462 1022,2415200171818 1005,7766028489964 114,83296396033322 65,36050948415412 51,69900044640147 5,4241672756878785 1,4344646654166817 428,6941113700962 3,0108028744414614 307761,2768974713 1
1467,9944833138295 29973,757437848017 4,008465025438746 1105,69327988883 1018,3747234626641 113,36133221072527 63,64655114916258 50,90385814910696 5,4640471208901635 1,4426947385105977 430,9771888034846 3,008272983396227 308842,6423148888 1
1463,189747718941 30019,504932384563 3,9863986278774046 1095,711591463318 1004,9832608771138 113,57551212604544 63,196945854328874 51,048634488054624 5,4440682694752525 1,4378914833759957 437,31357569200287 3,022530955627983 307952,46129811386 1
1469,098177632572 30275,018427046394 4,018255125353574 1218,8684379689782 1058,3428921605532 112,95485238995325 63,436458876541444 47,989501400561366 5,415068280712648 1,4441202782263214 436,0466999534027 3,008727025447917 307494,56272601016 1
1482,9210308486824 29763,634231821638 3,977457922398263 1222,778803468485 1056,239656398881 113,32760265298329 63,10388014013198 48,32660209278206 5,438009790438973 1,4478586022595707 437,4362050688132 2,998622715833276 304277,9420531109 1
1478,4919480247809 30124,53977848671 4,009204385674409 1080,296343772469 1022,7967785078284 110,60079052153183 62,45354043276726 50,61833525835656 5,394697686309287 1,4645707943107134 442,5421890012547 2,996859482641152 308347,2787055047 1
1454,9039399240467 29930,314374458292 4,00104960189883 1085,172610087137 1021,5115331394786 110,88906243650608 62,62086912083468 50,31274971286683 5,368387751598443 1,4592297118522346 441,34452282811947 2,9911428575919703 309987,79362393724 1
1478,0692440682867 30033,008711575723 3,973794808852017 1149,350321181616 1021,4205342619794 111,26725608682861 62,29822355064704 50,64968149247919 5,3883145608143 1,4549559041550644 444,08195195728246 3,0135154149381655 306854,83668297564 1
1472,5836791766703 30272,724510252814 3,9811613666747907 1143,8377854108905 1034,5502425850225 112,06358479433919 63,45806931754649 49,51480115250509 5,371031997080641 1,4752087186546876 443,33423072105114 2,989323827425829 305535,7362662152 1
1463,7638203670797 30190,211869420633 4,024729563793525 1155,438323227807 1046,3598131533195 111,50152199941692 63,228960516280054 49,59451203130323 5,377174897295099 1,4723988830999466 444,2341823582781 3,006396988205923 309735,1028232655 1
1469,376784751176 30077,003321608212 3,9988504997204464 1164,9519207060373 1028,7249272276144 111,1625381184949 62,280485829811916 50,182026367503056 5,443320449995443 1,4597892760723878 442,15042189819246 3,007402612565203 303899,36722522305 1
1468,9290253808856 30058,69109404987 3,997147409369661 1164,050548931873 1033,8120562369036 109,77068640538144 62,17345860459119 49,76791990480742 5,377043671486787 1,4836344492558928 448,43164989793075 3,031005885447792 302247,05966990895 1
1469,9215522772402 30066,345301432117 3,9982146876169637 1125,7634550394187 1030,8915716462327 108,21288535118562 61,86222178749253 50,69854970727438 5,411451374079077 1,4816082355605957 442,84986205836725 3,0011162224223424 306391,74581879453 1
1477,4052240105057 30255,19885426433 3,999193619791167 1137,0601254159208 1029,3744927868634 108,98684043934034 61,59655934381959 50,128840436797915 5,42769105684916 1,4839883483769978 450,0905540403975 2,9803249281401736 302891,0057356533 1
1478,631238116348 30011,721251459763 4,001281906476575 1100,4777896357523 1021,5113973828196 108,41362699546578 60,95171292900763 50,26452089749234 5,427803902143295 1,489702779732156 449,25847149104163 2,993057102045822 302814,63757896196 1
1481,2638783983623 29788,61249328153 3,9591703371075755 1091,703424171093 1015,362284871219 108,90108212655014 61,437359415811045 50,83556191567977 5,3855799678422525 1,4899486547971335 449,79643159464484 2,996442476378976 303793,6784911294 1
1474,1064262169314 30051,894149507756 3,9811080851424037 1123,8751035926682 1020,9621120780043 109,1492123731585 60,87523311474768 50,41923766699611 5,35810563118862 1,5107267531327944 450,5426224554411 2,9685618756557974 304601,6538182706 1
1470,3500483477333 30036,254358654634 3,9958148364407413 1112,1075975735503 1026,0383908672964 111,27861111443673 61,08919435851725 50,084682062702434 5,37946134932395 1,493212149017931 454,25532577716393 3,015071493604563 307124,05803245166 1
1480,0542097031116 30027,607522863942 3,9790816921251193 1101,9248860099235 1031,7594098460893 111,32525208566307 61,06554988357456 50,607376807578405 5,359757755411031 1,504690876048955 458,5357788981142 2,9979680780913 305328,3907713692 1
1471,655357672245 30174,86173824234 3,990392324113584 1103,9856583398023 1047,1056908341575 109,54617876023069 61,123967514434256 48,74412211247621 5,400186858533358 1,4958723760818793 454,99936564965964 3,016836739028549 304910,3407438383 1
1481,7926695855674 30037,643243657694 3,969275118581991 1095,7593066055845 1041,7652096259428 110,28077896668653 60,83678397343457 48,88660609888641 5,380961770128449 1,5095523452835975 463,21254124631326 3,0123242831643484 306236,59048182075 1
1476,6541292666218 30069,64700127277 3,9990426458581125 1124,3735477803864 1043,8501173142736 107,00366496997977 59,826274779055176 49,79214959511376 5,382114228626472 1,5028749290458234 455,91448994683793 2,997160945216341 304191,41047501983 1
1473,8398360142417 30258,591555546092 3,9823173142458486 1135,3966282108645 1027,6916114413268 106,7477047530945 60,02283665737716 50,011796729230085 5,408992557182315 1,5157997209658098 460,5854231879235 3,0041165604372653 303716,3555235679 1
1471,2741513692404 29984,35569829747 4,010974742447722 1122,3233016290546 1029,8204592158404 109,81595251314792 60,88439653766797 49,89534159321711 5,359157005038972 1,5143180494325812 463,0984328971845 2,9989842225337977 302551,5398646527 1
1474,2637096221572 30133,036391410446 3,9905731761564844 1116,0649725403812 1026,3491872100699 109,57269216935316 61,45337998678331 49,720570483346116 5,412414360479563 1,5290079793103233 463,8240942959618 3,0144731237307436 303150,1355456999 1
1467,1650666404187 29962,696004037512 4,01634487746524 1136,0229391811636 1030,5567646302836 108,54922010151675 61,40875157130526 50,225588749109356 5,40488644992269 1,5389157850224424 466,59588745752086 3,0016756701306253 303099,1434299515 1
1462,2307456861067 30218,29812030727 4,0045748921656825 1127,6065823685724 1043,0132670124428 107,46532885343203 60,25249352403581 49,72977460388533 5,363522701783067 1,5301867479769569 466,54652795194875 3,0156386204150074 303274,62004687986 1
1475,6860000625948 30222,27738201714 4,015740584080613 1127,9558764602932 1034,4752497736479 107,52352667470633 60,25648417342467 49,39655609010332 5,459410398551766 1,5371414717235226 468,30004319600516 2,9997916054867217 302938,9238300796 1
1466,1527058598813 29858,615644042486 3,9848372495365934 1173,816930479996 1034,6781585460456 104,73693717877211 60,3321822196538 49,54477100128729 5,432705174639621 1,5125720263846978 470,80081574114996 3,0196576162935918 303039,5492480457 1
1475,3531643109295 30220,82518519065 4,023265581079831 1165,2844344802209 1036,6240012451765 106,01803550034663 60,793917281703365 49,23596271925521 5,377749211066688 1,5309817934299708 469,65449544415117 3,008536173199405 300494,4035950474 1
1461,5591356904208 29867,10945065307 3,982130724344198 1172,5757648786537 1037,6305503025928 104,74941233757097 59,40491035246704 49,0233300053586 5,38136396470308 1,5458220608801396 470,49023529852326 3,0200715019707225 301660,8812293268 1
1471,1064543892933 30263,448529318834 4,002149738827201 1180,3701065469834 1038,8104976712955 104,90260963373588 59,9617536284093 49,579891679851464 5,387513547967303 1,5282563334802586 469,43503413459274 3,0312422780340977 300378,5761041527 1
1466,508222983237 30211,186918391195 4,01090066887847 1171,5679086986568 1046,2278160850715 105,12430939275671 60,035237204570386 49,84885926451348 5,3712586292246085 1,5450200275137236 472,09717902161293 3,0171010746379667 298713,14776845806 1
1475,581640961708 30103,202165897914 3,993638984979164 1167,7667109443698 1036,4806708902227 104,89330052732053 59,36651023588197 49,14497480838659 5,394054924521205 1,5456418618838659 476,65518414016753 3,0164398877846175 300367,39646877896 1
1460,2137016748911 30058,35571718831 4,025019121535878 1149,4479963663127 1038,9983954809402 104,29649316739639 59,87791748811641 48,995395859861524 5,432958609212225 1,5426599501687717 481,99217362421376 3,0161814444070663 298551,8578311078 1
1469,344645120467 30141,522949452337 3,9450300761024306 1143,8478001552812 1030,800405984117 104,32451004760298 58,22354656933933 49,892430884042476 5,386000002638979 1,555412088962049 477,85951306489494 3,0225141231481585 302676,17950930167 1
1470,9342724489788 30252,47619283063 3,981788514649261 1139,7357721347296 1038,9570222412833 104,46477062025775 58,1310572060086 49,6289341906567 5,375889515180542 1,5525550368570737 479,52165433011305 2,982490115452261 300559,63175720425 1
1459,5673603576488 30109,35056259923 3,979699365243671 1252,5854737251177 1049,1138519606927 103,07424057672753 58,473022519147264 49,270780880336595 5,427228587632213 1,5614140076689893 480,81102090692286 2,98151350408075 301412,13058640785 1
1465,880820482258 30041,836898161033 4,01417800893647 1256,6577289992435 1046,7633501552946 100,95271350066061 58,31763034777417 49,45559179085195 5,3693867238622195 1,5651147661140759 482,45661464416116 3,0098191157957075 303098,6438993747 1
1471,8933547396875 29963,771122052414 4,033269281384387 1186,0174319256678 1054,030720539884 104,1595648051523 58,29284362074089 48,527092590096075 5,372650101676937 1,56031517874876 481,95351161502066 3,0086504833191396 303052,3402995721 1
1464,3314207960739 30113,70271079871 3,976125835955184 1192,7915092901296 1048,3829989776286 104,56556600038955 58,41021613771306 48,9992193751729 5,394436309581484 1,5654007534431482 483,1591058733154 2,994124824470675 301249,5489813963 1
1473,1430312395946 29743,516782148963 4,006407749986082 1135,710311900822 1031,694559263134 105,65629537509517 58,28456749629987 49,23918152509042 5,4295477103315655 1,5652247294243904 480,9477678706762 2,9824179123873336 300128,2566463374 1
1481,1809151544135 30050,711316452525 3,9859581678019556 1145,3324241477474 1037,2543183023888 105,64449513470255 58,28059360934404 49,569225281373924 5,422399444376518 1,5615877284686268 488,0705648816561 3,0355262752108914 302958,9562762175 1
1475,1215349894082 30493,54589614814 4,0069223641900935 1228,9437955930366 1032,697852127408 105,75651980277384 58,666909499362326 50,00680609478446 5,3944496193799045 1,5647125214160529 484,8327003004206 2,996297018862887 297253,83215288975 1
1469,1584149246146 30056,182210363462 4,034931363828887 1223,5546913780202 1050,15863186775 103,36106518978987 58,77125473340146 47,195146050777815 5,368384869489717 1,5849171401970215 489,58930620371444 2,970504211651014 297976,5867016899 1
1451,8410724703301 30016,02095455106 4,002323351354943 1225,1098023686668 1058,9991166414552 101,70117323279588 59,286134212004974 47,53344847213309 5,345533837018174 1,560678849469055 490,2385650601182 2,9965224904538132 299235,97118907474 1
1473,7993167617103 30057,010268547874 4,020784188534859 1146,5767662547446 1047,0376703775837 103,35573122652261 57,45123838127951 49,21665230556784 5,400181299709669 1,568416408207391 490,4364805122396 3,0158359721722947 301060,11329413526 1
1468,061123253707 29972,25218760766 3,9694718355711203 1152,6819504966109 1033,4748383703654 102,62030434014888 57,61245837542137 49,640151682271224 5,4066946521846795 1,5785045931122055 491,1465221608398 3,0114280797245203 295910,30305059656 1
1474,3393605767 29920,427551185057 3,9766930475668816 1178,7188585927938 1049,1781313614915 101,91364812499097 58,643323027633144 49,38670070012675 5,365324010796301 1,5855396601050171 494,22346314503307 2,9953394038835626 299565,43822586304 1
1467,9374324834089 30109,526615451356 3,9593740840771776 1158,9602765791926 1049,9962661388024 100,94023104243487 58,47693728228995 48,8942571158391 5,382148524391481 1,5680620602606903 495,3789437826606 2,993447200667854 297146,4521721811 1
1470,4172330175597 29921,203766388324 3,998753046031252 1246,8140370694039 1047,7798465308294 99,96746491283203 58,01883545411892 48,4353781514368 5,420039649231857 1,581019793994762 493,1409899947305 3,0140474705841136 296501,26802079583 1
1474,6399122928772 30048,466928305737 4,008010034469292 1244,2194362961593 1053,093076249591 99,97567931692274 57,665104044809176 48,508037854711674 5,388082613205812 1,5958502676323747 496,98030903887997 3,0068909455417137 299051,9650894271 1
1481,1902629534966 30110,971520040886 4,022452187900011 1196,3788177721704 1051,976433874386 100,60771851546369 58,25621152680279 47,92298507016139 5,3778260971224 1,5871240745611266 495,51039145297386 3,0091071591435283 298762,0991116033 1
1463,1239455992381 29968,06766998238 4,0021676209194075 1205,3353305594976 1053,8972570273352 100,63097420983053 57,8618717212293 48,17547086610996 5,385899362781114 1,6033970891948073 494,88618951396086 2,9944717721673904 299239,2562840833 1
1475,4689644065188 29870,900714137704 3,989475296356029 1192,7244749487443 1056,012149857123 100,17937274498615 57,99490114252333 48,379712375533245 5,465122678966105 1,5977702763191945 495,18558519494104 2,9781483798880273 297251,1363941328 1
1467,0145058909684 29724,95722518186 3,935120921461288 1174,4617341657654 1043,8903512726301 100,97133816008723 57,23728581729168 49,167485946343035 5,3870289198590555 1,5986440457230746 496,176534749393 3,0041577084859115 298330,4887938991 1
1485,451784814343 29753,419843812553 3,998557950846236 1163,343664553475 1039,3934598366147 100,65092774908821 56,84481657518553 49,104128151745726 5,446164764068632 1,58121697928409 500,27060546814926 3,013324013243425 299074,95126180665 1
1467,3420304848194 30012,439771504818 4,029721053636157 1190,766525955383 1038,3481481684667 102,60454210862775 56,919468775408205 49,06489327677853 5,369991746388991 1,5986011031378613 505,06838397666814 2,9806867248756 297055,84548138024 1
1478,4173360163968 29865,461300978033 3,991558233317534 1184,862222064879 1043,3361425920984 103,7340812797588 57,137597318751155 48,7001429122281 5,417169883372616 1,6085407313357214 502,13669272626663 2,9947596638003957 300376,99654834624 1
1463,2062921920005 30129,157109687472 3,991539520815328 1192,9491250613016 1053,0052202298523 99,94726901076149 57,892141466080574 48,540662723775974 5,390631018488268 1,5882458032638496 501,9153075774443 3,0124598542013628 297203,20654027077 1
1465,677355859796 30003,84604406447 4,009326469247018 1181,4710232892048 1052,774252847741 99,3363960117743 58,016763471977384 48,86043214434696 5,418324877918705 1,6100037807097833 503,534386822626 3,0127860570676686 298034,7830906083 1
1474,3931258773866 30180,97237842205 4,011257544372662 1300,973065993307 1055,0451906381643 99,720296297158 57,277446600316374 48,713878889166786 5,35874946896111 1,5986204497308822 503,30752286018264 2,9893214458512283 297413,6235364693 1
1464,03044922787 29988,810377112986 4,02199364925127 1308,9523777858171 1058,1462401549393 98,72282264221002 58,97024334847153 48,37116543607518 5,36999679790973 1,6029697611547085 502,0531466774257 2,9908637614679545 295877,5110532302 1
1473,8436003979223 29883,883971529063 4,019683893729845 1310,233768341827 1061,3490969229379 100,51455355154023 58,71293223128562 47,903307123332915 5,448554620336372 1,5965383764264514 508,01977453222946 2,9842228511819386 297750,89724323107 1
1466,6590185764953 30330,405348227276 3,983157963098626 1264,9365416476385 1062,4087192872178 99,99740871688617 56,40174197305859 48,369659851474175 5,396981340220907 1,626225624465855 505,7013681024454 2,9736962552920865 296502,24641912 1
1466,6923450334639 30018,980334500106 4,020403629692144 1249,4257012398073 1050,3725417148864 100,04965864531319 56,94364375717992 48,11551203424483 5,366278142538605 1,6058025124797597 508,9997954360916 3,0185375153846126 295635,58020645275 1
1474,3247524418516 29975,904175409614 3,981107308559587 1256,337904486871 1072,036800157205 98,64182634561897 55,073450945813846 47,31103688730707 5,427348495290417 1,6078030578510578 512,2664856660817 2,996822429789342 292724,11890275386 1
1474,5149932128897 29926,672623865088 4,009710144764676 1266,537101179495 1071,2141526910273 99,15909779111858 55,09618963339505 47,679489236863155 5,419813502788164 1,614788864904321 509,0953251798297 3,0325076496545833 293719,28660662274 1
1476,9155478948974 30038,14556098602 3,981540843402133 1254,322372885789 1062,9987540761708 99,78074350398373 57,23388021780267 48,397399202059894 5,393485528683684 1,610492993008216 509,3255323967834 3,001079123102603 294962,3196606069 1
1467,8726385022594 30080,345064710444 4,014627594685924 1237,8833588471919 1043,1282597049953 100,38002258575287 56,43608312190428 48,18896619516646 5,41336309433874 1,6218016362146368 511,04777897339636 2,995559257858844 293183,3526815226 1
1485,5697465139217 30193,28661168927 3,989324660204213 1289,1928859735556 1054,992200842466 99,44399004744558 56,53570377161773 48,55418383815805 5,34643119405013 1,6118346795878669 512,9576890028376 2,986963441631058 296286,3106035073 1
1486,033177478359 30177,807351242092 3,9913144210675884 1295,205084797115 1070,0287685306212 98,7622943391344 56,62624801893001 47,72183112811153 5,438363642194588 1,6090135784337394 513,4021993178944 2,993262593635868 297116,7185013535 1
1471,3566763007623 30148,87616623761 4,021902537951958 1299,6404552743427 1067,042779397742 99,63012913038513 56,04255108726999 47,799147345216944 5,425200948223313 1,627676178046306 517,4847670706388 2,9961673849621926 295177,5353319057 1
1469,0624995050005 30024,6487833941 3,984379306106557 1266,4359848863864 1059,3463169705406 100,47879718201112 56,02857758084489 47,236507662701186 5,376500818009374 1,6300185388348345 515,5804196890247 2,9782373669778575 295856,98513672047 1
1478,903802233356 30256,907519385073 3,9855236758174857 1250,1734511600187 1061,347548658284 100,43983104373658 55,942891902574175 48,03420266456755 5,410125777728599 1,6360005574772596 516,5680847617557 2,9900990085805965 297263,04111700295 1
1469,9662296001482 30084,681212028747 3,9959653513335365 1182,173035774893 1048,7890679624345 97,81963204031537 56,338489540687114 48,822924561687735 5,41516198477041 1,6192331684535133 515,7318521677923 3,003650346818585 299185,0763119551 1
1464,2937141654727 30111,2863369036 4,009823760190605 1181,8582245130076 1046,961970217562 97,2880395553539 56,26960926734368 49,28849610469899 5,402379865643217 1,6300496998800047 521,323195462152 2,980832299050113 294727,18516800646 1
