Co2(scd40) raw_signla(sgp40) aiq(ens160) tvoc(ens160) eco2(ens160) rs1(ens160) rs3(ens160) rs4(ens160) rmox(zmod4410) tvoc(zmod4410) eco2(zmod4410) iaq(zmod4410) resistencia(bme688) Aire/muestra
981,8667298161088 30476,870824190828 4,010138238850006 801,954630974829 949,4786455516464 128,0377507794498 72,30764192253707 57,05763526769275 5,352757620103022 1,310889288521424 421,3751520145075 2,9934708159908188 331657,0538896121 1
982,1857719932179 30438,109012085533 3,988668409963349 793,6624718527628 958,6514496209176 128,84440637271345 71,95988887188317 56,716719934152195 5,366712094595965 1,308930821527144 421,93700409446103 2,995918526743229 331381,61857674934 1
980,7711489722101 30433,910651095037 3,9570163269690286 827,118108599848 951,2087639759042 131,44460690979557 71,89174363944835 55,785511804009815 5,426976703563248 1,312347440700554 425,05275455203923 2,9963673150206973 330955,6833710553 1
984,3704942400553 30138,875126532497 4,012883838718989 827,5532530716517 969,9073200488259 132,28843415590316 71,28629782411097 55,369748725536596 5,349574782593712 1,3265452109662283 425,00901121035236 2,997987519209179 328090,11247511365 1
984,8417815866135 30173,928292932396 4,020100588418541 780,4065618038196 949,984413939474 127,88751983846075 71,0893497769571 56,87382460342799 5,4091084674494185 1,3405589975086354 433,6741673428471 2,973621313728621 330319,76336452033 1
987,7274929856861 30309,465192094915 4,000775629140696 776,7825202265622 952,0264590288824 128,23826243759848 71,70127591160043 57,412532046743515 5,3454821730922735 1,3417110050253673 427,16470455264664 3,0009457515981546 331846,6504754153 1
980,5184826378007 30158,703074295834 4,008157094166395 830,2036683217276 948,7392413762501 127,88982788258626 71,80674559076171 57,50324833416405 5,414768165859081 1,3365750108523098 431,70231585741914 2,988891741102758 330124,2718885471 1
981,3043362141997 30445,96254261901 3,9672973026098997 828,6988759324101 958,4277062237279 123,18627091776298 69,83801712331191 56,46445544613774 5,396739433946551 1,3573695202825617 436,1737553372878 2,9742818660423955 333195,52584977506 1
974,9909034186013 30471,295345571067 3,966690952081786 823,2999502302571 963,0656314385005 122,7003157826822 69,67202917094536 56,11056382154982 5,399201115224331 1,3508005396659168 432,2692580243248 3,019162632855064 331360,13804810785 1
986,2462803188208 30565,361352072956 3,987149740107362 815,6870772924309 953,7211656971824 124,14336318304481 69,46403222461055 56,127151407435385 5,41471837186407 1,3612967065916082 432,17744981957674 2,987828047900477 330466,53348216956 1
971,5078902253377 30375,47153410309 3,9903981999234865 816,8242937507387 956,1157149416173 123,39814310397314 69,94322400853919 56,67310532349342 5,362992649686157 1,3662717450449953 438,41338818019017 3,00886610953025 327537,16732599156 1
984,0200703422 30557,524761024964 3,9726453053772244 781,0059225899748 954,0938706613136 123,4808884169154 69,41921077729377 57,79604560406605 5,363333793288526 1,3593320887867901 435,4221617287219 2,9976419841509343 328257,5144828509 1
983,510291904782 30497,370129674127 4,004879617716462 783,2097133137792 949,1142102565482 122,38144901623917 69,50786327019125 56,941204321866444 5,419565127733609 1,3774096558636857 438,8313403125194 3,016131379649868 326031,0514671917 1
988,7472018482734 30417,96280282325 3,98101724156906 810,1124168155691 943,7972248199023 120,41800357803952 69,30502094607232 56,882921158383034 5,4030357260354265 1,3901177053323714 437,79601193328796 2,9883225718239697 328018,0433476571 1
984,7446627120647 30389,880392029114 3,965986294451716 798,5244659947047 952,3640492603253 119,82802704804628 69,0395887964065 57,31864770352384 5,373236836053076 1,3875256823758482 443,71946505686816 3,0180094240880377 328989,5799037324 1
977,9563088879889 30114,362887128096 3,9836796171892033 859,6612912079548 951,0093423036868 119,91444087398206 68,82982738883277 56,29061882351104 5,3881134631496925 1,377419020586104 444,4832066500218 3,016857084589491 328653,16460211406 1
975,9130173032288 30374,399465234375 3,9772086155010395 855,2782462677764 975,4258641824341 121,79669566688577 68,39014598179467 55,364221722249845 5,3722777437810745 1,4025956685281131 447,1096100794736 2,989490288260425 327893,2120755311 1
983,9912853800232 30085,013876057477 3,9633750341585374 858,9961151756078 966,351429929156 121,76878081041536 68,24634845257567 55,42148525223965 5,409133419904695 1,3892423709440094 447,68003094162475 2,9880795312184327 327362,30059541756 1
973,6823726404499 30158,469879725286 3,992716664173219 832,6846715643462 969,5022507573805 121,78463928181121 66,09827184280392 55,91390422528519 5,39223847369486 1,3977888993390435 443,4629531129138 2,9815946469774164 328853,374131352 1
983,234532232788 30157,862662255106 3,975487687195978 827,9291420665236 959,354289096332 122,02126272161581 66,37701495136 55,899612842146766 5,405571215188951 1,424121222222991 452,18211936902236 2,991988939233324 324379,6074354421 1
970,4010838000881 30408,23465919701 3,977332077537167 846,0092939890179 961,9810637859542 121,74662684889815 66,78821907293602 55,59628391189396 5,385585224329891 1,4070893770525106 448,8458481168832 3,000088751354401 325163,5830649279 1
978,2200471352589 30286,65178330661 3,9969900009917843 847,1301267081376 965,1637030294287 121,7619663380231 67,88082505063471 56,334447455744495 5,388757360645466 1,4080676868376496 455,79548316768324 2,9872063113586824 325033,08127319004 1
976,0270886464152 30300,652544870965 3,9797199665118073 797,6135457537243 954,731383202467 121,93440039770852 66,0575005756676 56,52061432190666 5,381569091143106 1,4098659575439783 450,9112499288382 3,0133771157518807 329056,52966565086 1
976,3617066829246 30192,88958987329 3,9560753561150586 797,405176681639 956,3830137386191 120,99736145447443 66,61136742256382 56,722732136775164 5,431391472690568 1,422101110809767 460,1741971475574 3,0005839122329627 325503,3365956024 1
973,8110082182869 30180,925046079617 4,0025690115018415 877,7272425133035 948,0811707286007 121,24839453585692 66,33775957012546 56,92960194283991 5,341671816992248 1,4205109997502887 457,60358970692005 2,9951678739686596 326958,1683803579 1
973,6220815479613 30432,703110856284 4,002488149518577 881,5454647196583 970,634722538856 118,0167648203642 66,91306710505712 54,74019504936972 5,398239605341927 1,4336414694874033 458,3484060348265 3,0212153734374683 323620,1329584055 1
967,2227628776196 30220,159268842748 4,007641866511854 874,4220237843849 971,1192764039578 117,48977878251445 66,20008415832092 55,033173877461216 5,340059876397493 1,4279231042556608 457,3702412031794 3,0237251575424704 325208,7223540938 1
968,9649816572228 30134,1526015577 4,016696763578741 810,7049504887844 940,9350694313729 115,1523213064596 66,71923937494631 56,807376870257436 5,41512120656258 1,4307445534394159 462,9018299161273 3,008188251501392 326830,8514657094 1
972,4192754684033 29986,97483547299 3,9685932366785375 808,2958468337881 959,8494150435621 114,60089505879395 66,1103651976702 56,37950117201725 5,406499041467147 1,455026409302288 465,02321252409 3,0066739313093778 323493,6513363341 1
965,7272285439772 30508,936915352675 3,966373099960277 887,7153676665072 959,7606208695008 115,21705321900927 65,38522885445657 54,839981849875606 5,371618224627453 1,4497015606532766 462,2048768550408 2,9943915958823126 325256,1873624142 1
964,3970956341519 30403,04065552807 3,9719415656217647 888,0836805497281 972,2267623988533 115,9499454096594 65,52724899717997 54,62551260001292 5,37376588689018 1,4460012311695372 469,8491270058025 3,0020292368785153 327805,86970728886 1
971,3405741081626 30094,896350616913 3,9970736868263397 867,8931457139961 967,4812324563228 115,88173531113446 66,20552309769667 55,074008319893245 5,449544611129455 1,459589660670078 468,0142450343158 2,9751969985649698 320947,3479232414 1
957,3818931115233 30496,512063692193 4,004765218199287 870,0731857569457 965,5798206728767 115,36033292267926 65,52034184828814 55,17807341688847 5,448792865499712 1,4560488706473302 473,2013233277414 3,0119747911781847 321836,63750419905 1
956,8104950481055 30388,752655843993 3,985409702805458 887,0529183587627 962,6138220464951 115,79047568267791 65,4449707735232 54,72442077233034 5,414224429362128 1,4583993350110578 470,93400154927707 3,014067812103117 326375,7583182145 1
962,1060375540233 30210,645190449923 4,007352201484292 889,7909956863577 970,1222699123733 117,32649303499215 65,05735246101733 54,13888865802758 5,396365151627441 1,4733414970038698 474,24799007284594 3,010422556261532 322857,4268772184 1
959,444202912344 30352,49208576025 3,9464198288239856 896,9476666646146 968,0366614561415 116,62379299486321 65,6369565427814 54,514751625240905 5,392341827658293 1,4585894965030122 476,0140708137487 3,0082717153370915 325151,19685232715 1
953,6345066102504 30190,974428201374 3,9864425751299764 864,4895984817254 958,59687992771 114,23098901585414 63,48456627209992 55,6865723765875 5,436007704254731 1,4580405875512223 473,2102915723148 2,9991530159239326 325839,37804610835 1
952,909495557167 30147,813692555537 3,985926625033797 863,5646124279983 964,7592989964681 113,9485289252321 64,45271061303268 55,5737551347817 5,418041311968697 1,4531559631407862 476,15688413583257 2,997634153142511 323214,31229097035 1
953,1563268227459 30309,80785637513 4,003975121780063 853,8711298117132 965,8926270961501 114,74455514058397 64,61763435731557 55,46883349257694 5,399930126587653 1,4660298730576609 476,6007696732145 3,0070064981245395 322536,3493207604 1
953,3226839962871 30084,12883342657 4,008827356557042 850,9642893145011 958,2646494578295 114,67117252255888 64,81154695981328 55,28871877543802 5,394517573782738 1,474015275047376 481,73733896324666 2,990600918566992 319665,26718270977 1
948,232407352822 30036,28816029271 3,9847143210097964 904,1035564786495 982,1532843796879 113,54508879317987 64,64235819993834 53,92951573397142 5,434742931879836 1,4736702152453818 479,5678266985182 3,009189625560704 323309,1673801678 1
955,8974253500628 30364,81992992277 3,957556951030575 911,333232120093 974,9907588193819 113,35350198517861 64,93872051563177 54,2602049578964 5,432935523401853 1,4803821499943604 485,76690084141404 3,0001217365922668 320677,5944299993 1
954,525449944989 30393,132471554534 4,024531827548394 894,396579417144 972,7671599926273 112,92054113157977 64,73569484745664 53,51778955160054 5,395494325481543 1,4821940602758115 477,27576719160214 2,994759116578589 321430,1990180007 1
955,9719893459811 30464,04878828666 4,0099031298228995 890,777271265915 970,7204556240611 116,63887012046807 63,17185420875117 54,31528655849608 5,394667282818292 1,4755022430114844 484,2474508872796 2,9917509183775395 321799,45162321994 1
952,0122182403616 30073,314725780925 3,9528320964578314 885,6917174809731 965,5218812115503 116,12722146569156 62,47363850284676 54,5662522598583 5,392673713840582 1,4975002629156484 484,0773506480938 3,00851094367781 326816,61178459297 1
950,8774559374707 30014,933316202736 4,005364417027052 939,6043631770492 985,2942417963187 110,01842409438417 63,53241111172292 53,17190779949827 5,39352419584145 1,4866156929488865 482,5681922535194 3,0069937050594158 324421,0646075837 1
947,3757997105595 30226,545925168684 3,9696601862818333 936,5666111231137 988,2922975074983 109,5536600953871 63,63609288028723 53,64625830794453 5,40499065165707 1,4889515626873393 488,5470972798022 3,0161811276932355 319771,4205336791 1
944,2857479542217 29989,8355774873 3,9927282069527754 845,1302975391119 964,3084800719809 113,44652018977219 63,51745176827843 55,24478861493433 5,401995637935593 1,4979805260721213 486,38574694712014 2,9827696582260987 323993,43255617295 1
942,0899119479224 30182,987377005305 3,987052224660674 845,6361905287209 957,5375911435775 113,89847682765625 63,72894882602515 55,524996154635794 5,385072763335139 1,5108664810785117 490,6427837110181 2,9836102074716475 322199,22008656344 1
949,6478349081939 30239,150093424574 4,003881447953435 891,0708996927868 977,5357422181179 114,17820655809146 62,58535178299189 54,70211772740852 5,468156005952228 1,4968402047552856 490,1032417821424 3,008676137742041 321468,7482485047 1
951,4726239869292 30383,95096526974 3,975977711989851 885,7105871751833 973,2126961368868 113,38305803632804 62,29814251089225 54,5838672041325 5,408648222041694 1,516018621917189 491,8801602390954 2,9960005102388942 322296,97419978445 1
944,0772791037509 30319,465971008634 4,00417131919427 906,4433249028677 967,1153031724268 113,73181602974482 62,50067864558802 54,672229404809045 5,424333531307438 1,5061230525841185 495,10272861259716 3,0214671057942892 321165,1578742978 1
946,5070339885435 30253,088798521447 4,010374050137928 914,6256750656181 974,8275017611996 110,10180910163737 62,581247833534874 54,305053311990015 5,397658889273818 1,5083725055675157 492,6597184556217 2,9814750851168297 318150,78544727527 1
932,7991818815232 30116,40245254242 3,969766087329751 907,7318527730255 984,4713723199734 110,09143640160666 62,70340968409546 53,96744275361828 5,420259138660487 1,5076302677309499 493,5748907477274 3,002093588086604 321088,8025021614 1
944,1520118664678 30152,786160439453 3,9769644216653046 962,12042600277 967,9852456083672 112,24276398794804 61,59870832056284 55,63321048599721 5,394731718213571 1,4990885800414708 489,0841663421183 3,003111982247928 321228,7516446803 1
947,3455104577503 30269,717245073225 3,954529899498437 958,8490842642149 969,8796040673934 113,1865209073869 60,85018010642463 55,79043881876759 5,4195944335322945 1,5236786837897562 495,881349568349 2,9831958152292666 317428,6433384249 1
941,3519976156758 30185,236956578534 3,97690180192136 899,2705735514601 982,8201303006958 108,52913171470271 64,5474983281694 54,09038575268858 5,408967973943093 1,510407519250098 497,73639597843857 3,0229791550750758 318919,4000171857 1
947,4575688292429 30125,67011636195 4,0013479874465805 902,0450717538085 981,9937145123705 108,19938682690795 63,89979034648297 54,58061964745967 5,437789867218369 1,5163442030105432 501,91345260335606 2,968583974656803 316191,426341555 1
938,7805995391346 30298,676260458662 3,9753319217587806 934,7842185502454 976,3156748492204 109,30077120348636 62,266463598973864 53,69057255204973 5,381312645391837 1,5209520183134266 499,9629354424634 2,9805728584713265 318765,18199736497 1
939,6947425733287 30279,760197898715 4,003805020699188 926,3495491629752 985,2829584915032 110,48562200710661 62,13069438826872 54,285236775020635 5,371963917788682 1,521064836638309 504,06051798394014 3,0220065974068904 313719,1955012966 1
944,0914148014275 30164,940918594555 4,035889184015232 921,5818448023133 981,6729242609138 110,42862839532222 61,25600255902156 54,06034328799478 5,341829145934842 1,526259809437029 501,3392134587767 3,0061754312647544 321466,0955034962 1
940,9700372329112 30363,285826274816 3,992988321827471 921,8352450262943 986,6478961973919 108,83739157533243 62,41052087700135 53,85132322214495 5,39110457044175 1,537204340766654 505,15054909771203 2,98142008608929 323578,07044522406 1
932,8680670662441 30204,923861321484 3,981886942773018 926,2783906496129 977,2744304914658 107,91971254931782 61,81248349673232 53,712531765209874 5,351525836277231 1,5328750342971824 504,9748262290282 3,0113065854610506 318876,0383883323 1
945,2501936170927 30343,203329217264 3,990949394449751 898,4569380128178 969,0008506503848 108,09458060624777 62,37486347291763 55,15162972923927 5,41754899722842 1,5441793856184516 505,8567811931139 2,986687874192524 316958,9548053824 1
942,094046085846 30207,595854508527 4,007157195807749 896,4029219673215 962,7353146138558 107,58751141233411 62,836250954326076 55,06190350323838 5,411178241242655 1,5416008815539435 505,76877971509344 3,019556663994306 318241,74869297876 1
939,2197281486077 30425,092944077896 4,001151134169889 926,077929002249 986,8591236426853 108,58161844608576 62,54997950208827 53,74019882949301 5,394360784371124 1,5325468572270542 510,31187117424406 2,98480336631628 316431,3577816994 1
946,2489927067993 30515,13415840228 3,995498196600941 929,0494901304846 983,6238027105721 108,71028216638611 62,57489952805219 54,07830372101182 5,375362792619147 1,5336698855741724 505,1549135218957 3,016791225991155 313084,15238171414 1
940,1122192481694 30185,589951148744 3,9532125779277867 992,337869760156 1009,278304181364 111,86770399811692 62,235235787625456 52,48840373172357 5,398646916942624 1,5286016530645214 511,887705075152 3,0073807537803177 319698,2144888086 1
938,3294778355311 30342,535318718423 4,01629027752808 991,657826156925 1002,2257473249273 113,16777417361219 62,16198253892725 52,2208217070966 5,433975121369776 1,5526584275503905 511,96362620714314 3,0032605625140603 318977,7230696257 1
938,0559767743339 30231,0970441435 3,9900505157522095 963,65086145519 1005,3931205916818 112,51017526663301 62,425871077016474 52,68458880798868 5,379589323713893 1,5391392114628433 510,54077455798637 2,979649974133106 318161,2378089821 1
938,4679592267437 30112,90505165068 4,031543582586817 967,1437401870712 998,9135621270434 107,4482531677276 61,88379330763521 53,12713428223946 5,380326532824545 1,551953649788508 513,556399561652 2,994185687798945 314637,9299443714 1
931,942071418995 30013,774777220176 3,9596734154622157 966,6515090636191 993,2756084027828 107,82047827049941 61,605116554979475 52,93645464401942 5,427921497687074 1,5448703459878566 515,7748566565633 3,0414665953095037 314764,50743625243 1
937,9521543746062 30204,63536072096 3,9891916716773905 903,647795610501 982,5851271068072 106,38868278214103 60,86219707284238 53,375313273889894 5,404342519059179 1,5420087275223007 513,3431603900224 2,980393286218481 317853,75832579914 1
929,5192385161494 29893,386585866974 4,014891809968778 904,8365813509498 986,4246187687788 105,402331833829 60,83299481369099 53,24413796372741 5,3891270032549805 1,5496997141858881 511,7991635806467 2,984835885035641 316770,83025962143 1
943,1907520162334 29992,577668390935 3,9347447931557946 970,5013466257352 1003,2782576946704 106,2426444489186 60,451831313811134 52,88802401190632 5,384415684325506 1,5330888820591642 513,687923151061 2,9888130286214185 312605,2192175715 1
937,8751226932309 30430,47382772183 3,9967531752164143 969,7416888466059 989,2854606844401 105,90832797807565 60,637394089681386 53,03103501181629 5,412250847139009 1,5510402342841283 516,9705627478907 3,009473688018425 316908,39631183073 1
938,3954270526209 30256,129315237446 3,9999893023335744 893,6480502223226 971,4943375446016 104,98316767356545 61,28494272280584 54,53722070014596 5,394386453956215 1,5477301545036832 516,2409917297281 3,004545992969685 314427,342835091 1
930,7038829565432 30407,69015699493 4,025578378265174 876,6416914564733 973,0742874622478 105,84410189041107 61,525464728910194 54,75522224564519 5,365779314821077 1,5580081332412143 518,3890953608118 3,001323282191505 318200,57383878104 1
940,2119313252023 30196,79353818273 4,009857110016124 916,5451756748713 978,311015412605 105,71760037623133 61,60344737352499 54,78468347385221 5,39102412627575 1,5540866811115848 521,4162898737492 3,008436061013188 317381,0127427002 1
935,5977664866623 30280,698688090524 4,0068098244933275 916,3907189921254 981,3724234295283 107,86558589323599 60,83703306144439 54,52849092885659 5,407577416699479 1,5790490344641264 521,98328652315 2,994230009529156 317030,424957861 1
929,21694821919 30189,96615239267 4,012488391603389 920,426444456706 978,954874424707 107,28697391135893 60,68620189231251 54,37580909542287 5,377419584009236 1,567365314432463 524,8801580676187 3,009647617556281 319158,06488438294 1
932,9243026687949 29965,27722434137 4,03804440324997 938,2080833282666 960,6229079755515 105,91356343982623 60,90295908862171 55,04043608718492 5,437274048139886 1,5604558327940827 518,8972103232253 2,989634798445449 316031,5932598886 1
933,8235481665679 30475,038651915092 4,0183651421656235 928,7507223722253 976,1665517326791 106,52979654165613 60,64703353918618 54,55833833254757 5,3778207290862605 1,5658857507460908 522,316098363551 3,004163586314564 313632,0781000932 1
938,8159938898823 30382,085486412318 3,991412063463625 981,7652769133338 995,8055542928481 104,54136988411074 59,639635436908925 52,61450788106963 5,365055478725665 1,5610844599345362 519,8864921136319 3,003270146523833 313446,4429093854 1
928,6417374390205 30142,80949805982 3,990720109763768 991,1581799654631 996,1954871289494 104,0652539993441 59,826359669532465 52,8125024957356 5,438499262986386 1,5668194034655203 525,1744091756588 3,024662667495228 312399,24077249377 1
927,9128541075557 30053,615317810756 4,013932040778075 918,50718424305 973,7677222317053 104,59350682218478 59,795628110956365 54,08130731596895 5,386170913027173 1,575999927334893 528,6382371502903 2,982521112832897 315931,0104746115 1
929,8589526110063 30242,268959936966 3,9852898413966042 921,1390374313501 988,7829169671644 104,03857050381278 60,10551034351935 54,223678000495156 5,432110149952445 1,5649537300923586 533,40941417827 2,961545945206743 316312,8569469952 1
936,7472006312339 30011,01683175297 3,952513405027241 970,7240692444046 978,5217235650933 105,1625095028082 60,28412233890307 53,894576673536356 5,426837161712108 1,5671703894744253 532,387890617492 2,975327026702674 316182,3156017502 1
932,5606043945369 30244,59003844993 4,007230418327151 966,1780851319007 992,6271079160729 105,18052261576705 59,99444926088499 53,13196863787663 5,4358245725051395 1,555822131208827 528,0171952742438 2,9825995976969324 318310,26685654715 1
931,3679024596987 30288,376857692805 3,9938683834060815 965,1650447120622 996,2415534023127 105,07671261566881 60,03818255212852 52,77888730654517 5,389766959628631 1,5548630778069967 529,2480995070063 3,0118478870560312 316769,17405656126 1
926,9428796405056 30278,369663283458 3,9969703353628234 973,3781976872431 986,5033551232323 105,40237664850322 58,88382630667816 53,35399796915235 5,378223324414618 1,5788645868060742 525,9048150975899 2,983595004549125 314560,41982582485 1
928,5015353771208 30353,53188522284 4,014916226684656 973,3873270628569 988,9554651090104 104,53336404936756 59,001935429198575 53,4728288172379 5,424541927718514 1,585921743118339 530,3169365656155 3,0044944773679356 314796,65163763624 1
934,5841421624342 30500,24847506316 4,023576774852138 988,1253046849315 996,4621907536231 107,02381264119091 60,342813351807266 52,74093374670368 5,439126302750086 1,58875564984563 531,0517138996252 3,006635850838636 317695,1088001227 1
920,6318059003319 30182,393903836426 3,968826670509304 976,9977924491111 997,0491689397072 107,52475343004285 60,231931684562944 52,57559704745621 5,399308287662163 1,585203131778017 529,1244904069492 2,9982833473428894 315452,46514000086 1
925,815133007965 30176,080244348534 4,012321035413173 932,720718619746 984,7726835672192 105,69087552519738 58,87331669689251 53,73675389024094 5,380810457059409 1,5636714440113815 531,5384191197786 3,0121731348100234 316900,52092648565 1
911,060762951201 30260,467273667997 4,019308869316324 944,7520654639077 976,8288046385821 105,2805640845119 59,43158731430162 53,4673171864095 5,372719387789578 1,5936665857281422 534,1613914599856 2,983984077921165 316207,91956375004 1
919,5402420530156 30151,340554102844 4,03231920824945 906,7883148980854 978,4225835156032 106,08073117515153 59,19862801901225 53,25532532457154 5,370839627064843 1,593372347787868 537,4477924025215 3,0266147201385905 316065,0101975904 1
914,2311971054721 30438,076618716554 3,958003873905769 908,2217484686637 976,7077353895987 106,43632129732777 59,93944735006617 53,316722922062695 5,404598071740567 1,5839263632958784 538,0188761612304 3,0147791880858392 313170,9184288724 1
916,0126773931491 30235,732922803843 3,974601774266825 898,402579685145 980,6269158786974 106,8757846685066 59,62470859090685 53,34911750690442 5,43170605172347 1,585157122238443 535,5578858035801 3,0353810120767357 311342,33355595486 1
922,6671137037229 30202,051462633823 3,979951294049401 981,1526572455208 997,7186555383205 100,43599395631524 59,4850772229367 52,67738635329068 5,4442995297124686 1,6019122359742248 538,8599720571102 3,0154161615425386 312040,7713287866 1
