Co2(scd40) raw_signla(sgp40) aiq(ens160) tvoc(ens160) eco2(ens160) rs1(ens160) rs3(ens160) rs4(ens160) rmox(zmod4410) tvoc(zmod4410) eco2(zmod4410) iaq(zmod4410) resistencia(bme688) Aire/muestra
825,8867046583782 33202,56369285086 0,9983478362282239 48,821401939184454 475,9394368808452 647,9121079529391 698,9584400736046 108,14985700572447 5,417645772527381 0,07231404455876393 413,30731415883116 0,9996317501764947 529942,1226470255 1
831,7760802141927 33409,026183902846 1,0058540755537393 48,98470459007074 475,70440562292623 654,2765733575152 689,8604659024344 108,71552933047053 5,4784456661195575 0,07183031543623908 418,8333958977505 0,9985998144168892 533716,5950099459 1
824,8364296707045 33186,14475185857 0,9959947171772023 51,98801379875999 466,82396884536206 628,5018717284137 687,6026040149817 110,37130530992907 5,451389820019614 0,07169249102076557 413,13697242113494 0,9928282012377478 539150,9555757205 1
825,3640555897914 33429,21268108004 0,9944374069031008 51,68958695258681 457,6234444195779 633,7427833273783 683,1539020834794 109,9965618915206 5,45552277504472 0,07310042504212282 414,122251761943 0,9958776978850002 536462,5400592261 1
831,6298882371216 33373,43361068717 1,0001345784329183 54,82952629036114 465,98109184181 626,7391070561343 680,5313395207388 109,45026230661959 5,50862652481386 0,07307741166864158 415,7924738250017 0,9973825219479623 535014,1760634112 1
824,9981822714191 33132,09648547971 1,0013178700676162 55,00183957303307 466,6669175743935 632,5907721980379 679,3198919393385 109,12898547637045 5,513651538687808 0,07551547107247711 415,4343370759989 0,9993144059920677 536712,0091138325 1
822,7088854169631 33001,2215235305 1,0024465167857022 39,11276733414017 431,9114449380921 624,8612036839775 674,6027633570483 113,94777827610257 5,517806133607284 0,07527908564498512 413,8295236886455 1,0061220621198814 539937,2862628264 1
824,2050440090098 33176,62461654206 1,0047430867954283 38,93369959997676 433,95627769405473 624,9914086206707 678,3147109037557 112,90203799597491 5,508481298007444 0,07797195571004546 414,36866700170134 0,9970179952249979 537133,516361395 1
831,3446252565269 33348,19572350034 0,9950617124409319 34,87032264082146 433,27710536423757 620,1197411753764 680,2582871025851 112,7059831934856 5,458546047122526 0,07778644129639714 413,7682678697993 1,0031733610229028 531848,3459794133 1
825,4611372880748 33304,28114971528 1,0010853255320602 34,87947828891964 455,4348356787463 614,3231495189481 674,6837498634145 111,21082232667936 5,454154142367336 0,07937433691265437 414,78639131266874 0,998375597896586 533257,1803263337 1
827,2692168844595 33392,18255671189 1,0057572461899909 35,06983099985902 452,0881996486219 610,2692004386902 675,738587338275 111,14324582232484 5,447778376439018 0,08062370935144723 415,7167462884742 1,0060269472288899 530030,1736988537 1
820,5742556958812 33082,805512469706 1,0019841298794339 44,93023721302815 447,4097722482132 624,161669995277 689,9720653395647 111,76123308954402 5,472680241782851 0,0805554928651675 415,33511048618493 1,0035143390475438 532688,7173610075 1
826,6496726118501 33675,485567847616 1,0034515790579237 44,9179485495007 449,16132300123655 625,7731414120901 685,3380592939717 111,90297278350756 5,4863580829038 0,08304599269497988 415,3428440019537 2,0013041937044855 531061,2591649579 1
828,8318968516737 33330,39017557938 0,9986857553402004 55,71596451808486 465,5389550751155 621,3938859959042 681,5133275372995 109,25360628140878 5,452031784389579 0,0830693284443932 411,883439706642 2,0074448000638023 528886,5014654504 1
829,1434200529104 33432,67283817456 0,9916833248432937 55,898917673780744 469,63415929310236 622,0212840454801 679,3424740726039 109,75741772092198 5,484958270479011 0,0841218397554974 416,46977114472406 2,00847651604515 529442,4238917229 1
834,86314117172 33073,873584525754 0,996993698884432 59,62211109169194 479,3659106452808 614,8590264867565 659,7594353745258 108,06165093849812 5,480821625796029 0,08388120583280605 416,54469351008555 1,9968807385465 529236,1131810226 1
831,5258040453737 33487,48403534596 1,0035939472925746 58,96360610609225 473,3138563426035 613,6142600663325 653,8618309298182 109,75470978211625 5,510361329125388 0,08674502450073594 414,6706059535648 1,9977840777186142 527797,8573496358 1
819,5287508052537 33135,044385788664 0,9991495651919142 50,7207612450198 474,0479527122309 609,4507913111047 661,6429768132255 109,19268186512959 5,431791856834647 0,08555637908629288 414,13492001207527 1,9925506949181258 535761,4269288144 1
827,7155485594316 33401,49421573368 0,9987621202661634 51,02478123884385 446,11263259762103 616,1919517131038 668,7873681175118 113,24939611053827 5,500638360936878 0,08907484346695653 415,9286863735936 1,9909579200528071 532654,8793570875 1
826,377606721353 33284,35570809573 0,9957596535730008 50,88659328671131 442,00248493691555 607,8797983773203 660,5872436636699 112,28824787357892 5,497612522869728 0,08806479001453285 415,8806045935918 1,9928243311848652 530267,6770738359 1
826,2661182071878 33594,61297392313 0,9990208711864383 61,63278513601974 480,17515600396257 614,5236497872204 663,158922300736 107,88107551209158 5,48951739030406 0,08856347489601323 415,23908565330333 2,0054195108605377 527656,8597101145 1
814,9125113724975 33282,367355066686 1,005217942865731 61,70193856510948 483,65180106914266 608,3356148648783 663,1909937242885 108,24181083961369 5,498001895319982 0,09095719918374809 418,7743461949374 1,9966428435105965 526350,5992607778 1
830,0343156380056 33395,175004170276 1,0029727225881921 54,12016712897808 464,29973345007085 610,2787574110176 658,5774007372365 109,60783736142774 5,450329997197858 0,09097311237132358 416,9875245960757 2,0027527631622006 520720,4048100595 1
827,7559745204057 33476,13583516795 1,0055107377580206 53,80764980753337 466,49745123551827 613,8317253748172 663,6824677038882 109,9050443977055 5,445088207023834 0,09372252332007816 420,05388671036906 2,0107483781184614 529234,5021766743 1
825,2702935914117 33283,74550881651 0,9959877676660848 45,89371216745901 448,55797331580305 609,8244812466113 648,7329058940744 112,11929481095062 5,381589714823858 0,09223317801239904 416,78399781654855 1,994535718431704 533953,1112852502 1
821,8672749584748 33302,22028110434 1,00235116131004 46,136016976693334 446,2805872153144 611,8465468251271 655,4246247064739 112,1059711740682 5,455854375781399 0,09561855062130604 416,93817321392373 1,9985995202614553 524504,0156900651 1
823,0302669829915 33124,908112310186 1,0014457213907884 44,37019776195038 450,32767045825193 621,5834530642321 649,0596681154884 111,8108525502257 5,458092588295086 0,09469062937629455 411,2762867818847 2,0022738715665986 526156,9290675779 1
834,6609518347828 33168,81330806071 0,9918152727010847 44,15329546580925 462,76000116341237 608,4756187872138 653,9570621164211 111,368680148813 5,507345264766529 0,09567198553885088 419,8138970219826 1,9915017369329862 524407,8671126933 1
830,3921672004418 33067,977950827284 0,9945028426899765 44,026917575560724 464,3853003305413 603,7820814368257 651,7339521691633 109,24902692423282 5,443248338362784 0,09701353262336068 419,8638010479578 2,0062329603615834 534566,1235600685 1
829,8387652660859 33071,62120347375 0,9999918833049806 49,99035800908626 459,0940355042474 614,0473349671374 658,9214979953144 110,27542728241968 5,461842649114129 0,09578297983103859 419,9040065420425 1,9946080991817021 531721,8492757564 1
824,3692272586887 33162,521747767 1,0080795453765308 49,243175690023044 455,8664407225682 609,110658785296 657,4006663533767 110,64686297306825 5,492170059229547 0,0978303254741035 417,04120278557275 2,0063715919934455 530024,0836477882 1
828,1909776638166 33447,03346782305 1,0096542241276458 39,879097156384844 434,3780632786591 612,255599452816 638,4758246912586 113,58091548951803 5,465011426148329 0,09757601237837973 416,6473789399286 2,0077733477594406 523670,78608358925 1
833,6045070229092 33559,30119048284 1,0022807584820788 40,079430660710685 434,7404447813835 610,0445415603878 640,3935797821113 114,28172378858036 5,51381240329247 0,10051915834237032 418,0746199804315 2,01334976478233 529676,1679908913 1
827,816042282538 33324,91320388367 1,009088911771231 42,02079234034399 440,9647043994432 609,1249931384913 644,6648085972225 112,52421801818016 5,44197100011208 0,09931869643946206 417,7305067208834 2,0078183694912495 529327,3946592383 1
825,0156782934506 33133,57584160192 0,9987198372613191 41,69215489766286 434,4568410122984 614,1123694412337 646,6326403239973 112,63764423569255 5,435574641520023 0,10110153555031999 417,4954655869729 1,9854969329453387 532189,7996801271 1
829,426867635132 33009,54304029031 0,9960289072557972 39,361706896597525 445,0179721059359 605,8508978007221 634,7152340170574 111,82195389930614 5,484710422778221 0,10185715599249606 418,7368680569796 1,987974806898774 528452,4064149644 1
826,1472954702028 33230,966876276274 0,9932222349278508 39,085780023949 434,43037472040567 608,647184967194 645,216596205845 113,70724359557188 5,478799941747301 0,103339577569087 415,47500333924785 1,9890313244667652 529720,1873480047 1
833,7490659522723 33194,54132038331 0,9978147351862438 39,015417115359426 432,401629718586 612,5727526134613 636,1907017948964 113,02365421852488 5,42886555042525 0,10377164237044019 417,1004724931863 1,9971921159393327 521001,1005020598 1
837,2069187455091 33449,29385671579 0,9978197206573755 60,779554647380934 479,3922742332826 601,9000415338841 637,2665784959142 108,61601258012874 5,427397947931972 0,10440695072444622 420,8141318719817 2,0004086566160093 532134,8099931673 1
827,1703962069763 33409,98366699996 1,0021712197643105 61,015976089440976 482,8782562317214 606,686603934218 641,2725268769464 108,09431027238966 5,498982791977095 0,10486120594383957 420,2064907320373 2,016246845057553 526233,3479995027 1
825,9340164647501 33443,59871955879 1,0033701588468313 55,571831742577494 463,2339774137156 603,2319738153677 637,5678295725338 109,5327369534086 5,476156830947514 0,10487331897219339 423,5445586929475 2,0003883885740983 530238,7225956118 1
826,3690325360814 32856,94757079313 0,9995612623182932 56,08092616565742 472,1934504237092 601,3889599271554 631,0360315246462 109,46367127173735 5,448136642163353 0,10605785466271092 421,61967827768797 2,001351847166161 529191,3967459714 1
834,3367358696078 33119,78875164071 0,9914172028752277 43,62028721467509 426,2607395755058 598,0145065803516 639,2620720519543 115,34617268968493 5,492658391368926 0,106121150039366 419,69123951408557 1,9829868688523955 522690,1171346084 1
824,5854162280989 33066,3815895268 0,996426441100354 44,04501803743626 428,3060269678379 600,1392941018496 641,7634722204743 112,93532768239821 5,469040373992006 0,10814602214033874 419,6653208542577 2,000872576077204 524106,44496362144 1
833,5499274031746 33257,745431329415 0,9981007642544826 48,05111887231181 424,7013753783933 593,4105392997993 642,0359989027805 114,55078384922865 5,483059397815016 0,10847660556481832 418,67562396462154 2,0066588056926564 521503,8396671441 1
826,5190584703483 33150,128819998565 0,9974028481313045 47,358643800984524 453,2701108729308 613,4072261561398 640,3120115799453 110,18774099318325 5,4709254144531085 0,1121343028894222 420,5219132310128 2,0053773830552184 520472,17868390464 1
830,1182372660954 33628,43207164342 1,0032880171306418 48,045085831556285 451,6820635876435 613,7926750678854 641,1961147691538 111,12211781778673 5,4961256238684335 0,11054898056279418 423,65409859644876 2,001195784134993 522651,82568587916 1
829,8317434074847 33466,92092195969 1,0038537232185627 45,88862071334704 446,83360743650053 597,1546469042835 632,7836857881222 111,39281965784461 5,48619841615694 0,11119631347042645 418,6328485747628 1,98527583020686 525981,9315700923 1
824,1193256437538 33408,00629616181 1,008205333034091 46,40344795974277 446,9884947724837 602,5025499661265 635,9457561872209 111,92449958438984 5,4706906498331165 0,11375634333480654 420,7282986918943 1,9882799298962022 519701,66809041385 1
822,1438488569504 32952,297752707316 0,9939845147031907 35,744370665469745 425,16156034094604 603,1059134043297 624,0163533403614 114,05947682592117 5,4605518049463315 0,11364317735916997 420,9738424733294 2,018591526361075 523444,65618361195 1
833,5481060388531 33191,48093429396 1,0009135041144306 36,41032103277462 421,4461154058226 606,3686999362236 621,2129473032599 113,79466159564203 5,463526483587021 0,11428421109052515 421,4063966063254 2,007760250168116 518593,81709203275 1
829,4070730763381 33439,15052465883 1,0118450878943834 46,20388318711069 432,6603999594456 605,0348511855237 627,0423640441975 113,76377352036602 5,45508365426263 0,1157140453779241 421,49481459965097 1,9961941728129202 525797,222456886 1
823,9367132560812 32757,884242114527 1,0029779761172704 46,22255036897062 435,9806621049571 610,0363996353728 629,3682349596397 113,45571136038757 5,457535860829878 0,11756274039881758 423,3288989315745 2,0150767372435294 524985,4491680515 1
824,1408269416786 33307,61775086547 0,9910759918800648 64,34694389706999 437,23183373495095 608,7804856039701 627,9159812051801 114,34393898021268 5,457455673531846 0,11710449176644223 421,14323459522166 2,0075837157504566 520787,62652349053 1
822,8418718184441 33243,637135690326 0,9966125079733175 64,31542885610862 482,7370011153645 599,8082245356713 627,2874348822421 108,14724449226203 5,4586747877226305 0,11863523960253938 424,0973738725496 2,0012860281544476 519763,41880656825 1
828,9273685530376 33364,95332978874 1,0014975524009664 64,14862927908037 487,2064310959452 601,8488934996209 626,7071272071868 107,046777113657 5,459761356165881 0,11924281407403767 422,6373604387821 2,0013852572702215 510813,4839456308 1
830,3211590869605 33461,66018667938 1,0100200204113068 50,945639933578164 458,29960082743986 589,002521471067 619,6196317002372 109,95780174755505 5,469726357604712 0,1206894795945077 424,36490130627874 1,9951646443222757 520725,09547801083 1
825,383562031296 33025,234765992376 0,9997503616893333 51,07714339667404 464,40053287404703 598,4829243089739 622,1163388381456 112,16522418465559 5,445714625731375 0,12186619875233616 418,91316635428495 1,999253085864953 518004,4598862476 1
824,4110562626161 33168,49556725507 0,9945527594578388 49,87515233700696 455,97284166122654 601,5960205565723 619,5428469993839 110,69231243588995 5,477154732388266 0,12283428134498657 424,24534405941586 1,995696075801438 519319,0837911918 1
842,2786209383506 33340,26078879668 1,0006220564555792 50,09762899036642 456,0797998010751 601,2113147030932 614,856440618678 111,54233657316054 5,4765965076411005 0,1240156709545016 423,98721214239566 1,997525384592465 521056,41139648727 1
827,3073743748532 32994,24813058951 0,9938870780253168 53,3567986180802 460,36206573767777 592,4568971034545 607,0954330236939 110,76236611190191 5,416296579114836 0,12379925895044853 427,0845348496807 2,0210182324823474 520689,4339564999 1
826,6072602816347 33270,830205561986 1,0059438806266747 52,971259206530846 463,20762837756956 593,0342721168514 611,5706053324753 111,6637490082657 5,499714597369419 0,12768620004004333 425,83201591552734 1,999139758082473 518146,5039971888 1
831,0200554800149 33327,33860544254 1,005103923239519 67,50267933094692 459,4523179796639 591,0819546407299 609,3950644117444 110,13438234333842 5,49047617097817 0,12620939488629476 423,24629345270813 2,008657608921728 521867,8226463564 1
831,989792111263 33414,790555908745 0,9954803156480906 66,95291171706972 487,7120261640124 578,5694742849748 612,3848116446819 107,16588496830437 5,478694402924128 0,12667645552861193 425,87975939715807 2,0186085847798996 515057,72585010936 1
829,8085599448053 33140,691857221784 0,9996059355504627 66,35184441855843 487,2684253335113 581,8371140011375 618,1073949965663 107,24951898484893 5,415995052475101 0,12761707984429352 428,47353413850175 2,009662969743918 516622,8315653694 1
828,9344338320038 33225,658517821816 1,9961364234810661 65,44377081418443 487,9739154914896 587,917473933213 629,0872857767715 107,550821709444 5,530623803518748 0,1279607303297605 424,57845126656883 2,014723554589152 518871,700798804 1
832,207796284062 33048,118410283394 1,9841848928680879 66,416685569301 490,2987481363518 589,3735464938135 622,7121989235666 107,17426769292784 5,51351072628593 0,13110036666407185 423,9067979443332 1,9909255508990664 522960,08716617903 1
832,7765770268999 33260,250635421755 0,9999292196577082 57,27752669375089 469,3370257822797 595,8451356870166 621,4824632363924 110,20064601398867 5,450741824815729 0,13132454271314678 424,23772394349504 2,005433026822084 519072,1047661454 1
830,4596318451305 33203,182931931166 0,9981688758003927 57,44422463859767 465,81029043050694 592,2522452238918 617,3390652173185 108,85445306658875 5,516872518697408 0,13366256736428567 425,6555606188254 1,989862841991974 516286,70545772946 1
832,8644647308552 33529,70721173512 0,9942134017428137 60,39367687501661 474,3835017978729 609,1310766898204 619,6036546026406 108,90025453522514 5,459589503128856 0,13362516822449869 424,54131377380025 1,9963954183676595 515947,8958157413 1
828,2074810190471 33450,227291150295 0,997873787923621 59,74587550135982 473,1232422375945 612,2945755659676 614,2322734989241 108,35708248918601 5,452315039504264 0,13583828591750471 426,0185935646623 2,003306814292427 512649,8089153844 1
827,0179297349816 33119,66677634925 1,9856130901004867 52,5383557470172 473,40104039942236 615,031047788518 612,9743529784976 109,46615404873114 5,47220581213806 0,13664919063091038 426,6947163392968 2,0045344956384854 518530,62125379936 1
829,901800824952 33289,58323119332 1,9928642743642102 52,786911060907244 459,8290652305214 593,2555276658446 601,7236998742493 109,68913148515993 5,486052501651663 0,13688824837544117 426,34088792089256 2,004941520200455 516321,59704033245 1
832,6418251236083 33063,62741237316 1,9918381178459634 53,0480664157007 461,1908875659787 589,328883019794 604,7682735423182 110,20829412622734 5,454699101535055 0,13700910713549638 425,3084058181968 2,0031259211694534 516055,5011818823 1
825,9365966697341 33214,15833349189 0,9938369258871699 50,30396898729912 454,65955649848456 602,0340040034242 615,0498712040514 110,84907847657307 5,460353507003817 0,13899109931591255 429,04438491005925 2,0076024411747393 510863,3254837095 1
828,4080702338841 33215,23078337006 1,001362443836316 49,77090113606181 453,9109615337143 600,4810241187388 624,9344547171133 111,21418482631546 5,424651090509987 0,14186478420724477 424,7999710680306 2,0053218047458294 515635,5280820479 1
828,9966026763617 33338,66931039135 1,0032459517643815 51,134458494265985 463,43147273555024 583,0745055208736 606,250653087627 110,25375022620118 5,487030922058212 0,14045399151751775 432,5832677229098 2,010625971088448 514650,49954276433 1
825,0435909971484 33196,62551458111 0,9952604233567932 51,13160313094704 457,05707190979996 577,4604965911719 607,680039547256 111,06208215950406 5,46366469534962 0,14482825009064543 427,6933146323883 2,017917399454895 510682,7782550574 1
827,1473085794562 33171,125650315844 1,0019723606529913 49,31045471424827 471,96970670545284 584,7648923113643 598,9700806047146 108,27493530424532 5,453647440156138 0,1438521312939148 428,23600660568604 2,022715165920504 512048,53608508874 1
826,6212935584584 33200,3388119555 1,0070615044942581 49,21045686837951 474,770858443698 583,0991989688639 611,1933687785507 108,77684566837425 5,471282987437094 0,14680557310020426 431,3847597933768 1,9905737420848213 513953,7534902842 1
821,542928561067 32955,36501029396 1,0017670566384593 63,313391351265004 472,5976509395297 586,1618031605667 598,4508429991009 108,52036859249584 5,476970894252844 0,14787628856197285 428,3237055483767 2,000193786923761 514774,3886157063 1
831,4687325282271 33383,66176399466 1,0011496324275935 62,5841491916615 479,6044919375284 580,9823300869151 604,5180288322698 107,98361021617744 5,477419945203891 0,14691877396079414 431,2123869528217 1,9841835121029334 517416,7052742239 1
824,3132988649907 33142,51230470491 0,9985734920684791 62,95859668006612 484,1960188451803 579,9294577639924 607,0693672094999 109,34794720310481 5,459348653207627 0,147769473067959 429,34474863584614 1,9871209562005945 519074,7393871946 1
826,6281836117759 33390,29454789453 1,0131985685574638 64,49909131240258 478,471691339172 595,991438868466 619,1696985640882 106,80373402249154 5,42846661933336 0,14883846328624656 427,5174752238332 2,0039042005393313 507164,0687388212 1
833,0731540769909 33121,61646440988 0,991473455088216 63,81725370924108 484,05646270392884 591,4194449239534 630,5859831454874 107,96289961754862 5,462963775515956 0,14964318451406308 428,07992014689955 1,9974332042299932 510511,8378617542 1
820,9257217504977 33201,87831527275 1,99655940420271 67,26387778696242 498,14943305184636 576,8589232904249 598,9874836766488 106,3365474999512 5,482852387029839 0,14912288877112226 428,6905456832905 2,0023690507446035 515492,38289797737 1
830,7173863419849 33671,540213224434 2,006693537533237 68,03149463034052 492,16492277563924 578,8773009880182 595,2574446454553 106,85076563725428 5,452597237892666 0,15155570352738384 431,5386215686002 2,0036634855844 505055,07071274467 1
833,0998889613809 33124,447927912384 0,9976708202846554 60,2999947216485 475,4918965489392 575,6568811651626 604,7858355490132 108,91898810175313 5,447856341455999 0,1517127276363312 431,51078136787345 2,0096168511965025 507351,5370719932 1
830,1651886020852 33112,552956791566 1,0018263025478686 59,99999836715766 474,911022174802 578,2482871301206 603,2260811297311 107,25872158365318 5,437448537888953 0,15341620974341466 431,85198682490665 2,008929636050056 508832,10326349665 1
826,9072385785155 33468,74151200248 1,0022355898741802 56,86831340388803 476,88267658928754 578,160346916218 605,9623829694979 108,06114333972445 5,497351993589592 0,15326301559440225 431,80449379483633 1,9930395386979782 509428,8705802359 1
826,2088497460495 33169,863900114506 0,9955042944019733 57,03283255773739 470,72964244003504 586,4693294053303 608,1152292763572 109,76214177907141 5,472908659058076 0,15453728312031953 433,8347253568964 1,9895297240028584 508056,444719366 1
823,0274982937007 33328,78323477989 0,995553759446801 57,086997473789935 472,4549598004645 583,5139494314809 604,0638838438945 108,51221651774287 5,479997742029119 0,15405025066164738 432,89254431790755 1,9879879080610174 513159,29324430134 1
827,9190956988245 33054,88309621301 0,9997414387429818 48,99310762330567 457,47101697269846 573,5647899885688 588,4850530544373 110,36306820526956 5,479215295849658 0,15351328402862985 430,24711579670986 2,0027997564472804 507898,53844707727 1
823,132091196422 33186,980817514675 1,002063763506653 48,88059766798044 452,9552154065385 571,3619461840933 588,5707999292771 111,2284885569324 5,480640457177927 0,15509163968567874 428,9572537519778 1,9864598577233166 508155,76883655554 1
829,2448099414337 33054,55238214902 1,9872595895932947 69,83656611232448 478,4942940440654 574,9065947885825 588,2395287768027 108,16722031880758 5,466942402201029 0,15609511103541732 435,6416402286368 1,9965446985728443 507973,660698275 1
825,648470335004 33408,82476324683 2,0153286468605676 69,06819109730499 480,01774123323537 576,7278739312798 592,588965661241 108,05466800012806 5,511340316635747 0,15924326555360693 430,03404712901363 1,9844965615590966 509165,9934360287 1
830,2128919683031 33129,2459368372 2,007790689219553 68,44327423563568 496,35146894085926 572,5344582204142 602,8485576672492 106,6767106720795 5,4594390932312455 0,1576515963517747 436,3462388167948 1,9856262807458533 511399,03404881275 1
823,5121798005176 33016,294917939784 1,9904562686154852 68,92298537914468 491,0424452726726 574,0491505628144 597,5808986569758 106,5327326419195 5,4686703104647805 0,16063907066768313 434,8144635976266 1,993190858368611 507339,01916019816 1
825,6018545961391 33078,7636263925 2,01619279011004 82,06124931964972 493,37804921206714 575,9470714028487 597,6074109498564 106,03172799331217 5,456342004388471 0,1599807833712876 433,0951116457586 2,003589297210813 506581,1104729451 1
826,0655154141549 32955,68179049332 1,996347296243007 82,5046325150689 516,5775884149883 578,8927063512144 594,0645781401585 105,17296707856616 5,462511921863293 0,1613108106875668 435,35976176528607 2,0024699244004314 509619,541030307 1
