Co2(scd40) raw_signla(sgp40) aiq(ens160) tvoc(ens160) eco2(ens160) rs1(ens160) rs3(ens160) rs4(ens160) rmox(zmod4410) tvoc(zmod4410) eco2(zmod4410) iaq(zmod4410) resistencia(bme688) Aire/muestra
943,8633169963342 32197,427339491886 2,00117221279453 200,5146848488286 697,8301485517931 412,567584877641 406,4306644914864 85,93008413852857 5,414781873544463 0,06107912750389816 413,47377505245305 1,0007241503801767 427371,41405424086 1
941,4557074742793 32482,19156903573 1,987859259497325 212,0809373404315 696,1513848947928 405,2003085425938 408,08932447945233 86,23026599211428 5,410166019186194 0,06078913963259765 408,8774011765508 1,0036292011506167 427058,71377347136 1
946,9771299737004 32411,08862061359 1,9881840595015032 212,16482432883888 705,9253903698191 407,9428332163477 404,05576173213285 86,16843182217826 5,388676435434309 0,06353373984734914 406,53221295067135 0,9909089301910489 428864,3964467571 1
945,2403560369138 32230,255317544164 2,0089598532176858 210,77820167861265 703,5660520739804 409,537522067292 406,6449693596489 85,78052408771178 5,357089864850073 0,06407456440858314 408,78189656177886 0,9935372981048985 422895,4641910728 1
946,7063195738593 32096,583316089618 1,991793559879834 206,738887927775 701,0465947495167 409,02190595909946 412,8371371057846 86,63456129433672 5,398446400625047 0,06416642315358113 405,7750835599988 0,9934848856943619 425766,21325156983 1
945,2701941334662 32050,62930581763 2,0002070953729496 207,39770431402843 708,7014653369822 412,21502385822976 408,87552237409386 87,0344140096444 5,394311654637978 0,06790719775139377 411,0106137560865 0,9965882304421996 425334,49794618314 1
942,4787491917035 32179,427827993775 2,001421717671161 217,6320406367188 708,068149086624 417,88334507313624 399,458352034073 85,47765240100948 5,348940965872642 0,06782096973350348 412,9144678946765 1,010214079588668 424671,4022064923 1
950,6634027091816 32502,25891784521 2,0018439782579796 215,9087356558636 717,0733837185477 418,0583426882185 403,8987757242384 85,59984454778377 5,3969556806134555 0,07061888386119705 413,42392391530694 0,9957894425653633 416098,9137587571 1
941,960484296032 32161,4303144912 3,0013462751823248 218,13429617800088 723,2220437965783 415,8316875634178 394,88548782120097 84,05925593050114 5,381383739113048 0,07101152918471383 408,5084688140552 0,9977519446322951 421382,716409951 1
937,1094897795791 32424,606760025665 2,971900370622401 222,81352102638073 714,8481779806614 415,41695394683194 392,8267425725158 85,51093116946649 5,341370834553925 0,07388510809649734 408,5409786459123 0,9973598875991422 423984,41855297284 1
947,8187969927784 32298,43093116118 2,9909875817071807 219,8095444089009 718,1619893351931 414,17539153103803 393,0991240351794 85,28169469900494 5,402676605437586 0,07385547172358096 411,03586185143683 1,000896807346649 421861,7815873193 1
945,7308546835519 32433,24218832692 2,998402030905745 219,6491238873598 701,3687694221949 410,4215074933363 395,17045008674336 86,59727429802439 5,385527268921577 0,07829412261696575 410,7000590510761 0,9916032774102875 422134,69484723505 1
937,3482143279878 32159,77261124091 3,002413861424163 220,32939640201747 700,9855805059487 412,10298565726373 398,193824531891 87,48946143931899 5,351892296057041 0,07834871253535518 412,05223861048177 0,9971436656966738 419568,7311573374 1
936,9863240884696 31971,232736097012 2,008987471902621 199,49685855788266 690,7048019545721 414,38336116337877 398,5846735864477 87,62879443293971 5,4203735440634855 0,0790437121296161 413,56058199620685 0,9984090709133293 419136,98940048565 1
946,643011387883 32220,04693627817 2,000271717480673 199,13552341344095 687,9877188373341 411,57174197295717 397,8722268590713 86,35451851099495 5,377295976290362 0,08108200098163974 407,8399466071014 0,9953377812875265 423189,702061437 1
941,1288330402417 32081,346646962545 2,0087595208088707 198,51409520422328 689,0773655979921 406,60355341923184 406,1795893742938 87,31190306385157 5,3512346791524825 0,08169004064064966 409,41461852108506 0,9907764379794199 416503,92225329025 1
942,2060302361767 32048,314207097643 1,9941961597517786 197,5278737530743 687,9199811365238 405,46302805241356 407,42524518837837 87,439815167359 5,371125160659622 0,08704899671856957 410,45379155068474 1,99579669158327 416091,9876621013 1
952,5252346855539 32026,20335352406 1,997817516849957 206,15193107079486 707,8692626326806 402,11637903165393 388,8830632295486 86,16873375453656 5,374837998624049 0,08611561323352832 412,1982278694507 1,9898710949935392 418826,7999353168 1
951,308175220656 32337,551910602997 2,021853427085567 208,44434507506702 700,6441788899486 401,09843393655035 389,85321898948234 86,19313946032234 5,410262266535291 0,08934064172735735 416,75729281442284 1,9987307692297016 419914,0247068481 1
947,2371026572803 32190,916586977684 1,9935648463676556 225,12529125202684 706,3638390621898 399,01776765648265 388,02750322755765 86,51625521774261 5,411824651016868 0,08950436767568754 410,06765214596015 1,9987932035279978 424196,25509325066 1
942,0651354423248 32180,763171652907 2,0072358209361334 225,30836352978048 728,1026723757665 413,68351284987847 387,610572257802 84,70390275103465 5,415799390802682 0,09230826411842359 417,6004340506877 1,995242148202765 421727,37590135186 1
941,8927804800143 32140,294370392312 2,0045274802733486 224,37287192028484 720,6821831328897 415,1041577561823 388,8715211716864 84,45162766368477 5,405420877084898 0,0922499234711723 412,8939579947399 2,0067822064414647 424784,4652551894 1
950,4402595351806 32347,740884729905 1,9760833729230667 207,36530216302597 700,3252954044946 411,64888424152406 384,1343862720384 85,15096540958699 5,427625174098761 0,09191997747780772 413,74663892776266 1,992048093909521 421304,91529180267 1
943,1322733363158 32369,35086295816 1,986265691877648 209,76890004772304 704,0820450612997 413,53440074619937 386,97993508511706 86,95398660154639 5,329045414495812 0,09477389506485859 414,43569417115606 1,9957987506972055 417181,94701514964 1
944,9248253116658 32334,134017633616 2,01038334605374 197,92458638343595 690,8004727328602 402,1938079865482 397,267624197167 87,58865682613191 5,407242489501052 0,09402903531260637 416,48683285238275 2,006481586564942 419707,8765141492 1
942,8153673099664 32141,089769027418 2,0025108053035026 198,31524515470045 688,0055963249605 400,3426947325061 394,44063277851023 87,92701069282474 5,405373608930367 0,09736899123510452 412,82436373914845 1,9876287710984748 417410,15706389176 1
953,7474806265449 32191,956743172344 1,9977529117185862 215,26613499642437 710,4787997910516 404,7396025856929 390,4962763296575 87,82139091146374 5,3579328981235435 0,09761378299316721 415,8563783892353 2,004057971980856 422321,89992299344 1
943,166371065929 32201,634245044494 2,006733515255652 212,27067212421585 706,570067792365 409,43316847218296 391,00666650807307 87,18737187140535 5,3715816124741576 0,09971402484527198 415,7788151285756 2,000940908563348 420444,6700218676 1
951,2643956414635 32395,105752245585 2,0175971808392568 200,84788751694245 706,9212597252052 406,04407782635525 393,728592006518 88,23930339249414 5,421034802292362 0,09911062309578957 414,36189690617516 1,9845069645583486 417480,1089483797 1
945,1465245830982 32320,794987772028 1,9984060540614934 200,30816998165616 692,985736788952 412,84878747290423 389,5317640346097 86,47295281997677 5,412838328328961 0,10098269760780958 415,55895572100513 1,9830475461538677 421117,86795278685 1
938,6719905045112 32352,31278813522 2,016779040022647 200,81272663298725 695,6729867825792 408,4948425649627 392,2817909620174 86,98650201506568 5,392027527178979 0,10054442654135846 415,1631037154442 2,013488371795677 420130,8199418785 1
947,0568165750857 32281,959502865157 2,0003204391749256 214,07927974521672 713,8516178882404 397,8168826700203 391,11404409606763 85,20611506669654 5,367289489598915 0,1002055564988317 416,260601644801 2,0075305286220506 417722,2543489619 1
943,2230512137095 32264,59290725654 1,9975248007020538 216,62664591419608 711,4373290301513 404,608904666775 391,99276174254925 86,37635594123199 5,358810228275281 0,10250970167574655 415,523071690071 2,013409493426818 419044,0874546023 1
943,4064329368383 32507,631737112635 1,9989323060102695 201,6431633226446 695,8540129365172 403,8490723956134 378,3754763571585 86,96279462973563 5,325995996129483 0,10299549473930562 417,5249476585516 2,002165043859039 417002,02706166805 1
949,547533156372 31993,99906146797 1,9971043971385403 200,02321419581804 693,3775825582452 401,1862419059195 382,8183359052451 87,01717536082103 5,370740045168982 0,10371983401860972 417,63212163354103 2,013943030650011 418785,2826171874 1
951,9013489252061 32265,566565640343 2,005593956122242 206,08824652571596 704,3160921373644 402,294345160916 395,24646183743425 86,12901168062669 5,397683724662437 0,10438761646907616 418,9688974024611 2,00685523722588 420679,1686999149 1
952,7423471007579 32319,91809161922 1,990076794410823 206,92141091755764 703,9875257601271 395,7324082416282 399,0926194014518 86,11275071077974 5,43114131488584 0,10631325541447123 420,77590845848954 1,9998045862430425 419344,6617210487 1
946,4295943191363 31950,203593665294 2,008969677747706 201,39943239994213 704,1280688364282 400,94836560089 397,4618943102086 85,45983410344749 5,378612691647427 0,10631377534998908 416,2922831458004 1,9991920424749052 419011,50037136994 1
954,2667875987094 32235,59644773328 2,0088260717706974 203,00848146836373 695,4837217695035 403,8003506484162 380,4869786089657 87,1006515341203 5,395664275316689 0,10933947775156375 418,0854185661894 2,0001851218125846 416024,6297134991 1
940,5047608260476 32364,02935436567 1,991610945145484 202,30931867469758 698,3151237448157 401,12270077216 377,9137345728598 87,53536252026402 5,3680615798862865 0,10766582609420931 415,62922554880254 1,9919431763423399 416885,9316967561 1
948,9526716366807 32274,176818175314 1,991963249740149 199,40871662700502 691,4179298063153 399,17512807228746 378,5274265732037 87,64926844736783 5,431893773449249 0,10887960489240874 415,5040107480152 1,985089085430443 420416,113876823 1
948,9004276870616 31999,690313089934 1,997930203984452 198,45377108771496 695,7911639998845 397,3421463522439 374,31513100658765 87,06574801294299 5,399908270950949 0,10937506453309863 420,75385096311027 1,9920230998919943 414891,16308967216 1
948,6486938041827 32449,339793350682 1,9985704475696542 191,1949775006677 686,2521204587533 401,62447260695853 386,50191013529974 87,65358278451095 5,390531563430538 0,11004466231465553 418,0975961857822 1,9981612863185119 420719,3345637246 1
955,2534877241204 32372,46821925223 2,006083978732975 191,4285307637523 681,1992479727929 400,422542967996 387,9955994826416 87,51154855663046 5,356731490323464 0,11311610876672769 423,5768540180432 1,9819024233900706 414303,25147862994 1
949,1350257129905 32004,149176695064 3,0053713557978776 228,29575953686663 685,1683981740616 422,6719275701007 385,5651664867842 88,05105645654977 5,422823959668739 0,11277658121760646 418,00759735375937 2,006008555671239 417384,36686579906 1
944,4120402677964 32004,58830435215 2,9953299883080406 230,22049073935142 688,2021544271485 424,2646222646686 386,9073456035071 87,92920820408455 5,415918897112456 0,11594244316320232 421,36771561539365 2,006292984500611 416596,275244978 1
941,8761539396302 31987,503381471262 2,007250103388458 201,4428601556666 683,6813405383906 430,32610384214 387,33119776579827 87,6886484432929 5,391430822851304 0,11530024375579485 419,65465495388366 2,001497370672387 418049,85971519444 1
947,3088894560643 32303,21746257156 2,030672564154052 201,49284372830041 697,4249615835511 398,6342329314184 393,3353010942149 87,51498488237945 5,384617278951292 0,11665361889958055 419,3021468136096 2,000636736376654 416216,27914591157 1
950,3344480131567 31990,967897068065 2,0094665044112068 200,28599447466365 691,6670972922319 396,68653598948873 392,48004795105356 86,95413966836618 5,37759863910774 0,11584141623514471 421,29117793703665 2,0042938476082104 420947,1950710911 1
949,9695211213163 32357,042388500944 2,000017758460008 194,4865476321985 691,224602968727 396,9886129293549 387,3965370118716 87,45469913224447 5,395142918218923 0,11671617642939863 422,2513628530791 1,996967213186904 415299,829177826 1
935,0723125468446 32069,759226886912 1,9871138887839248 192,7440468381183 689,209491324756 398,208850894038 387,6631672808903 87,58521110304287 5,3767257863445534 0,11768448989062232 419,4253473015711 2,0000889352155258 418130,18972538965 1
946,7754207751708 32291,724938893247 1,9934343665760765 212,33208409199494 704,1311516772425 403,0612013511608 380,6403218497878 85,5086528271807 5,41381912921023 0,11809780358666346 421,98114823050526 2,0020265032875426 419994,46865414997 1
937,0106335096158 31845,516974602313 2,004087710870697 210,6166205937068 705,1603351693751 404,3729222304405 380,4665985065635 85,10348451527841 5,389470181390149 0,11999349166036374 423,1696675371889 1,9992061957724758 417681,1727566394 1
944,9603334294192 31852,353441441937 2,0023903717543363 206,19138749224606 714,7915093502762 397,53022524261326 378,703361211368 85,12768511083873 5,382145269861411 0,11949939368253243 420,48268381196374 1,994912644996026 416882,80060015497 1
945,8742076827344 32061,852546147646 2,000686740308308 207,85300935305244 710,7014783368005 402,9203692301491 383,78975347074027 85,91916450016001 5,3930171853219395 0,12008444644660696 419,1887545088589 1,9962962750942803 414852,6799448334 1
938,7505043439496 32030,15136350767 2,0143711771044153 233,54884549981597 709,6103942422748 398,8860850127884 379,2481333857278 86,17793347351083 5,362262173055924 0,12179892566830466 422,397491027551 2,0096386598713964 418159,07870199654 1
939,5266574980573 32340,66616295857 1,9946334988573842 232,53826548758093 735,9930931730107 394,9341274301967 379,18383887301 83,62295626823196 5,384602806275983 0,12365055878577663 417,0880677761225 2,003389471959006 415871,2282048557 1
936,0421542329578 32103,66265503391 2,0268694692082434 232,67350287525844 725,7818644830763 398,50266488230443 381,66474438962683 83,81237630180057 5,375286578479709 0,12319250572710477 422,62327958651605 2,000743167925587 414811,95513558306 1
942,5474275239164 32054,35596896094 1,9909578091144666 190,70534294785347 686,4928443528513 403,0536529652644 373,28312457648224 87,61816991236938 5,350654565605717 0,12185358731962657 424,47840489460987 1,990734700451736 415051,8982651653 1
934,0470304826525 32193,150574135398 1,9980028689796647 191,0304081186158 685,3391726182779 405,2416901616458 377,77816375395867 87,87769270861412 5,381821465306172 0,12284349494477131 427,39565089361196 1,9983304109991926 414591,7099054176 1
941,5740832493753 32095,49767526061 2,9619147816774194 229,64094933738644 731,3171249861144 413,6689350512453 378,76720581572766 84,08315683781954 5,412070184619493 0,12241374479640531 424,41943806018685 1,991164654398136 414970,2375691788 1
943,6956346683958 32128,580407120247 3,0172029449787825 228,43598584690082 730,2651721837746 415,24063841699353 378,4337077586993 84,7179536817804 5,3305425451737625 0,12377275797287592 425,31955782409653 1,995624622119355 416914,2138361348 1
945,464391582042 32331,061199675616 2,0043339555721764 215,26375656598685 721,9688677053131 394,2741428957563 380,6794189337059 85,68542163486386 5,371530178311385 0,1242604153332225 421,53044302942453 2,016909515209803 416815,8625438459 1
948,9624248553383 32080,305608745515 1,9947456761871358 214,4980153365403 715,2806675029348 391,8624444657595 381,77414200399556 84,74511739979165 5,416938032876337 0,12592796911029436 425,77739486844393 1,9952186675669332 414301,2275728386 1
942,5973888905341 32081,07577679603 1,9822783069367294 215,536394009656 723,9152241513187 391,7525104289777 385,21332722869977 84,41606270669202 5,393082900864816 0,12456823933417614 426,2380541033419 1,9851053463161115 417369,0681263532 1
949,5066798166364 32233,767188788635 1,9936939300415832 215,33083547928365 710,1320922050986 394,5135569503482 375,19755243427426 85,7219423240308 5,352417588795256 0,12691278736608988 423,17758982327933 1,9987789310376092 417374,60317967134 1
945,9216188073711 31963,53785242153 1,99815755033203 211,8574761872428 713,3090632637109 392,5409392178903 374,81014914803893 85,25983516307713 5,345990219730788 0,1266697736598025 421,9867077851522 1,9825891107300795 414867,3413124296 1
950,1191087273487 32159,01549180695 2,010704460689264 211,74814302601166 705,006126457725 407,05537970950337 375,09810658488635 85,8565966206429 5,426144143494475 0,1247892627503803 427,545896515252 2,0073965652260393 415667,05778388784 1
942,871035301362 32006,735483882294 2,0079464525162423 209,16717137531768 697,1624838198325 403,8169926224566 379,2053720706543 86,41702086480582 5,4100279622144765 0,12689068817914081 430,2871808293472 1,9901125398446864 413318,665732981 1
943,6247340150892 32120,418592239428 1,9842600660685663 205,48284835251607 700,7732683607638 409,74880410471445 380,08738416230204 86,3575071795057 5,391389419415168 0,12674995354320245 424,81193151687506 2,01275912391412 415044,50918867986 1
936,5013006719731 32088,64403086825 1,9902015071269519 206,08151461227698 698,4930174840183 410,9149183739285 379,9529257571648 86,68712319915676 5,407666894620409 0,12635390305810187 429,968694001308 2,0036857562908623 413276,83118681924 1
952,5821920141962 32345,53403578725 1,996397277128824 205,9212105394131 667,7627404044573 403,5370665611708 375,3591703842427 88,66180626916223 5,393088365733415 0,12765655584911395 423,7190997878807 1,9994030572323254 414090,36078080384 1
929,7111675570947 32258,173453816373 2,0115432878397748 204,12667229384138 668,1502398562029 402,33395896352357 377,0378056170643 89,23701451254587 5,40358834499248 0,12755746188883707 425,4787787952193 1,992731283876954 412889,7603004737 1
940,8768761846379 32168,350922191097 1,9891714652888102 202,1196460636056 671,1873210874861 402,1854254572201 374,55707063680563 88,45478104986762 5,385521613988351 0,12753330850167147 426,1274804322996 1,9925573676474257 416740,4466365711 1
944,7892126944037 32236,010134835095 1,982780601740307 201,18965060803683 701,2925569059272 396,91348593241963 379,1333888703759 86,55373522563256 5,382174920254737 0,1284223448963606 425,08192508466794 2,003613773379725 414546,59152909514 1
940,4310542418176 32169,04064914764 2,022263834319573 203,09459205769653 697,0830202205138 400,88892941015865 380,7706236107027 87,37247297814949 5,408357718464074 0,1275080244885658 424,45198501592415 1,9977803312963724 418789,84207392076 1
944,4670284581404 32391,390276847156 2,9705629240271043 225,6628533354033 721,4078719328081 391,06125918840036 377,8703725480318 84,63087294342048 5,362032725706502 0,12787202529589795 425,401349244692 1,992654678528243 412296,62950383406 1
941,3186598543344 31952,571138844283 2,9844670339054877 224,25143574108364 727,9597568370606 395,10934323908776 381,5137244487155 84,02811048727484 5,337677947560572 0,1290549360921256 428,7512188462352 2,0176665302320895 415816,94296190346 1
942,5164306726306 32259,006968867714 2,002285397012226 203,7461000154166 692,3541783237216 409,4622844473103 373,0269129756021 86,9884632047546 5,389281063098534 0,1289397113471551 430,47698630804615 2,000904199685991 414852,5398219791 1
941,5870722660776 32080,267844279228 1,9947170512687251 204,3802085898938 694,9684115994859 408,6341809518922 377,85096607394894 86,88562674331556 5,401019453159841 0,1313312883336935 428,29410664244807 2,0084796120312496 415926,6924204323 1
951,6250575973138 31924,233797481287 1,9947655822620758 202,72594387452867 721,1505850575486 392,1216445966682 373,8181124757422 85,02433012598848 5,38844131768471 0,13117115063096987 428,5932547313312 2,004464862363658 411968,2264226513 1
944,7107267694097 32219,151858667436 1,9942306596383648 202,3004092700043 716,5151424474718 390,72847300705655 380,2956855790768 85,20027456940575 5,38913033344095 0,13067449859109226 426,9312227303827 1,9922346245559708 410743,99001355306 1
945,6907603592979 32133,791598937943 1,9896124769113115 208,7780771500829 718,9638641333514 392,2958257645043 378,03378203433317 85,4854670497904 5,425067744667543 0,1297121827646479 433,31460291825016 2,0023640959794733 412107,8986980224 1
940,1357810813948 32052,253961121918 2,004931168788286 208,9037045012773 707,9427619006344 404,6113391458294 380,3853062278697 86,22614002208164 5,419131593906869 0,13351140145374882 426,44823056301857 2,0058043350070123 414304,6529409621 1
941,2160130025592 32301,13223996331 1,9762058550273116 210,81216446481827 700,9045181794667 401,42191269017655 381,1870611822161 86,23187440072202 5,385324274448857 0,13202154042874034 429,8379590299962 2,0090230982580533 415279,0394020309 1
934,1260589423274 31903,580772778605 2,0077735411026745 207,7761049342129 701,5308115706936 412,13547027350734 382,2157398565072 86,28268412788987 5,392414946206447 0,13249259731385873 434,7826010373906 2,0038586618748715 414999,32892793824 1
949,7236647266244 32143,8755724562 2,007739025576848 206,02550183692537 694,436334379739 409,9333381662231 379,54725438169453 86,61550372762841 5,428228345628666 0,1330567794804014 428,8672468712156 1,9986032369271036 415513,05088018934 1
946,3938280155601 32175,094769734642 2,020449041344191 193,3572633016374 721,7463778044564 391,77305956579363 371,31237695046514 84,40201373629849 5,386866792595206 0,133063237958802 427,571983901265 1,9939244676453425 413507,37362268555 1
945,303845856543 32180,4285005243 2,0014336014536034 192,50121036059218 717,6330635649255 394,5264424237655 370,78891562068304 85,37512555537702 5,389749535167918 0,13297714875719693 429,63603321339855 2,0042040834732995 410328,1688506485 1
942,6417751816108 31949,835759294205 1,998650917688545 207,42433643505714 706,6315265388287 403,36189529416464 372,43584667050726 86,34603168110255 5,370118682963553 0,13277045144918623 429,41945287138645 2,002296579201496 414264,5377751176 1
943,1857828761073 32240,489653146204 1,9922403406697071 208,11258538255382 703,590922811772 405,27768086408275 373,1305498077051 85,45064198990272 5,411493241432229 0,13317628746650687 430,8740986487825 1,9962624008736154 410733,5707050382 1
944,5239131478447 32139,064686510555 1,9928448143579238 197,8135816465979 703,1737857314869 406,62312310299706 371,7916925888772 85,75868484656522 5,4226022980783535 0,1348747764996619 432,86585466806156 1,9970898426925916 412398,2071772969 1
949,472119838969 32268,69728202085 1,9929435824413937 197,8418828022989 687,1854380721346 407,31643985065716 376,3125605996434 86,93693810053168 5,388272204764641 0,1361219496230427 431,08410301931906 2,0197588242749447 410512,35554736876 1
936,5841076940458 32023,719574805364 1,9923457365308241 197,79298406877737 693,0956056869684 406,81042838331047 374,018564915253 87,02202568844697 5,401913964415796 0,13594651739981442 432,266047862194 2,0108713919822905 410876,71513391036 1
946,2844071759289 32304,281139787476 1,9942497716129968 213,7167066660306 709,330167783564 395,661754937356 367,2981740681788 84,83185035307461 5,406800737852422 0,13641153502036335 432,30510375327714 2,003381870368141 416349,6769499779 1
939,0564686866658 32180,755077591457 2,0010987539187326 212,42167374693062 709,9688649450785 390,5571958870704 366,71694516337857 86,07564400049608 5,386993917938354 0,1367444207493147 426,6477538862831 1,995956906754165 415082,2908252767 1
937,2145390074863 32166,706399178733 1,9996746107430146 216,23422611755547 681,1728149432453 392,8041402150172 374,00929866837816 87,957164881822 5,382046390264869 0,1364944604874744 431,3272535810167 1,9871425150312587 413060,8636538369 1
942,9612323680954 32283,881506735466 1,9840760176794991 217,31182704220097 676,0093356570591 395,438795842188 374,2544043788307 87,89293119798175 5,331067011126656 0,13694733850880095 431,89118254456264 1,9992500410748366 415623,1780891868 1
934,8427454037544 32126,235166273636 2,965021253301121 212,7221188196824 704,0178485359974 397,85553813430494 380,80365396949816 85,84903885687103 5,40378564055276 0,13748687943170637 427,23021823142767 1,9986371675935661 416042,8281771067 1
944,9640174465469 31940,405692463988 2,996868013994074 213,63843556983787 707,7496450357451 394,8320768549769 378,20415268206244 86,36220165096971 5,400318805547553 0,1357873400827895 431,1680243574685 1,9965369079537794 412648,5310867135 1
