Co2(scd40) raw_signla(sgp40) aiq(ens160) tvoc(ens160) eco2(ens160) rs1(ens160) rs3(ens160) rs4(ens160) rmox(zmod4410) tvoc(zmod4410) eco2(zmod4410) iaq(zmod4410) resistencia(bme688) Aire/muestra
1181,973471997582 32388,318841688164 2,985575531423986 247,1047334257239 742,3713934791116 443,3961227212027 427,8917262530648 81,5814168835842 5,344090750151726 0,03327337580835407 403,70291792219933 0,9992745336066828 426102,7493173467 1
1181,1634260011692 32858,90184592035 3,0190379356620056 251,94191887979548 750,0703989951809 435,73212453605095 417,8138645744941 82,08981522820359 5,36414151467212 0,033583109367667244 400,6332527230851 0,997390207381752 424153,2826710838 1
1176,149002726526 32614,18600458257 2,9973854852130835 250,48522385753196 749,5555894515348 434,75023491717155 420,33620820991956 81,84630489376516 5,366813428141994 0,035224757079523744 399,9863310772053 0,9954138693130167 423971,945888074 1
1171,0781797849181 32903,01127662338 3,011712173099837 259,64899802621557 766,4634188585635 443,7443073342244 424,62254325087935 79,95140171534152 5,378289137056262 0,03545923985876097 399,2965898822059 0,9995692575566705 430917,25293546513 1
1189,1255125826751 32780,40723396482 3,018640158864832 260,0884607371255 766,2278062503217 441,8337861435767 424,53860788065685 80,26874382058621 5,3966766636922365 0,03696148065660557 397,01820939694613 1,009130807990014 427668,833629477 1
1178,3170756486577 32392,248541235 2,997574396410672 268,84152704060506 780,4060146641721 451,87667185044194 416,82751793454923 78,48733524869404 5,373164070269422 0,037013588443696 397,9941780571805 0,9945746456427041 427136,7678004077 1
1179,7622412635185 32427,950643805663 3,002923952482767 267,05595002840494 786,6299830222217 450,746553718521 414,6960392017667 78,2333622430801 5,359661262373354 0,03853020088099679 404,11112186213353 1,0024831852663538 422928,6449908532 1
1187,910974934281 32412,425585647467 2,9973003262550137 262,775315868869 785,5049741332091 450,23488049172414 417,483488050542 78,87160524627463 5,344750217027645 0,03862734967941768 404,15011902018756 0,9946540427227978 421090,0972997382 1
1194,9561476387023 32572,72192153668 3,0318019076089073 261,4166295977382 764,5687056168118 438,34973298211435 415,1770283652481 80,14030239220652 5,345060691228572 0,04118117765624478 399,8344081913909 1,0020908192478453 426468,0885887827 1
1198,943200684181 32681,401463036564 3,014166313166876 266,40255527249764 755,9536249210292 437,98672868455833 417,2526942907225 80,110768902338 5,392959133209346 0,040291916433608514 399,9530125448798 1,0011580853191773 425550,33134460414 1
1181,842024973213 32635,639900826824 3,036809564533942 259,80879725438626 763,4986092053036 440,97644889903705 420,6886498155957 80,66045961746887 5,387626364201926 0,040397941000516926 398,8041434559872 1,000842554946167 426736,5830576246 1
1202,341834949338 32268,277253851607 2,9895726433715017 262,2368712135301 757,2248233371579 444,07442308197136 418,7813039512996 79,97879304277178 5,4033312284246175 0,04185022309375065 404,9834333931559 1,0016621634237328 425637,3989195956 1
1199,8051192816245 32516,797851848914 3,0090204694053044 250,51950304647565 753,1461880565455 440,2179576513954 425,9255619195428 81,39710253897505 5,3790812131449774 0,041937247048760645 399,4807981528153 1,0056317678671174 424676,8879543102 1
1194,8960678823837 32652,81176142249 3,0172940384143043 250,629910183753 747,8647522064858 440,8463997622989 422,16918364593954 81,16294757137878 5,356252733410876 0,043564343817931846 401,3623533089554 0,9959382978487366 424313,8985541061 1
1196,169787408462 32523,592336865422 2,9871758313703385 276,62611434024603 747,4635003809883 458,7036860494781 418,48495072760534 82,54910590416554 5,33347334600789 0,043070117229159696 403,4704407120805 1,0070015765503588 420397,6940892114 1
1193,574488359316 32539,52264642627 2,9852414669945655 277,12373917429505 742,1462466335706 456,9951540779138 421,1646903584724 82,21049230333296 5,33183433696225 0,045282800783758764 403,80631303485427 1,0009387533040413 422377,0968451342 1
1204,8604570698305 32616,194536489664 2,983733074954891 281,9873336851238 746,9246364183995 459,49377772999685 417,21322647649106 82,40198232946793 5,336760238827005 0,045697129671549964 404,3712207494627 1,0075762785411366 427652,87006221095 1
1204,7320813539156 32408,251652537525 3,0112330396108744 279,4729549742086 785,4151592677614 438,5666292290745 410,12585987692313 79,09482442125177 5,409780178945689 0,04732316649863306 403,43303375147184 0,9915761134476325 428127,7514899485 1
1204,3490765399645 32445,94691217666 2,9933023650521497 279,365628061204 788,7297839970157 434,6028809046705 408,8685008688843 78,8698403693571 5,363077863790915 0,04654939948878946 407,28289887240646 1,0071652743762831 422957,25364469195 1
1209,7739738816701 32608,17088915417 2,9849341282307074 260,1858666047553 763,9115202710489 435,28484878131894 409,61412144779996 81,41940773973923 5,356756086587393 0,04721020915321243 404,053260033822 1,0029794636737248 422391,2600575597 1
1214,756906685449 32867,91548768159 2,98848085275144 258,45350212266635 762,0331036501508 439,72099952905035 416,203505898946 80,49125141014633 5,386525930511392 0,048132220157365235 404,439723271004 1,0089270096269702 420472,09329824493 1
1211,016381622036 32680,978793042956 3,007039425111026 260,3165710255064 767,2590455661749 434,7723759460886 416,38392493840234 80,48422183652139 5,372744845152037 0,04838049013037349 402,54100638035607 1,0008630233355535 419380,6357956732 1
1204,0570254962668 32707,9218226862 2,9812059894092853 263,49856942005044 764,955775322731 436,1320143867824 417,6529230253911 80,21316835048759 5,371578670804424 0,050322118964883186 405,5986124253894 1,003187642329831 422641,68693046056 1
1211,8398409996007 32473,01789273535 3,0176517133406975 273,48769265067415 774,6758062016474 435,04062315270346 412,007218043704 79,48710293860007 5,361756634273352 0,04992321060529664 403,3824630533993 0,9977409105742266 422810,1017684655 1
1223,2993263671005 32456,226339895362 2,9846807282513543 270,3734157413059 773,9785720035185 431,16158713031024 408,42768388334 79,74691206827019 5,3133204819929185 0,05148841144243425 402,31318040036626 0,9975733093303288 424469,7754079558 1
1223,3022106466533 32809,96633753715 3,004594552124859 233,0280739505096 776,0740783967962 433,7498640845627 411,32241557227985 79,67343966261129 5,356979259672931 0,051535530344245545 403,6881095005507 1,0007158433240753 417680,5600519746 1
1225,8495560213578 32719,73180915163 2,9986036050220504 231,43653698036528 731,0483181392157 433,01077993825487 413,30772427841197 83,21063066569504 5,348170066101455 0,05292634828586552 405,3995787664249 0,9962414643396899 420700,2317731456 1
1219,6218502794495 32746,51454322383 3,013596455896083 232,61071831026925 729,1334026937891 431,23412685504735 408,50213522286964 83,08721352697073 5,377738307565303 0,05305862608108468 404,8538455601225 0,9956230625838935 420478,5910221035 1
1216,0573729174935 32750,597115299934 2,9971597331580826 277,9873013700172 777,001230268507 430,03032051721084 410,1111919872983 79,11000875422593 5,371825683501737 0,05354880643454702 407,5064577612501 0,9968090967351485 425108,4777316853 1
1220,826448418727 32718,356335928398 2,9819007375394553 279,0356465169844 783,2952404730946 432,1491181364215 411,6096461467679 79,43922832174063 5,328071288765056 0,05442189808417926 406,7737346147474 0,9953837627562129 423218,67867784575 1
1226,8421038339925 32533,101370217835 3,0052629164158486 244,49627239832537 748,4379986591805 430,45430647231683 410,6015342677544 81,71851186492219 5,346117600110971 0,05391772995655664 404,35725184814277 0,9971643520219502 418537,0521497122 1
1229,0022488788472 32370,10788710766 3,0148135463075505 246,35590665916644 742,9074415661701 432,0072685624736 408,3261032085463 82,16128744083302 5,3525868785037325 0,056163708071169244 404,08655579989954 1,0110904904273135 420100,18428329367 1
1214,599911557864 32447,568653129252 2,9986984801256473 278,7820565773427 781,7065191550033 434,62146621228453 405,4786880730236 79,70481119431462 5,361619672690468 0,055457264061188984 406,6848516542235 0,9971914581570644 417167,8418952731 1
1225,2940793630885 32482,08070877032 2,9776225133785283 278,9521734758002 783,3559111181171 431,6665242848157 408,893670777275 79,10683143853613 5,346190424749332 0,05680116666863362 409,0832841980353 0,9958957222224396 419955,7233985254 1
1222,2750924424045 32528,099106090067 3,0166979915511964 247,40915354891195 779,2091951190464 434,33246755576266 411,42100257537453 78,90729977861562 5,409646576756851 0,056627951727875894 402,80055694540846 1,0028474705843442 422571,54490975436 1
1224,5082799848956 32476,40896200554 2,995437966699536 245,29309898102318 742,8299810900369 440,8599239386883 409,668829444873 82,26612013155109 5,332015089377925 0,05762880991768468 406,56011649197757 1,0002312471942958 418807,85890488385 1
1235,7069823800964 32773,706648105996 3,013652870026045 244,25114267191915 750,3069321023455 438,9922756635719 408,2610526516931 82,18601405047025 5,3570971218052845 0,057785873075326344 400,20204552125233 1,0053878973581836 418125,3295045382 1
1231,1409014471358 32867,445897567275 3,010303774075313 293,03016163660044 794,3959279316014 426,1225678549338 406,38619922555074 77,84446365691699 5,33899113148538 0,05757502164071447 406,5834322598935 1,0042445783160114 424476,3037487758 1
1222,7620771998888 32335,64697860107 2,996278557010963 293,8908770554287 791,186847357248 425,430147245494 406,0406437698649 78,01977778916374 5,334125992672799 0,058481786595279285 406,4221889444654 0,9942322963980954 421253,57772084174 1
1226,8477105317056 32338,92117552571 3,001157711066153 262,0833944856091 796,6447495046529 440,3709396195377 410,6438829099591 78,10565289108165 5,3330673859924795 0,058540821014149175 407,21863795276874 1,0032164284392682 420176,8697380686 1
1234,1662777552567 32612,374177602887 2,9977862238069646 261,0435102366929 789,3262664543372 438,52764463738333 408,1369357685264 78,59018647685375 5,391303623455461 0,05999307569322696 403,12566983245773 1,00639852772597 422308,2131710604 1
1219,5405237021637 32769,93269939006 2,9985937289657403 262,6192970063709 770,4209082028183 426,3366235464683 406,6486076703392 80,39574551030361 5,391198713602577 0,05997758824693196 405,31547656575145 0,989063696966019 424512,2508280284 1
1233,925069558146 32364,43256424785 2,9928484948250484 259,9858459633855 764,3723300692633 428,2597235396325 409,88350223627236 80,42231105848597 5,371420279537186 0,0606757593436062 406,86930760810515 1,0071575857238286 418766,7259948594 1
1222,0930019112366 32494,435795674402 2,9744663209998614 241,59547724584772 763,8570507193666 427,55482039546285 410,4076429272653 80,07873640576128 5,336937279429107 0,06110572769976449 405,75588606456085 0,9994971246802538 419210,0700948517 1
1237,4429133048218 32664,056958684123 2,983794059211972 239,92225706320852 749,0299597730518 426,6869133491992 403,0910921174193 81,83536059799135 5,350144417305985 0,06218034574203901 408,9786586569154 1,0020254551986318 415802,6025317099 1
1235,605304483093 32481,225182812846 2,9916101596166085 242,25324625389544 737,7719725697901 425,66087485998776 409,212312450199 82,7704405654966 5,357940508933289 0,06225907515803167 408,13272975304693 0,9971198525653779 420147,8391288163 1
1232,597651086097 33058,13393266841 2,9921084141615464 237,78025690606572 741,185231520724 426,4480695592324 400,1404828897906 82,50614924166811 5,332470653964165 0,06227309935417045 407,45439284869656 1,0025682669997518 417649,40638221556 1
1221,6193937023263 32580,031856977454 2,977057759298077 237,69231049725687 739,837471051851 423,4350428560831 404,19027831111976 82,05965773130266 5,379471446938405 0,062317095015148344 406,2531953844862 0,9997661089707846 418204,4413462764 1
1228,976860609654 32548,475294324944 2,99613009849301 266,6773820450074 761,7802073116079 422,7854423361379 410,203646501148 80,30996074602261 5,401831191978278 0,06260145246268181 409,30898972418663 1,0015064304217351 418400,94080760324 1
1230,4471673809187 32353,57763825138 3,0084383295420354 266,76119390333344 762,3034493128969 426,5201568280896 408,90127447907236 81,47240125573634 5,369837431309837 0,06301605786332788 406,1918697541019 0,993575679271051 416066,2466938283 1
1242,2909968980866 32449,440518052426 3,0186573560052556 267,43277437225004 773,7381557628751 436,79419518375107 405,0590126637245 80,68589426167206 5,377773710445222 0,06276246083136404 407,74273583562285 1,004983113507184 419007,12589420966 1
1227,6177925303195 32327,234438570653 3,0023495960056987 266,9559026823519 766,4245345488172 438,04027392020276 406,48732823706644 80,30339149119222 5,410510362487361 0,06341742287560144 409,99522317813194 1,0042558341467398 420994,6074235439 1
1239,8658151208328 32707,345450677854 2,9879296242010254 260,74851501967686 769,0820722435025 440,4368641650865 404,1258837123697 80,43718000926883 5,348860927400157 0,06367333056991199 407,00188516814046 1,0005772532550126 416958,12345385266 1
1236,1411315893404 32610,537109825946 2,9854091051104694 258,73704846070314 762,8612835036334 427,71145348408095 409,3349108301644 80,74926905499593 5,38515124385631 0,06326508931038029 406,8931847257167 0,9943266695733702 417851,2767110263 1
1242,975822871073 32591,93058284184 3,003011033387218 259,5908934310866 757,2864850510099 434,0304648023111 410,0921472920187 80,55954141366344 5,37205436153086 0,06377081502361087 407,9612441999396 0,9994920975034174 417153,26783200516 1
1238,6448160482053 32440,930928223443 2,9926351967728513 229,59142527811926 728,1613228635719 426,50350739523486 397,59404571315724 82,66345837387364 5,375610082604983 0,06326399021077639 407,9897231378207 0,9986384603712954 417348,9829083168 1
1235,6112538298826 32535,743597196823 3,0171175984991594 229,8236758258886 726,2452843999578 423,6926636211379 401,8781064832069 83,0728489374747 5,382453715264065 0,06416428098040936 411,12653364347796 0,994546178146041 417869,5654906592 1
1227,4725235276896 32568,989582993014 3,0083986880650984 272,35437244306064 740,7234601108573 428,77920334601606 403,08216428853694 82,88945135374497 5,381734492616804 0,06386758794776635 412,4918300219266 0,9980604358513582 413074,05794566876 1
1232,3798928973504 32482,610953937245 3,0011773129963624 270,2956056589358 745,4105896478395 433,6919369303619 404,72944867913384 82,79107865392668 5,389364959078104 0,06385280285539574 407,9035088979725 0,9930073865541411 419777,81254523544 1
1231,4409574072613 32591,716190105828 3,006396901431219 241,6046109299792 741,2547435759296 435,7483666003604 408,23510263701803 82,10150624226492 5,350222131692051 0,0645353495465683 408,94466388427463 0,9996399272419405 414468,58193276456 1
1226,810176715278 32500,20752861383 3,0283097724218133 240,8268293886377 743,0110617174711 436,1637743368176 403,55602871663734 82,64282267056538 5,3283868648672135 0,06424542077959677 409,1081596808484 1,00546625187867 414485,18780279264 1
1216,9457842899533 32407,32986335899 2,9893073027870694 275,5450817902593 748,1245993601563 436,38795627886384 404,0487189085249 81,53091424164225 5,325069634030174 0,06377186836400078 410,13679281692816 1,0006156415219893 417793,43875305157 1
1222,5296933482384 32480,17386858452 3,0104825171927936 274,13623175840274 778,7163349824143 418,1016677883452 405,5582186749661 78,86402487859523 5,306414429072623 0,0647199679493349 410,54261696252183 0,990755899020001 414619,81646874436 1
1226,847940516953 32494,967328636467 3,0174670396760703 269,6190953838611 778,5932133240901 417,4222729960555 406,20057401257304 79,44874580952664 5,344247450720503 0,06419623698327737 409,94033322450287 1,0002098886346176 417166,3608324268 1
1229,4241953324315 32508,80216095974 3,0008630439125903 250,61694218943165 752,7685119499313 420,75132534529536 406,0550747633861 81,53238935713446 5,381968311312099 0,0646101927393028 412,46896567260245 0,9920053928340391 413494,8561360332 1
1225,1014782696861 32769,56376590275 3,009428177444091 252,37316319701637 749,5660608908795 420,84124105305466 406,6808537506608 81,58639962218022 5,366526658024822 0,06451764120954083 414,36483198664115 0,9986460540674612 421087,6037015704 1
1224,7414649775617 32345,588692793874 2,9756915240400077 262,0784029018913 748,4106270966007 431,8497129228086 403,83116503677917 81,69298285649508 5,343086515374898 0,06448607053403024 409,4321796243602 0,999978191088019 415018,69663500506 1
1234,004763605342 32493,674031088263 3,017788914023904 262,0458446776846 739,634425932861 423,8109507632011 401,85282997791904 81,35064533027176 5,39084997430006 0,06442858311698257 412,70260897795237 0,9942059941529021 417941,4018220503 1
1230,2636038546864 32131,09338792995 2,998718631214327 262,1204171630236 768,6422947017516 423,29615062326894 411,51380253017953 80,3319062103961 5,321818128687849 0,06437844570203864 412,5463780103218 0,9952242623510121 417357,3998797419 1
1222,1039853461277 32424,885259726358 2,9712618963686994 264,1858731245569 769,0299640151937 426,5431004736222 409,50796371173755 80,06734918782738 5,355120476104347 0,06547022964109421 414,18139348409943 1,014441474492937 419101,8568576658 1
1225,2543529893537 32452,481522530998 3,014853449889725 258,58668574556657 765,6572964712715 423,1607792187468 405,08615900778136 80,34790027048989 5,3045835771070875 0,06514488442752334 407,37133550837035 1,0082852737646704 416303,3825301245 1
1229,969869678561 32431,250761596926 2,983205196891099 259,02725898386774 759,7618002628382 417,31426735415107 396,5159147979782 80,40339999546278 5,387835777934152 0,06577570308320746 410,4515912805305 0,9971542651715435 416020,13339670206 1
1228,875376139558 32790,45713433966 2,9783321404827277 260,22784930329044 760,2615512672185 417,79577668662625 397,4898749855985 81,06443441514605 5,354298676892159 0,06584163736603041 411,3692118815185 0,9932199121109994 409578,74050596805 1
1228,9028344992298 32311,258289347174 3,0384596483414685 273,3083359022038 770,456676511073 430,2635410360428 398,9992515904261 79,67640937780571 5,361799876087123 0,06591362562716198 414,5492817585126 1,002640163413708 415905,8882966007 1
1230,3434359890778 32321,33063682963 3,0220680455284503 272,29994910671894 778,0728969844282 425,69671094723 394,67130380982337 80,12107746045922 5,342881097977971 0,06583116423721452 412,07681346248364 1,009697989341323 418264,1413615259 1
1231,019579214333 32763,845780371536 3,016272968333565 263,9002719389407 762,2313136346469 421,6335819161321 397,2666556935799 81,1574610462544 5,335872109149714 0,0654465535055464 413,6885015857424 1,0056619158139246 415899,9611630133 1
1237,0447460604614 32548,888442444597 3,0134120915978575 265,0300524671738 765,2677375823962 417,65927536827854 398,6605686810184 80,41065038006187 5,350481238618703 0,0666430220490479 410,49353528664375 0,9884924883240427 415464,4060837917 1
1237,1302443413565 32429,070741270825 3,0164173123543865 284,2701474418228 795,504423011725 420,3387466381622 396,53207904594154 79,27817498641889 5,355118174389543 0,06678656341645152 410,45307623581886 1,0068564785091556 416101,8866237066 1
1230,4980807744403 32780,821655020234 3,00643156308528 284,8804806507885 792,5916574738446 424,3354962691654 400,6960609783899 78,19317773214813 5,35363476168545 0,0669276572882336 411,95485053864564 0,9984700819532161 415231,18189581524 1
1241,9081611504237 32578,386742608873 3,0002966719660282 256,7592893782664 788,2039115858423 424,79141418922507 396,0003206288942 78,106784322431 5,341115628473958 0,06732817062424351 407,0622097384619 1,0076181188653646 419106,374032999 1
1242,585551814386 32582,506714494568 3,010469202989124 258,2483003186667 762,489137396647 430,68052387235224 398,9270239264289 80,65630726899778 5,33908774250672 0,06742960330613361 410,20483115374054 1,000717818487215 414163,4429427165 1
1232,675431696126 32482,161396271043 2,9892206902671106 259,09451151447274 751,6302278475594 433,42982925465196 396,3235452847766 81,30516810328663 5,314509651136663 0,06732941147440273 413,23527380706224 0,9983444457509592 414408,5461500414 1
1239,889410631225 32554,638505908966 3,0307201495180305 253,46897525643007 756,307673822901 419,017852451419 407,9366640609864 81,75760033618938 5,308986104055297 0,06778549758653657 412,906312193784 0,9941750595002796 412693,79884132807 1
1235,3604918419883 32440,331444669995 2,987727454011571 253,6163146011046 758,5799140292321 418,3657566482024 411,2290815758128 81,26181103415605 5,302940257503482 0,06755389241461332 411,76335432162995 0,9936633010796092 416859,91546324186 1
1227,1150971355448 32205,97333137418 3,012964876800607 255,80181656388882 783,3552240554407 418,251182692457 401,5738723045103 79,20000194878997 5,381333461911134 0,06676562399573015 411,1986166619708 0,9874435898692581 417134,4049211414 1
1222,1857549965123 32429,248385326406 2,994157080397369 254,09505720287447 783,3064178199403 415,23237538420665 398,5286430107663 78,98918583555898 5,360628813817714 0,06809535214907975 408,66511542276197 0,992129479137226 415541,6357827504 1
1227,7704597303375 32515,803928680525 3,013720714033104 253,19739496592632 754,3658548683779 421,55173511747444 404,9164834463865 80,65066582080989 5,373492362896191 0,06762899894280637 412,73672294576096 1,0020446677688202 412881,18161669205 1
1222,3251819541638 32509,27892908294 2,9875141281093716 252,57136809436253 765,2359549144694 417,0809758862646 401,5468575410319 81,08376599304499 5,3266754318683915 0,06731907660326432 411,89639090313966 0,9969396425732079 415409,7535929966 1
1231,1655777516962 32530,334577629204 3,0058304091213834 270,57906955338177 752,800023767121 422,7479549182062 400,2736125457207 81,16813386834274 5,37283258177441 0,0675010071487283 409,3017274277275 0,9966895071761497 416553,0173848532 1
1234,5822908247856 32397,869449827842 2,9690536143113206 270,2164752376422 774,2368936662934 433,0811485629886 395,15534366031176 79,65767658394859 5,373960866227928 0,06800708442613967 414,2034257904354 1,004559488318264 413385,7429864327 1
1229,4089302336472 32533,072166775823 2,9577747135779617 272,42797180986196 771,495188784651 434,3655370243259 398,6517574483519 79,25247283873358 5,354828570982985 0,06757103986924341 411,3395488451017 0,999921256123674 419933,88430082647 1
1230,451253506285 32484,219087565947 3,0232515028498375 263,40555310401487 762,4434800409982 414,6471922756573 391,83374652698876 80,22959639045689 5,342928799781623 0,0681031988619468 413,0517525487085 1,0018524891085618 417259,35464225383 1
1235,7136423756929 32613,29761069876 2,9739332643078153 261,2788603297741 759,342568989318 413,62295469846686 392,4909175566908 80,8152510550947 5,338454879833333 0,06776872485837308 415,1416545351565 0,9976019037880658 413319,3719812388 1
1226,8843503818096 32446,913712297224 2,974911827237751 246,51700419499872 750,775472354615 424,04587769319477 399,70433178228706 81,9642632563843 5,3611539067013645 0,06817707457741172 410,71222221920397 0,9974845812474804 413408,1970766326 1
1242,9263393105573 32320,087126477792 2,9959294237963467 247,54049360904517 751,9439463043375 424,61218144244583 400,78438167615263 81,25791130485 5,389214759069149 0,068283986923449 413,87289826825617 0,998093674956674 409149,9100210803 1
1227,9723334122943 32520,792028620457 3,0060780355193084 241,4855494256004 743,6236905404908 427,7139377716167 397,87899038206155 82,08170491083233 5,335118577486507 0,06811143946356059 409,4686241439169 0,9989594483179176 408764,5844000092 1
1225,3122229127496 32437,964963819242 2,9856757210141573 243,43376351771147 740,0172565113503 426,72173955079654 397,9339938925295 81,33738929334294 5,374394141093433 0,0678935078306209 411,9786152206466 0,999549087441271 416820,28000292333 1
1226,832627449636 32874,55877804937 2,995464628869104 263,40264020711794 740,7789868992685 427,4464692847235 394,4640333662813 82,07919366256992 5,348167978796846 0,06876028557948459 413,3598837639184 1,004385743601395 414914,0086700189 1
1234,0622885461794 32450,31419502277 3,0041718708832565 263,3965009808593 755,536516813417 422,8411488927132 396,4004016954983 79,7342788853875 5,382354312603022 0,06813369045357953 415,48992003880295 0,9971939987440351 412838,6132197235 1
1229,861668910348 32390,03366767123 3,0058117805087043 263,76121251101915 773,463414915069 424,3570965731284 399,7930327065912 79,75952422022164 5,376518609419272 0,06820755008666779 413,67795022339925 0,9995201678863112 408890,7540819573 1
