Co2(scd40) raw_signla(sgp40) aiq(ens160) tvoc(ens160) eco2(ens160) rs1(ens160) rs3(ens160) rs4(ens160) rmox(zmod4410) tvoc(zmod4410) eco2(zmod4410) iaq(zmod4410) resistencia(bme688) Aire/muestra
1203,9092110882284 30424,99770050551 4,971424238905066 2772,2423198769125 1371,9660543240211 76,92124146465092 36,78093934669188 35,03695913145126 4,855289255603361 0,01579079819201877 400,6141977583959 0,9935812673343565 241498,52648926873 1
1209,9010261201006 30994,46257755132 5,004603866252445 2784,589228346634 1357,9090968018338 80,24471913440773 36,27742144351939 34,69505764651841 4,837811846358555 0,01577163061362302 402,00011265214374 0,9944286725109801 240493,31252487647 1
1209,866786045621 30847,13167254902 4,976911126613037 2779,516659018051 1357,4015782734891 80,09600129693685 36,12790669209284 34,437879831563265 4,835895645935952 0,015905011752754602 398,8771134692628 0,9999871589284415 240935,358718186 1
1205,0879341530197 30816,299967308314 5,022196411091202 2786,8578117547727 1357,230314114099 79,78162455985178 35,81626114806219 34,685756300937314 4,877511791371872 0,015918210625653108 399,07670267856486 0,9965316979561484 241658,3877228975 1
1209,3942380141161 30897,26234390256 5,010402319125388 2809,62637901596 1360,7199343450482 81,11198820409733 35,580805661529844 34,813830791506376 4,880464747355374 0,015943776714889852 397,04429584600456 0,98963774593184 239646,516479717 1
1200,8597817640953 30908,151256500118 4,984527131825328 2787,6769819264046 1367,6185455060604 80,2234094303635 35,790890390412386 34,82783216374521 4,846192398206101 0,015955193267828766 397,98700711131573 0,9995235449884067 241090,54938224418 1
1196,6482012651684 30777,117065689075 5,029686626660793 2834,0088488713063 1367,67915758476 81,18269000800314 35,86318423631426 34,41836053677043 4,874779828629982 0,01601757476161225 402,77119353089114 1,0044136218447681 240902,15832179596 1
1206,95166953992 30867,29802232465 4,996405919445001 2832,8252151740753 1368,0326948906927 80,81875465486343 36,08066399843957 34,384398011575726 4,81845097711881 0,01587670015229658 399,2167247600617 1,0040929789961073 239808,85058806452 1
1199,9513553296078 30763,169261962106 4,980077604622325 2840,2971915541584 1359,3933050407895 78,0500566463556 36,557994752909195 34,35526957955237 4,809394747297275 0,015840479845350502 398,3612585040545 1,0035202373674879 241600,49851996996 1
1212,1885215636123 30344,45349597058 5,016776344335275 2869,715980471611 1357,229779077402 78,07955906511809 36,623671589489334 34,35644015035505 4,804205868893495 0,015830557805361405 401,3361054987112 0,9894870951069357 239812,56409368446 1
1200,8476921399313 30719,284524035305 4,962304695793799 2811,5355631788584 1371,263264299895 75,39017860271132 36,07019576057081 34,59076564675555 4,811542175907198 0,015953500282035484 398,14668667451366 0,9997233233951738 239113,49045336273 1
1202,9879477307259 30903,954198171108 5,0152541278629155 2778,9551908496123 1351,2293363400486 75,28758783653547 36,02172872142798 34,434254554251886 4,8563736312803245 0,015888703538626876 398,85066641958446 0,997729262834161 238608,3033112097 1
1199,8909243951089 30691,696384075214 5,000465828552361 2915,860640858001 1354,063222093798 74,91906539051277 35,73481503150203 34,68734381909594 4,833940742196781 0,015946404517476774 399,2010676351335 1,0019156043043416 239854,78670862436 1
1201,4767213596076 30766,706137170186 4,970508638582185 2909,211130793059 1374,582128934376 74,91123963936249 35,947864953662524 33,8455889893018 4,9023538705851974 0,01572963031606158 398,1576171548272 0,9946928369812075 238846,68342678 1
1207,703594875489 30814,94764505182 5,000179962517382 2929,487209445952 1397,7972190251928 76,20032841962566 35,82127097910626 33,96818088385997 4,834609430513894 0,015934041428923643 399,8120865144856 1,0020842211126135 239741,05566400135 1
1207,5610888072158 30898,65126999178 5,005649741017643 2771,444373982281 1360,1879636565438 77,49235077942907 35,7490019531504 34,72240881904986 4,821614603966373 0,015942730158240437 394,9267223098408 1,0058180673072483 239973,16331552534 1
1208,4450351914286 30741,00171787644 5,016582986371557 2764,7062612350937 1352,7102285504168 77,38803256871631 35,729020002629355 34,530759213825654 4,86214634396532 0,01573097513034652 398,3456253598526 1,0048541793727797 239753,04710973028 1
1200,910788003411 30746,842755368354 5,015619866330106 2784,7291344457467 1368,1404538964323 75,70621538860235 35,785205673630195 34,30808458664855 4,823356361747744 0,01593114885295311 400,3354411756489 0,9963912673849796 239485,1333314996 1
1215,6466538049685 30715,948778314047 5,01383966145073 2761,2187268267207 1369,166239643413 75,73670770419714 35,9288654181249 34,51838721181486 4,797569730230331 0,01586131672601613 401,17403292507953 1,0077210645634629 237150,77337293 1
1205,7456418176994 30521,21511531113 5,002009367293656 2825,972125774016 1386,809448328894 74,52479989101752 36,243360361231815 34,518447979420635 4,879081375466662 0,015901303583605322 403,71110708020313 1,00193714982595 237487,17300841102 1
1193,4383460365984 30813,409943173916 4,979328862610377 2808,664685413226 1365,2438866078726 74,23246840823425 35,87011469249886 34,485000624921064 4,859118192034867 0,01591654349532777 399,29926896505856 0,9985074662210245 239032,67124923825 1
1203,828451756665 30548,72176028484 4,970755206922332 2725,3957427117916 1361,627255027418 73,85944570359916 36,12842197755433 34,18957564443302 4,792286325816346 0,0157446535201165 399,43090107980805 1,0053260529819816 240143,4548978147 1
1215,215113726638 30790,642575703423 5,01771288823965 2689,7576174349188 1344,6309222096022 74,98915156686816 35,671725175866754 35,09703627028804 4,8557962418652405 0,015774855566333793 397,8206620731175 0,9905287750846312 238232,47248371269 1
1209,9495419856805 30861,398173409052 5,05254467129436 2672,0033119557816 1359,1035423898045 74,98265587644664 35,82281860269479 35,00709012621984 4,83983096543783 0,015858162703324553 400,7792133387461 1,0066455161105363 238308,5641215568 1
1202,4383675477354 30636,373515164738 4,999275443798562 2753,9200746676893 1343,6555789188976 76,0162336696942 35,77422040485244 35,17254346643172 4,848915462769207 0,015848267434466164 400,60596358194573 1,0014512160808016 239531,17492363616 1
1213,2632594931576 30671,523255226 5,036911950588666 2719,8334919515696 1354,823356610767 76,40945605262971 36,11968304098028 34,942729142069545 4,811072928442997 0,01595978270310254 398,89364631688966 0,9968009028068867 238816,7194620545 1
1206,8692275219942 30590,92913187908 4,968695965365103 2917,885843549856 1382,813322158861 76,47545553216965 35,831061836618744 34,153933804563216 4,824487042418731 0,01582464844778158 399,10192237331046 0,9923411621472705 238689,67913611897 1
1208,804282809408 30811,02384102891 4,975942377938734 2886,6142087736357 1383,037268085039 76,46749143084709 36,103279671579116 33,91674565887114 4,812968327023443 0,015818210234040227 401,48358533635974 0,9982959253212428 234028,71349711294 1
1207,1293920011817 30729,56672282975 5,0252664396085205 2873,6882950037134 1384,5640342317174 75,14856163334679 35,46355063763539 34,033353736419954 4,822489449130692 0,0160263588803735 401,227518494651 1,001290378387116 235418,68289218642 1
1207,9792638415595 30611,63536063516 5,005140443865923 2860,2402363398 1368,3638433725764 75,93062172911492 35,53705769303532 34,01926122476498 4,835686028018256 0,01591272688235415 399,30101772084305 0,9947056470942918 238001,5374432719 1
1205,0964729139605 30686,61788786025 5,0224333256068014 2788,800933082014 1378,7306095334586 75,51736336320225 35,36428601891632 34,20864865881796 4,8531919384299265 0,016042787374010194 401,0390796847956 0,9972438800654717 239891,78754759664 1
1204,5099885221077 30662,7042158062 5,000523976063814 2766,955111415587 1349,9247109406983 75,88624684299292 35,90317104768443 34,58666513677254 4,842432595007833 0,015926830893151937 398,7716162460047 0,9984220487258911 239581,02588048048 1
1208,491455482648 30639,97019278049 5,014368648967787 2796,4227077350697 1359,00351262058 76,3455651598436 35,95211233963937 34,82800558032566 4,8506256967210994 0,015944861692831918 401,9103061358571 1,0000315498011232 239054,3237868744 1
1201,2925747146971 30897,133054498492 5,0297922394425765 2816,037367330443 1349,9170217991057 74,94688972701229 35,97467431563241 34,5959978385372 4,850257676174155 0,01589228518534644 400,8281604748199 0,9981168723262324 238486,6151693159 1
1203,1773323988093 30835,26467146584 5,02294275155403 2800,1928036841837 1344,3920152447172 75,28258837535522 36,21064959699558 34,664450406128346 4,80486511986146 0,01622818967726912 401,0288905616389 0,995630680422486 234323,1735648357 1
1207,8326390370012 30668,890410142245 4,999793802485259 2969,57774245663 1371,8752310426407 74,31408273854984 34,91229376055789 34,324967973026006 4,86284990303481 0,01623968173127347 403,3893093027423 1,006068212851765 236936,48062921865 1
1197,0991943521938 30643,351092518107 5,025400321062381 2992,3137664860756 1380,4880794867152 75,03744391282456 35,217982308135 34,18555295890128 4,820198554446468 0,01596016764820196 401,66527388816525 0,9998733455830974 238021,92524611938 1
1214,2910397507696 30561,314540667056 5,047172705645092 3010,880650938083 1401,9261156800737 74,30878776980609 35,72533787075065 33,52686808083275 4,816514020235804 0,015986616030416363 401,5057304606581 1,0005223116854405 235946,84316446877 1
1213,8445803857694 30624,06252017848 4,971654240468982 3001,980069155656 1382,4408624648718 75,42638675372045 35,62013310297905 33,797822406285235 4,845020936966908 0,01633911992499535 397,66196796274573 1,0020476069004256 239056,60767399063 1
1201,3407386680617 30711,47038306871 4,961873172563133 2997,4042001069606 1400,3885261905689 75,14066957446455 35,591574041368304 33,41499239512064 4,862592213560594 0,016362886392620932 400,0209956474914 0,9980126159817575 234343,18095484504 1
1194,819139492314 30698,932634962148 4,9891435292602475 2973,03391790838 1375,8009631392833 75,57967531855363 35,6038261516786 33,94554615159492 4,838739498304695 0,0165557944358689 399,90670216175783 0,9980233624966786 234674,26871861238 1
1212,0623459585636 30744,74479068268 5,0639974619765695 2994,1723085129497 1378,4107872118425 75,84267008176202 35,96339534024271 34,0231516567583 4,849395214015218 0,016650004389978212 400,32638490428735 1,0063850746032286 237197,8014276675 1
1205,670649701464 30734,854319114886 4,97511504904544 3018,1490462721695 1392,1692791655053 72,00076357609139 35,31958688037835 33,74079923026345 4,854245672956956 0,01659744287506843 400,11061990050194 1,0008936239628572 236950,42791081566 1
1208,4424135638192 30476,141511261227 5,022305736277026 3049,6313332939344 1401,8576907434694 71,67293877037534 35,642109001098355 33,393293249934864 4,804802162319758 0,01681597155904497 396,76075000690014 0,996298354905878 237261,80210392506 1
1201,0612928385183 30568,215393273316 5,007401040430085 3053,7886430679528 1401,0581856697447 75,16763845698101 34,999268055480336 33,564684301724384 4,845600981944908 0,016807013645832734 397,7121158056076 1,0011482968332046 237434,8674121318 1
1214,0825681259694 30714,28395238901 5,022607087336038 3032,7512297145945 1389,7278366079588 75,22594617321346 35,27558699590991 33,76319788138842 4,8393093797056865 0,01667847039517693 398,45046366903864 1,0079427937799095 237706,74210185785 1
1204,852270790947 30627,786776782617 5,032752550381283 3099,6370644989906 1405,023283789421 73,90401513436333 34,88145739553999 33,16938048503618 4,8400980892579035 0,016760440895233267 404,5080586505148 1,0079747169224869 235797,2367707345 1
1199,526681198816 30659,674731297935 4,995363071327281 3083,994221036893 1403,4794690645163 74,32528411057335 34,925251043084806 33,28118817741988 4,861358187336281 0,016771832272963146 398,0498638359193 0,9935273459364331 234639,86259218928 1
1204,4366298154073 30833,846825527096 5,005589329612784 3094,5377913455095 1417,0821472007135 73,50564199984477 34,77586987664064 32,96782559696368 4,7880515506008665 0,016731838130919392 400,2751079249903 0,9926000610927028 235459,90987166204 1
1204,5280000000218 30668,727720288105 5,010381627546245 3077,8472996009496 1410,623147825801 72,6301094589236 34,86949636565399 33,19802167822719 4,8321200310104 0,017110710484716574 398,683804581498 0,9946066078582243 237219,2324113934 1
1207,9197308122514 30564,83122419414 5,001367067201108 3085,3076377854345 1401,3250967814654 72,1016926162004 35,004070881511225 33,401772287393776 4,846463451915673 0,016998053078005622 399,5327705310031 0,9997016485618117 234261,6141131385 1
1213,6909059187774 30834,85634676867 5,002019527945522 3058,760297533372 1398,683756551576 74,88392259823036 34,68020009224889 33,66968852159 4,841030051742007 0,016993975626808124 400,887078219919 0,9955699131033343 236440,05332549455 1
1213,8139130623015 30816,830296271703 5,026973889450996 3051,4429660503006 1414,9400952356625 75,33621318954152 34,52747345074046 33,42576366398541 4,826035305225151 0,017231600959690587 402,25616495252285 1,0001193973968354 236023,3872687671 1
1201,6441478799097 30518,96189964426 5,019042730750076 3047,4533839857636 1386,3376882464859 72,4699371959003 34,64395528558921 33,906765918615875 4,829387098178759 0,017280479113018905 400,26830559134527 0,9972381632128765 236320,56207730735 1
1204,9573870322197 30777,467269781173 5,002955909169879 3076,963490315366 1380,3059162363484 72,62423864259041 34,46697068921485 33,80800373400962 4,8410810871988055 0,017440535388241356 400,8935967074508 1,0086924565280904 235491,2974756265 1
1202,8297328514739 30647,24960641993 5,022104204628397 3142,9172609061156 1410,677184445582 70,6765961970374 34,96884854310996 33,19242438578228 4,810709502679627 0,017472326390617843 398,7749468214406 1,0065962735374039 237452,00456000652 1
1197,7304551076681 30761,73513980716 4,991831311048741 3135,418446672608 1415,7120121261087 70,84117969464647 34,94427196461039 33,178124322082475 4,887355640499104 0,017546273631639613 400,7571471244673 0,9946090003367016 237199,81352775957 1
1200,7786211892035 30572,216652188294 5,001079938473993 2893,8387581233546 1418,4244962789833 71,00326029747724 35,38104409558681 33,061678346171256 4,868394091862392 0,01754082776897387 397,48697635504067 1,000807477087624 236426,64629664528 1
1210,4675309556983 30620,969358191465 5,001645660502005 2925,116622605307 1382,4434890376108 71,86078160751227 34,43754551055403 34,10900619630669 4,812493541832141 0,017741869262847935 400,4092913373836 0,9994805700232574 232934,81455109656 1
1206,1460745275615 30561,455181429723 4,999848233510659 2908,6607717742313 1368,7425150745069 72,37742119555564 34,93269057682568 33,981248974360206 4,840833074800883 0,01784486821740494 398,6962290296427 0,997554139621327 235196,75231112685 1
1201,473867168896 30712,953414572603 4,996714227331227 2928,8497120105003 1385,9563685015487 73,88103816721242 35,15514766361667 33,99093438617916 4,79234172787102 0,01772607114029328 398,6415753185292 0,9958504856477645 232982,5386623113 1
1204,799820471687 30772,29339722735 5,037866807342981 2947,489272028702 1377,6324542808695 74,42574822495446 34,95813465900747 33,80278425276681 4,861468100925112 0,018184422019150288 395,9921660730505 0,9994877830615293 232775,10351855087 1
1209,1094950880085 30715,932085255878 5,011116493639534 3248,007867507968 1404,816937168022 72,60029559909003 34,20958206369551 33,142901144037154 4,834624394367257 0,018174531209962617 403,8396669454978 0,9975143205717103 231565,41346449475 1
1205,653616538717 30918,542214701112 4,998154580796955 3243,0013580762457 1413,6441922138101 73,34556530191968 34,22633973163173 32,99018462295583 4,85142745983293 0,018109949425024027 400,8904943199579 0,9961910166741127 235777,95444914378 1
1216,3263695934174 30694,002722000936 4,990605720895328 3220,9400230990386 1422,9368367695579 73,03135305752208 34,566740727899 32,718173741514676 4,821839888319632 0,018075818786958152 404,07738312396555 0,9954592843713013 232615,46378840783 1
1211,3208400634246 30624,5961038952 5,016958460446425 3200,4983191094047 1427,6322565823382 74,01017707430951 34,79200052538023 32,73117458621677 4,838405504809493 0,018330093958986646 403,34607279587846 0,9955975313159976 234782,4336817771 1
1203,3862640444547 30722,435055418147 5,0041708779406155 3029,7543598021293 1425,3731941483938 73,67347810592084 34,66247145592027 32,74956482487234 4,843012659183446 0,018273533260919135 401,00867166658924 1,0057089888951796 232272,93133329556 1
1202,418283732215 30352,071994076086 5,013439303690253 3017,908839339898 1381,4099926567387 71,63922982171692 34,967007502226586 33,23617299697965 4,816514072090611 0,01899134718458975 402,35516073142514 0,9941866273443845 233631,86820665482 1
1203,5470598680183 30655,116981133713 4,94874291226297 3040,100278489617 1402,5617036683989 70,49387850988434 35,11511121380362 33,69077212286822 4,870075963096481 0,018900334001379335 398,67548647487143 1,0059985618856329 235612,62125508772 1
1207,5431065447374 30547,747738702546 5,037593288548571 3159,541895637899 1418,9179629242476 73,01493537041567 33,86988714653681 32,75324739124353 4,838523936005718 0,019002791593136142 400,9038676784546 1,0031767100022415 234883,52918969744 1
1206,8261885673933 30668,591869065305 4,996468322208939 3151,4286867786223 1425,849761735986 73,15210576503812 34,16466069801324 32,92809643901692 4,82948785102346 0,019256148234871772 400,7873757788398 1,0034524406413274 233108,77412603374 1
1199,4076980149327 30848,123958517157 5,098148642957892 3161,0491698323967 1411,4058568231012 73,16196200914976 34,29201626192231 32,84676248139409 4,819984703560907 0,019185671027733053 396,06225070625777 1,0039383468744254 232565,9997001085 1
1202,8685774132505 30701,10421193724 5,0208092010174425 3154,624288046821 1408,7925422884705 73,55214027763897 34,61129488731451 33,07188745649617 4,837427812273193 0,01995384668770215 400,66773723522226 1,008232583760737 234620,8707510391 1
1207,7096875008 30447,080343480866 5,0153954421168585 3127,456872699123 1416,5946983413564 71,23463252867516 34,117449888660296 32,86123466581639 4,865905791481318 0,019747594418436036 401,8338909611059 0,9972687862152186 233890,19141672223 1
1210,0461885046916 31007,55104350122 5,004732481431898 3124,1108499161246 1411,507147397673 71,80338880928086 34,27395658980492 33,03798889244549 4,80898265872979 0,01992727872903723 402,17491776252723 1,0051701725645654 237200,97360325675 1
1213,2891255861412 30769,167957406044 5,02049189070862 3318,6881079697487 1414,803555093849 71,11142795335395 34,12110580833476 33,262379210941496 4,8323558592387945 0,019762340976452325 399,7601170927229 1,0011440066949007 234248,6562707806 1
1198,1204333586543 30820,295020150334 5,0295693000949 3299,158799009762 1448,7882869275577 71,48004684738451 34,029334819723275 32,63391246394207 4,836813350039117 0,02140908134229988 401,59884486921334 0,9944102122772563 234900,09707646773 1
1205,6017085523815 30559,327559183323 4,975854333543978 3310,244613858833 1438,3602819757027 72,43078981612972 34,25532704195409 32,48311235807613 4,823565803744518 0,02136493558323046 404,5854997537541 1,0035816420178196 235387,38567037226 1
1214,3096758940655 30380,420335473344 4,986494339215258 3173,1313593057007 1412,119646662468 69,52219444998637 34,818680867103716 32,72953610216947 4,871427473782412 0,02133638930845673 399,150133602563 0,9900638195805515 234231,01946261944 1
1205,8090419646587 30890,65339399257 4,923441226897067 3174,2627282605476 1423,7904384815877 69,05196966107677 34,64249078032195 32,68601452998633 4,827634087906401 0,021925923552978566 399,71550972579706 0,9982350802381112 232202,63494064606 1
1210,9218592711045 30797,554228078578 4,975546786156059 3411,8647758860993 1462,3531398143916 71,05639156270276 34,16300055719184 31,95906717878445 4,866011601879737 0,021502785191348586 400,4628887490338 0,9993188045046146 231678,20213365348 1
1213,1237561434655 30567,28870990676 5,025112126989134 3434,788994307315 1474,0272034141435 70,50431024028009 34,509889192021376 31,841172874769434 4,820857007820091 0,021913007761483864 402,0793900607971 0,9986886470668173 234896,93346790853 1
1221,076334739877 30549,036166069578 5,00881524586209 3234,268957678517 1439,6018478342123 72,15728350233884 34,905334767365154 32,5094215373293 4,856694868244926 0,021808567438879777 400,0903089513889 0,9985137230253882 235901,5983282087 1
1204,5513305362992 30623,741038654847 5,021800698463471 3220,905519198547 1436,4058692061155 71,9341220184055 34,88212527031935 32,614439929746474 4,82336775529976 0,022308572824766868 402,1503579733762 0,995914567572901 234711,47458712987 1
1223,1668423727467 30528,65785028655 4,999810562412699 3412,794924052871 1437,298924306169 71,87235242997028 34,31484949899735 32,74290052660846 4,831134422834545 0,022479943050855922 398,65030347221074 1,003607804330761 234351,30601561806 1
1211,4212356689345 30710,505127818815 5,020717699388858 3383,629575480653 1464,372738549684 72,6692907163628 34,332046826430805 32,08769765464725 4,841548787533881 0,022986546925295875 402,8909030410046 0,9963213737621291 234156,2408198684 1
1215,8506370098512 30791,112132060734 5,023440637191325 3393,449888432927 1471,5408776536576 71,18714621348786 34,454166221532454 32,21117074966606 4,850050821812821 0,02290985026021013 403,0383793765711 1,0094524920694317 233026,90362506383 1
1228,7644547243008 30997,30590674391 5,008063032269844 3201,514817106592 1436,902086333366 70,72350734291317 34,04677329973716 33,085080815051356 4,862403081946465 0,02278572686655069 401,6637848741728 0,9999773913872609 230661,4637077981 1
1204,1628117012604 30864,72153061689 4,9689153845929654 3182,005474851308 1427,7694089278405 70,67321538268249 34,03553413237739 32,79066609701407 4,829025523844188 0,023203721885727047 404,4594362333465 1,0054625906383716 231603,43301820313 1
1216,2214629584319 30666,47042519058 5,001000772011054 3339,5239349405306 1456,8507212941408 69,13006922511137 33,957589141403055 32,33452878373875 4,828696323832353 0,023348373543307814 399,5798020057604 0,9992506993284206 235259,85569395972 1
1205,9474461645589 30888,49441097081 5,035491505152244 3373,444446822304 1458,098938854311 69,19516229933427 34,08395039673139 32,041956317041624 4,810225129790584 0,02399297730046811 402,7125959513506 0,9997237252038871 232683,11747640432 1
1222,9952976935313 30734,009851504004 4,973391273765414 3199,947580467626 1412,6292731444773 72,5508675638261 33,39355437102193 33,159592584740786 4,765923526209122 0,02399235827565877 402,0695973292322 0,9973177599707679 230818,04803810793 1
1216,8796033109652 30502,908425819496 5,028936497217287 3206,4186062932704 1424,007209401076 71,22858926472338 33,65940913728768 32,90036311634127 4,831581615752493 0,024429056452791933 400,4152220001247 1,0003256194895767 231611,21573864872 1
1218,0240261289284 30456,605122559955 5,026772734018902 3422,6571217812343 1416,6454660895458 71,91447097623323 33,76434361586546 32,87271496038778 4,821420379424819 0,024618111642367112 399,6026851769026 1,0013588912054014 231436,35351045534 1
1216,6281151689686 30517,43848469261 4,9989034092201665 3355,571605577409 1454,0979632560714 70,91066287251562 33,411836107997026 31,721109977895626 4,828065401269076 0,02529139983448468 401,83574372550163 1,003460852162125 232348,02881575603 1
1213,5319034320987 30319,870386852315 4,97406098837584 3405,158469426064 1469,3125900010039 70,9649789985412 33,33051269528568 31,85462759596019 4,853697353614762 0,025045853724897687 401,12211791175855 1,003325879222623 231592,03610746333 1
1216,0369332737857 30860,8704129129 4,979771752049482 3201,133909773108 1440,3310170267127 70,03142373337135 33,80460212853213 32,482372066590884 4,832060519176177 0,025162775672222644 397,4983577617181 1,0005647613210635 228908,22168611686 1
1219,607589252964 30705,553773332533 5,034540586763082 3193,951094207216 1438,1772509405873 70,22264631164752 33,7707512472174 32,580883334265096 4,832236452265309 0,024932716216226166 402,35645622135803 1,012084190158225 233381,89672086173 1
1213,4343371814523 30658,924598447422 4,998122247684503 3206,7559571775982 1416,5164287440114 71,22621288514719 33,97450585663477 33,20187807715715 4,852126422464135 0,025117275240097093 400,6056490940528 0,9968906751859177 230432,45413168523 1
1216,9254918529857 30718,700258146015 5,0022499731423276 3199,5142119724646 1429,44384956276 71,42041238209974 33,869548773396396 32,693280445204756 4,8626753130697455 0,025021459369205155 401,8594755419879 0,9976902062433166 230999,50135268486 1
