Co2(scd40) raw_signla(sgp40) aiq(ens160) tvoc(ens160) eco2(ens160) rs1(ens160) rs3(ens160) rs4(ens160) rmox(zmod4410) tvoc(zmod4410) eco2(zmod4410) iaq(zmod4410) resistencia(bme688) Aire/muestra
1754,3696718568226 32650,691716075973 1,9909824816119206 178,42149423259158 662,5118616696359 422,34143133050566 416,0899266518148 87,87780164079892 5,303087777583265 0,033968146499941586 401,11151794816874 0,9948620757001251 411745,7866721581 1
1730,7728461947054 32674,573669374182 1,9918973725396953 208,13295210539795 697,095166792195 425,9071462978832 412,5041544763182 85,0125909333612 5,381334893452402 0,03421606013303374 398,46367302978325 0,9984593826305069 410961,7958142818 1
1738,7169334467824 32717,955535904388 2,0056063386915253 206,7522660958691 694,4282982538105 422,08068259263945 415,6821704221165 84,31580441716382 5,3388034416243615 0,0357077808026759 399,98090565423837 0,9999645568687034 407463,13772521727 1
1744,790663807129 32590,573321331092 2,001675043341451 206,37706293793903 710,0220345850554 416,7437435966929 412,0728434859675 84,67713603293906 5,349774647640764 0,035837053319325185 401,7342954382463 1,0026078823786542 410614,2911230629 1
1743,7554564166876 32625,57675070889 1,9997087207293405 206,0404303747348 703,7977820823806 416,7074043425784 413,72833120161835 84,68202906374404 5,348825193286555 0,03772456081513379 405,68740588640145 1,0010686623521563 409575,67942201364 1
1732,0159160752644 32718,077304862756 1,9853888585512363 199,8177876501814 690,7538241382373 419,5507488992879 412,692052622188 85,4040771966373 5,367742391605293 0,03760489401323205 403,1222195402804 1,0000403147476615 407846,88779970503 1
1753,0405981653435 32828,3574438036 2,0048573352300623 199,09335938633672 693,8739173342238 417,896238275573 419,12618546504353 85,45594368031776 5,346021042494472 0,03853449125989101 402,2868625618141 0,9962623513245639 407786,6985025811 1
1738,535381643658 32653,232813151666 2,005168852835929 192,0083699342308 690,8482554494077 421,68040506581417 411,34536801731133 85,67242804034055 5,320126115894174 0,03852113163375404 399,80485478298334 1,0074826198212612 411003,2332464588 1
1733,8906172908796 32467,030324361593 1,9931783096204096 195,16861772092412 682,1242691479808 404,20634275179947 405,12689563961845 87,12781879731975 5,398302856225895 0,04011705886119911 402,60853379124393 0,9933033978324232 409406,5340510559 1
1715,5277125562363 32486,461854048495 1,9968688701089263 193,79322815080337 683,4313055687418 409,6506232826852 406,7933838919135 86,37849071297039 5,380055360923766 0,040124377662245726 401,3585300180737 0,9995024536958665 409441,60445009737 1
1732,5120491753746 32506,600986864894 1,9997897778305418 212,8863630288494 705,300800241469 404,2711534173342 408,45042752181257 83,41386110885206 5,355689570641411 0,039938385645675596 403,86832075079235 1,0080693839441692 408617,9685087269 1
1738,5969227533797 32508,70853495189 1,9917112604977187 212,01901143108944 709,1601097907177 405,55459170356573 408,86123940577744 84,21131183033401 5,345687275350491 0,04151020345048886 405,2965448949085 1,001239579365035 408301,85908937216 1
1750,2499634158903 32546,780697559243 3,003625405499199 226,64641378334812 723,7760686077125 414,83878075528554 404,70830784026407 83,57457135783685 5,3591863163487625 0,04149207796670872 408,7401209578122 0,9958904402088976 410426,46054692904 1
1747,8971252238912 32641,59015914431 3,009956096743254 226,18592678256422 727,307828723275 416,96827882835083 403,9307390036751 83,265168116993 5,376889388755172 0,04321275272903459 400,78996083259256 1,0084607980612434 409407,8416595964 1
1733,5274651523844 32494,57850099424 3,001889813734191 210,42807298169777 705,5171047959357 410,8409165497568 402,23493522856467 84,28448746007314 5,338630300583533 0,043108871077844106 405,83511003212044 0,9964822984774648 405322,1781170882 1
1738,9389076890423 32961,19708000469 3,001520910203332 208,35769231211984 705,9754048924855 412,5063700036594 402,5651623289651 84,81443932155753 5,35418909883302 0,04500851733548874 401,6129292674423 1,003746838910556 404931,6854908085 1
1740,8041731539743 32477,688628044903 2,001521762606954 195,055780399791 704,7557523044134 411,52781761552797 403,78859207469793 84,87504005557084 5,38950136935172 0,044684054355948015 404,55752581946683 1,0028304020382326 409814,8375792093 1
1754,7327429941017 32774,585797129075 1,9976899133382542 196,02231519054038 690,0438935025429 402,3828403029667 402,3151856876883 85,97781241607316 5,375587538767488 0,046608562546666184 404,29052442753294 1,008695877435003 410100,88128006505 1
1753,8297660453748 32376,448513301704 2,0225036428061323 196,3670764502934 689,8681692656605 405,47634064180687 403,7193480543024 87,00555042471292 5,393217973703169 0,0464792587697969 404,9639147830274 1,0023011069151533 406698,4041187517 1
1733,4211803785388 32583,506389877795 2,0108072540940896 194,5936528768883 684,4761184963039 402,46631006427725 400,2163807710269 86,57145964803551 5,350527584231876 0,04679304458654749 405,63624166164794 1,0042656945307302 401941,6432039279 1
1740,4735316327915 32605,15173144446 2,023234794649735 194,78542228107958 681,1514437008855 401,49889534841486 401,9166660513868 86,09720507279643 5,362020272892013 0,0478448030469473 403,9549661977319 1,0012065843079656 406204,21337413765 1
1731,247122695815 32352,50714908136 2,0035730078143104 216,2483200117616 717,586184704507 398,37489734926106 405,6865622049802 84,58588790881599 5,339592795956968 0,04865688293358716 402,4818917597618 1,009241706493564 405085,68301204435 1
1735,6695575132578 32905,13898973611 1,9957153917481592 216,77432262713825 713,6700090186896 401,4423517096515 407,42387558236913 83,73555656527701 5,325937692018232 0,05017456566417714 405,0887489830638 1,000991678077404 405641,2129661109 1
1746,4712541823385 32370,5590699207 2,0036508970813802 187,68182764947008 681,3115236050461 395,92396319096423 400,62415980850886 87,17972088383847 5,324001525160294 0,049983698589335504 406,24316773694034 1,0009344254804298 408471,5948080345 1
1747,690764010018 32416,928797520723 2,009354204448765 185,7335527352754 678,2998291121834 402,785020762875 393,2756541013814 86,92119938449953 5,3492685813778085 0,051789352635631246 400,8119239976166 1,0051988781902255 403601,69383150374 1
1740,6157253257174 32522,854633347615 3,0200790484539204 226,30808054320667 678,0956723905704 400,9036687479969 397,5786293836962 87,04743218503768 5,352494472966447 0,051825649928914024 402,3496341003546 1,0011879999456332 402974,7416350845 1
1747,8736052231015 32508,357589403407 3,0017746846459747 224,8294206271035 720,7573892395068 410,3309878366703 390,20953395880514 82,9393806450214 5,331922475706656 0,05315417774873082 405,2364367673076 1,000004562227811 403585,54463758465 1
1751,1934377082844 32532,123660860216 2,979376117342285 226,59003120953867 727,7430306270586 408,6077063317671 391,7446598419048 82,55241925101143 5,369704404409327 0,05372329242030038 404,65928672041423 0,9952406719881223 401505,2444551927 1
1743,9259121192858 32771,434520860086 2,0154276677084595 187,24202804396273 678,211469866527 414,1928635864915 393,91245176654036 86,87907902252802 5,329142960629224 0,053578246906409666 404,96014209882765 1,002338908052333 400437,3978874081 1
1728,920516500599 32378,269146416642 1,9958723347831098 185,60818999994405 670,8436158665887 417,10336574427674 390,20618472971404 86,00455582337014 5,324810882972453 0,05482837993375101 407,7211206485695 1,009387510018424 400058,0238041392 1
1727,9867491868492 32158,65572718467 2,990668146798201 228,5568324066928 723,6800553872453 409,50779856018653 386,54574599147196 83,85079137025939 5,3478895468080685 0,05515145220792662 406,12517939735477 0,99146757054797 402275,4560967433 1
1737,7825981990368 32382,32941083402 2,9553907088602243 224,69000710007262 718,1743050540151 411,38518045478116 383,9725113657956 83,82336333800843 5,309852524927015 0,05596558782884258 408,63719930205207 0,992518383578124 399712,9437395344 1
1738,2108557590764 32694,970137017644 2,008321939426998 201,73928908556869 694,1972270696783 395,7403425065313 395,4506728065681 85,3465785917717 5,349075579602264 0,05643922210249117 405,1521752306792 1,0008384626558688 404620,3276066983 1
1745,7493732522973 32750,876573603902 1,996793129044181 201,56685291129534 707,6544175284477 397,5234167446086 391,8923584575907 85,7253356427315 5,382213779262997 0,05639185440805827 408,05929601730537 1,0007475520995286 400683,2601573229 1
1761,5047262628061 32539,573175062782 2,0121937253057878 202,71695509904936 688,7567198130001 399,5720475723091 391,64959386678436 85,94722665030032 5,365455513220765 0,05758619538843261 403,81915079012913 0,9984293602010166 398078,09970234544 1
1753,268275682257 32657,56789523275 2,0038743990719587 201,46047657477664 691,9760816434954 402,1467803917042 392,6111464896107 85,17141904647481 5,344557742118126 0,05892535703537221 407,02741248772026 1,002437158481116 399723,24703142606 1
1748,368835753661 32242,252852613252 2,014062241112282 202,5143594088938 703,8073311065615 403,5334737358117 393,7112089832533 85,81311462796454 5,3467463630171705 0,05839646977098364 409,56352587233835 1,00449592780892 402941,8815890735 1
1746,7915899713046 32616,121742238047 2,003432132100511 214,99125620358026 717,901937206473 395,53405053932306 393,7051815400295 83,69943001727353 5,3253584877005125 0,058202795402577584 408,9832700169216 0,9983696846147065 401878,3420475916 1
1759,117839541621 32375,743919515644 1,999252681749419 216,96373385133987 723,4195658739549 397,9345847722619 396,84697357734393 83,70010479839905 5,331681600232734 0,05959593080843203 406,98725010361346 0,9991464954331063 399102,53257962037 1
1750,1378230329851 32644,825271396436 1,9996266974767827 193,96960782533856 680,3332973840023 395,9590318376223 387,8088321355886 86,50024908574586 5,368695362639757 0,059930919731065915 407,4246000086055 0,9905151932670713 403981,11050458 1
1744,737326513116 32491,04166649166 1,9963836119083114 193,734792293695 685,2641452491633 397,46311347041103 385,8965490414458 85,46087886518075 5,3193345115068755 0,061174473273208185 403,62297227195415 0,9972429780260783 400739,49222768686 1
1735,8001554687894 32558,22433665182 1,986951025104665 188,88364838842347 678,2059751008236 401,7215404089177 384,17471269377774 87,01837379255218 5,398182364193133 0,060733381848393386 405,589182444723 0,9996958646677301 399700,89437162026 1
1740,7034784111313 32081,833082516954 1,9894720905700929 189,6314497039451 680,0829361941408 404,39590081664403 385,42949681905446 86,43094455156759 5,363113534473815 0,0617989274298726 406,8639415489448 1,0065863203922465 403673,3841476646 1
1759,493739199715 32531,825709598583 1,9948059326997 205,6441030737741 685,8596432174337 402,7314504152103 388,1920195715505 86,02670158537664 5,375659787683308 0,06149912139410701 409,446871409118 1,001344588645978 400270,7242930212 1
1754,9651838002028 32503,00196834649 1,9832105392917538 202,72950613178224 701,7847235065112 390,5524465111179 385,46781828867375 85,51737292375354 5,33114630306053 0,06252835449040516 406,64709960307556 0,999246590928146 397939,3523582403 1
1757,6734633240542 31918,411465830177 1,9816824779073585 204,30118768375422 704,5754452525489 389,95431211657115 387,7213917276623 85,03604306249105 5,3728358428781124 0,06237425463801312 408,01068015241503 0,998818489344054 398160,87079262733 1
1742,847586460711 32364,293692603107 2,9814645948764404 225,96746437712625 699,6210798031087 391,57767545440566 383,5325640402162 85,76887146644563 5,319051360545996 0,06319856308961598 407,7035998271192 1,001683389580092 399997,2741325364 1
1751,6295280258023 32760,98881194733 3,002185684040282 225,63896275216143 707,0228036402947 392,88086205216376 385,5657443511626 85,33933218266534 5,38023881813806 0,06407748065644923 408,46883951537757 0,9949491707885795 400204,6402398314 1
1738,2683390153284 32352,124578204846 3,00577233194665 211,61159810384515 708,87534595343 399,61628007037103 381,6354470530579 84,71764378927497 5,373255599191698 0,06322581653734183 404,67063818089326 0,9959643595753701 397420,5618989435 1
1748,9598154958524 32118,858416524858 2,9967799963391064 211,74320046047546 704,8160036216519 400,69562018711235 381,05117767118 84,42885024514511 5,392049684478985 0,06510680290669867 407,69059904055797 0,9987549030148857 394732,5368583254 1
1764,8388655512213 32718,906420719424 3,001945217133456 226,50222664484014 723,4321526292835 403,40324297003144 386,22290572639776 82,94684526494403 5,283485197683982 0,06464313457757981 407,85631266771423 0,9972394378208064 399377,48867358523 1
1746,4865428977123 32370,713574833026 2,9901820311223806 226,63015780101 730,3065497202716 398,56531488084283 383,57771753460577 83,02482244013662 5,354756388255514 0,06696632292975838 408,8868083949476 0,9910580881972018 396991,7685676933 1
1739,8690903941117 32530,711466996658 2,0112382275885143 218,70731633203596 732,5641948466704 402,7299626022659 387,2489017469536 83,8410827966669 5,353112826698085 0,06683716219213913 410,86446643179124 1,0048120620558387 399939,2928042487 1
1750,466274113666 32669,261268998045 2,004713616271078 218,40992166843708 717,845139083582 393,45173925652165 375,330616082265 84,06879931091022 5,341744470847397 0,0663219416447633 410,4270481870027 1,0032250465494326 400219,1056132398 1
1750,2129129620862 32299,718051526423 2,002377107394642 218,18617056806409 712,8620296199628 396,226987084452 378,1993429711931 83,97251293256353 5,350947620427742 0,0674698968066185 411,1125952593211 0,9885507854953978 397764,28053673025 1
1743,6688108268477 32467,23472875776 1,9996263888050714 205,30834716805248 683,6430596547141 398,30028784368653 384,35679992604975 86,34866745753321 5,3048043475607844 0,06696834829698434 409,6245614744368 0,9935879591659579 399012,01124487486 1
1755,8991294324462 32808,350739365385 2,0073709728998095 204,44756867877487 683,8076414260923 394,9032268808712 381,62562318919146 85,8491166280355 5,336677225314781 0,06841818800538804 410,1996804848542 0,9979176179415659 399283,1959831501 1
1764,5522142282366 32549,50141413423 2,006820491878239 224,26854484372814 724,0814726373696 390,6638576900793 377,801299392743 83,00982023924573 5,342616375984616 0,0683982516107541 412,03450137648525 1,001957976139058 397704,92816491047 1
1751,3481485936866 32587,18298099191 1,9957068354454115 224,10360106131537 725,824855909793 394,0904457612406 380,61332496735196 83,5587422437666 5,308013893215523 0,0685772563641915 409,97707116344014 0,9921396789263252 396690,98116267374 1
1747,6335792265302 32443,628998912864 3,006765507676566 238,64360382467078 734,4393651810971 382,8820053051139 374,04312210186794 82,78906690883532 5,3069500616388865 0,0699526444135492 408,83202716168404 1,0012357210670524 400039,1729337794 1
1750,4686468231212 32633,782298708524 2,9728669144806297 235,89266377135775 733,7276082071972 386,19436284741107 375,80817350822457 81,74433848062918 5,3141492283817735 0,0707946997492928 411,29082470760426 1,0005054447108892 393474,1996194029 1
1749,0385017731758 32316,808369259837 2,0068789798677766 218,6868452171631 736,8239763017483 382,46872650538546 372,13958493031726 82,67241377739873 5,3276074501691095 0,07057503237725009 412,1158600605058 0,9997570160846873 398916,6567998332 1
1765,816473550098 32557,712269511136 1,990508562888629 217,8875842522983 715,5588686534177 389,3475708966362 379,81585265741273 84,6997059924291 5,337074732628437 0,071650800886035 410,98404300981076 1,00348835505486 393348,3375974099 1
1772,436908590835 32549,68486126229 1,9870541917368527 218,81875736682818 713,9235091046983 389,9609318105195 378,3409872735858 84,36358431439886 5,3182926212520725 0,0717621429706287 410,9940340538425 1,0029450467425345 396855,2106842899 1
1742,3123829519827 32518,866654550056 2,996768021217667 235,22345446855914 746,1382752298339 387,7697502802831 379,83394046146014 82,30667647839225 5,359223338334669 0,07192207870109324 411,8482393763297 1,0017296077972588 395647,343060483 1
1750,9882068647878 32494,024436750162 3,0175637483765945 235,49426510626603 743,6909552963574 384,9592850235178 379,1852450087984 81,7119791201587 5,390208432064125 0,0725167398748348 409,50299680556344 0,9966390443073283 395425,7035651817 1
1762,6810605739586 32414,583737020912 2,0161383133096975 203,21459420628258 693,83302607351 390,0334847217158 379,7830647651596 85,38921461674931 5,328578753385877 0,07184340109923981 408,5492787919017 0,9996226501618959 396943,40338135813 1
1754,496197734738 32393,48295240498 2,002320210675462 205,25221715512515 704,4805906734056 393,7403264506011 380,972116039164 84,48255753855538 5,329088081767225 0,07333612612818556 414,11007389056954 0,9946260599394472 394800,93664781144 1
1748,8313621292677 32604,264053511313 2,0063456024884 203,60413397866307 695,655619273667 396,5902605672663 373,32591228510614 84,31742123246427 5,399569843710668 0,07380734619480019 412,9986407928213 1,004459718032399 398107,41562363046 1
1755,578617002341 32471,99073627099 1,9806392367907943 201,91446870672942 694,5664770835696 390,2799384342825 377,4060113726423 86,0072215744128 5,338602185321405 0,07461680976972088 411,14356674027 0,9987769770141316 392551,16378864733 1
1740,232084490741 32245,30451335728 2,9929363154264585 235,72169123746392 702,2109868891524 392,1439847625146 374,28312088864925 85,58060273559138 5,366380741334642 0,07431898710662439 412,0615763343506 0,9915305996729141 396812,61861804745 1
1742,2499394486724 32503,880022529855 2,999963869435203 234,5000700529638 735,1159922260634 389,31530827281716 377,85077896295667 82,15072307516064 5,394006071089604 0,07567684803463373 410,37201847838105 1,0074406334905515 393403,27906082483 1
1749,3398447482207 32154,790528372054 3,0065269099052383 235,242942819138 732,3821049808158 388,47042259177084 377,8503499727089 82,16452685066443 5,36393310932612 0,07572200642068125 413,32011745616404 1,0082334943198643 396116,07504363335 1
1749,7104011245162 32554,76453179227 3,0300332977249007 240,04567668709686 738,5553988941944 389,2793842672777 373,2368010105221 82,7498660285716 5,378338421928277 0,0755978112564205 412,18758889910396 1,0023317086702392 394709,0713621757 1
1752,1379750143929 32696,84975835102 3,0001780555367663 241,50940519213398 738,1347336069924 392,08456157245746 370,53967613408344 83,03062812075878 5,3316910871146135 0,07651575585303162 412,06037223078266 0,9991390142593274 388743,5234273555 1
1754,2146108028746 32673,931637370486 2,9825976136394647 225,78962677385363 723,0400723073448 383,6045305817546 374,7591872492385 83,16975873190164 5,379604482943428 0,07660166254414263 412,84243748264146 1,0015099586831657 396242,5445879823 1
1745,2829637546347 32387,330120178354 3,028823772574378 228,28863437927953 726,3435700297915 379,2590260852573 371,7204607741869 82,51241921986397 5,374150701505199 0,07769024796419136 411,56987451625963 0,9945931905359953 393150,9089018563 1
1753,2455860166876 32675,406958569634 2,976265169872992 238,9252465093432 738,164343947671 383,4088401384624 372,49163328942603 82,11659799034442 5,410342780879408 0,07834871930816115 412,59870360343643 1,0036585234551008 394336,4240746676 1
1756,517301015962 32348,329308154323 3,0184588525678078 236,31560525307967 737,6671962065354 379,0356923523094 370,3122502937167 82,72882977081676 5,298068586421912 0,07890525758720829 410,93912432212204 1,0021282231890827 392494,1342612356 1
1752,1177171371537 32418,804975130806 1,999940210836743 218,27303715500867 742,7804184425538 381,3701789388863 373,03706028626374 82,49723075022168 5,343176263277069 0,07874227671277782 416,55566117277453 1,0053986904025423 392712,5838388273 1
1754,9988856389973 32379,805497981335 2,005809134061587 219,2396491573163 713,5905619852292 384,37482381361724 378,1813710999612 83,90950336642337 5,336361864421018 0,07904709573128292 414,443945282603 1,0044448023787014 392112,61597878276 1
1757,3037380916157 32367,559066608595 1,997187126024015 216,91044303618895 713,0272429913535 386,1520154736314 380,6906635265076 83,56027894251513 5,363271291771793 0,07903221638331429 417,4026441859916 1,0043419085689433 393464,9488830888 1
1757,1064070498737 32617,936864524785 3,0358121620027037 212,70728106502483 707,1225329274322 384,8299285972202 372,5160452714271 84,18894918810905 5,37551334573956 0,07929490038582604 415,49420021243657 0,9891342267350186 390707,4410879719 1
1750,6503563176916 32491,020940859195 2,970202590628097 211,84673852480512 708,4327755886054 381,8618232242219 373,9433940171956 84,47924162024924 5,360412452067045 0,07939706195232799 416,50596432225643 1,009966797607266 392371,8693289856 1
1755,1468557334883 32273,48494849033 3,008213709088057 225,5842368526152 730,8300144515147 378,04586556356804 378,3512863690481 82,93886999128488 5,366204000921385 0,07958449592541628 413,59909484427016 0,9893825553759588 392098,84931749996 1
1762,289402690537 32442,745627506865 3,005772305162555 227,62050413052808 731,1388095732627 376,99721200690567 380,61971227157323 83,40225510086468 5,334136050303445 0,0801433860049991 416,6787867463429 1,004963051754791 392863,37713900045 1
1752,1916236700933 32402,724985384844 1,9892537429858126 200,965003403065 696,2625715543114 381,70261174761646 370,8844617154867 84,99726841435752 5,299437194939147 0,07942511701193432 413,61758431684285 1,0073005215545088 389027,11751336494 1
1750,4966132419934 32510,090556088446 1,9907136398699916 201,2111986843219 695,3158499806163 383,1897101011943 374,5150401008276 86,0447308665884 5,329280819520557 0,07943051524450294 415,98458993404074 1,0039728428217893 390357,6784976576 1
1765,5374682989518 32327,296642286317 2,9894015819625817 237,97592741847836 693,9675608849908 382,9400900427425 372,4864054764264 85,1440965801376 5,389832540129319 0,07999464551105938 414,7370805264403 1,003570510874364 391912,6655783601 1
1764,165617272504 32518,663481561747 3,0054188445668206 237,77355563844603 721,3335398693188 385,3770816778025 369,5877622319489 82,83073973961783 5,353491563654286 0,08048296954318461 413,94112409522705 0,9961500890293875 392952,08274399687 1
1750,3779743059786 32456,88703112688 2,980151562124518 239,8446403134972 726,4253816702864 385,28597729797013 367,5631945045806 83,32594534381715 5,303279668900654 0,08053940163432102 414,7296292710154 1,003725320474882 393506,7680130158 1
1754,840982713674 32439,094701098773 1,9915927778202231 223,17249195795353 722,4345557930358 388,73756820863485 366,39990902446766 82,95948889228545 5,358413332353335 0,07954623522083425 410,49421799630255 0,9973371478964976 386846,9109476755 1
1743,1809504844236 32611,742868942805 2,007904038334893 224,2513535101973 715,239212336306 392,43863451294374 372,2033918720136 83,57334682098492 5,375189969609827 0,08067023311760013 415,2467124040007 2,0022373054135185 390937,25781593437 1
1742,51228140226 32157,951829702157 2,0136821465670494 207,16195995378243 696,8889034626277 376,9425820952378 370,4046735389644 85,40043728876135 5,432050353069138 0,08020441774258949 413,30115139075104 1,982624669380685 392543,73910547467 1
1751,3992836812793 32911,34242119233 2,0116392677723263 207,08506660270794 703,7440488397725 378,45736651177964 372,5468260322185 85,21921236598916 5,369963141484256 0,08165672496358595 415,3476053297778 1,997622641914484 390015,7992938279 1
1764,2143216111579 32597,611408287383 3,029106800339604 222,25906847158458 722,8466246924688 384,6504139669092 361,8538158654369 83,51353292771569 5,379786577923218 0,08165054554452562 413,397146813845 2,016676694187067 393079,11418610334 1
1740,8431510390608 32365,69257115195 2,970990982114663 222,98249433331412 719,1435037828193 380,2934496243555 364,0297988511025 82,98626634749304 5,40240839899066 0,08268523827545995 414,9886233266584 2,0007640473283197 388868,45347082923 1
1755,7886897274707 32367,497408069175 2,0086335694250077 210,37421442943096 726,9165933509469 381,781108905529 363,91198266747335 83,24101561018618 5,364788153008264 0,08225250551559753 414,2258690589653 1,9830422439299724 392549,9284166278 1
1740,843343279063 32828,2334299932 1,9925997236840938 211,6288917382361 720,0400340255861 382,0367944754485 369,5861669116037 83,60621052072969 5,402064739562257 0,08267234005453962 415,22783142898953 2,0078256252644784 388401,1073269773 1
1748,7709024739468 32632,824091323495 2,014118741327879 208,4560628357432 718,554140564363 384,2477515486947 370,92360952816136 82,83697827226304 5,32548082883004 0,08259197748661883 414,4895793821855 1,9781384862937823 388007,8107230052 1
