Co2(scd40) raw_signla(sgp40) aiq(ens160) tvoc(ens160) eco2(ens160) rs1(ens160) rs3(ens160) rs4(ens160) rmox(zmod4410) tvoc(zmod4410) eco2(zmod4410) iaq(zmod4410) resistencia(bme688) Aire/muestra
1234,77960082183 32260,548853734217 1,9964731843021541 211,19417558986527 716,1277191014213 482,1488732356914 472,82084580742384 85,40414945814726 5,388781982117698 0,022324119446692863 400,68958083353346 1,000132251468624 451860,2786847613 1
1242,0207922484544 32023,744092700454 2,0112627693411276 211,0513919116525 711,3579025492947 492,72269615054006 474,1536921127051 85,30437391081716 5,384012987711319 0,023427868181418277 398,7420097231229 0,9987665985247612 452396,14063614886 1
1235,4292053640843 32247,79315846367 2,001679947489825 210,95146289023535 701,9443187528373 490,5455961625945 473,95556364245965 84,9376125548615 5,415042371848992 0,0232377854263755 400,1840075479919 0,9955733449945317 439597,84897251864 1
1229,8605913889057 32392,46603360919 2,964273398553899 236,34253212792913 736,3473155568201 474,4832930064629 469,7510624968857 83,25350525393607 5,351635150072669 0,023159791823817732 397,96119096248196 0,9986077069625922 442553,7666209986 1
1239,6022349383481 32265,74303069738 3,014669907635665 236,66586828090388 736,5158746434089 472,6018755773028 470,58169684180393 82,81619370007233 5,379945563032471 0,024304606194000926 401,8177073809504 1,0023943559770432 441986,39276236406 1
1249,800798694435 32287,659394792892 2,990766951157481 236,03373749977627 737,3582125669712 483,9285291148772 473,32322758074815 83,62620103325895 5,388367246291433 0,02413397351930777 397,3824407688999 0,9988704434807965 442500,3239476237 1
1239,1947641166728 32495,385433866264 2,9857147346212383 234,56442007218956 732,181189993213 483,466706056297 474,6287233397154 83,73835808958533 5,419544964503702 0,02520817698903907 400,59047928432307 1,000694495323845 445402,0726073623 1
1239,0548080327037 32128,75427995991 3,0142660463543334 256,44845140556237 758,833562303942 481,083451328725 478,4206480126977 81,49143143585339 5,384876164235289 0,025064454435942587 397,56328022841114 0,9957626970073369 448801,040847957 1
1230,1698961877355 32273,106587847775 3,023339575194686 255,46925105751072 752,7230241242461 477,072991852765 478,3684900851641 81,525417304702 5,387937090104253 0,026592865535118065 402,6532777665975 1,007113100301453 445707,43075180775 1
1224,557362976522 32452,13238269431 2,98148030980111 222,94847649053773 762,8182235854964 476,1727079517428 477,3774790747686 80,90639546637937 5,379256360060602 0,02630099171576316 403,03723409451214 1,0037382999954394 441799,71385976434 1
1235,926213346336 32315,381094033306 3,0106267173134276 225,63613737743805 718,9854517609423 471,2912117578573 475,1668383868691 84,43767004926879 5,358121336298373 0,02757413649941373 398,25141606869425 0,9933537119084784 442334,6468051887 1
1228,121053787804 32566,109536996548 2,997759142484215 225,01259133414823 711,8130752252735 471,30574313710014 473,1735292685672 85,26835979910892 5,387358781303501 0,027540498553181265 399,9204017216436 0,9986753662056664 442673,3512727806 1
1235,8571107701207 32123,152651598113 3,0200226589755843 231,69355103688073 734,7705825718022 479,0458435690998 456,40694868690474 83,86339861938713 5,361561569252264 0,027607498884116843 398,74126087041384 1,004097492503717 445518,9862146118 1
1229,9974829419593 32276,389920554288 2,9807277155755525 231,350657056002 734,0276894337661 474,46966570477196 460,6348607670412 83,69603444767966 5,324117374492686 0,028264308231337073 401,1054335617322 1,0012689784905873 440639,8350927361 1
1230,0747379618924 32374,245597180085 2,9877608404118075 230,75363930332054 736,8548441464728 482,19056883363777 469,1008107704376 83,9309002920889 5,365701416187458 0,028310698238424546 399,4480174694824 1,0017058113237962 449779,3997445348 1
1225,5018883660646 32056,986383309537 3,00731393743019 231,55122159810784 732,077584303718 479,0436978815863 466,44574857868975 83,9837325029756 5,39564990013192 0,029305499039834416 400,53668279727873 1,0008917601737044 445685,15742876654 1
1227,9369509129438 32127,713707459683 1,9989066067060803 211,33477559967756 708,9455515420572 470,8976566056218 461,07762277032873 86,24360970900975 5,373033896932209 0,02922327696284495 402,66555316903765 1,0013250300909515 443208,790428553 1
1233,958832871825 32290,773232535223 1,991537044424661 208,83118430126285 710,9886788260816 478,06115401376246 462,325966841531 84,93142229599276 5,375785183199032 0,0305691376343354 402,98901294385274 0,9986611075896026 445929,0671969446 1
1231,9516190488366 32314,673426757832 1,9950180208189394 215,32552801551455 708,1484590318363 474,0908071048207 462,2119767189633 85,47934841263418 5,415612043764406 0,030310092384772176 399,9368465237201 0,9942294481170203 447997,2045574597 1
1230,7823990955817 32115,865425256496 1,9997593410154062 215,01260303332936 729,8564519552352 467,89962761895157 455,03310143436994 84,49865972307525 5,3499133097720035 0,031210204309493318 400,3341022635203 1,0072749140046076 446736,1964847474 1
1228,5728011276335 32268,44157487091 2,0093316603409708 215,3784192423718 723,1330164362001 473,21594165434533 459,03004742032823 84,26033391786102 5,404282465437143 0,03118161195083202 399,29570128745354 0,9961528421801724 441458,4477970736 1
1229,409764259623 32226,616367415994 2,993903436047497 211,2664853744928 703,8875693839475 477,6260815338759 456,17854650666504 85,26125410465134 5,401870763536125 0,03129852776392038 399,2499352075761 1,0028980268230703 440751,9807030453 1
1231,962985174887 32201,78435221718 3,0054780780042334 210,23267220484735 708,505161701811 478,5999937017188 454,87501169343005 85,89822696027599 5,435784636517869 0,03168715494010565 403,26101003847174 1,003912131120752 438825,7531820198 1
1232,9352307669528 32090,444296191676 2,017176033284041 217,7719805309257 714,6309384653377 473,0682209215037 474,8130579291535 84,87811354839897 5,393283495039379 0,03209182688395753 406,49809316850843 1,00100841630059 440318,61070199386 1
1227,8636181410548 32515,27665624147 2,0108737238288645 217,10429651623474 708,7092271270819 477,7914267640241 465,3872384507123 84,45622674138004 5,426765918051394 0,03314318937470171 404,1869076542743 0,9988515195655968 435763,9890579252 1
1228,0505989562857 32542,316774787636 3,0087630627778728 233,22037744648694 738,6971197082199 477,8078185091359 454,580394960458 84,00922473098669 5,424207265932533 0,032996650315971404 398,334472063319 1,0002286736688524 440001,81797439215 1
1236,3121188106095 32237,152183340946 2,9843893023390584 231,470847028918 728,8983462673243 474,08200570137427 453,5553091716386 83,4736595984814 5,385938398851142 0,03444755853970045 407,6256075203865 1,0069014367371643 441608,3447898356 1
1227,4588299222785 32390,26063407284 3,0010136897107915 221,3432785937971 731,5048148841718 473,2818756171678 453,2925079043174 83,185328648468 5,403391066836104 0,034343572344928394 403,0913569295285 1,0043981092652179 435865,8984837894 1
1223,83517941492 32595,135186458883 2,981877792977389 221,62680712394314 701,9803146339849 475,482520018876 456,0341649331239 85,95207912036565 5,3677775201920275 0,03620506320127514 400,9047321104549 0,994534048361378 445546,73928439646 1
1239,1523019332308 32277,492144672706 3,0184175101822976 220,39438867038183 703,6041567399757 473,07968649470445 453,44266233585176 85,43902914226129 5,419335105971148 0,03647938456933544 398,95512463488177 0,9927171200538089 438023,5110929564 1
1235,4692473524692 32266,73420048505 3,0116434732708552 224,02028443362667 712,5442741372059 474,5703209595795 460,9261898324483 84,19652358173681 5,357982681185229 0,03599969617821753 403,4297503451623 0,9988310234185127 435029,8151169298 1
1235,2314527134613 32259,799689537605 2,989460968858569 224,75280734431553 722,2058289705153 476,71095038781493 463,400320277764 83,5360167638296 5,367217679125563 0,03663387455363373 400,50007981510436 1,0057902043555402 441955,9998490083 1
1222,8809005155563 32355,614984382304 2,0001420901901126 208,3154381673978 694,7414913354826 481,2115891589025 458,3523977103652 85,79930028205922 5,409179236437201 0,036835212346525495 398,92367023190593 0,9969351837492303 434494,6383990847 1
1223,8350767131003 32345,51055015905 2,0125944480429125 208,9044571453665 705,5407421895816 480,06963236138034 458,823145639091 86,84276733667915 5,368967517125861 0,037692961306776455 401,46992660888867 1,0035019225738697 439817,64386236377 1
1224,459175610516 32336,53064073079 2,978878806514758 237,34824844582477 739,9454601914161 479,56182983314534 447,6635127365217 83,22294202595612 5,393619574134666 0,037792425339199 404,65333115546264 1,0013873651423792 441669,90257705527 1
1221,3792490059107 32379,668298100398 2,9826701602531114 234,15569302141225 735,7546312589654 475,26330185891135 452,12351278410057 82,93997075696831 5,364148536288114 0,038251917442862465 403,43489266167666 0,9931225801410963 440162,11392255046 1
1227,7429460219764 32310,68343921479 2,9848781206294936 223,222008726064 745,6928329571501 474,78047571518766 446,70228791422556 83,27992670062943 5,360715390221489 0,03896669016557531 402,54817534659264 1,0020848815402585 440645,0172271833 1
1217,6495237294337 32224,06883260559 2,9758911895484657 222,03935489769356 714,3128052020934 476,7488102394624 449,12316536401954 85,52181007417208 5,3490621335746615 0,039170971311650336 404,9855683794301 1,0035145451385554 438677,07926590956 1
1220,8870711328138 32154,533152070137 3,0109068662970917 221,84103344430193 710,6060306427937 475,5389709268512 454,54543813225047 85,16565390218337 5,389524519716097 0,03923170126222687 404,4168813915419 1,001947046771204 433859,64288556203 1
1228,6274244999065 32465,03543813755 2,9968952489600653 242,9272571664891 741,5388082777101 466,02549328821846 464,72673268852776 83,30737826237903 5,370159067497301 0,03905705083571656 403,96664200380457 1,0002856817670536 437347,36411924445 1
1221,9591271022043 32282,264194234864 3,000352180048818 241,91101919768795 743,2626751739698 469,375749916343 464,7409859043963 82,76736443765859 5,393508565577326 0,04020523907435733 403,76270742091646 0,9950969206078931 439722,2934052763 1
1212,5263082526706 32336,321302433116 1,9899332970688792 208,9627236316707 700,7691500584713 468,10046548123995 440,92023340720414 86,29821826770032 5,41216081825118 0,040288929628669125 405,02161402119106 0,9962341598282158 440489,36889128806 1
1235,0084726807495 32207,227308446854 2,0165358632542985 209,3645948709793 706,9577884130393 462,05950681586853 444,06361334740876 85,2200581213624 5,371397025740281 0,04077688456594834 401,8145458198375 1,0060625094988418 437691,80633539637 1
1211,605837267373 32379,056047399772 2,9868080016352274 232,3167967382674 736,8672103888749 481,6562700225303 448,4727907629894 84,09418642038278 5,366372607869807 0,04057445560466606 407,1054990042872 0,997035832166791 441054,9489107227 1
1221,067155608437 32312,3103732657 2,9773561127177226 233,01998274191516 726,3606149061771 477,96032582149076 446,43662515133366 83,3609721812725 5,372416727450609 0,04132047758372594 404,75214425307536 0,9934724438522251 439083,6233766225 1
1222,1551048715214 32321,21079796862 2,991095319673699 244,70504606102796 726,8482789943221 476,8791279601677 442,41177761082037 83,26555373510544 5,3912540508178886 0,04115129876642247 404,1084585652574 0,9974879584755277 434009,39841648174 1
1219,7118365097162 32120,09678962329 2,9929691677936656 242,6764262722024 697,0039799135977 470,2752983740828 444,0869396481821 86,09239675879223 5,374148076622071 0,042674867417912904 404,55464988329277 0,997589256245832 435311,20378911885 1
1220,027153872062 32181,69732388011 2,9785184538511604 244,85577972714162 696,557677809602 475,46825413449494 449,57739500202297 86,03461887985524 5,359539871384189 0,04256443241062482 405,024749280012 0,9946993120390747 436628,26986565493 1
1215,140905783697 32416,054756039983 2,9884155580390037 260,5863713957025 759,2219904551138 474,57970670510326 448,77021379814346 80,91891292830748 5,375272197398992 0,04268013094090221 403,60051180611015 0,9903835902283356 437014,3343129339 1
1215,3294770992227 32489,36246178024 3,0022305808737704 261,9282145826455 761,2036126399216 483,9625354703593 445,2201779964269 81,40678055213046 5,403412530324994 0,04279169175502882 405,32126253129917 1,0062970820121657 438005,5467839425 1
1215,5666283468086 32188,493340495 3,027824021331273 226,8146993665366 728,8440642343014 471,39538387489654 448,5643395314744 84,51733433055169 5,386450419015552 0,04334222762967479 407,0036617444184 1,0018151691125516 438972,93891719007 1
1219,6582284087572 32151,5783730364 3,0097652488153486 226,5323734640976 723,9712888449459 470,74083919075366 449,8491675677213 84,22927490564948 5,363443013031175 0,04381594630168927 405,38151509014386 0,999254619526992 433591,28326388553 1
1211,6257597341853 32203,737434168783 3,021291329883199 227,7899674422441 725,9142155567516 479,5090878858381 450,0261727832043 83,41933988011948 5,42766856006954 0,0438078078935213 405,87636405558067 1,0010095131411099 435465,20614979794 1
1222,1249456729663 32154,55055116037 2,981727377313245 227,30149237286585 732,974347023693 473,3649169323877 449,5397228646579 84,18059878038291 5,368628886928937 0,04397604762191122 406,6956808145799 1,0035272652256606 437291,38508102624 1
1218,5387513022856 32279,842200856412 3,0266168711089003 244,61735056873368 729,1521722768425 476,3334711545383 447,53641018153183 84,10911240982173 5,427228379277108 0,04435633255913676 404,266280374 0,9957100151716204 438292,62422469124 1
1204,638395556842 32657,696089573208 3,0097578525210134 244,34005626560727 748,3329006774777 480,4705343069015 448,3945588927964 82,68110883232862 5,340507059761205 0,044579160241966315 404,4947832018607 1,0029514238191597 437198,6638042241 1
1232,682840450366 32369,44156595567 3,029510406052729 245,2085979666318 742,6560193897591 480,78561656847756 449,8712032750694 82,28162310011587 5,384360382226214 0,04474513085375138 404,73101494278274 1,0004015603870757 439080,03017110925 1
1217,7884146455704 32290,733241246136 2,9748854447004875 227,48740637100485 720,2015653584068 468,0333061451165 443,39728277390066 84,81787389419291 5,4119948369079784 0,04436911617923404 405,11596965132344 0,9927416371894933 435348,53216035705 1
1216,242609205385 32217,052633308693 3,029147022401778 223,94169775026378 723,3730758506499 465,706242277717 445,4141505344143 84,73605400776519 5,385731604287672 0,04506753483922368 405,232423469681 1,0038974729869503 437871,59811225696 1
1213,9806812070296 32614,13321938597 3,0172600127312945 244,29811292495484 742,5234900306261 471,3029962619065 441,53069346097044 82,02293969588894 5,387491603416294 0,04514077504620567 405,2746760826107 0,9967954147884622 437661,00986920507 1
1216,7104067554912 32428,584281337768 3,001051155206508 242,92244810074587 743,0706863765496 468,87235584008454 445,77334097815117 82,32137911318623 5,379603132660915 0,046144949426887155 406,0547718501924 0,9996289636542953 434876,59764223284 1
1213,0625255575246 32365,47361091419 3,010084492358401 235,0420917141013 737,0135727260996 466,4435152317929 441,70166532622176 84,70680517675811 5,406783239188324 0,04631204879488426 403,6375230001422 0,9967637959589922 437568,5675933786 1
1225,306120677466 32242,290773136956 3,0052355993319178 232,11916595474952 739,880671492569 468,0528799466942 440,1869714736335 84,61281960439106 5,385885013830448 0,0464164987036802 402,83931490662235 0,9933517473002677 434656,7803969098 1
1214,6499020806607 31963,113476716582 3,016297611899158 223,27733003072237 739,0149509174391 466,4286781155004 444,25867263598343 85,31514279829354 5,360915823773782 0,046500614787749604 405,0837711354572 0,9961113764616274 430843,5752570723 1
1230,6251038500434 32243,83395372405 2,992775987889829 223,23840409308204 725,4945042671835 480,57185548458796 441,7966264105709 83,41648899695403 5,399882328840831 0,047341126761629854 405,51614027753595 1,010470119163594 432404,9297808926 1
1214,4929142217436 32391,811068796196 3,0137259818613042 224,92012771223816 719,9305350417903 479,00435336990176 438,583353726153 84,26428839558093 5,367142813829807 0,04723119104572219 404,9033120596373 1,0004235367745118 438162,0025842925 1
1210,3642708065645 32126,176087210188 3,00144794009402 255,71565592518553 757,4659160368919 470,34620974589035 434,0979611030408 81,73438918977466 5,424003211708742 0,04726995625871037 406,05633058782985 1,0086811773479878 441709,3608707778 1
1225,5941995985804 32686,59153064101 2,9895256340753043 257,78825837819 760,7515118275663 466,09464156227915 436,00469088410983 81,82295288605373 5,4333082890698545 0,047342132983731966 407,7090113015303 1,0005291048497842 431257,8755950091 1
1221,949585882141 32444,171495731494 2,9869487526641576 240,00901035414242 739,5460228837281 463,6878003921217 447,52228204767624 82,45131694519549 5,343510622895143 0,047214840149242036 408,9032907395696 0,9977287439252853 434008,1828442934 1
1208,066737452851 32199,507278344383 2,993451716019623 240,61818532765653 744,249488188273 463,05119575055716 444,88484929795175 83,05019733270889 5,369346939300975 0,04844413582578056 405,95791968923743 0,9913970977278095 436336,9709318398 1
1210,7173503313481 32283,646641678504 3,0152468680934286 228,95095314242553 712,7103367286693 469,7967023798542 451,5682696820742 85,15627606961505 5,37298435173691 0,04835001401115023 405,64482788560315 0,9978437607935497 434884,4168748698 1
1223,4273006072233 31893,590114708433 3,026841779531602 228,78184403908918 707,4908693287255 467,8315364809684 451,25032942108595 85,46321254131824 5,36858763916755 0,04872249104534415 406,1628979336264 0,9930199041016466 433718,02377960144 1
1210,1960220963808 32210,327088554226 2,9813177869290985 225,1761890582447 708,9654866063828 463,84478443333336 453,50840202857 85,23747502503807 5,376534434620686 0,04830891677038008 406,1921396428101 1,0037524898740833 435260,1852846703 1
1221,8346181299983 32068,89049024387 3,0162743023328655 223,79981516586585 718,799690376527 482,9473200861067 440,0495889987183 84,60889939900561 5,3345110761018555 0,048962722892942005 409,36980055844504 0,9996176894130354 436096,19727579947 1
1207,734415867602 32322,41625513948 3,0131693912792565 223,18452964059952 720,0427822454967 481,790363030969 440,8233669679159 84,48727391912828 5,351762594274268 0,04894027177111575 410,1414358605717 0,9917224349546891 433918,5426947848 1
1221,070115242891 32325,533703127396 2,9987476402692814 221,46063731209034 721,2240397690333 470,95331228914534 448,70157177055245 84,24903668359872 5,362706645578859 0,04910828757588398 406,09297628265784 0,9951419832215715 436941,08731194626 1
1219,3501011269884 32292,169479763354 3,000522407161956 221,71988847703273 714,9351299991384 468,26208053420714 455,230534990017 85,06253681520634 5,428619495977994 0,048979870049270034 409,82612114209087 0,9923423308743172 431333,3936208647 1
1218,5635780353464 32293,42876683268 2,9984592406420756 235,52940240036753 735,2648808875094 467,4070654607646 443,8572712417612 83,72602321799523 5,371278432810844 0,049434874220299574 407,5667527303014 0,999533959774633 431634,54302078637 1
1209,0625095336254 32386,60813123826 3,013357948199871 236,15286565816692 736,9429010580191 462,8071282335531 446,7281479705116 83,59899552187639 5,368870025980938 0,04962126552844897 406,79856417621374 1,0009114710224 435759,02489592443 1
1215,594109677435 32373,849956835093 3,0060056442481873 222,4197431226121 756,9195696222376 459,1757638539314 442,5131906887109 81,3811812888375 5,454816314997172 0,04988284757421863 404,616950160927 0,9978126184617335 430360,17375758244 1
1212,395631609264 32191,815265467863 2,983015210265957 222,57877839983576 751,0902968792176 459,854745445265 447,61309253505 82,31737702648044 5,395863782937755 0,05028391790398059 411,88917052279237 1,008992259908883 427111,9578764146 1
1213,7130849271364 32388,430012507186 2,9856554628502128 243,39421701344315 748,1467128400819 459,3352792751842 445,28262345882956 81,28456699090968 5,4032820350202755 0,050354471897471755 408,74149949955444 1,0020968505289165 432594,9153408671 1
1212,6780424528408 32460,755719848523 3,013872992286662 243,51072554342124 743,5814277079265 463,24125292735454 442,4462987022109 82,3932130842697 5,3761073646124355 0,05061894181686197 413,4872508201036 1,0047532697215305 431488,52972362714 1
1214,4076505423668 32148,045112413158 2,9901245019914224 242,55330511640298 749,1544118517392 462,4214014073694 438,49970126571816 83,1425018952892 5,375455211420527 0,050428864734342764 402,39802217940223 0,9961477654984976 433537,90700881183 1
1212,8803511624355 32139,197193648488 2,9943488414527817 237,220989419784 745,7791660029422 458,7255665498878 439,89991341494346 82,5900448709248 5,331387801884816 0,050656580302241204 405,1409879523977 0,9993596192260789 432428,8343678937 1
1215,0991126584686 32252,47694905938 3,002923076451668 235,7579959803119 739,3278030040728 457,03287524526905 440,90314139901017 83,3172950290704 5,38774384096781 0,050636127079143535 407,1464169485873 0,9964815199282067 436656,1495875776 1
1215,9225239062514 32035,23780945631 2,9862175510492 228,53376723280965 720,9919633977548 461,2480021379104 427,63214695164623 84,15411440081294 5,488647751123088 0,05078348817169794 408,62144908506997 1,000373165397215 430488,7787324325 1
1210,0977873413292 32582,70535139153 2,9950197070903335 228,77696116798754 720,7567033509494 462,00005319284253 429,9673134298362 83,01694721906777 5,405084343114019 0,050800135272174814 406,5711804126026 1,0011366517164524 432397,8568183201 1
1223,9929386993786 32279,519989409637 1,98569823857993 206,33353303452037 729,0935443592623 455,0110320596987 437,52741269310394 83,92099819590013 5,3731099263423046 0,050581046239483944 412,42084958315047 0,9976588762165027 428748,55300895515 1
1213,13615577433 32086,508066230694 2,0012430957423355 207,0273553825725 726,8916573284871 461,5547141408731 433,0882958313005 83,46281534944461 5,422489266432282 0,051942121302913286 404,70805635639675 0,9985449164597832 432069,43617110193 1
1211,689349721661 32208,71278591837 2,008200087825924 223,31496974158057 722,3259853175913 457,4768593242313 440,5383679934509 83,09516739480821 5,371940810067972 0,051815737898258614 407,57128587227766 0,9943185134516587 431599,4566709305 1
1213,450451026314 32094,15238527386 2,0022205835845917 221,7823842060056 717,4472146615739 465,7239241149548 440,8948027505298 84,22898769504259 5,390862393939408 0,05224101421216527 406,78574214317655 1,000584378291948 431283,31159301725 1
1212,121507607618 32367,45233155285 2,0102376411830414 223,0556761998124 720,1046131564085 462,5542752547034 442,26819691763075 84,91154654347679 5,34042766739549 0,05267799761083748 404,84008012085525 0,9956031707438324 431193,4029393172 1
1211,1549472380884 32421,64203349027 2,9740958961509882 252,52999305946594 756,4276841617263 454,70392131586146 443,13280603351876 82,03355747533007 5,357527784120046 0,05190516669716249 406,6222844223655 0,9984615738896431 434589,00716604874 1
1205,3378400975769 32111,843561692785 2,988445883087722 249,42567447719094 745,4390336071632 456,5926983179144 441,9537465309926 81,85752783736271 5,391585255750095 0,05233710317066125 409,6469773094896 1,0090543688209286 434984,955733688 1
1220,0437140306299 32577,099707926907 2,9745893243189965 229,06546748756804 733,0122879077151 455,4896423341383 436,1900731521979 83,79390215899552 5,402372990960701 0,052304746981376785 408,09282430486746 0,9941597759371009 434522,1660709639 1
1209,7948919920927 32324,824106281096 2,991362534039792 231,67417058580403 721,4416678453441 454,73536109341194 436,5548400552344 83,43258854206238 5,440078706208738 0,05207766647449833 406,41041833085865 1,0040520628370648 433204,81963785307 1
1215,6960102395199 32181,346675943052 3,0220124643711372 221,82830377426183 718,1962505792915 460,9797946589205 433,6115071239096 84,47721998676415 5,3573963047021556 0,05279598562115577 411,84697289245327 0,9934721603281745 433531,2744527553 1
1213,5468953184063 32269,977815642065 3,011548793122883 220,7892796533763 713,8820928010963 458,4191800317538 431,84059326517854 84,99058556413208 5,356184481411309 0,052995900246965495 412,71191166390355 0,9968527560309792 431687,62894703157 1
1194,6336268773123 32073,17416908864 2,9976442926406692 224,78377934753883 720,2405762599171 460,71035426232544 435,09040904905686 84,58196696335585 5,391440692618156 0,05316744451848646 407,5761943936348 1,0033861442737477 430157,6236887425 1
