Co2(scd40) raw_signla(sgp40) aiq(ens160) tvoc(ens160) eco2(ens160) rs1(ens160) rs3(ens160) rs4(ens160) rmox(zmod4410) tvoc(zmod4410) eco2(zmod4410) iaq(zmod4410) resistencia(bme688) Aire/muestra
1181,7124932353101 31427,106736863516 2,016387477958456 177,76561359889718 664,7866265886123 442,59302726092363 475,0901824471572 90,84464654942133 5,414628890089542 0,12959317294941597 413,22812379130323 2,005905147240061 539606,6503776729 1
1182,2239351880457 31798,41869753138 2,006145343944908 184,01621170651336 669,2121873825248 438,3115395000082 482,75085710204047 89,6583472188278 5,467836066893264 0,12972061221316156 409,4387293516908 1,9959404920314434 541428,8634959772 1
1175,0510749424304 31710,458372723355 2,0089682315852917 183,22621708843303 665,4915151911191 439,9767826804786 477,46560668948825 90,0823316513494 5,394714588022173 0,1366746948296918 412,1913620680224 1,9960684245801137 537843,5300539645 1
1178,4818529437819 31812,467074068918 2,0103525138692446 159,0434239273953 637,465076991501 447,1654645076442 472,0080012992134 92,64083523137018 5,444111843627165 0,13701657372661324 411,0180864133059 2,0234811069925582 541830,4811879031 1
1180,8026419478617 32029,23956972345 1,9984894498352148 159,60867265131157 639,6532079948138 444,5923293870451 464,1618988251943 91,20045391947878 5,382328106146626 0,14563468735597046 413,43400591534413 1,9991999838384824 540354,8488148705 1
1174,4676030210478 31703,24276939202 1,9829870591415237 181,34573865143543 641,175156306831 450,24338714372396 467,46131552982087 90,41693393831282 5,4266056711737045 0,14762150301637023 408,94570473501454 2,001426303894012 542638,4213802418 1
1176,7624973838083 32034,501158911768 2,006423021661857 181,6946271805862 674,9913533014817 441,22903632664395 469,49202924197823 89,3769038677427 5,382726847423478 0,15273052657736286 417,41783780390926 2,003897273135872 540285,8034120142 1
1177,4007586309704 31941,75430022629 2,0037054213166554 183,96080759677093 668,1084532486225 432,1253165465564 469,2705353582711 89,53066932479616 5,36859433496189 0,15263818877615778 414,30670020953346 2,0015297238749743 538778,8784612673 1
1168,8926145520063 31983,660891340685 2,003077488714072 188,26186856720608 673,7108389757324 431,1252420904187 458,7397569043472 89,25055892600008 5,431363058661574 0,152356227602558 413,65061824963084 2,0044669540221483 544564,5972918775 1
1185,6810584419993 31951,28198796012 1,9957508865765956 187,40399118627514 675,6974676289692 434,93653381002684 464,1608461996478 88,11884812663774 5,401814281972327 0,16039461788929266 414,42047335373906 2,001975525756704 535783,2730651719 1
1166,9499694099266 31963,24888591398 1,9967668931721692 174,14862499277072 659,5708729012424 430,54321189932585 467,02925630565585 91,00766532659513 5,406761124090843 0,1589664765390917 414,61296816540977 1,990541965534903 536061,9699666313 1
1171,5913746788647 31803,039403343824 1,9911630074214137 175,94276475183113 650,7788452331522 430,6214515030378 471,83182937819424 90,88752774943089 5,436375064915714 0,16787724675820845 414,6902738855752 2,0035581142664065 540708,0284373553 1
1185,3327145676685 31581,83359983895 1,995078684335968 170,56251883113384 657,6982532943262 446,4142193298424 467,4768965256785 89,77912866563028 5,419774111375064 0,16801601545434033 418,5257253766963 1,9977914942513333 547031,291269414 1
1176,9669983234496 31944,005855061525 2,006062892753939 170,93873732556145 662,5553004182008 446,04386627076315 466,60028914011866 90,33947024519159 5,352169756880812 0,17615552285520197 420,1641874322167 2,007715338334837 545597,0454472183 1
1172,8595417067713 31900,149577677777 1,9870390095782169 150,6735192006729 653,1003803640069 444,91450389901263 465,37996985099767 90,32771567792476 5,3851117270417985 0,17507532922672878 419,27211485831964 2,008099404698291 537544,9764759582 1
1169,5239626291618 31663,64642992462 2,018676230972799 150,94149438863323 631,4510922516345 432,89549484746544 461,8910426326072 93,04712895619082 5,403344247210269 0,18298703954981996 421,4496668732738 2,0076154229246255 536497,1032321018 1
1170,8241575470825 31775,82145006209 2,004789723281172 150,44911069247527 626,1501558825462 433,7431687277431 462,49396351505925 93,0745304888343 5,3943981914666175 0,18325844007969253 420,9780794551302 2,0044871754831077 542923,5683361721 1
1173,120006060273 31817,866390647552 1,9716224927726236 157,45046975362385 635,9045260085289 442,15538628403164 456,46187249886924 91,8401681727939 5,390979817374824 0,18404628989902744 421,2052668594821 1,9906388153063121 543367,4074267567 1
1174,659037488503 31929,853503695107 1,9907964567270702 156,88794791925864 636,4761731624942 439,7603099771609 457,06374862238357 91,98195765826426 5,410347581817118 0,18998668877313465 425,9869879781132 2,0108309285329145 543756,9295862506 1
1180,2587999235259 32005,47980283657 1,9953575829782002 177,31644857170076 663,1222429878098 430,54292727017304 460,69821462203794 89,87900625333526 5,412514933545527 0,1928030945868546 420,9989383807235 2,0103601753443443 538432,7347677349 1
1161,400581519914 31911,298527326504 2,008497909686723 179,65537747045914 666,6203420345555 426,4247415880656 458,5027665722948 89,58401830535696 5,404128462959937 0,19638383999304374 424,64569371170074 2,0185849202451327 537307,4667012052 1
1171,196345937435 31975,912136355695 2,0025489647840966 184,71728338663775 672,1911917617294 433,80041453067406 460,408438882419 89,22371312958197 5,423966035402383 0,19823772766065928 424,5588030829278 2,009665832820475 539132,7841146232 1
1166,9176249988805 31853,051941732807 2,0153257124191994 183,59778405862596 673,2299287349801 432,77342605825794 459,2383656495836 88,95270931836328 5,425597918194241 0,20364660773315943 430,1482320579404 2,0139158534786783 531187,6940035508 1
1181,2845713516842 32137,497924102154 1,994680176554472 198,40713234627026 666,3049047710136 436,75651450333726 461,82857220870204 88,6601830523043 5,403616954376218 0,2038573484028053 424,97775366503623 1,9816195112870896 536103,6250876011 1
1181,2056115896366 31848,513640327878 2,0124684166346607 197,76951836104635 690,8349571414456 422,0110383422753 460,47340610410157 87,35192865102542 5,404739129985371 0,21037978281544023 426,6890080130679 1,9935913426005334 535294,0525237791 1
1169,0304385359261 31817,174157054775 2,0077568640343695 196,604968614906 688,320049964568 421,6276231976022 455,57062288399254 87,86259688584823 5,45420082445912 0,21035028825696123 426,52771412795084 1,994597111625833 533209,6886873583 1
1173,9929036170072 31717,116505776354 1,9876307128396193 155,03046722132072 638,3603868040087 439,69333010894223 460,63084875822034 92,24500498544757 5,440289987293939 0,21134613849273912 429,487350747068 2,0103557121231383 533240,5267390019 1
1171,7519859844697 31553,563466023337 1,9992627018537754 155,2674271518257 629,9826684913074 439,2995698457958 459,9455683308739 91,97722234767349 5,3505532663224615 0,21777456443819246 430,4694278951773 1,9971467071219433 532138,5872943938 1
1180,7301897491739 31887,25352309967 2,001379148447089 204,91824746215994 695,664982774042 433,51673116518543 461,4905422874386 86,27259707649567 5,416169274518384 0,21635772784244198 429,4749293911674 2,004482034117495 535020,2433407572 1
1172,4376750992176 31844,61640939971 1,9971837741825833 205,81602690911873 705,0493429465633 432,7948976581777 466,24064011611034 86,48230664958432 5,408225176717556 0,22611505396831563 435,5691299185689 1,9872717345093536 529912,2454575092 1
1166,2897567470482 31838,780750185702 1,9977542487641815 195,02513974693338 689,4386144885627 439,3804750991123 459,29434640023044 87,6101828056595 5,448356229147707 0,22505476734416544 431,79629116627484 1,9994747196159324 532559,1422876485 1
1167,059434787152 31779,545939099105 2,004827301784784 198,31315607624975 697,0222929524388 437,53789525250954 461,2855781888094 87,58907248333219 5,453773236735658 0,23254436655441443 432,5285281173185 2,0151336713489623 531918,2525577957 1
1175,6648892603175 31648,654572489544 1,9874106341600548 189,68288480216515 686,6087313577304 438,8067331479312 462,7876329087318 87,36526631999925 5,42117925976099 0,23414176908289516 434,78943676089074 1,9809939025213532 529986,3636666442 1
1177,847691109965 32010,72697768077 1,9960219014145937 189,2733813828922 679,8786343823631 435,84330329440155 450,65304195523333 88,43413089704062 5,40584638755894 0,2385622838870942 437,0497691715094 2,0125315891797153 529188,4492789002 1
1169,9104010446717 31797,69625946876 1,992675017031283 188,92409638444857 682,7452531152975 437,2467678736363 448,47946108421627 88,1311397556086 5,434478555175316 0,2390748824681022 434,79954411666233 2,001274681617718 532082,2213183778 1
1166,55271098642 31780,03628262342 2,000597110644621 198,56604220330496 694,1228717201507 418,2674761001858 456,30154359853304 87,39474429958892 5,393511011774705 0,2402596985900677 436,75416673200857 1,9889225196092841 534286,7629474518 1
1176,1858869176 31562,14910227107 2,004573426096278 199,3070550278064 696,2959399453638 426,28649185283984 458,85734072146545 86,97971394718041 5,362115558952992 0,24609798884383904 438,16717859713646 2,0196940035316135 530195,5346453972 1
1159,0681418012296 31929,91841628161 2,00555137093925 177,40293601634338 664,9071717514873 428,9125330817933 447,835517787266 89,81032585992325 5,414217304340236 0,2427885723960698 438,9738055335541 1,988268677101845 531507,8363200463 1
1163,853474321146 31663,882510070205 1,9957583990988828 180,67207466371082 669,6824665992402 431,1043607776364 445,45046615368534 89,74968819149863 5,384289517161577 0,2525866850218608 435,5508376173305 2,0086907607626276 530896,0412126434 1
1175,4827553722557 31887,04695423214 1,9918450719503726 146,17237582187673 627,0320704449504 424,15858397183956 444,87141478649824 93,34253552371375 5,395179716214134 0,250480858716891 441,17739534722506 2,004821734612727 531604,9578698715 1
1179,6169191433103 31744,60988409905 2,0087314105932426 147,34500216887116 631,45841516986 420,25957303574444 442,68815582889283 92,98731574695414 5,393553658073008 0,25831337722402753 444,14672523754933 2,0120244094865436 527378,9761271649 1
1171,5214207226284 32101,202985597294 2,0049206781529723 195,35330873014226 623,8106159807592 421,9284881451608 441,9207320335357 92,8038924474441 5,377695389517892 0,2554906962355201 444,9552397028544 2,0036768313433897 530995,5374011045 1
1169,5722803341773 31930,854052350256 2,007830734802801 194,06264292329223 694,310936491967 430,1032649318533 451,7829822629095 87,88965891520922 5,347383945744811 0,26781341619165805 443,4071347369605 2,0060135866632254 527956,2767675754 1
1172,6941078630387 31695,667185727503 2,0095269066723853 194,44891849547454 686,857944281407 432,0023932025564 452,1422866582793 87,64954729476419 5,368901312882054 0,2654207280072782 444,554095221537 2,0036273665771387 532374,4511950457 1
1164,3248147292284 31895,625185089753 2,002017258362659 174,62753926507673 660,8307014896877 429,4618785574934 448,3117935816176 88,42036086496442 5,412387155954284 0,2610521349709152 444,82166200589216 2,0045548137319926 529227,3399858165 1
1169,2783511635814 31790,15062703541 1,9981909681211412 177,52034412060442 661,5744609060894 432,40235705737996 449,77016830292155 88,79895853736494 5,410155137314561 0,26868298200713236 445,0480733288544 1,9922073543466163 526997,127629085 1
1172,576749237231 31597,60866199177 1,9997866031577494 166,81902183550326 648,4272591688289 425,42406954684435 449,8754908005103 90,9391721420195 5,440808230323184 0,27185421464187365 445,06220987074016 1,9860013588188452 529753,0897155608 1
1175,8008705965635 32034,61895666485 2,0092538422496005 168,00790496334588 648,9593476850321 428,7495213903243 445,9712677936563 91,03393478445584 5,412130840963877 0,2749285926212745 446,8456446564635 2,015292007638872 527320,7911546131 1
1163,7727133514552 31749,49899674933 1,9942466496001412 177,95546117414594 665,9307897837757 425,33537832298316 439,26913112778203 89,85123975259064 5,423250174820457 0,2741446787642887 447,86637922565194 1,9994377455569308 527267,2640439249 1
1174,4681967251347 31721,737070205563 1,9972043646329811 178,20828669501807 662,4086626596982 427,25628314254516 438,03014638381694 89,25211013939908 5,403743202846885 0,27692739024881224 450,5821041949127 1,9923182044618897 526798,8897585481 1
1154,9782253354501 31762,9990521218 2,0085749107078747 159,85482617144115 661,5231233054546 427,32443842328547 439,00568768853907 89,05770216000784 5,436332526404102 0,28157116713006547 446,6035027125071 2,013070441368713 527684,0736848966 1
1166,9976041485531 31703,361262940085 2,002481650372816 160,3767850222308 646,1900518379904 434,7401832843893 447,0750950165402 91,56784590494145 5,43299403973191 0,28517499251964945 451,42159262979084 1,9881574241745814 523642,5186052393 1
1164,793694145037 31832,061942293934 1,993942066818958 159,72113259152502 642,1721500637822 428,9691871364632 447,885901457485 91,05812671006781 5,402612018625473 0,2849907608670652 450,39238959316486 2,001489473865861 528558,348252884 1
1173,7499442623916 31892,817877238842 2,0112195209541275 152,00329294011698 643,2957478841339 415,1126883280829 447,91743294765035 91,01453895527375 5,394804590174067 0,28734451367104635 447,61038730662125 2,0006462409284316 525510,1732973021 1
1170,3219381166343 31662,1740228436 2,0030739200023615 149,54811195619652 644,9106075501956 413,97751716559895 450,87455572379355 91,16921835613753 5,409593574423431 0,2871676248917895 451,4652303885057 1,9915564997791062 525582,78059575 1
1177,5082723922799 31583,480953403658 1,9905467508029044 176,2611480154021 664,1009074731949 416,7389498559458 442,45918763140236 89,00736082890225 5,428402405223883 0,2894908073665526 453,49231867459457 2,020168957755048 526681,0927790334 1
1170,214928150202 31557,52295007116 2,0078831565659447 175,6430053042979 660,0558274827911 414,28349442173044 438,1428419193615 90,55030214003948 5,397854070549901 0,2951630580037125 452,7491711341374 2,0124571375821843 524821,6355405005 1
1175,2534581335465 31693,830359668664 2,001913425813113 183,65883300143568 672,8005653344519 421,36572542846875 445,29799468168403 88,63299242513283 5,390833742191063 0,2911257323706254 461,15739248766977 1,98189710332757 528728,7409340348 1
1170,9355629194151 31823,215659184207 1,9922650059539688 185,11804086418232 675,21913426714 421,5288199398941 445,05157078027787 89,32826410246027 5,36916864682578 0,2963926484599551 454,5934366997007 1,9956972227568524 520306,8863778474 1
1163,027243278343 31599,45544550369 1,9943363568822672 184,9103536943406 672,8808686908744 420,1822511949928 445,8813561114592 88,39926977878633 5,427232294106643 0,2961846013688624 455,09613535911757 2,008166953925942 532413,1145535188 1
1176,1297396886073 31974,738762398345 1,9973608549236392 184,02110833210705 675,2436865356907 417,6836476126324 439,1881164468016 89,56349557560831 5,365017153373439 0,30946624245431414 459,2928573582233 2,004900484585311 531860,1885207506 1
1162,7854340470356 31845,36132567716 2,0079615921125846 185,010841305168 673,0673078776265 416,15716743364743 443,4687240243601 88,26410776826643 5,3653500975551935 0,3036363803461519 459,8484987806945 2,0046275015934176 536499,3035914195 1
1184,513874216712 31973,142667116157 2,0063558553785836 181,69516745005754 643,9590740663706 422,1931742009752 438,366873766641 91,96648120681411 5,414138119793866 0,30428881595271107 459,0702807991811 1,994665028647381 528703,7339967652 1
1171,5064781557082 31844,2402949753 1,9964866024857892 180,78228666728805 650,2481235645479 421,4391026951908 439,82882934817854 91,15756313121071 5,404145202108645 0,31030736256146607 461,8093122379925 1,9997824441821594 524407,7680966326 1
1175,973337482136 31479,025527948193 2,016601161384677 187,1924348302448 676,4458432605377 425,57897514284514 447,89457926519765 88,1624650139799 5,398486710058684 0,30717512465049057 459,8017970771158 1,9834865479109733 525443,1287691874 1
1171,0373080922673 31715,72236731319 2,015482674492273 187,835455441384 678,056221288883 420,59669666946036 449,11635543823405 88,68242797232979 5,3901960822191475 0,3176288057909243 463,1011976041794 2,0010861325006446 521077,3710547411 1
1153,8417012631367 31858,82050917943 2,010419459889078 169,86893095055655 657,5498806006707 421,6479906045635 437,5421119969374 90,4849309931804 5,384708525423221 0,3139139465919874 461,51207541662524 2,009408390141603 528909,1204217009 1
1164,1972869347767 31483,41545402281 1,991434042928707 169,54599824760135 649,9690343252905 423,0664542324013 433,74267910347726 90,57674703848163 5,417657740132949 0,3210093977098521 463,84788308572297 1,9994121240933869 521536,62941181695 1
1164,0558718442826 31791,661783508687 1,9979431419000333 168,01888796351466 657,2583024326711 419,1080107261995 435,0243432094978 90,15473420927138 5,332269475779537 0,31902041786098756 468,0992895108737 2,0116382075533594 528053,8400198163 1
1170,8246964872976 31647,015693515008 2,0000302692402316 168,81431570185686 652,3179512431977 409,721649259822 437,42024820456027 90,41082891292236 5,362138681927309 0,32748755528384405 467,4411995732223 2,0138401515481896 524679,0104816209 1
1171,2704547665896 31643,35694604221 2,0026919420844487 167,53306381766828 647,2612906949219 410,5799666314335 437,5303797529185 89,9411314091839 5,354321867281031 0,32531684399275945 464,8476367393834 1,9833215818334469 525649,786036268 1
1164,3891856760174 31658,781691631262 1,9872103080136718 168,48482852025393 647,3637442897515 418,3531546273855 433,00501236428585 91,5330341925886 5,43218051052456 0,3285825495920292 466,15336115460434 2,0094912136023595 524524,4457602957 1
1170,6007412619108 32095,7058045713 2,006512247653292 168,9591687499296 653,1366606808913 419,60994744832095 430,615121408875 90,72243791994016 5,402936003954641 0,3325528514439083 468,1031856206333 1,9952448234456612 525458,4720918796 1
1168,755942165301 31876,25571542036 1,9971639150482297 162,87586240816756 644,1138001973011 417,4743515906886 433,9129619963682 91,1271479702907 5,3458803201349605 0,331829236263044 473,4070052863781 2,0145622175274416 523867,13963843073 1
1174,5228566900755 31665,509824885008 1,9989368781575827 162,16620041427407 642,8561838088402 419,03637955256045 436,1197417229375 90,87371190660677 5,427770120276426 0,3382381656865589 467,7653728609858 1,9956417157287667 519837,85613887553 1
1170,712142354848 31611,625649060785 1,9986631699357342 186,5431770968066 675,8902549350414 421,82670439240525 438,34338565570266 89,09261857752718 5,380743604743141 0,33555230741190767 472,61987367718297 2,0074240881151675 522230,28010620846 1
1170,8328986702309 31668,070923441184 1,986718182035368 186,7168442930684 677,2732699275844 425,3237270211441 437,5377102181792 88,15911982905435 5,388616771887809 0,33911862098604983 473,4013711692475 2,005782294923859 522000,75664074667 1
1163,562095306975 31873,57474689295 2,019542300450448 175,31477277784714 680,4018156413705 425,1069962954005 440,69695189805 89,01249208786672 5,444220986952635 0,34285204597445884 473,21123425732645 1,9990420323517268 527339,3938261204 1
1170,7504542204947 31769,204181764188 2,011571447132945 174,88770046603736 653,3088015473093 417,7879030332065 435,3595714818856 90,09382922000857 5,42240485451245 0,3459944333980764 477,99625214018613 1,9905258994950374 527243,7971233063 1
1172,3502834992896 31754,797165342603 1,9969309871283638 174,52016748680882 654,3451271719291 419,46222106704505 445,2620087616728 89,9583709671144 5,340167379118096 0,3444754592679817 478,3298347626445 2,01965068656121 528383,9927469998 1
1162,4887938466557 31686,08799404732 2,02183325000281 182,8461670431943 658,1518932604797 415,8588087998489 438,98507279793455 90,05052946376685 5,390039358938931 0,34950628478972784 469,697191329214 1,9927611441601174 523398,0616465783 1
1175,2130738148333 31877,16208927967 2,0300510638349456 181,30651676876985 657,7244822748054 409,15649097823473 440,3268919974607 89,8159224377645 5,369279178149428 0,3515308153033944 473,95545217102415 1,995590339929261 528443,5072961687 1
1169,5817199550333 31605,85206022566 1,9993418794447175 181,0291818555071 667,5022575683396 414,9885296986395 439,16651593375417 89,54770655477729 5,410888948461149 0,3494622595455828 472,7725053547461 1,9995463052546016 517018,6201060525 1
1170,2338889089363 31600,114078993938 2,0065535385482827 180,6044033268965 658,0274797446766 414,1045938209836 439,8044420957273 89,20439843376462 5,4324446208345964 0,3541429836843825 475,22912773725756 2,000809639424648 525041,6572092366 1
1177,5886615945196 31753,251362585666 1,9979591754945265 172,425155541656 663,867131602548 410,52460154099776 438,19051866961325 90,17197708082733 5,423162625581472 0,35438020339380094 474,58402449574726 2,002307528457792 519527,9332143173 1
1174,779541180487 31962,68651828571 1,993673383373023 173,59151353783685 658,1809766257 407,3200120034434 433,3229655782902 90,12874395777459 5,428733738265637 0,3615842178959756 476,70182238370353 1,9869381855060453 517290,22665987787 1
1159,8562045859162 31722,323829133482 1,9852753285888602 178,98647418531112 660,2097376346143 412,79776778410053 438,12588935776444 90,84530421995116 5,4255523236520915 0,3569652884656932 475,7816106047135 2,014311443277614 518181,1568610681 1
1164,7362820362982 31935,791954692857 2,0186058945254217 179,12367342610418 668,7136807962493 416,47280038813756 432,2241805679642 89,09878779903144 5,414103212562513 0,3614084802170965 480,0651859106446 1,9934640489090638 521880,8308697683 1
1177,865136666379 31721,052303054166 1,993752534109736 178,38942023326817 663,839369990718 417,7281474867094 432,25155299729164 89,34550365013702 5,400780707758061 0,36069955408035925 479,38918950405844 1,993609402907236 522658,22497630573 1
1175,546445572698 31626,443889019418 2,008365409242965 168,37986195680887 660,0384564729968 418,3284599201543 431,99935164196074 90,96098730347329 5,416738185727155 0,36177579336770477 477,3643607795234 2,0091168439465203 519344,5840068669 1
1180,0588291825038 31855,00337556219 1,9962928852090975 168,68482566075363 656,0429895041533 420,1622533477778 434,1379929725109 90,79170105326885 5,394647811582222 0,3675868972905254 479,59864479955047 1,9802039555227915 518674,5658376943 1
1174,2267808169036 31984,467963172505 1,9956889678974863 195,02204022117502 689,1154127268502 418,71874079206304 429,71379804825017 87,87157919301775 5,364466039013916 0,36920864927091684 482,51282395648576 2,0147372065136 519273,53465629 1
1161,0382503263286 31791,142626270546 1,9942387022345567 192,70853645177831 687,3205164243157 418,7030554059246 433,1580903290273 88,00100953971175 5,396645921859499 0,3717099788581997 483,61609722664286 2,0261094130566217 520827,115379325 1
1162,4363375705393 31673,636854290926 2,0009550580960043 180,2539228487871 666,6612923120334 405,84855233731304 425,47048100853095 89,0293696778795 5,362106767100502 0,36968664979330357 487,1232484587898 2,009958962551189 520333,2401450399 1
1172,9803721622657 31801,655087047937 2,0282847494661222 182,0210920653252 669,7967370489752 406,42016796109954 421,7417236219148 89,1161323784482 5,423474965281273 0,37443775701852283 481,74981872447614 2,0069710261089573 517429,23773972417 1
1179,1956969117562 31739,684571881568 1,9920334825218393 185,872928861128 670,3194561178249 405,4491765535652 422,0334594197836 89,82312810387393 5,408730033400015 0,3803966259609239 482,5303283205229 1,9899958693397695 521635,9257478163 1
1170,6068836385778 31579,642022799017 1,98171745560735 186,716906397821 678,7490393381597 404,6789893841362 432,3200136414416 87,89502672398265 5,363209007332806 0,3825424275959218 486,894899029487 1,988386872425256 522917,890296148 1
1155,1035510675392 31666,92375983905 2,0098176763295714 186,49624589320788 673,6278018404502 406,23094558228803 428,5418447597129 88,64008316676872 5,390579512303064 0,38406808906692275 481,9446936845218 1,9642692333138554 523099,13216458936 1
1171,9403222146266 31641,734018523835 2,0118983487259796 188,38318037796674 656,5937465166493 410,4198378848877 436,6629983588104 90,57815524556224 5,377638810713978 0,38385239129921944 486,97242771701764 2,0071099742560525 524115,71104442555 1
1163,008486736577 31681,319692514957 1,9892215886063902 187,0737458262543 660,5507296906851 412,16167937095713 440,4006189885525 90,97885159998265 5,444066936767441 0,3867725372309658 487,03642606721934 2,004890802290644 516855,50882316916 1
