Co2(scd40) raw_signla(sgp40) aiq(ens160) tvoc(ens160) eco2(ens160) rs1(ens160) rs3(ens160) rs4(ens160) rmox(zmod4410) tvoc(zmod4410) eco2(zmod4410) iaq(zmod4410) resistencia(bme688) Aire/muestra
940,8020501438702 32661,132720735033 2,0061440675227207 134,1878665107451 601,5622134310523 521,8320873163316 534,2870251444463 97,08193075497164 5,410369085380428 0,022705274086467716 400,4295996045878 1,00310690802735 466003,34172934847 1
941,5016929603917 32878,499352546976 1,9903047785989691 151,1888184938185 608,3811761951993 526,175472701258 538,0412703816204 97,45937116453446 5,405541263115954 0,02261917586229481 401,67577031108425 1,0078576349607742 473051,88068146864 1
943,22960905239 32660,14861784066 2,0083246913778527 151,43944591503737 578,1201125172539 531,2570988023186 526,1917518551733 99,60986710305166 5,364788647040839 0,024226175633820374 399,39711001935785 0,9945837591653709 467532,2389173164 1
940,5831603858664 32864,509631377136 1,9942762921392567 151,76733668680683 578,3150020784453 530,0417162460759 525,2331380059405 99,02467905880772 5,366017357371026 0,024265693931146057 401,78903839246755 1,0066350982547712 465630,8088685404 1
945,9430676365648 32867,28816923313 2,0011891916906484 120,60372680451681 586,8759063417357 523,8631189994171 545,2160012748712 99,49514639513401 5,43723412027734 0,024255942056176302 401,91831676485606 0,9957710603588892 466117,50059006945 1
939,3531545780679 32836,32622183191 1,9939830365866233 118,6794695244158 578,3610359193611 522,0248521027047 542,9652985839896 99,2447383932481 5,392745956973461 0,025544137671853047 400,56215633197854 1,0032688537393826 466404,22444749816 1
955,8249459138549 32824,31933766192 1,9957380376432836 142,69871394631036 616,8241740276111 529,3263312769678 541,637987787447 96,55178983848633 5,38233839224117 0,02556823683981949 401,9485051925651 1,0051585263175358 465964,52459621534 1
952,2470489519591 32889,89563702002 2,000007045368097 142,39092173968442 614,6240394991368 526,064940771019 549,2284016826533 96,65993831658714 5,390926117963693 0,028202187177609233 403,25434851976183 1,004750706358323 467358,6652524619 1
947,6572207153852 32880,22754369298 2,006624619502269 135,67390236010726 604,6348245288154 527,6486433681832 542,8150520965512 97,11076421416483 5,409679940255561 0,028269496450668074 400,591257805646 1,0050496582520556 465148,16071488656 1
953,9166284721365 32774,63933237437 1,9993046952768005 135,50770200896176 601,8199162561308 520,8079085934261 543,0407868583286 97,33828320131032 5,416898738076951 0,030607409041848402 399,4192130187546 1,0033344077005582 466050,36644496315 1
947,9188150840425 32921,5785875283 2,002982012353792 134,30092839646883 600,2973198330674 528,5547795193786 546,6122681792174 97,2268611791023 5,429266731454393 0,030666422797467046 402,073947746034 1,0026431532827729 472002,9887206313 1
949,4709268535794 32977,08733929788 1,9901969730269795 132,7798283645276 614,5939432359876 533,3398450563059 527,838398501751 96,37912162716393 5,387285630768344 0,0334333033043509 402,18444832228334 0,9946808603487354 474397,2208597624 1
947,379812201055 33014,42710870959 1,988347372124771 133,75605435182192 611,8765255253472 533,987670617382 529,1366017265698 96,23092842830897 5,435802200886132 0,03348970607778344 400,9502722288454 1,004841893575159 460685,0954054828 1
946,661369508634 32567,827899129075 1,9865696748510842 147,85160779875505 619,7280552401695 518,248054054263 539,3002328077553 95,63581952931837 5,450798435352815 0,03360554836734743 400,73223255365446 0,9975133403006817 459052,3686980783 1
943,6449636724126 32966,547059190234 1,988364526032491 147,6866762683387 622,9522837500315 522,4440966794187 535,0595026330034 95,11068564660388 5,38893297563186 0,03519551183058873 403,76741349634966 0,9939971824316293 459828,9509173368 1
951,1378681187355 32701,452730493816 2,0066987385713744 153,7144454646596 628,2345421748452 512,0724737395536 534,2931430588782 94,24402150685418 5,422417148839428 0,03560091588638807 403,3092869074946 0,9995388149005365 464354,7277810202 1
950,8207929138811 32907,639081549794 1,9926747373488292 154,1631372325647 635,742508682275 520,3070005260965 537,7674768651455 94,52215149312558 5,327292474975137 0,03674878316609729 401,9986241976392 1,0103084904066035 459938,8598891583 1
960,2791339525091 32453,00369189975 2,002366598155183 135,51912984681397 604,6414710533298 520,3365718869794 518,1425462601194 97,31780911151395 5,438427542466703 0,03738894801521232 403,0379698516693 0,9968946703812896 461272,34219936293 1
951,3437834643479 32700,58202080655 1,9913621055130986 135,7488591209581 604,3211518785528 519,6313189318273 516,7681702720669 97,62811308263309 5,395873041517781 0,03991409313179149 398,92030373099755 1,003409211854988 459454,4380591464 1
943,0153131026148 32503,60792687187 1,9807528562523216 142,79446151558983 610,9339422622745 522,3958965964702 519,8197557018124 97,4298021667826 5,398026826080195 0,04003861639212465 406,27496289186416 0,996759592528477 464961,69027882617 1
963,5284386493782 32560,60094836209 2,0045178979175464 142,65270197049847 616,915280834868 540,661396234254 515,3663778582171 95,96352727302722 5,386368202820731 0,04204177197411995 399,25087084935825 0,9994739669240174 468227,9453238084 1
955,7975437025977 32885,210920917925 1,99434826563099 144,46808148418913 610,0295268394838 538,2052508720911 514,1387603454606 96,53807855148821 5,347588697644185 0,041709496539937614 400,8839080820896 0,9906859449038907 461384,81513426057 1
954,7423709486752 33241,03711454591 1,9929634705686774 141,88396059285026 609,8588096191961 527,4128149548372 508,52722999172414 95,7177672952547 5,355273184637689 0,041838914497566576 402,9905485395658 0,9939495749106476 458328,63142628764 1
951,8810000127563 32599,3922773953 1,9837016827847898 142,83779505376742 613,8065556710986 525,4631081653965 508,79150691152375 96,23614477526645 5,407549256766788 0,0436180254536016 401,5671091927608 0,9995149850348292 464071,11542698956 1
950,6384584263419 32891,884693997934 2,0024892395885185 141,9980599759488 614,0155583445276 524,3304890830171 519,3206022433809 96,42730515837198 5,388519200820805 0,043737972209179486 404,6499958328574 0,9902891026184396 467460,59726643394 1
951,9728672165497 32694,286467269234 1,9889185804410756 142,34666483791105 614,0336967977354 523,0978970628876 519,4540371490664 96,01599994769968 5,399135202857187 0,045977661359648495 406,09045334666246 0,987647782032227 458635,8342244897 1
957,2085395668304 32434,254941510746 2,007457254601469 149,89662448022187 625,2819344527048 518,8790476209006 515,9825589764274 95,78036422610104 5,379059439575935 0,04597190023601874 402,77240141906975 0,9925307397442626 456705,0109288749 1
957,0497227289497 33086,29178247194 2,019780355050828 150,6284135629811 626,7103250412108 517,1093060325641 514,1563145548141 96,06222792675739 5,4044610004121445 0,04786509519675679 403,9646030821712 0,9960119009300797 458404,783021992 1
951,3946204064426 33072,00383445433 1,9853226997998354 150,07605750774323 625,4773300293753 518,2802178805765 509,92084492907867 95,87570724632081 5,391813815053002 0,04840938435197743 404,4675524670777 0,9996107243559704 465015,2593221247 1
959,815713409988 32741,61501571085 2,0193419650884987 152,51142857022649 634,6191742749879 511,8833518228694 507,2396519890225 95,32933470153296 5,407404347846733 0,049538661872972185 405,51500331266965 0,999972360640538 458571,9057779714 1
950,3762230728242 32670,179894062207 2,0190777470052566 153,0388213475654 625,9021352587358 514,6986871588093 511,68188012621346 95,63973572544216 5,365724188815765 0,049771440980261074 402,34835520782013 1,0030868056311144 464311,0047864315 1
948,5822188186881 32730,67744191045 2,0076366842001003 150,33353566495532 621,2953960136597 530,1995171213346 505,50860691162023 95,13346266745701 5,383880433302347 0,050019615353896985 406,3561002423627 1,0058066591871422 457415,7687542669 1
952,1883642438412 32927,95143641023 1,9938843059887859 149,93628372113884 626,5350790320817 529,0880987385412 497,69999019138436 96,29910865369354 5,410460176668754 0,05172792346999251 407,7178673612927 0,9902460175556268 464152,8684610211 1
957,3133213662677 32717,449874957394 2,0052263621007005 142,87393266201664 618,598104475568 514,8686688891484 506,90871928905136 96,48647017195125 5,395928210318552 0,05124007813349432 402,9503585730738 1,0055334948538532 464124,48624517693 1
950,919689202159 32907,92867596009 2,0105009845422277 142,6215839122622 615,6936205393192 517,6157533401972 508,2820503849295 95,95058135419609 5,417144972461494 0,05309423210858467 404,213619846673 1,0037488155262029 461410,53184694145 1
951,0718795971264 32627,81383418149 1,9873351573782063 125,41163593826305 590,4891108437324 509,2746884255081 497,6691826083809 98,68182845286638 5,426171906477348 0,05276196360640033 407,1031938293652 1,0018388149495647 461614,4541687148 1
964,3278471225585 32573,025274763262 1,996768308551882 124,84287087281848 591,5864921442133 511,06460209760866 496,8189021354463 98,62289105981006 5,4081119686113075 0,055446452369750356 405,91585382175526 0,9962563765135022 458957,7337137441 1
966,555435628193 32784,70176087776 2,0059254350109845 136,34783963982164 589,3424667257476 510,84717928222506 494,99856199132665 98,85577976581084 5,4224057891593676 0,0549860357958009 407,08172572722304 0,9970372762704441 460450,7510985271 1
963,3553645131828 32793,03957876708 2,0116708145360938 136,07047530837232 603,0874431215728 521,264310620779 504,24543891078304 97,72506359589818 5,354411682404555 0,05552216393213513 406,339280422196 1,0007762485711622 459178,3363505271 1
961,6921844298147 32706,218866086885 2,01716882191361 136,1831544075018 604,9899060176359 520,4597526761233 500,820336001557 97,82832518319007 5,414326156429034 0,05594774073463201 401,73482315176886 1,0080118592019287 465108,8474165052 1
965,7552053637085 32701,254601204328 2,000313700677086 145,86077792767645 620,3138254959249 514,3517192927363 496,71662542043657 96,92179160897659 5,406430068013514 0,05552530433063734 408,042672270136 1,0085993156033612 460284,89460705034 1
963,4782147511444 32814,02879858988 2,0065073310433506 145,3422286575857 620,7197455832024 516,4835820394334 505,73760155552776 96,92985690948505 5,396351605870808 0,05802563312797738 410,5306543715079 1,0001465940045933 462631,7986697815 1
955,4733105839056 32727,14084890964 1,9923490631461074 151,13421956431702 630,7512609299976 515,1964941200138 506,0727068185367 94,6452404942582 5,422100275437259 0,05731021152437866 405,8105374386663 1,0031173501776167 458131,3257034347 1
957,820278864097 32729,75375555342 2,008403376828824 151,73240937894732 628,1107350138324 512,977669070636 508,3344944428411 94,73807498362275 5,37648546325821 0,05959439145010484 408,32719627083225 1,0041126862742027 460927,0708668159 1
963,0731200416192 32923,929725156006 2,002921057599663 144,27360126293632 617,9440552715137 509,7359576008111 508,98347707559327 95,24847198655434 5,427038373671438 0,060101230057860035 404,9232777141626 1,0032273237033478 464295,66436744336 1
961,6625059221523 32526,95253529704 2,000019196931292 144,61841767167283 621,8275645059687 508,568058324507 511,02802448624124 95,34266123901867 5,379665668559583 0,061024497236149756 407,93220761386704 1,0026030719380705 462890,44749664015 1
965,4964006725883 32429,377312940396 1,9912552033122586 148,58575691592264 622,347736936082 502,7410010284849 504,19471076346787 95,4763472231876 5,413715197828494 0,061424414964791674 407,8659367249203 1,0017437955533055 463897,38989724533 1
967,8196383208583 32602,92797342709 1,992143849071595 149,13959934134118 621,5214429487556 504,5268256611626 499,1507078596336 95,82189940572985 5,411293014596854 0,06336478612372012 410,1526797132928 1,0029973922866766 461399,4919773275 1
970,7522801579049 32739,74119778863 2,008942254324816 147,20811768556698 623,7144966896271 501,05192049377047 498,58297741495653 95,11982849789128 5,429470913459684 0,06249385609414284 411,6987631752975 1,0026620511937174 465628,99844097084 1
965,9780986577965 32687,605989049385 2,0091604008738786 138,69897379066222 608,4088673271033 509,1772805547886 501,87682471367026 96,46142963202794 5,407739255125912 0,06242337787574062 406,72429694655904 0,9904664130220853 463737,41851778293 1
970,1175115489928 32650,823481239062 1,991286459125184 136,43542453453156 602,8063720380076 507,11503429411323 500,48646961772005 96,60800790391296 5,376567042714494 0,06477835089873957 406,8719873421788 1,0045961199078275 464965,62607539864 1
964,8421771982809 32832,4574614184 1,9734315440787245 143,605683631468 615,1962368091993 511,357598070111 493,1725260477039 97,22683492928763 5,420121581926231 0,06451516000656152 406,33108442073274 1,0053732646890299 463484,30322094494 1
962,1940543367729 32952,294838363276 2,0106956024535525 143,35346954750935 622,6209862080539 515,7096901312711 487,5836535049558 95,9474161154658 5,39324956605593 0,06683424236321531 408,1881806386462 0,9999671912091421 460483,9236212389 1
967,697921746579 32808,32821277377 1,995489220799457 139,76540367775104 624,1874921388683 499,04843573796603 487,04492931605995 95,27039811205978 5,384628843409455 0,06607783488206517 409,0608951675439 0,9952653933502955 465669,28956958844 1
961,8491247546642 32800,974025017924 2,0131019897459446 139,5817559265572 628,6928680002254 506,9018956100941 482,7209374455042 95,91088379342507 5,393065463984224 0,0682060419710509 408,66939245422617 0,997015895209421 461042,0563892226 1
967,5265687651536 32695,107609556722 1,9893777704701299 126,40532865329085 627,1025388894657 501,77701295559086 482,9383321435974 96,43262965142355 5,3937328704109575 0,06881112406647823 409,6678527417768 1,0000963643633252 454125,9331105276 1
963,9664006654197 32525,842229673108 1,9951308723420484 124,1449192779196 581,792618521704 509,69857851595117 491,27744917818296 98,724319863405 5,392183786351518 0,07073464038516898 409,8067401710793 1,0059278130929052 458021,3435633474 1
959,2732095771077 32901,68071111101 1,9826525910552246 126,14869597559655 591,7146785301782 507,28683339496394 493,8030742247691 98,21808771796893 5,375596457679172 0,07031466616178525 403,79298147040305 0,996685629747929 456262,2701098183 1
962,8619676042571 32704,074375528766 2,0110138268925426 134,14728756190803 605,1896818636945 502,9936683343329 493,6804399210993 97,87753509417382 5,376763933535063 0,07023957565050797 407,84584989023034 1,0074455008855512 456393,18300077267 1
955,6541059275971 32623,267231438662 1,9849059828825635 135,72012375515342 601,0635260293955 503,32312754338835 486,0022781699001 96,39421251742938 5,380999317072515 0,07220805593891116 407,088572619202 0,9942990787100635 456866,88103241724 1
970,0596073727788 32519,8708909278 1,9939632411210604 131,19598819933404 596,5441230911704 496,80268116715905 497,6362977080978 97,98565410319222 5,382754521420746 0,0714636057835878 405,14289453981667 1,0061453535303158 460156,59744624223 1
956,6801957757988 32631,762545074944 1,9960992421849244 131,31700854872338 596,1513168500062 499,98958571285084 497,0436451316315 97,28219771652681 5,428393276181039 0,07369072298106413 407,5277461140973 1,0032469104045556 463404,7978946604 1
974,8777843574379 32627,974195641727 1,9902309997450476 147,87531395951322 581,1639949575482 501,4561702681392 477,4313961165919 98,68051933408726 5,375997204379118 0,07350764675727442 408,8823321251107 1,0005410123114162 455349,5328116226 1
974,7625307658819 32590,33564187727 2,0116398163039375 148,06544553459327 579,7939087079736 507,62629350376767 474,72519219587844 99,91923663018775 5,38482541501505 0,07453726930472383 410,4510552919077 1,0062181620605595 459986,2354179433 1
971,4947337440973 32442,035220896098 1,9905602030196392 151,3905344039453 584,5848906752673 506,21501201265204 478,8712395080919 99,94282727590453 5,364744677404118 0,07536914068486973 411,88525171581284 1,0011373665888845 454156,60946355027 1
973,7995709849167 32531,27810830994 2,0066833970099296 152,47226506120188 628,1843534801967 500,1100420892211 490,2355545705814 95,46873606361409 5,448162450312991 0,07617795653944438 412,32100180405416 1,0000919123792993 455372,0674669455 1
963,540569353375 32509,05411908839 2,0061580769903733 151,42762623671769 628,3784931592086 500,21579013579264 492,4129603584437 96,44660970901377 5,459810079446183 0,07584473650285302 409,154065274855 0,9940469396160252 450048,52288437093 1
963,5604194796657 32719,694272403656 2,0133858937624334 165,17617822498238 655,3736248015218 500,6342973451544 485,4813175340542 94,05121037396228 5,3627430749740865 0,07645444455239035 411,2214965053247 1,0096288972597347 454404,3465232356 1
967,921898396754 32681,13895031086 2,005101912270736 165,17126762025288 645,523947778713 499,6212608532331 481,0633660055206 92,7566673289164 5,420054653761348 0,07771677080509194 412,7554243789954 0,9970190978202231 452888,63949716644 1
974,476270062013 32577,73843697926 2,000932897520324 145,0074241450431 615,7144086563158 512,1336703341133 481,61323372589425 95,79168977443862 5,4143081016068075 0,07803047495001582 408,9010667183874 0,9929089962142811 452198,68941221817 1
965,4398524525134 33055,61035848772 2,0065730849835286 145,00712962078393 619,4619262818647 503,4700686129519 483,0049090449475 95,64493614656394 5,402587809001238 0,0796600694717619 413,95979200192835 1,0050262469435827 455925,3906760024 1
961,2368494715223 32779,10279696749 1,9917286312059128 155,6050485659354 595,8203926192774 514,0123114518484 485,8081503327717 98,0781531369211 5,3615085320958675 0,07911236400764761 410,6762499711263 1,0075892752921722 459035,43402047775 1
964,1326130413635 32748,1495681448 2,0222260406329178 154,88123340280998 600,3580829225924 509,8228111115775 479,7784156413468 97,56204021417415 5,367276555199002 0,08064155281945631 411,4770161909341 0,9995410656132717 458317,61935347645 1
966,9804212044736 32723,754886463194 2,016814597169019 167,84461774179852 599,2805931786015 512,9764806483389 482,76861299287515 98,40150733293528 5,414717875873096 0,08100747765341855 413,56201385204105 0,9986487282034133 460381,1317293369 1
967,7998588947424 32879,71136473162 1,994661887478891 166,3616819263486 648,4914859709068 498,58642783101226 480,2304829609537 93,48026827984003 5,411087060110756 0,08259577276684306 411,27087699262904 2,01958627230412 459539,4095251189 1
974,5352467620428 32524,93226360531 2,0128281553626817 165,49345659600905 650,3098859539618 500,1278356458717 483,51661820081824 93,19992698162459 5,433568618023372 0,08267754424494425 412,2148311789055 1,9949601197821851 449555,02285095834 1
972,4567108715487 32574,972444490853 2,010192611962953 143,762813662142 621,1038638973182 503,2999751325309 480,61542582368065 95,81963387854515 5,364216983240526 0,08268570343605962 412,9745185504544 1,9909042969346924 451207,5874654684 1
966,5732055155324 32759,018215143482 1,9952511109573348 143,97277297518397 616,8127578763483 499,14558437040324 480,9603145225643 96,31915714359774 5,4181459552567235 0,08448774821745265 414,31254783644266 1,9980380195277223 446074,7346076255 1
963,3193020669055 32502,909124932765 1,986936124956979 139,08072189737132 612,9837468807706 498,240530147987 473,544065598497 96,63491639938175 5,397160146344396 0,08356299071119921 414,33269246856656 1,9991687826422702 451210,75956320885 1
967,7343568169233 32741,00612347131 2,0039676252332 140,3294196401148 607,1065962232869 498,92661101603414 476,0394984745999 97,06241676036883 5,474905089457816 0,08607101938228211 407,92637401241115 1,9927086329094332 456555,1814586458 1
969,6071003895755 32565,20237935405 2,003727445202063 157,4794580097478 617,5457741544037 495,2997227888526 477,13855875228643 95,39944418379925 5,3825565918904985 0,08645301245454483 414,86509075268134 2,0019683503572616 460974,67400945694 1
971,954234724446 32854,31709867921 1,9897822887463115 157,33576241140742 622,4527639808917 499,44708661779305 475,6698993174266 95,09036674002724 5,413495998657583 0,08727883814639886 413,43589982538685 2,012999077750449 460237,51691403653 1
967,077937295244 32904,719601337085 1,9986420891808638 141,92976526305432 620,3819047589634 498,60210487392703 473,99930341140555 95,41453248778797 5,437543540992759 0,08655659450515746 416,39747638143257 2,005281212474392 452622,2247245466 1
969,076345027809 32407,117120090323 1,9991331336587967 141,61849323363586 610,2645546001729 498,90688302473444 478,8920304683877 96,7454223705212 5,385692324858671 0,08866544282455928 413,8449620332377 2,0024592058361304 457792,4241024098 1
977,0638913121298 32644,688031760637 2,0042636326938537 140,5966423573319 612,1900780566135 498,6511006965784 478,9909068158956 96,48512989552239 5,375151367178253 0,08808572107069089 416,88850219132 1,9859783638571833 455462,89849535574 1
973,6574783548882 32810,031008442864 1,9838806415021504 147,1641608211482 623,3722174594566 500,1159031244924 477,80373996226217 95,45352202316332 5,38913769810983 0,08850236448227362 415,3247550453439 1,9988115672440816 453973,3984120615 1
964,630944579477 32646,622878498092 1,9767466454667646 149,4193655176555 623,5526467377955 500,7959159577616 480,6801696662236 95,64389675251785 5,390838101349067 0,09065586452496852 413,47102280297884 2,0080470009206497 456292,50132912456 1
970,5657036378036 32586,761343311508 2,007210345944036 133,71062930668188 605,114856984574 503,60551061952475 465,9386402757263 96,51118358258131 5,386594403682289 0,09004724230282961 416,33232610358357 2,006109510729305 457094,0697433783 1
966,05618646349 32715,787408299057 2,0156814788639283 134,28483640772683 604,9885214291073 502,6040153997098 470,350528772512 96,68810388474468 5,343605007955734 0,09060876478116621 417,5953929882963 2,004531417142662 454807,99856319 1
970,0573324753242 32844,5347522076 1,9872076028336485 175,96919983948072 665,7237148826902 502,376113920405 479,3704255470614 92,08211909518421 5,436661530504475 0,0918650556857074 416,80433948454 2,0089257067026267 455025,883101104 1
972,328446256658 32649,16487601318 1,986898624893464 178,00385428420697 662,4047165116774 500,7290987421078 478,67833804718657 91,60102961632833 5,348749139306866 0,09206689738885776 418,43291469054617 1,9917907935137789 454517,6309688773 1
970,642563181541 32850,19851766345 1,9905018218583435 153,20282811947305 666,1128497454014 496,7201504703287 477,29274241243917 91,49961851458227 5,40733098873208 0,09307406795450056 414,33673330246216 1,9853229724370458 452762,9926306722 1
970,1580102705849 32676,308056103873 1,9912622917449627 152,88405675163955 634,98129061524 502,56856691326465 473,43589982514453 95,50347274754172 5,440398117058992 0,09387412525743585 419,76142601955434 2,0096800977444964 456296,07269805175 1
964,6852791027269 32753,467397404536 2,0089828205641505 152,65120702039673 628,3187867627042 501,23435351806313 472,92903493304743 95,96699039895879 5,382509188585858 0,09482336124746302 416,2082969412741 1,9838865199190194 453011,98404654994 1
973,377934481474 32651,111958677968 1,986455431291213 148,38893833271777 619,6877374041849 493,07948010843444 482,8449131629569 95,23859470980591 5,41309525750709 0,0940384563756408 419,6205409941003 2,008498871302219 456618,8714747285 1
968,4792931742223 32746,787012158205 1,9816146740621672 148,77091757536348 623,9317846298158 496,6718491304246 484,6864449351902 96,31433848832306 5,406389416248876 0,09572447303607835 418,1910385034794 1,9903563484456623 456474,64022601355 1
961,9205107614156 32931,32305557574 2,003272183664027 151,2252585086669 631,8145825922737 493,64945891472064 478,7647070104959 95,26732671582012 5,423237454103512 0,09505120539506064 421,7925094412398 1,9899877663732173 460011,7402922856 1
976,1496495255274 32844,73154591325 2,006567047927132 150,5284601558108 634,4689948592112 495,846253124455 478,3861119642498 94,35694964472181 5,397348729782077 0,09696467550901729 419,4141281564929 2,0150309826992667 454240,48344340536 1
974,9348159209329 32611,409549018823 2,008224276740241 158,6185443663803 639,9904135051403 495,5853142109446 470,5662218143838 94,3034858024544 5,38701432477868 0,0966735263078189 418,81532620266916 1,9991873053166467 453188,14685317536 1
972,0907511865992 32972,62515201555 1,9980221609639723 159,5578313788016 638,833963452292 493,85589053985103 470,0713857049347 94,24940514705757 5,38426381676811 0,09870768589546183 414,6593201691364 2,0095558878723065 456561,3949907164 1
