Co2(scd40) raw_signla(sgp40) aiq(ens160) tvoc(ens160) eco2(ens160) rs1(ens160) rs3(ens160) rs4(ens160) rmox(zmod4410) tvoc(zmod4410) eco2(zmod4410) iaq(zmod4410) resistencia(bme688) Aire/muestra
966,575268382618 33137,978141547115 1,9985242354689012 89,53760672441656 531,8974941099449 558,0121663128575 582,1316095850841 98,94563598892184 5,4749216222857715 0,15707620241926595 424,6768901766255 2,000643749895609 498856,48691467213 1
972,0666607641925 32952,432550223035 1,9896847049569484 90,71155066281271 529,8317248979761 554,4109812899312 572,1152397198797 100,87438687286719 5,434120559303023 0,16002890101495088 423,5099457043685 2,013455205044761 495345,4167544139 1
975,5461428519989 33048,71016710551 2,003114972470714 91,05822746715363 534,3538549027054 558,0818126990091 587,5237812966843 100,36387974776332 5,437713910169287 0,16655749788826255 423,27688417682674 2,0111972919778967 496366,11437574617 1
972,9893078852612 32883,40775005705 2,0007216968269215 90,23825138323046 535,2409884004954 554,7824160940175 581,403306550005 100,1670741690335 5,422455028110289 0,16796258099639155 421,80555795025253 2,002390011997916 502098,60351496533 1
964,0355604555281 32830,819813929964 2,0063489635992267 97,76646903825322 546,4611511460012 565,570692863244 582,8460553521548 103,6717986482358 5,4543683722146525 0,16528344750173785 422,0447460708365 2,0013175254033877 494740,74021376227 1
964,2617089054844 33253,197048429996 1,9978753497329695 97,51090797069521 544,3112904896492 563,6943920686734 586,6895775556889 103,66994413503333 5,472425611341909 0,17254636016362845 422,8451163147299 2,016344444084846 496216,3229396567 1
969,0397866334408 33156,78002157387 2,000648372530677 89,47567203266482 525,8058629470465 548,5924018658362 558,1276683565718 101,05024103713826 5,506843903592847 0,17372448505667162 421,224273878695 2,004032576214969 496474,8260854891 1
966,9634389339585 33084,89800055762 1,9983605631482215 88,83960158914697 530,9278964222806 554,511701639756 556,2956114207941 101,38838098661273 5,412884143216718 0,18102596721732822 427,3002660570465 1,9963985292803847 495607,37951067515 1
974,6420293488742 32848,93558182234 2,0081181600242073 93,30196220054802 534,9529387197806 546,1760577706425 568,2508287169221 99,79513438436508 5,488777406773974 0,18010018154497195 424,43824919524945 1,988814211596229 496592,07413522614 1
970,1702444175297 32935,26592942293 1,9883411021561577 93,29173447608761 537,7841320922448 545,7222382716781 572,27346674766 100,75697035382176 5,4731123114381885 0,1871066950532946 427,599023058386 1,999888028767224 496791,10557305213 1
967,652412351519 33076,09412985159 2,0162042884545217 93,36847070332027 538,0358280242957 545,5970279306634 569,4631887983309 99,71145193098278 5,455227663038792 0,18609645546307257 424,8140318540744 2,002272081820627 495588,6449761665 1
971,6131095533128 32877,358251329184 1,9964810458631705 93,31469555272353 537,3902434220029 560,2553947583023 566,6554147437772 98,9260381055683 5,472276452980926 0,1941087174071043 428,33056286186087 2,0055809333893238 492687,11222265114 1
973,2081518183502 33188,81068696405 2,0002812864071005 93,28602194044336 537,9831579563245 558,0877213182025 568,0510374360495 100,67643413045052 5,480608576358808 0,193181273436717 430,0008573091687 1,993632978495872 489621,0488499773 1
971,0966400482336 32989,81600651577 1,998962112668742 87,98505596294595 532,8549665804773 554,5755331988593 561,757287773256 100,6561414044739 5,45290656353573 0,19245787313691395 432,11091296730626 1,990968424651611 492171,84646109137 1
974,3806439563218 32873,83915798868 1,99939564846565 88,63206999304957 535,2497461365298 547,9934537536528 569,3399569046201 100,16553636752045 5,466277455126868 0,1988696425063872 428,2231756480486 2,007806909775782 493389,911038503 1
972,9973378178543 33243,625948302615 1,990309488404939 80,04496339530034 515,5728885915048 558,2371148900768 551,2183064925042 102,56982723684025 5,463041163424015 0,20027520815878858 430,23794488897335 1,9856920578452788 491145,37513578695 1
973,7164351494625 32820,148395623204 1,9971755291904039 79,8570487772236 515,7165612597934 558,6621957232943 550,5130664402817 102,85616594056476 5,447766169073039 0,20578933455736534 427,61242978598915 2,00858084797402 489526,3968349969 1
972,2539670718623 33113,89973622219 1,9981052602758929 94,35067396290204 536,6531103227557 551,5731619936262 557,8305361342982 98,89436255454113 5,47839909376092 0,20664287275595022 428,7311608693693 2,007464380176923 487414,59053453966 1
974,0728522179968 33015,96687472882 2,0102001086293746 94,37167304123005 536,9234889371556 549,4237088960176 551,2831535588853 100,46072014357085 5,495225010990825 0,21243939304481838 435,0856676127817 2,000970870348352 490515,4813180349 1
973,963760814875 32428,32122444092 2,0001484785026467 90,0585081019986 538,6198399846448 554,4601736544805 552,1499862588123 99,75267539408047 5,45708826899106 0,21081003509704255 435,89709889504985 2,005289732381093 491042,5865214445 1
967,0967462736137 32811,57979683116 2,026070791941338 90,14191113693613 531,8868834333102 553,5532819688051 550,7181646984127 100,73173812014154 5,472159296883181 0,21759169874662934 434,640694410365 2,004937586204404 490775,0257462346 1
969,2533862383368 32968,421245655954 2,0103286493028993 88,98196813732355 533,501004563247 549,200692168611 546,8434368155372 99,84454945937502 5,490685398055348 0,2147438805464616 434,23029080117084 1,9981628962700848 487317,131016814 1
966,3637597456778 32765,793426768036 2,001590774714593 80,96422942193252 528,8200824370855 542,8485600535885 556,863636314521 100,7976147435165 5,415539875935717 0,2171817682006572 435,88804176837766 2,0011447231133364 488203,34541462787 1
967,7161810263462 33212,798222827856 2,000562210991562 81,25009225590105 534,6605833908178 540,4764665561567 553,0518036814309 100,72049843603469 5,474125855332828 0,22154325374130213 437,54833760744043 2,0095041187536795 481540,55925864045 1
973,9548542196015 33003,841935092285 2,0006038331028537 79,30364590162058 508,95521698310984 543,3904486069562 547,0342772526983 102,81277747756083 5,465420473479807 0,22227313441946947 437,13892778553645 1,9951090092924142 485237,67966756696 1
978,0934629944962 32910,39593859982 2,02683002012519 79,25630333355039 514,4014763446611 541,325587813912 554,0005513528937 103,29758265538919 5,486421486589872 0,231524934216522 439,44123179331 2,0004651741396127 493146,3022946442 1
964,1041893833644 33201,3636925398 2,008041111910403 91,32721759951855 540,4079924817164 546,7075170860035 555,3547076706594 100,34358477758325 5,485182087107343 0,22763637360046415 435,6461724806892 1,9957530651296516 491867,9913298179 1
971,2746437701352 33101,83107410481 1,9998702214685773 92,07500002951721 537,7474723261757 545,5598542336318 554,2192713540865 100,02885387766892 5,392899099149011 0,23358159237559184 439,2044332684155 2,0103898876441546 495627,9136927973 1
965,991652090296 32999,89221280636 2,0074723534863925 93,53678790865614 537,0376390064446 551,8548167942245 552,3123380841807 100,18131298057996 5,48419100426474 0,23468309348179484 436,20234023515155 1,9997805902606247 487488,6914477925 1
970,2125292956737 33041,440370285876 2,0103439652904505 92,76906181008998 538,4458013987479 535,7435622534709 541,3704027571445 99,69119595422714 5,492346103680876 0,24230458740673916 441,3928064869127 1,9997287351754682 487834,43473889976 1
971,3760962946 32784,492938258154 1,9923110379385265 93,28070294711404 539,1096858850974 535,2449485891099 542,5072059379875 99,79491794469871 5,423211328164091 0,24384292868003352 442,20120858377766 1,9684559644191637 488369,8836552086 1
968,8201013054941 32982,111785831665 2,0078295980910843 89,88925220816895 523,1589477162057 538,8404060479603 547,4780850637209 101,45904304144216 5,46811555587446 0,24284867622699235 437,84775705513067 2,0114238907032966 490929,81806016696 1
983,3198740221466 33060,3196442036 2,006259725656536 89,99352296375707 523,7169156123954 534,6255761222172 547,5499701448722 100,50378009798239 5,487913935834611 0,24707986573005106 443,01237889133455 1,986679700385834 481294,08160073246 1
966,3466268531365 32896,25619913883 1,9892382658662295 83,33741191498295 517,5685230848316 538,8358806200017 540,1052637971479 101,54582753597839 5,470137016806722 0,24556932482992685 438,40524056754504 2,0063304996326683 485771,3077701016 1
977,922301134789 33156,33198259688 1,9933658658952318 83,45912747696174 517,9553280537123 544,7370916033976 537,1651552127553 102,74371881505436 5,465345816725692 0,25426089416419945 441,5535153275181 1,9943627652718223 480499,0740847395 1
972,0019066441828 33003,69134167316 2,011123439902225 111,068012273837 562,5351077195504 534,7769818347604 535,9568422230567 97,1565696694541 5,461245754588147 0,2518985489857307 446,16729572346026 2,0005792345650524 480506,99008876993 1
978,4849230849263 33129,0290069214 1,9956640063213815 111,96390737607564 568,5413449412432 535,5635466493301 543,5209409489037 97,398207399584 5,46615177138954 0,25530417417887713 445,26402734716254 1,996338494706892 479509,81042784936 1
966,1022171872116 32934,046467961474 1,9945160722074473 86,91490327890719 567,3969525745064 532,7533075866883 537,7563914417887 96,39102176864161 5,458158439249702 0,2573308195679728 450,82707011916864 2,005464814989364 485890,4556419985 1
981,6679191642195 33098,882342159704 1,999828702596063 87,03440372248006 526,4275951018627 535,7324579008861 545,4090960648375 101,53266410816624 5,454194589499812 0,2604484419493372 446,68156586382065 2,0007570377361303 484965,96770585736 1
982,2480660250595 32975,966406756 1,998213526106866 86,31704995426216 529,3930009998616 535,0209017242014 539,4201643701025 100,97347924262444 5,452491128499568 0,26105620574445637 445,2361548608534 2,0063441152790893 485892,2479897828 1
972,1105824263519 32952,89722692619 1,985659420979684 87,9532911007272 528,704776200111 539,4468090578051 533,3484777194878 101,47249236960896 5,435647026496494 0,2601024523809254 447,12390731504325 1,9920356303759021 486635,39588714106 1
979,4560671305854 33064,76409322367 2,018709758467047 87,72046274460163 524,5497520318514 536,3369764445349 535,3284645228875 100,30978172536486 5,449516349586416 0,26659615274633913 446,3240520599421 2,0101692643628732 479242,3495614608 1
972,8959401763767 32963,60197535334 2,0015505215278395 83,5847890483363 520,0062618159548 527,4227372347145 531,3424156664728 100,64390657243163 5,485760662750175 0,2658864956680751 450,64570339333835 1,9889878160970613 475789,1201748063 1
978,3951268002797 33090,28693948739 1,9999052204817813 83,84409877922148 518,6915044972865 526,4040804803285 527,4925411485774 101,53515755584749 5,51401498955978 0,27057265225821214 453,93966491997827 1,996861355244747 483468,724373935 1
973,6402822488735 33254,73747182121 2,002802814662462 93,03532958044168 539,1465554724413 525,658131008269 536,6070250513156 100,39326735903462 5,463686703734311 0,2702448330528227 453,2899198407487 1,9867858140573373 484508,2248560963 1
964,5454819552875 32832,67497971919 1,9846464562092052 92,17520885023455 533,6734433560508 529,82809167748 536,1360439669958 99,26451835830537 5,456305603414114 0,2787276353304331 450,9576265700813 2,0124985618216065 482156,4057238084 1
975,2937326144337 32841,808092921056 1,9877020281568893 82,60961992420917 532,9755786578754 537,7813828207895 533,5562649469391 99,67997746441256 5,557796739882003 0,2756905542152196 448,92047320686993 1,9852374844329925 487250,4655873682 1
962,152379444485 32862,71027200957 2,0096717721242072 81,51059215079619 517,0840690802584 537,8380940844655 528,8399052448735 101,89854613426593 5,4877606752014945 0,27947035865566766 452,3787985797502 1,9867569224513613 484599,2092695098 1
972,1596929395182 33027,3481614478 2,0048266441340634 81,64486442070049 521,1331600159011 536,6517712885062 536,1303150506194 102,19348875806824 5,452316171724086 0,2797282966098571 455,4687993098808 1,9839377184154656 482436,91270956537 1
970,4315446101659 32975,896646342444 1,9939135039550315 76,02194113725537 539,7526910387502 533,1252104547086 533,1208429147679 101,15392076277303 5,434783892135625 0,28315294694543824 453,9421300240422 1,9908286272404796 479517,8826122427 1
970,2731706602043 33115,25712395821 1,9958745092886887 76,01380535306667 542,0654431910456 532,0377387941036 536,4722672209713 99,65689116834281 5,452072019210207 0,28431711043020097 459,234685849965 2,009187606813921 475332,6676999187 1
968,4244475415005 33263,59297011361 1,9974026095552464 101,90448557963215 549,0554372309447 521,9698569502413 529,5478123497173 98,09303075714024 5,473276933649823 0,2841617926054784 454,63212990899916 2,0013693949737905 475802,17515055195 1
958,1133567766724 33125,41743670659 1,9806390107152159 101,69796687878765 554,6313386345236 523,6064894004464 528,5245162965535 98,87168340041596 5,545909121052814 0,28736113046583334 454,5017693182739 2,0002927992505493 482836,3532958627 1
965,7020514643377 33027,995585528384 1,9918008308472965 89,74335528662779 536,6187621046888 524,7176596539651 529,2472587907033 100,60824602880501 5,459154843680441 0,2897045313163484 460,7027917021515 1,986639174152372 478114,8735269753 1
977,3078386072382 32997,31295565998 1,983129878602135 90,63689716550714 534,5038513412519 526,1403056229396 525,3037076756428 100,98269801873568 5,452557561424039 0,29234901766957216 461,3732380568186 1,996134263777156 480329,4942172814 1
976,6136830613759 32875,914279354554 2,011246182192729 97,60706162638962 534,0250370102265 527,1694887578989 527,1447091230907 101,33066242186747 5,4550235514511645 0,2917478163090848 460,61186525934977 1,9909660967008593 476008,5039605786 1
969,1081840265819 32949,57440658892 1,988680634463119 96,6673793824886 527,126359765581 531,7616696177427 538,1544804475166 100,18253520013435 5,485703253314929 0,2970513381881409 460,1241030957202 2,0045434168467 480515,73794333386 1
978,4041533856326 33042,17002210224 1,9904984493721913 96,33550145512358 535,5366646199394 529,0166895681825 538,5575497455676 100,16807288297274 5,417182143132717 0,29644182565550686 461,095192511071 1,9954760979001722 475566,3034373241 1
977,3063394373165 33021,59252702076 1,9945937932054547 85,93779352697096 523,0025439451681 525,1856743314116 530,2430613635476 100,63801799388396 5,448899321712936 0,2949999795182785 464,27151489868356 2,0083908392717738 475711,3745359364 1
970,5919231362042 32871,038235669024 2,0008723180743875 86,49464633395745 524,5771693471086 528,3778547871107 532,7085853551861 100,92240865218395 5,453970132385171 0,2997487557567373 457,2060098110134 2,0032507521871374 482649,05293315445 1
967,959321891221 32984,18399927365 1,9922992040924377 101,52408290632714 552,1280367924967 520,5559744694592 526,6079745431648 99,57523677303723 5,475382899678856 0,29977106718584784 462,2862895937053 2,0138242728402873 478720,06344385457 1
966,894690169643 32914,5980943986 1,993288642507405 101,11130915578644 546,4033826993615 516,9322449667211 531,4936760797849 99,52777112879986 5,474675823463105 0,3049829375873258 463,71462549782274 1,9928262603049156 480097,50523782417 1
963,0420253858892 32924,06125320431 1,99963941365246 99,9132734807978 549,3377420857091 525,974406954681 516,8596788614999 98,60051651937184 5,466820059456414 0,30353740788159655 466,13351425032766 2,00099347844323 484213,43536830164 1
981,0762479601607 32699,874448406696 2,0067539159900267 100,68548435384483 548,9221103861992 523,9999474208249 514,9692419799178 98,72198841900268 5,452193948660337 0,3102065799916074 466,7599636376095 1,9941796988052107 479807,41831084137 1
973,7932758073761 32955,72654444085 1,9802786159121593 112,35423587917317 546,9986507320207 526,152282854824 519,4022549345862 98,03658839067522 5,447315503327283 0,3062278805044187 464,2018216845531 2,0168203298516736 480273,83300048433 1
974,3098090154008 33061,026048581065 2,00393895969981 111,39620253363569 530,8770465825485 535,2267916764085 519,7175672925258 100,33723966867554 5,416748022676806 0,3096077301525691 467,279942361587 2,0069949923641603 479147,9812733755 1
975,3971835240077 32932,598832701595 2,0142911616573547 110,68048006620447 525,1705366990667 528,5688942046875 518,7936522817481 100,665845111727 5,529775359159105 0,31140463779365224 464,98097924925213 1,9897727301728632 479001,87114407786 1
981,9284388510345 32943,77130666137 2,0055538513305398 101,11176680564003 555,7005143148011 526,1064983243598 527,5585991788298 99,07349019670599 5,483670573766992 0,31160660210578384 467,98604768086375 2,00468162703385 474260,09198785946 1
971,5400245934152 33085,435039282595 1,9882409548933773 100,26107480892333 549,9548917532429 527,4436610596813 523,0055912811932 98,62217493200822 5,536188417811038 0,3126750178079697 467,6280205035689 2,0114949903678685 481339,3156121084 1
982,5525045320646 33081,35127299698 2,0163329208995635 114,252660643542 567,5321544465637 518,5807922449875 516,7707651596057 96,76142448255878 5,413079146829849 0,3172650238582072 468,408050153696 2,001633357940891 483844,47347133874 1
976,5583733567595 32975,10462930643 2,0037773642609444 114,71519602976117 573,228354311334 515,8430231802672 521,1096264004033 96,69392479547076 5,467613453633021 0,31707157344057857 471,8318515739054 2,00303517294994 468808,96995344636 1
985,5121070820958 32964,79777467917 1,997739192026597 88,53109853803116 526,1798893084506 537,2629953072092 519,3131640959822 101,81769516251676 5,474952779575097 0,3159315433833304 466,4537288115919 2,015717875220557 473525,69158360804 1
969,7744861404605 33219,03464701245 1,9946867485017898 88,88849114699238 533,2908400070982 542,5415023117913 522,8069723615246 100,5615963328162 5,439574081321803 0,3177772044384465 469,9916387955129 2,0137944423217573 468598,6540992442 1
973,9344554651825 32925,92940621068 1,9914121430980134 107,01981153600852 531,5811084840758 538,7291019528675 519,6038641740632 100,33904009109192 5,419223819785881 0,32012228507848056 467,20165762241635 2,0054494286227538 474907,33297832776 1
972,6640736643519 33105,63997501982 1,9986977452982897 107,50420541136937 536,2376778979905 531,0198179665965 521,455450988866 101,10296070978104 5,436719572919535 0,32285804766554177 472,8042725549141 2,010848118990489 474640,5914870786 1
970,6029248603606 32814,549213659535 1,9919462013637903 107,6626176182852 533,9993975165801 529,1714324026151 519,0078772677302 100,70373568314065 5,446599211666942 0,32468385043979775 474,4528736111933 2,0028153459257445 471996,85246579844 1
971,8715484699098 32971,03529661354 1,9936155026072193 104,22061271616585 556,239182247501 514,7826038380462 513,9080620581342 97,91270841429885 5,474876054487102 0,31869090292401153 469,39411491052675 2,004552005614392 475273,1286342876 1
968,6387546038821 33096,67417317513 2,0022117526965886 105,23475430430562 559,1984769889109 513,0936828838752 514,4025230703886 98,65417602465563 5,428944523452682 0,3213707400561905 473,7874732214279 1,9962629945421562 473573,6877071322 1
973,9240786360567 32668,156293469663 1,9955775125678923 87,05279650391077 525,4994117802256 525,7620019335479 518,3084205762016 102,08330253228031 5,469158341837284 0,32652093673867333 473,485576348593 2,005522388174636 471084,1413096721 1
974,053249198833 32899,11107033725 2,00345853615444 86,97625430071781 523,7154170788552 517,4977107340793 523,3035865398017 100,71890976960324 5,481721814940594 0,3275724373047716 471,9643567703223 2,0120210641959364 469536,7631330217 1
979,6368283531563 32817,24647057275 2,0002811710639072 106,82112262955324 556,4885989106295 510,66421881424833 518,3926266307392 97,04811139097059 5,462784449769378 0,33284074682544973 478,07166800482264 1,9891510017778196 471615,1883766496 1
976,6097899445929 32647,69404751854 1,9945826737109673 105,95211033610003 562,9766002465665 513,5292690850896 516,1952188317331 98,07597206272327 5,434313383370959 0,3320080662198549 475,94961753640496 2,005176064632821 464681,038953048 1
973,3168335418203 33003,34491068602 2,002413391167393 92,85985505968246 560,8340115292216 513,3170931300542 519,98706962955 97,69618954991527 5,441536327638581 0,33104685215381324 476,4662790128014 1,987529032845578 471927,9049631842 1
978,348899797348 33137,00834679816 1,9968505848312408 93,03311679075723 567,6926678732996 507,55012690044293 515,7065209382624 96,89942935823022 5,4666800541460825 0,33536777736350554 475,30398160181494 1,993402174296107 470891,63299250026 1
974,2321567762838 33096,49684629124 2,00326277245632 93,39180841923418 568,1298054976883 502,74036834087684 514,8890894694933 96,25846842778361 5,489088630614717 0,3330487668802263 477,7028037912288 2,003912261369309 471771,8846779579 1
978,1839948464152 33001,41034054029 1,9859647343370843 101,31973952400197 550,2370889853643 520,3246469162184 513,4309155747009 99,75414732203993 5,510478876624165 0,33246700875672247 479,64717119600243 1,9857988245950653 469097,938804069 1
969,478914556375 32835,41705286852 1,9888722334138609 101,39473724817186 550,6428419931426 519,3090380566397 510,8896392397456 98,59613387334953 5,454559019684488 0,3414920106026623 478,4020995713993 1,9966752006273336 467992,26586655586 1
966,5751013570325 33034,15202069209 2,0068077562396827 95,15427580611313 542,5500509865309 514,8735828260862 520,7615841947764 99,51578073662732 5,441659488765015 0,3384035398917875 474,82943455624354 1,9985261085062402 469640,49966807244 1
977,6542583897816 32839,98896240022 2,010700123701043 94,87597733271328 537,6226092907493 510,18833654897475 519,9283831588917 99,92047500409764 5,442647260742285 0,34246406491748443 478,5851790049422 1,9809954341374072 466248,81322404207 1
976,9813376476598 33321,04391423154 2,001363987385578 109,55237357495135 559,8743886102812 506,18000591082813 511,35669588421047 97,3865681841671 5,423762765951272 0,3395052021980542 477,36505613707436 1,9998251787855597 463834,00718967523 1
970,8873781180384 32677,124266259067 1,9840062088886739 108,65265104798452 566,2178303023145 504,6942326917718 508,99182171863134 98,01507907422067 5,47422323661919 0,34520097015280593 484,46114036852987 2,0015056391409476 466902,7485335385 1
972,5553216170799 32804,09006719414 1,995873367396633 103,9525147350825 564,5495207947802 509,42839088890685 506,85433310000155 96,75567191284473 5,442194211253087 0,34608122000024805 479,6925629571934 1,9869503940573865 468889,7331126507 1
966,5411537246471 33005,48302930708 2,0049038505059236 102,82591436519164 529,3278534527326 507,8559734167952 514,2050715566414 99,21061764718779 5,427926433132931 0,3463154566518017 482,64873217317955 1,997152995876774 462431,48340031924 1
965,2516966028643 32832,80262995929 2,009102372155045 102,56393326278041 530,7343490626148 504,3409429427258 515,3659587160753 101,36704581071373 5,47850157011645 0,34865275668275064 481,9040323420455 2,0006880915985965 468553,70153385506 1
971,8240788344964 32964,729144159144 1,993089999020415 81,74206442721004 517,033814961885 515,6025180554333 516,4254082319225 102,51869539163235 5,479056133171955 0,3445056483907962 481,10338543704955 2,0144988861999504 468440,60306694574 1
973,2851491743866 32944,08423162726 2,00270293352352 82,58141963200336 517,3831037868043 511,15119081531947 511,5254577396226 101,72560454870143 5,409793842907074 0,35286311919184515 481,6664188168743 1,9841640773488984 468777,1945956939 1
965,2286383715423 32994,690342274516 2,0119301841429347 90,6934979604425 530,1158806958814 504,3240142362177 515,1825111600606 100,53647626571986 5,483662145409382 0,3530208319696868 481,6200944581433 1,996608382600293 468902,5602388246 1
968,2515579935592 32875,13643953072 2,003628264125264 90,28054197433451 536,9816919499691 500,74387074499657 517,7073223070528 100,31917872613901 5,469400780709638 0,35328145812865486 484,0345735154053 1,9812216082052239 465088,437388071 1
979,1714002436106 32850,6603114679 2,012725180134521 96,37502503817633 541,3672661460935 503,59276412559115 512,7827628763395 99,236975569848 5,434545053594153 0,3562118144724633 487,570043060793 1,9989438694746333 463932,2603415303 1
977,517897213386 32690,901572022183 1,9901386746807463 96,72435744510432 545,8584581719579 501,6117799587708 510,12257466458846 99,7607595084291 5,495042560120125 0,3574493189190594 488,12388134355564 1,995124267188851 462295,10161900084 1
