Co2(scd40) raw_signla(sgp40) aiq(ens160) tvoc(ens160) eco2(ens160) rs1(ens160) rs3(ens160) rs4(ens160) rmox(zmod4410) tvoc(zmod4410) eco2(zmod4410) iaq(zmod4410) resistencia(bme688) Aire/muestra
937,0267975817846 29726,827939341078 3,0194761562660704 400,76882417333127 826,0710054011349 334,0705664778071 337,92518828172757 70,9029271110986 5,309596154987261 0,015824806644877162 402,4695985249292 0,9939157439914557 434541,5862599866 1
919,6873981379864 29479,909053233252 2,995718460259693 397,07316681725933 830,2105730344591 332,4866280970406 337,43497415150944 70,79094863032415 5,327368969678307 0,015722088818512756 400,8845798132312 0,9970437049046643 435271,2971713257 1
923,5567394370007 29268,545705200944 3,0024812482656102 393,24895319377225 828,6267588437364 333,1936312577319 336,0102343995022 71,3982995979737 5,353132824697948 0,015823689622884385 398,97891646134906 1,0034021419402865 435215,29418209306 1
919,0924622863379 29538,04556022641 3,0005200991646097 395,7294489807226 838,1129163595351 329,9075234462615 330,16741173889613 71,35098980887834 5,354007487443432 0,016094148727125845 396,9332591356614 0,9970920285098765 430942,6393585708 1
925,1265042532574 29345,390261356562 2,983887520086236 394,3759253381907 829,032157864838 328,2908853412954 327,98843943022877 71,45853619746245 5,306562624147481 0,015941843847677665 401,0173386942731 0,9953227046871737 432672,6544546727 1
929,8946194678466 29398,43564762021 3,001707385870261 391,3179535020193 834,3267620965772 337,78789829609934 329,96381352107375 71,43324060053867 5,344891475433584 0,01600006313120819 400,30828390144563 1,0024528073523697 431438,2897265562 1
932,7746985353031 29240,078480990916 3,008638732281085 390,00474607004674 832,9195369473891 338,25621762020205 325,70041732572156 71,17491708671498 5,322318302331346 0,015864669132989933 400,3842959524625 0,9958149009522365 428871,21902063093 1
926,8495217108468 29482,71255732749 3,0284746944821306 407,7532548728662 838,8914645556858 333,1935581364854 331,03007757351054 71,11004714857226 5,36230275325464 0,015863691517152903 400,86465721432234 0,99420193589499 427871,01298291486 1
926,2334294169045 29231,58912675862 2,994051976475045 405,82151343229975 833,1662741059698 333,3751407768853 334,69599752818493 70,62912988005233 5,3336555785010695 0,015758510392509223 401,4248362661595 0,9998669262602107 423925,46927255037 1
926,1438081126971 29500,433105695316 2,998444243698736 410,0878153713854 839,978391235416 329,299904117244 318,9268781981313 69,64026056189769 5,365905710285241 0,015851559687433955 400,5263600415792 1,0024599000578909 422707,02081538725 1
921,8951945888506 29541,967223948173 2,9923159519542306 412,2219239362522 852,3673361939574 331,5892379101382 319,7531400696023 69,9819127717271 5,322980865035798 0,015978808618157328 400,8537414296697 1,0006202809324143 425040,4748007627 1
925,7658363667232 29144,347233648095 3,010439487188002 408,52215896463696 840,806755960391 332,2158226876543 320,01669447456555 69,21385167820237 5,37833638390474 0,015771267641326747 398,16210522514444 0,9897548794478225 428038,2277582447 1
920,2350370424331 29136,517328167414 3,00583456777898 404,5712512469868 830,6065270591585 332,27854915205614 320,04687954040475 70,2339938137679 5,30848860624101 0,015810223797253938 400,0901600443732 1,0003040903244051 426538,00862884044 1
917,6042370247968 29256,89616427742 2,9970153273133313 404,5826141232733 840,7897279888991 332,4135393836629 320,83069989632105 70,59769223035671 5,369776258359365 0,01583772211446693 399,45803647220384 1,0039081899262063 429848,59613295726 1
921,1014924098642 29162,947285373797 3,0040600682017096 394,7379508610795 826,9830105504728 328,0657706188365 319,2877630182889 70,98685900873812 5,314898032776573 0,015942479338335133 401,615342661297 1,004210588241638 431227,07824428705 1
924,1527833686702 29252,432001805297 2,983229309960265 392,42532373161816 831,5979566012668 329,2628528017077 319,2934644537049 71,12115592782715 5,341645482166989 0,016146837314377292 400,13944604508487 1,0056542631512173 422583,99787651165 1
924,4009601150187 29116,453830388793 2,956772304586705 412,28901675468205 831,892834381192 320,0456699470189 320,9214565092704 70,19506296450082 5,371575351576777 0,016175718151480546 399,71569219680447 1,0003205374251993 419466,6741453267 1
926,3376948994903 29207,569648877005 2,979996285935225 408,9801562850471 838,4981401038299 318,86324830665706 319,0851060150702 70,25765283417924 5,299619699328084 0,01641009628534284 401,40233586493866 1,0030934914024208 423746,0409640891 1
926,7866360399192 29035,44368006396 3,021609124531708 411,696864492846 844,3619134015842 324,56680960442407 309,84533022855123 70,03424259630981 5,343438114132289 0,016421577218703118 401,1419197632792 0,9939187757874383 424593,94900251867 1
917,7459498477638 29216,3072899289 2,988538195635505 413,42532807323016 840,0462767526483 322,89206139859215 312,976014545561 69,20306765264012 5,332992126100214 0,01665597362796988 398,0493865354801 0,9968990501467887 422962,2255228427 1
915,8045211566781 29354,027643519166 3,005569310306093 402,3846319319391 855,5480145522444 321,95325815549995 310,91806138919077 68,92660558827961 5,365585138004328 0,01678127277126783 405,73805047476634 1,001518377090054 421370,637007982 1
914,2255195462194 29180,4382375701 2,9883870833919257 402,5997170249443 834,7229606066647 325,71698910442046 314,861646381646 70,91491679256143 5,3618076424104055 0,017431840485310712 400,21581105406045 0,9974362788285799 423897,32042277296 1
915,0424848060662 29044,516340117072 3,0014107226766704 405,09766111347056 833,6886599905966 329,9006925955055 313,16522935353464 71,36334570905989 5,36008293166996 0,017733204858346348 398,263337936421 1,00094649258448 420176,6748610144 1
924,4492396329767 29358,525366204718 2,994004000582366 395,93496759570286 831,9757184553143 330,4681818292779 312,467201600643 71,79325413381046 5,338243549755091 0,01761981099122513 397,7237870202136 1,003241463242426 421459,93855835526 1
923,6928930544792 29096,87729608838 2,9771720645790007 396,0146811013569 826,8965849444525 331,0630345926227 314,1867084504461 71,23522550436154 5,3380214921813005 0,018572427243469122 401,39081273593024 0,9951278048162924 420129,76865790767 1
919,8052078208501 29126,010152162176 2,9972316697296293 389,40733974931777 832,3039208996719 322,58039340527796 315,29828691733127 71,48367610671856 5,3871772681501255 0,01853699403692999 399,94899303985915 0,9945999929986936 422954,8377571783 1
916,8859032591988 29360,100421488336 3,0215752317811893 382,54906535583433 832,411171114355 318,5373297128728 316,83072236100975 71,79720873562307 5,327660627495027 0,019819921432267545 402,1340589859589 0,9983696654153891 420345,47964962386 1
931,5420690451288 28956,68472091875 2,9811769590894044 398,22118013035407 833,7113405500254 329,28169786898724 312,08382102964435 71,00000003842027 5,34033720525818 0,019893330864083975 401,0026046079739 0,9985762680808008 420697,27292085387 1
930,3496515593613 28983,811334929767 2,994349472333971 394,2585464712343 838,4088550083535 329,3117223292211 309,26703476359455 71,69442125058009 5,365882760357887 0,0216205750755482 400,2127182446979 1,0006858398081928 425931,61541273986 1
923,3019628155762 29325,916448851644 2,9606830302666887 402,4233817201815 837,6689799955095 329,32327949335405 310,4277294888458 70,92466958191908 5,319343369299674 0,021535943243050065 398,8996250884147 0,992228705708394 416466,00422245136 1
917,369514497976 28899,253950760434 2,997312559327099 397,52472653574813 833,8031971428397 320,67093811548676 312,19968007375144 70,98382748120916 5,387318634566517 0,023534376770255633 399,63284530613697 0,9956556442010316 419195,9825006753 1
921,6265909492769 29191,223415761877 3,011252590455058 402,4741043031734 837,7426348693073 318,49023799440266 312,6308790264684 71,22022155013791 5,383781892112441 0,023595322031821502 398,6026897980231 0,9948399091589555 417657,06393044256 1
921,7175169253295 29275,150089886673 2,9843393829555063 415,1854662154552 840,642767661111 319,5092128087832 303,1599051078072 70,95244965720566 5,302197412584024 0,023513586551116905 397,31328098028104 1,0026583653804568 415227,6907372389 1
923,0427397650927 29076,886685727153 3,0046377670328335 414,1385504813788 848,912609160574 317,39524456983406 304,8554086929279 69,71045068366048 5,3340232526108675 0,025045056177102627 399,3425849506286 1,005256712690418 412901,86679295194 1
923,2376531416552 29051,1306415971 2,99805130905399 418,50278081094507 841,9082826893112 322,947233335675 308,99799336828255 69,87217481515185 5,322204265991155 0,024768631896768534 402,10532490351846 1,0034499791623872 413930,02233381086 1
920,7255732442047 29268,734975481788 3,038918667000262 419,5186536102307 845,4124332316417 321,1168847312133 310,5806921405122 69,872792328562 5,377304902338174 0,026665294728066787 400,61045190661434 0,993652343483548 418273,33796859765 1
921,884803416623 29255,550954665392 3,0133930163653977 390,74983778998944 835,1828073934785 321,5402751565494 304,8124327428005 71,55180453886472 5,334688585492811 0,026522662575461344 400,42350712405783 0,9994864838451499 416600,9433305009 1
923,4089858587632 29050,48330687154 3,0075888592918965 391,42411627264 831,6391776707603 319,85626714751845 307,7970449408859 71,51145423189124 5,309370061489624 0,028290270161487347 400,7871865910434 1,0031007701988228 418257,8591962321 1
923,2332627536242 29072,202786042446 2,989441843926713 372,5737698362701 829,8969877559343 320,4881263539488 305,2790300103014 71,08668453947499 5,355346281686305 0,028175868066142768 401,1581034325709 1,0050162377971823 415355,36022832355 1
920,7034001840021 29271,416985612977 2,9781273549219325 369,9034245060648 819,3322477739035 321,1214516329282 305,80408076231913 72,64415117699048 5,331923718886603 0,02883191369443735 400,2850816723847 0,9981333041953482 416093,74508285 1
915,5830756835886 29147,88456123327 3,017283409077147 372,7441932813391 825,3294168080615 319,29496275318905 304,0346941341752 72,49561195082596 5,378476430768022 0,029187896139218888 400,538177694918 0,9983305900588546 414736,18317968963 1
912,894727469467 29173,257223430333 3,000836378590262 349,50277709269534 820,5954759540703 321,12963202423214 310,33044778664134 74,16580911224261 5,346507223284978 0,02920135739830056 405,7369970192619 0,9974766417745913 419327,2328579876 1
909,0703453725891 29188,859103753897 2,9846310730821677 347,2418991176286 817,186470850275 321,9091906957297 307,4894828215545 74,40901969066527 5,325179598193279 0,030046683490666047 403,8985205531624 1,0062439689478764 421054,09035443404 1
920,8784103638851 29095,032061640028 2,99032004683605 376,8313097087586 824,3198202478762 316,96797285680015 308,06704492842044 72,49623020736834 5,3539915026779274 0,030012535682226775 402,57498803271454 0,9917042731330855 418475,67020301725 1
923,9422530332018 28937,591312805052 2,987000964451635 373,56072828229384 829,5119644389596 317,00228526573113 306,37979825190115 72,4627981207858 5,3617516027210295 0,031500265672500985 399,22395771302166 1,0025831248338481 422655,347838118 1
919,05893903657 29056,077472331337 2,9746359189614333 362,47090981687217 813,5527378099287 322,9484496988838 310,02834177280397 72,66504447627506 5,335788901488263 0,03149104634023409 399,3544980060204 1,000483490608539 416844,2131289082 1
922,8911093987721 29321,49352932002 2,9943474133826182 366,3067596171419 809,8660169987933 322,5939110055614 310,4274429344395 72,8610881866429 5,344444106048459 0,031917281819944174 400,4341048397265 1,0059009670437795 425112,38947422785 1
920,717681670663 28977,9273837748 3,007174749837948 373,7043364623683 826,6365089803579 323,496192025513 307,10073659215846 72,97725789376557 5,392899167295415 0,03167600902027657 403,96167900101216 0,9964996079103786 417564,97603624995 1
922,4859953034168 28948,750595716752 3,0048023641011063 371,45446903055483 825,4201060451907 316,0477365191866 302,7497880529126 72,73984724901374 5,3226073354830294 0,032442543663288956 398,6953461847052 1,0081458636791403 415481,33405550837 1
916,6819338730344 29124,438063179616 2,9963782898176814 369,0312114262733 822,7192398202096 318,53979357878853 302,9156307243297 72,8679653705225 5,361568901832825 0,032383994368440985 403,0311148375756 1,0041656359475968 417654,33776777895 1
922,1833886136325 29178,244502963735 2,9982594837503718 349,0284603330071 823,317715226148 325,9016803121885 307,5599854676736 73,85547155272177 5,332212767616232 0,03228700400994279 398,7110603784217 1,006126846403254 417360,882333462 1
923,8622206412292 28979,13297625802 3,009603500470072 351,22214109143755 819,2750584473819 324,8477371115504 304,99590953365345 74,48587956329906 5,386521552589517 0,03289217559693002 404,1286370505882 0,998881377049604 413751,0144015664 1
930,6192872724315 28917,434008128977 2,9872235120961608 381,26665857314697 833,167718668997 320,90733545432556 312,81671899486804 73,31878632173589 5,349044488665345 0,03294677301644311 404,4951683434345 0,9999661805856436 415322,6001202236 1
925,3210461818421 28971,03457040446 3,002367540026687 376,20659282677576 821,8435083388623 321,08151676339895 309,06332118223054 73,12070769252897 5,302783060471498 0,03353751154380851 402,93164824268604 0,9993562822951078 414530,76313126134 1
925,2720278907171 29120,94914922016 3,0015499570204733 359,4919741612792 815,3405450150151 319,41626442457874 305,4204833315691 73,39836894698531 5,334703357706169 0,03359661529618462 404,72907352357385 1,003985117876096 420074,3007186203 1
928,796603342039 28978,68391361475 3,0222068401450777 358,3020335453976 818,5972837913098 320,0617571680575 306,90899000137347 73,69624914639547 5,326885971663328 0,033385946774742686 405,7632278891756 1,009350086114989 415712,3762878224 1
916,238220252739 28827,550699700318 2,999362764085934 360,42744576888595 820,9295503323025 318,06927225701196 306,73034153352256 73,09925376756102 5,355061900618498 0,03362380855736062 405,11192457334266 1,0131439761369647 416659,77373236103 1
915,6895407295601 29130,143932230076 3,0061327050292848 361,0742752178495 826,6611608376801 316,843899239294 310,9496136165392 73,14842148907698 5,3572384813211675 0,03401668028973771 401,6304485882219 0,9971266878601339 416416,77456603764 1
919,2643509510897 29042,300272578537 2,993780241461437 358,3510850451348 817,8344939250426 318,3125459624974 312,45940234201623 73,80581102369669 5,372200796047133 0,033709393700164396 404,0200719929775 1,001604904769353 413571,27278503287 1
919,6849041895778 29095,548836709924 2,9996243389637005 361,0307421099944 818,7839916575771 320,5971098007518 306,7566702809293 73,50951651682274 5,336667204481123 0,034091123511927356 404,4769763755558 1,0064677314896011 419938,7486435587 1
917,8328342959943 29023,05612191293 2,9756865945535034 362,46648266208246 822,2148982799774 321,261224550897 306,68001143666805 73,27817396153043 5,3628678732223545 0,03399473314131117 402,95291075288617 1,010746699187574 417983,70233339764 1
921,7229074212098 28828,671971176438 3,0117832496248025 338,0592285235113 821,284630557896 329,84069494570304 309,2854457493523 73,5590175015631 5,301300195030131 0,03374811634272446 400,63255318600096 0,9957111300759619 418989,1804517849 1
932,27918861833 29311,013052565948 3,0203591747996343 338,1647039036731 812,7915849311408 325,4246128906643 306,29626973633793 73,83048604577485 5,3264066305166295 0,034578035322224046 402,6648027029773 1,005375806684366 415806,12468522135 1
923,2335050087162 29142,458943502625 2,9983373316253115 387,7415720692061 829,7888812982188 316,3762666189262 302,38022635817833 71,87656904941277 5,360188693885191 0,03461883682571002 405,2328352479888 1,000879509474029 416290,6008130269 1
920,883122903127 28800,08405110059 3,045115111411098 385,5969318741107 833,9182842416695 317,1501612625047 301,23238272835516 71,35166412861275 5,35627495944995 0,035308177590037196 403,2673263303736 0,9948362356576803 414887,12585175934 1
924,8413108877677 29025,087931473405 2,9934216875086355 379,7971520888798 831,1079747976879 318,8092090714879 302,4681910659301 71,52456126577076 5,342433504585569 0,03523002254286923 401,90902643879156 0,9996286024449613 414031,7326332049 1
919,58986878856 29133,855615800254 2,9945416301273498 379,1926486443811 831,1978397915607 322,27196038362354 307,46184211093737 72,70078077683756 5,342055271889229 0,03602933614661157 406,0385332620889 0,996200354786495 416795,2806827882 1
917,750417322193 28796,78156150459 3,0016455452883712 381,07749145400544 831,4084012922534 319,7920076023522 305,9364170919092 72,05434736479265 5,326731292800795 0,03605784181073324 403,2847789861387 0,9939814429756081 410644,2633363332 1
914,4626351763898 28975,199116273197 3,0087793050221707 370,1302951887227 829,4123284346989 314,13357915615836 296,76036596081167 72,65153638380166 5,352707911114701 0,036312122818019564 400,8057839341276 1,001049691464005 413012,30983641645 1
924,02603875037 28906,41730453237 2,992652379603089 369,38346678322785 822,9828914872063 315,02633209430246 299,8092260689467 71,96760253651863 5,3410029594628545 0,03666977366550069 401,9711368231292 1,0053205314231661 413239,2212101174 1
920,9848394339955 29133,165347797145 3,0031660948851977 351,16100786248086 816,7992205282673 322,5315441389053 311,0310652456673 73,78625721234586 5,313449902021068 0,03688720605310815 401,8241967573653 0,9932622310124337 410733,89774024434 1
925,7034875336573 29302,717272754515 3,0093859739185214 349,52419015319526 819,1625132456417 322,83971604606603 313,5443666680719 74,30435819643732 5,346171641761002 0,03704159698747451 400,3150385526932 0,9998978536037806 415339,08958309644 1
922,0145306243746 29115,087540287772 2,989492125200343 334,9989880518513 815,2061380884436 320,42385647433264 306,27063813614404 74,88509432410763 5,404563618901996 0,03699277218930636 402,161301557814 0,9948141380317256 414879,2425686765 1
919,634061403852 29006,98083074839 2,9861426579401305 336,28277520196247 808,9739781572728 316,35929877026985 302,6473525292 74,15940443425316 5,354958583958848 0,03774033611175476 402,82239337816736 0,9883444282021558 414775,0107032619 1
924,199581386695 28955,198982707614 2,9853062991021964 356,92037267201545 811,8751367768765 320,01776772279163 305,69173743602005 74,2154634822949 5,308559162692462 0,0373405544435782 402,6404590215413 1,0069275116303067 413706,60873277456 1
919,211526999382 28889,126650136022 3,0093306923846215 359,2401312961406 817,5596508605055 326,97958588499245 310,71058265270244 72,81140203514667 5,352007257336329 0,037787530569064615 404,372481917278 0,9970117705838243 410985,58685194264 1
918,7320318899322 29037,26480780475 2,999468042894328 358,0165481497366 814,2181485013405 329,4016894211911 310,56309768140807 73,16651753619017 5,397293727205221 0,038206510152060544 403,53288254909967 1,0044457781820235 420588,38510270487 1
912,8555266597293 29058,61251653115 2,9979499643691323 393,64357318518535 833,3550747750783 318,0725651484199 302,731287358139 71,67607972478184 5,400233124535206 0,03838710253737326 403,8408221033921 0,9994323001964751 414968,54316177603 1
918,408973882246 29125,82765804363 2,986571639638329 392,89803411731924 830,8052588025705 315,72822651173317 305,89110553626887 70,80121091489592 5,34079629071842 0,03903272146178487 404,09113002155124 1,0010233296503774 412087,07178272924 1
909,622649233773 29096,072182845925 3,0088565519105677 386,57265725364283 818,2520138237973 317,3344183900612 300,85351680797015 73,27871561895391 5,3908298114005095 0,03922090281779575 402,76258982919677 1,008681358664026 411501,31894999096 1
926,2081780954829 29052,661245997715 3,021760030707563 384,06168015574485 826,041139862092 317,2210808157097 300,65752114734886 73,55591090946412 5,3479937174151875 0,040243378545958594 407,3205817024795 1,0031141280625653 415606,8167227013 1
922,228094114128 28657,52914874671 2,9955746794883575 379,5803337135563 828,0379693714631 318,9758862578778 304,7105884033373 71,9738185206066 5,3294051329127665 0,040067215023401714 405,5995850203636 1,0033049823891698 417068,7910338782 1
922,4556749394296 29165,387630744244 2,9867376172058018 378,3167299783712 827,956705263298 319,95193386595145 300,9743092392598 72,01054353969678 5,332133595342372 0,040240216122893156 407,18926529275825 0,9922013211203923 414041,9557750845 1
912,9673062137167 28613,8210135917 3,0083800230835145 392,86150037135394 825,3488583075335 320,72394438646967 303,4873848718713 72,28887011724095 5,331479937988493 0,040823861232501854 405,64395954001327 0,9979091348584 411266,80884571467 1
919,802837928762 28906,142078629586 3,0106764593851123 397,37321136563446 838,837219629889 314,2077454003969 302,7867907882448 71,36053932410002 5,355203006934655 0,04116542147104263 407,0903136778453 0,9892317587189774 414511,644287925 1
913,8898407012022 28986,17596341829 2,9892336992512845 397,5110651679066 833,8147489411078 315,0039688283323 304,6585438918072 70,69088746052238 5,355766500554218 0,0407973227107883 408,39545067034146 0,999101730136149 407471,4512217464 1
934,1921767671668 28991,536161439333 3,0043666880733064 390,8618639691661 829,2703045948642 320,2724427026144 302,41098556749574 71,5927284510657 5,351168573507811 0,04131501500806594 401,62871824034374 0,9991104336275075 407972,3127590444 1
919,4861110490448 29149,830927182164 2,968722513116557 388,8090621527666 833,9519516531227 323,9298536663657 301,21789015905006 71,52739638869969 5,358355200822624 0,04233145570266877 407,02220759126385 1,0047783514822062 409683,04375476856 1
922,8303072346961 29280,78647061901 2,986819342315132 491,0237501006915 842,8977881858729 315,0799215232945 295,4062260964047 69,26168711245116 5,343519196576634 0,042625154598682595 402,4179894952195 1,0091092561386479 415930,5660425108 1
921,6391728885135 29065,111423506365 3,0073985060629687 483,03184506546654 842,33742836941 311,97484853050486 298,5462807062627 68,91259308569393 5,3281203977364795 0,04416550231625553 401,9560302669202 0,9998665807716791 409260,52796938975 1
919,0220163797405 29157,76333549672 3,017511828331611 442,49354145496727 851,4601795761354 306,85286244044386 296,0446163388146 68,81151146501693 5,353887854918503 0,044083062153398835 404,36424669289255 1,0039305189514072 410776,04091713135 1
925,2293681619294 29082,118296754452 2,961449595374254 444,4857150022418 847,5473001122277 307,34296295270434 297,06333639495483 69,13859712605903 5,293138514753189 0,04576742712044316 405,48194536528894 0,9921987505612307 408491,892227883 1
922,9520115407694 28980,339443105215 3,0074675454550324 420,9344105861656 846,3280976303058 308,4936985213904 296,8562452792996 68,6222719286178 5,367703478199567 0,045886822136823824 404,6918245357152 0,9985770645611742 407202,4059491794 1
923,2052001126274 28922,014544025868 3,0246111917026726 420,05360363594656 835,6216916116463 314,6181798073294 296,06293907203735 69,74148191572432 5,377158081160045 0,04771160820411362 404,91801537466125 1,0008175525777847 409829,8195701762 1
926,8972217554699 28752,257832577714 3,0095840987906533 421,476902223839 848,7199166356888 312,35756819670905 296,58705585117383 69,93531688325243 5,360246036847249 0,04792354997289253 407,6947878195004 0,9908723576464101 409110,40032791876 1
924,2979774458795 28949,962604423043 3,0055876772876227 420,8683549583849 838,2995998809726 312,1185467617081 297,3862121108179 70,02613510166489 5,357555053385288 0,04757380479280521 403,2335653774339 0,9955380714473565 410256,60450871126 1
915,7221058813121 29005,827202801953 2,9995093976004874 417,4186886273348 839,4914523699621 312,18161459314194 298,72358507714694 70,2141924565381 5,368131875319696 0,048811688327627875 407,35189408255553 1,0019922488809068 406376,9086288969 1
918,2448131102435 28780,015250041455 3,013147089998596 400,68739597825663 830,1020081279433 318,7753451396202 296,6899181260894 72,39936172108062 5,3608984452868675 0,0484167866348326 404,11219708008355 1,0039459168755667 408961,975404472 1
931,0111533858665 29019,636061325942 2,9919483932005915 397,2316793012909 832,4189364478628 317,29117645870116 296,1865643809719 71,697460704787 5,299936548590484 0,05020097291366789 404,9319870352219 1,0035448932771858 410593,56766108127 1
921,3755174477025 29084,9953506886 3,0124102585454637 392,6069080723605 836,411634772822 312,153014226799 292,2292534458467 71,02518044969035 5,372545138706205 0,05024446303221362 407,1689585549313 0,9986849883898631 407134,25814692135 1
