Co2(scd40) raw_signla(sgp40) aiq(ens160) tvoc(ens160) eco2(ens160) rs1(ens160) rs3(ens160) rs4(ens160) rmox(zmod4410) tvoc(zmod4410) eco2(zmod4410) iaq(zmod4410) resistencia(bme688) Aire/muestra
813,7000920791253 33261,02492900491 1,0018885476989146 13,02136482169528 401,54895360578325 588,2580769947934 643,3478217854355 117,63903587613441 5,510025642476022 0,01635933496597971 400,96604056465804 0,9967092499180809 557840,7514294639 1
807,5854423096616 32764,878498665967 0,9908875140695669 10,984494944970997 401,7420239814424 591,7857151554898 641,0335378121508 118,29244598554709 5,512665914703708 0,01615524072471662 403,9106469175883 1,0097499113290733 552012,4039478637 1
814,175695969252 33207,57801902193 0,9991855563736685 11,026706270331799 400,09063331447186 594,2394558642867 640,2488549041509 119,23454163570833 5,461927084329168 0,01605592135052789 396,6577124435189 1,0033490049728806 546247,5557533803 1
812,7884687044858 33060,72501821079 0,9953001347011268 19,029338123003782 405,0757644138612 593,680981395204 641,0405284788953 114,48633452400317 5,495037971752651 0,01607435116312596 400,8055849541615 0,9989421882106236 543586,5173644467 1
813,8587842896568 33116,2113350507 1,0044773847207298 19,04312680607642 405,3076329379789 595,0479936811594 639,0204086262904 114,78761344404816 5,470304260651514 0,016171776639484933 403,7341430587704 0,9958264425081468 552131,5597838924 1
801,9787944720761 32996,210296962665 1,006419485194361 24,08348452540409 403,76552828585295 610,4793850855065 630,4576609596712 114,46826277231357 5,458635158445675 0,016178124474029 405,2202375999627 1,003991681876286 552841,3791419566 1
810,9351400301678 32930,31179335053 1,0024967573516284 24,032082650767496 399,50489960653914 608,0023975867873 628,1367531605969 115,3143519173189 5,473904726167731 0,016129225907540023 405,2372664997041 0,9997880653678308 550766,4499340241 1
809,5050357090743 33291,63679000885 1,0047406080670116 14,97944089464961 397,7118713090209 606,3445559976336 634,422354329573 114,837105317461 5,451113846207257 0,01602967008668279 403,1915420593158 0,9948895056617754 554500,938058781 1
802,7369615245691 32830,437825819856 1,0044956432043932 15,076421415640496 402,1768377137573 601,4669355202919 631,52148689543 118,465881720035 5,49416854524873 0,016260053176557102 402,79697104297264 0,9983213531905732 549076,2500356418 1
803,5994070616291 33247,089011323376 0,9978225639243826 15,08674228653857 399,66775355521116 599,7806791169795 633,8140938875437 117,23541277028646 5,430181654877843 0,016229485470973016 398,75673657080085 0,998492541765923 558356,4919577286 1
802,1004350699142 33201,023538651745 0,9986431953843301 21,959947541647278 401,4787123722374 598,543828905132 640,0673467374646 114,43530901321814 5,458534925482506 0,016203354175869357 401,1807756925762 0,9977192364340185 554993,4122721402 1
798,7957231293839 32828,490421712166 1,0009327861097514 21,86155193480826 400,8720640360563 594,3279996478369 633,1432979252418 115,93346034930664 5,421191709153082 0,0162938976843417 400,51548854524606 0,9930722940379288 552210,2438689104 1
798,3838852693584 32776,02947374694 1,0102632126409834 25,86582610747835 407,9096418452673 595,8568384021145 646,1161022142495 114,3511657223494 5,469144285390018 0,016302571263832503 401,36350027985765 1,0037080850469349 553828,5540656073 1
800,3026431155472 32983,98536232568 1,0018901694323137 26,137265635187372 407,72041239011975 589,6576591692004 649,8949246548655 114,54505379272103 5,46793855818306 0,016117941797194654 403,0779311331194 1,0075969404686689 551387,2411187635 1
798,0741205938859 33189,246437882415 1,0014538018740595 29,940874625192944 413,3952754378286 594,1686576561843 626,767523692078 114,26555707006716 5,456464756242395 0,01644793717525048 398,2870866684042 0,996637039447017 553470,1989385771 1
795,651834305354 33183,555540243964 0,9910109949494401 29,899769568817447 417,743038796695 592,6126054378478 627,9733177353222 114,0230805881997 5,456360574822879 0,016487474542671077 401,24271527189626 1,0029858718014801 559537,6177431868 1
795,7992973138 33154,0099512502 0,9963383874760314 29,122145516264062 411,3493710212049 584,9263060056325 623,28354779128 114,35930702162136 5,471081180346317 0,016517299342582992 400,2265639904233 1,0041020106913676 556361,5902943622 1
797,260823267078 33064,093377152865 0,9989640929412333 28,681664357333506 409,2192425980241 583,2270571214137 628,303478627797 113,20996928952096 5,450384223940807 0,016459713681136513 400,3983813772876 1,0070546348099827 555430,2544201579 1
792,9200951636146 32842,19776202322 1,0010212634069418 29,030721882796666 411,46659842488145 580,4677873406285 635,8167359573312 114,00082507372007 5,49172851684277 0,01655175086400686 401,2590627571791 1,0054420610221855 558023,9528058867 1
791,751379589025 33202,36072418677 0,995218781355599 15,041649838781577 399,8530766172303 601,6500487824485 641,1422627926056 118,2931991774286 5,453627298958007 0,016526672699749792 400,96756016613983 0,9936662810106374 553637,4543994025 1
802,5445305366338 32917,8990699399 1,007769135750905 15,069068222392987 399,5373303530355 602,8986024178429 634,4532971466487 117,10174580970184 5,450927209047578 0,01646669749012183 401,0716374378213 0,9946745812728358 553264,0880505416 1
796,6450070279644 33072,69796149864 1,0016206091772935 16,953196344011058 402,7430113167899 581,2469880202749 636,7878515937224 117,76533097981665 5,464208959882234 0,016363358855153075 397,75365793738735 1,0014995681468095 546752,0820630299 1
803,0405765835658 33171,77308141949 0,9968954379235186 16,909402878658657 398,8506537894137 587,3284521481602 634,8266088652374 115,41095043461966 5,481931742930448 0,016276288577660142 401,64805259548353 0,9993205886960914 547599,6325836199 1
794,8607398380873 33132,0844254829 0,9959611888394948 19,082101348303006 403,23088682754957 582,0952268113664 629,2970582587968 116,17589566419797 5,455192282934069 0,016062217968927168 407,7492925313679 1,0040017787184932 547956,0714444643 1
798,9164380122997 33247,69548516125 0,9883169721470404 19,102105652252416 397,7792486963899 582,8958140915187 629,7344270593449 116,09965341651464 5,4010751704215725 0,01661622325718389 406,8637252328956 0,9959042668289864 555006,4372487899 1
796,8112849469638 33124,18402095074 1,0110405390273396 11,011991461125357 400,923630393121 586,5910753010905 635,0404563518068 116,78173752837318 5,474918619257109 0,016530561363284492 401,6577150921243 0,9987367058134125 554471,2442749097 1
796,8846102355006 33300,32502796233 1,0058658034399655 11,043222338696973 398,2913211615676 590,0319980014559 633,179429414384 118,46958973474764 5,444372758192816 0,016612071375068222 400,8784411577878 1,0004913235506594 553829,6558065645 1
800,2874992753616 33258,59064103297 1,005194030600696 10,947323835391435 404,90818155446584 588,95003480233 639,1451086414609 118,87492519928553 5,391334615351164 0,016728911964109597 401,6300882136749 1,0146396696555682 554590,3449434385 1
793,6286197338918 32895,794582396935 1,0017701586406507 8,99099692577034 399,33514762379855 589,8964512875584 628,0570328155529 116,57405747046012 5,480613892358073 0,016681340155884426 402,9956230366651 1,0068410969446346 558618,6626275824 1
789,3725460905817 33084,05057246476 1,0007091644437092 8,897617230237048 398,0480624558981 587,1721563786136 631,1247334166787 116,62463373350751 5,467216370758142 0,01637495724555884 401,78626115774483 1,0061521729361564 556786,266438431 1
793,9421813859236 33067,32525933221 1,002021954477864 28,02939357373237 408,18947832727275 581,7166979360644 646,2965425294348 113,93186768786722 5,472194513460009 0,016491084582611216 401,7975795198536 0,9934107393921789 556231,25619246 1
793,3005063881703 33086,83621638585 1,0021695220075018 27,96159823697605 409,3513758800422 582,3213350021862 645,1372379176879 115,29164498637071 5,495704137990099 0,016326085054906674 402,9347198246279 0,9916880284996703 553164,7822458019 1
796,8835819400991 33226,97025235977 1,013960078376923 25,196868430153955 404,5695348418392 590,4490603678139 623,0288740330708 114,67178019475378 5,4570239571944 0,016290730390341714 401,11525810905096 0,9949687560568818 552943,8928232405 1
796,2431786111007 33050,412781720006 1,001987360769912 24,966800127908286 406,4672242478822 588,1751862992721 616,500883789443 114,54402011628191 5,37973395578438 0,016332080042816745 402,5328455668753 0,9963080822384068 558008,1304355542 1
796,7910439039458 32858,9340182473 1,004198557737498 18,017182219160063 405,8938324096009 590,1968244737202 625,390145438211 113,57101167372623 5,4398226195230714 0,016278504692764904 401,4799122164496 1,0029573488623627 558468,0818559359 1
795,7999595619334 33106,12966368486 1,0005806073242909 17,892738326701306 400,87990381235505 603,6673105714672 617,1184123367176 115,75292904868977 5,3917826908724615 0,01639997571541703 401,31616134463894 1,0080511871757836 554954,889243068 1
794,303476760767 33296,740637271134 1,0066705058075476 17,975353764452223 401,2102389230666 602,6430481916917 623,8923194149694 116,94479174916263 5,456841186391542 0,016214613019886723 402,84303849907513 0,9991128367489356 558221,8472864594 1
788,7386876177604 33041,57395608456 1,0111974285095422 11,982002731624004 401,0881541353775 585,5963780912666 633,9688696633611 115,47123669990658 5,414519766993912 0,016381542039061787 401,98602540853994 1,00176080423694 551512,1766535972 1
793,5677344931556 33146,737200059026 0,9911460493275572 11,971103493361959 401,43330450759606 588,5613077731015 635,4243631890215 116,23879690156275 5,430031235602925 0,01661547839891414 400,2048044808375 1,0018379500319199 551943,750032151 1
788,1414779745971 32797,25613765049 1,0061492696020877 21,02511327828435 399,7743497373281 582,8917355384208 636,0929568470842 116,16533726221913 5,460641131166499 0,016694861957528884 401,92267404891754 1,002947865841081 556107,5762976145 1
793,1229278708832 33009,360260006324 0,9912213579517565 21,09695764204646 397,9829331009363 582,8126138902835 627,9702444647662 116,29942855335143 5,471384818206762 0,016429059089687476 400,4136359256052 0,9974653550202475 559969,7939351739 1
794,8760530081626 33192,590535460346 1,0051226619269382 16,992474807570588 403,5147806052437 593,4707255315498 611,0651105814391 117,53606141434041 5,4353691615771735 0,016549397044424968 399,3714731505479 0,999764105417874 555666,5919992641 1
791,9879470928972 33145,265359362005 1,005883533333056 17,0220395688059 402,9990162483533 589,5167783662357 615,6291685773787 116,60403570105893 5,420343307750298 0,01647029141738121 396,0906087239419 0,9978277889744607 560530,4509297973 1
782,8223591582739 32949,77605997688 1,004638109079038 17,113665714786194 397,0951132932108 589,1592563647116 621,0055282044151 117,01300603161071 5,3908821420983495 0,016501190686168486 400,68468786523954 1,0022411843335808 553870,0104864656 1
788,9398190242289 32961,41459034527 1,0030479560745176 16,928307058886947 398,36777046962493 581,1893764623973 623,2503450210637 116,68988113717242 5,460348976843914 0,016443958988063768 398,14507989187166 0,9944218328470158 559649,0573853566 1
792,439498143731 33000,96156257988 0,9980578850795423 17,112869660529118 400,86714420198115 583,5811392726049 620,2072705112738 117,65089465997916 5,487006320983911 0,016245273408143968 400,5231583320753 1,002165714502151 559395,2371200254 1
791,2340977850512 33360,96132838141 0,9935053524146373 19,038098395802304 406,01962290687965 591,3505966308578 626,0814462654545 119,01203506841402 5,429918074405244 0,016392856511497574 398,2416061748486 0,9956602611451362 559325,4539078578 1
792,1177340115087 33004,661265165385 0,9975647820091819 19,11885396610256 401,98767471413544 585,5423788169771 613,2232041475982 117,99604448817819 5,46151353752395 0,016165909670355597 400,42316654892613 1,005115815676076 553400,9405439132 1
788,6641441191518 33100,293711657454 1,0010264301108391 19,921647461009417 398,03750038261444 581,9894006083425 617,7537768007916 116,47771063765629 5,482352673054618 0,016282368863379963 398,54008085976704 0,9989017919497984 551703,9367632116 1
783,4783297234001 32999,21763234836 0,9991911346792759 20,142467831804566 398,8155973782861 583,5770691340956 620,2354588553928 116,83672161811039 5,50401492602962 0,016292167104702507 401,0080681981489 0,99684507027829 564328,2426085166 1
784,5790927016484 33323,49390932428 1,0030181587400855 12,975581030727325 398,01724238237995 599,4140665917619 624,7503657714141 117,81763754316874 5,476602442942499 0,01610480844445283 403,2001538574026 0,9990297282020505 561467,7370802774 1
788,670442320002 33217,49115452635 1,000089829821783 12,948762681001226 400,21108661435073 594,2487368544496 621,2262604464706 117,54948478654703 5,425984705317777 0,016325483186077395 404,3233281712754 1,0059245690493788 567757,6256609999 1
787,0419339024764 33259,33464270679 0,996295385532963 24,097583327950957 395,438798396749 600,7768826838623 627,9778544849778 118,81431604831162 5,425795255279185 0,016280095596345842 396,96518898996766 0,9964157766113291 555285,2878770411 1
794,9377842557311 33014,79027485513 0,9991740894563839 23,917546252246208 400,1030649144693 583,7336001859137 607,7769076200399 115,56876494148975 5,450808155733906 0,016362154155146594 398,42703203808526 1,0055319897576425 557074,998608302 1
794,36300852786 33130,854651991925 1,0008891170543224 24,043687219061084 398,66950813540984 581,43859076913 609,9231288994769 115,40199425521848 5,438212831503705 0,016432186420620644 402,0308416462648 0,9997247292114063 556111,3741589499 1
785,6019540481715 32993,99153961311 1,0056479246720087 18,087475719095135 403,3419955991449 582,4829035040162 625,9782608598048 114,9780616174339 5,460197747458314 0,016493501375808548 399,64257262172947 1,0005070220725447 558826,0399200616 1
782,0112123082403 33355,91987573326 0,9970828735359871 17,918596217336397 399,6526470805156 584,9660446742542 626,9488795354206 116,01609995897572 5,433532795549223 0,016192936288100236 403,27019636041837 0,9974233592833717 558574,8762353662 1
782,4116122961884 33204,164791837335 1,001435554543728 14,9898424244388 400,7190840861987 585,9986222772019 619,5524154190982 118,47227045785351 5,417022585152589 0,016255667186393336 402,1270400802778 0,9978140512763904 556965,0350289543 1
782,2255698285293 33156,055162545854 0,9995861052736931 14,948724347494089 397,7184467601342 585,5473137289462 614,4462610469437 116,86801944556527 5,452562738711847 0,01634072945256002 399,7675635893596 1,0011351570841651 564304,9596017399 1
782,8154077306476 33145,27961340386 0,9985472558546682 14,887717758296235 401,7603315142834 583,7367068342993 617,8934532678584 118,07471527463665 5,434968189326802 0,01639953804789559 399,3387207277882 1,0068727515229468 565516,8618426853 1
784,889912298447 33316,30916908552 1,0053450669112662 15,050297579442901 398,37153373648874 588,1774824585526 618,2787584437192 118,25641749567411 5,470895697654127 0,016216032713511068 395,9697981511219 1,0057783704224315 561038,4978523544 1
772,8619734399746 33256,7064640982 1,002781018196468 15,935012124239398 400,0100005865396 579,1630742629497 615,1704738362284 118,18651472577487 5,434087251385381 0,016241586100982454 402,3524793404878 0,9980990421564009 563009,9144852002 1
781,0447893052547 33277,456349593405 1,0073864668733594 15,921497753587163 400,31072978845197 577,5010568317075 616,3901601458089 117,11267327884399 5,415684233549111 0,016322359583641716 397,84157079869533 1,0074569126360857 561530,5011745824 1
783,241718260707 32984,06079798525 1,007744437290643 16,116505078842323 399,5894233195042 573,0165551215606 619,3091974170707 117,63447019188563 5,46995097063045 0,01628738310837256 398,5628916471519 0,997007496126527 557718,3187135729 1
781,0347338788353 33065,64797775657 1,0045798893239597 11,004365037478797 397,2210661925054 579,2643250815821 626,8953342697137 115,60946322127445 5,44862396079324 0,016427207160813907 398,45079131995476 1,001298882044456 558613,9996983293 1
785,0702696329072 33187,36949055448 0,9918504942257803 10,979552390811573 395,9852798034334 573,2600612271789 621,2323013295854 115,53979784565738 5,469104500749871 0,01618053566644846 400,43418634520657 0,9946199194757648 563599,1274742385 1
782,0615198791769 32994,71761684687 1,002028207777583 14,02773328719115 400,93481635041803 587,2776427768833 631,3698265683971 117,67363757261165 5,4399559109758515 0,01630394531947232 400,0402635713524 1,009378690548923 558640,5517987123 1
781,9169832235209 32789,987000438996 0,9997741668602367 14,03335389481503 398,382486621666 583,6452136596299 630,9120624645667 116,75245223779712 5,487211748041416 0,01603416648504726 399,6629547102112 1,005366328584704 561509,7835074825 1
782,8463333787064 33027,49586532276 1,00141222931305 16,989095870730864 400,79848067562585 578,4709907978933 615,294785157649 116,67856343378843 5,437197459560486 0,016306770344144596 404,7950219845674 1,0047897872743181 556151,6462331184 1
785,5167267113172 33266,278912393784 0,9996750780784786 17,01298764180819 400,22115501774687 577,4009761014156 610,903858233782 117,81004732695423 5,456259760606495 0,01614574861515586 400,90371019595005 0,9970821286242427 556503,3315738929 1
783,7390078299927 33017,29664308951 0,9929656871706893 13,042269415003581 402,84958594155825 576,6023715678042 615,0908819245279 117,65516007822441 5,463667539488039 0,016178561097772874 404,3478139540898 1,0104197093676934 566989,7993502899 1
779,8485519333408 32979,17100802131 1,001939147290427 13,05995866772674 396,29925911242714 576,0504234019547 623,6945552213211 117,61656895439032 5,417807608784589 0,01619820240346335 400,9396266750994 1,003306104443508 566680,7121593842 1
781,7753034183705 33243,02416437449 0,9997170237132186 13,029851457179817 401,67595817644406 577,1478337699406 626,6100720874382 119,28393926205536 5,449615970843931 0,016199991732445063 401,16693434548773 0,9992184689676219 570193,360464763 1
775,3164073452386 33060,05615637119 1,001116230161899 13,985831779441042 397,43718162291253 581,520193793949 619,0810676565741 118,78159829967234 5,428023055451755 0,016163478814524818 400,6478044091848 0,9926843641647203 560002,6130860595 1
776,3678884600341 33042,140427639795 0,99365591068751 13,977769773157288 401,55272541176936 583,4886460895896 616,2050019506032 117,19244276068189 5,406785386363798 0,01615579990482662 398,6418788714271 0,9990365044908467 556344,729316517 1
781,312466599835 33290,936294529645 0,9986020159409728 22,70888536272853 397,4464757993665 581,4150953596562 622,5470256952777 115,45072972445404 5,469933826844326 0,01599887683314721 399,48404104689087 0,9970570173137341 560504,602260263 1
781,2965046908201 33291,23395287438 1,0017973094226107 23,029811207863638 399,20539115574945 577,9253934925068 620,0104975706554 116,19694530568174 5,395157016179202 0,016096390196415043 399,6740112340033 0,9988766882751269 570890,5984417141 1
782,6599001842076 33298,83034503303 0,9893792650918476 25,11447044912478 402,99526375341816 571,2955147279408 627,4878685418064 115,30411638920665 5,493454316839227 0,01618583607188497 397,3692158721276 1,0009201783114423 563154,210348895 1
785,1729358592307 32787,13208253792 0,9937425742901308 25,040258644049086 401,7491908656143 574,4308916939101 621,9771806411813 114,78413184547 5,444481774872378 0,016169875064894403 396,2536079925321 1,0057937243505133 564195,2131796207 1
776,1766938124899 33171,25846326712 0,9982629903084123 17,13568783659918 403,53137941321785 576,8258877754789 621,9896953196397 115,39321795162532 5,467034636159904 0,015914531658040524 397,7167664128344 0,9978410946370976 565733,3806528173 1
776,4076637824892 33087,177589969375 0,9999290862147385 16,96135529791497 404,76027939893453 570,4886306329577 612,1522472595952 113,70025802450076 5,430486527540231 0,01611885141774391 398,823484284831 1,0054703252348067 565925,9791582361 1
786,7400817997932 33393,51097750456 0,9936018354085089 17,054741392809508 405,2179032354969 575,920079128258 617,1261578442862 115,16468094416192 5,449739902438005 0,016157843091767838 399,9544888539774 0,9994121836095733 558035,8582580655 1
781,8428052822733 33267,12669083095 0,9986093578714857 12,059256060844358 398,4328343356204 575,655674880234 630,0800518714632 118,43040582130425 5,410521907240325 0,016011435291752602 399,57218369570035 1,0007079610176537 556721,2040924793 1
780,4834012978895 33436,80817374265 1,005372042296642 12,015832974978201 402,2535438476985 573,7520679246097 631,0931173936474 117,50149610488258 5,4853470433638725 0,01619587449635878 399,5654382819851 1,0023104992304033 564633,0052066154 1
786,2851138900996 33170,382774001395 1,0083766807495884 12,978870748606198 400,9328069732705 570,1770883487824 620,8843723594679 118,54385827382613 5,443823334923021 0,01607947144135423 400,1127473011655 1,001856393749594 562486,2683759786 1
784,3890382180197 33107,91324396169 0,9960912096811123 13,002486076175993 397,70443813667566 574,0812621363032 623,9522831115682 118,04140576354368 5,4441292545953655 0,01603031372898578 398,7059487227349 1,0058023682270312 558508,0464858516 1
782,0034409780721 33497,87099643438 0,997743406996231 0,9960617995391646 401,7555154293133 587,3873743700884 622,5661402139546 121,40417560181787 5,440352355105135 0,01601783019168035 398,44646135413706 0,9960731338471853 559265,6187749725 1
784,1484146347779 33177,75355463063 1,0022416913486567 1,0052280266667009 397,4178646471485 586,5451338061177 616,3612213140602 123,26998201595421 5,462506602581575 0,01614220875918376 402,31369022331734 0,9991094346864245 556136,172710095 1
780,8901605779179 33170,4417263292 0,9969867958279903 24,07593511808681 400,2182725758506 583,3594423504135 620,6921345130163 121,96643976674277 5,485329032661548 0,016088817631466835 396,90544412498576 1,0054290306916323 563932,6781464153 1
788,6328166927391 33106,05003604282 1,001323130317387 24,003979694680005 401,60075622047214 582,5305726047451 629,4257212542462 118,37307259416589 5,4930067502010775 0,015923163953066335 402,4570700406306 1,0064499456647287 571984,4351731671 1
784,4290919202788 33458,804493528594 0,9905260928240495 23,870630438070933 400,59631564460926 581,0787991104999 625,1125807812839 118,19312182261045 5,468138594920902 0,015878459934516594 396,6991438340631 0,9993513570220602 571434,4752519131 1
781,9829230134646 33447,510005640994 0,9969141758379841 17,11234491705039 399,0193128998794 588,2064815816302 624,6510060180248 117,02627287434021 5,4813985751404175 0,016061697423544123 406,52675069656556 1,0001298098415718 566186,0020865365 1
780,1401616744555 33062,75356468322 0,9941926892906594 16,93226021440618 399,92058312370904 589,7094947704533 625,4582179173535 116,46115618227971 5,506291132714393 0,016000557041876563 398,452118094284 1,0030349777928262 563893,9315000408 1
780,384392468749 33177,98558406883 1,0040824985159298 20,945856287504263 400,8559976219808 573,9685502412669 629,6562223098898 114,95880218292235 5,4123213897104225 0,01596172079467704 402,40132218857593 1,0020617376324257 564297,1477748659 1
780,1752239890498 33504,24166151463 0,994262119202909 21,081983673645766 397,5391722661652 578,5881149786459 630,4904144788194 116,60967708617716 5,476189406315549 0,016028973159087745 403,84424701351725 1,0055172964989723 563813,7882457436 1
781,9924384215059 33189,36962869674 0,9959893067739747 23,129640747669058 403,62203530118245 583,2063914281631 609,6382720532744 116,04229814034409 5,452366288319416 0,015882255057028467 397,66901261042386 0,996960980075694 559398,532183813 1
776,4229145354179 33192,0833043064 1,0019785600334965 22,84035769248155 398,46930022010815 581,9871778142865 616,1589527203323 115,57475815234872 5,421761333284591 0,01596422383460696 400,7645954515863 1,003404071508693 563669,189884168 1
781,251584931355 32725,90175777105 1,0015532064679191 22,99753010586059 399,5901190221015 579,3611643317915 615,9227007305187 115,60495501510879 5,479649327621096 0,015944818570750818 399,7855425558572 1,002776561194481 567372,0739318498 1
777,8963973179749 33109,19538273815 0,9949097080836815 22,84479063047844 402,4425428418761 579,0683463157186 623,3567781139792 116,34186975808184 5,467419092999469 0,015990888801268928 398,45451793894586 1,0001139698491528 564871,4229274867 1
777,2240328064147 32990,688758763856 0,9988800488553833 22,96361336252846 396,0042535769632 582,2230814273713 625,9821047033021 117,6314081305563 5,48233201595633 0,01593463351098223 398,6492574163956 1,0037660483555197 567388,9265742521 1
