Co2(scd40) raw_signla(sgp40) aiq(ens160) tvoc(ens160) eco2(ens160) rs1(ens160) rs3(ens160) rs4(ens160) rmox(zmod4410) tvoc(zmod4410) eco2(zmod4410) iaq(zmod4410) resistencia(bme688) Aire/muestra
878,9475633118076 32807,36371873736 1,9980672316474202 88,8693315892891 526,1714231777349 535,46608494309 575,1210294156976 105,178784798629 5,407204787658334 0,016226305257150308 402,16784297754947 0,9949064318276769 471985,01580096286 1
877,5974574204175 32908,16003674134 2,0090321024036673 89,7174018050211 526,876166702791 532,555352802171 574,2951826747437 105,12301106609158 5,4271509147607695 0,015948668398869943 400,5166917504185 0,987994600185033 476843,5176312692 1
886,3586104017006 33250,26136028798 2,0059127675278052 100,01389271912196 548,3576618521978 534,5407899320865 576,0414634980979 102,93715972822764 5,36510241037263 0,016181765701766323 403,16998385168927 0,9978151648463488 474066,2545097271 1
881,182623674082 32851,61647417366 2,00054379721854 100,27760026513263 550,184367647694 537,3699801640842 578,27978883318 101,99094125158223 5,362217298165282 0,016028240612553243 401,12323398993163 0,9917431479358504 480398,06782851845 1
883,4519350766038 32475,029483353355 1,9885448208891527 103,7077358530924 559,4268915922127 527,3096704963135 573,8458347088857 101,89314352800409 5,371720016351673 0,016050309219862505 400,8793592457987 1,0028237134199298 480952,2591533576 1
869,91259547568 32818,34497047282 1,9957159275718805 105,706175305233 552,565671094042 530,3543750385948 570,1040481116472 102,55501161158509 5,392272330236554 0,01615045603286256 398,9782870856541 1,0053133031329038 476620,3173194497 1
884,9719444180669 32465,687979193197 1,998029949708529 100,41691137796778 551,3337844179989 538,1182258316202 574,5086447136202 102,75279998779709 5,410827396940741 0,016125605538382222 399,9646115502637 0,9907348792949845 476597,94812986883 1
879,8178397394472 32667,08885897138 1,9975150410243725 101,28861193942896 554,1185657458826 541,9816079397146 572,2082783779018 103,39078540418937 5,4003618003284 0,01606835774766133 399,8238045117778 0,9926492956036913 475457,74150062795 1
885,0922007996759 32944,18482844536 2,0038232374732203 101,65233081370144 551,6229078689473 543,3131054934632 575,5813619839716 102,38376275015952 5,3977453307705545 0,016041423905941467 401,2175456311237 1,0018145452807754 473998,0055542381 1
881,9300649862148 32965,95719760307 2,0016509941648644 101,8940682223481 568,4332390885235 545,7780823798695 567,4870510267922 102,09714738175913 5,394823459115817 0,016282492582706132 399,70986736993893 1,007072231238717 479013,06090559665 1
876,8313220810628 32755,064979102855 2,003908739686591 101,10894390452489 565,7967722532271 538,7642539800478 570,5686655924562 101,26313538406251 5,4255987318308305 0,016141035506376685 399,79007626304764 0,9931782454849161 471996,4369258998 1
868,7915797388483 32759,820737237096 1,9954605025651604 92,73301026905148 533,429872353396 534,3052963313708 567,6783346577897 103,87822112980686 5,3875818207878154 0,016098011701948203 398,88042916354 0,9954191975388974 476438,6543241985 1
877,0971461938888 32705,396323182653 1,9985074091060462 92,00268777647696 535,4190906145758 533,1842965248229 569,7976698209992 104,12389092652509 5,42814167139912 0,016201969453789815 404,5620774308059 0,9971554301289102 472754,44548204826 1
873,3747850434967 32679,906256814458 1,9968407503458565 86,62404604263105 527,5962228974905 539,6775937270504 575,1863491811612 105,11713937720094 5,386449578535697 0,01629662307540816 399,6124213860486 0,999496953061166 469314,12546989653 1
877,0200679452953 32730,438338180153 1,9984603514039203 85,92745813998283 521,7575405472282 538,0013654753872 578,8312170709676 104,72369176253626 5,368278148927583 0,016382811186173803 401,8046683395062 0,9973304679694646 472645,10304995027 1
893,5729982611186 32858,27806265748 1,9868356079139708 95,74320392182614 541,0364797851701 534,675667318492 575,0249914019191 103,03033899249559 5,40172787334179 0,01634174045255365 400,35318970329536 0,9977703183430261 471601,37100582564 1
884,3847993732413 32972,91866053627 2,013670717857042 96,09030770192123 542,639650724155 543,9672297921064 570,7025443017204 102,4498923672778 5,4157716531064475 0,016420395840191997 400,9816531607151 1,0016162126182377 466493,1617800233 1
875,7734231374116 32980,36323027712 2,0061844000245417 67,59880569592575 542,5968419032127 543,0590580999994 574,7520229481578 104,35018220518545 5,370272179257484 0,01631438410087847 405,830159338865 0,9984848140727959 466075,23179903766 1
873,8587051772212 32607,841236779575 1,9990979427006976 68,56846036906508 563,0186546307215 528,3792465511302 568,3130096214893 101,12721125493836 5,362265197204135 0,016541952104276118 401,84135661383016 0,9960075096975287 470828,70965368365 1
879,0336254653089 32878,56891937631 1,9963568681818198 68,17833632971913 563,4504695459276 529,6550701108608 569,0899446663117 101,63928484661905 5,413386479535876 0,016544284213874275 403,2491235370133 0,9981486759841528 476190,6179121612 1
880,1271143228049 32926,574052656026 2,0110274420318257 102,5815109997043 549,028489105731 543,1619128780486 566,1579194750692 102,44863467333062 5,391131189645433 0,016647801622290785 405,7114236485509 1,0011296467762445 476516,3461016092 1
872,7675274007955 32773,88633532925 1,9889454431110192 103,07300752019422 551,4048339269941 543,6165920185634 560,4399149151656 101,91523277736313 5,415891248005596 0,016747418171581242 401,04970945972786 1,0012712325522128 469422,31788479496 1
874,5023743856636 32756,054016770413 2,0092881370692988 110,8546213355711 570,2037366046294 537,5106633234158 564,763607941735 101,08182861594042 5,400028507893743 0,016828802814359275 399,2065984782854 0,9958760068777786 470498,74709227687 1
875,6130790191817 32724,84645284886 1,9848156858096238 112,79674344912058 567,826122677813 538,8871994267776 565,5487909657903 101,04311789242357 5,371820224952317 0,017473372609574097 401,15452142901887 0,9984597607822587 476454,2872229104 1
865,5776749732636 32903,011539213105 1,9991846473484818 93,3159463919043 535,2752394075142 543,4710652540215 568,4588010380211 103,81281549540566 5,413320676222956 0,01734525922320267 398,74159395417735 1,006840079065369 469121,55377521046 1
872,9606715756937 32704,454823495875 2,001500232034691 92,71450527260329 537,7397203006499 541,2341101604516 568,2245610332491 104,53553265637127 5,3551868390802255 0,017901235619359992 398,68387908076386 1,0014079543396919 471214,47761485743 1
873,3676776833955 32795,181562954866 2,0078999213878244 108,62033749427431 534,3450402661354 543,3919973969565 566,8893130276119 103,95159642638923 5,327007137027604 0,017847217054449586 404,0659572741938 1,0053778251215382 475645,5591543813 1
876,222498283896 32834,783840529126 1,9851611688373398 107,67965164211496 562,7035153563994 531,7295721810862 553,2340956929816 101,73119166376497 5,344666911609427 0,018425238246143155 400,72947207272455 1,0064541939444753 473042,93179887236 1
870,5206101864412 32723,0653500997 2,0018869109058595 107,85675532395992 568,0834330554721 526,2046745289537 557,5487779450651 102,7371126019439 5,37214258004421 0,018330666205493278 401,66716650428333 1,0037599015116443 462879,07216712204 1
876,9352769846757 33010,20521170653 1,9909685524422545 113,60791948561237 575,3471709367327 555,862202869733 555,0652044960709 100,80702437317757 5,388274361429238 0,01826403945534845 401,35526156765474 0,9984147534982758 468167,30859228066 1
877,1112692945809 32588,935282339964 1,992127418476981 114,82375739303316 567,6997444545349 553,8968214753686 556,4731683120582 100,35262924887599 5,429145138265731 0,01903329768754344 399,0409676686041 1,000959533578776 469793,8706131435 1
872,1759762495578 32744,04806315288 2,012340616524127 103,86980881901708 556,916397570942 531,9255321960331 554,389694787533 102,42218757484403 5,397566491551113 0,019098493596653773 399,4711339013523 0,998164523689841 470868,8190583327 1
878,0320009119238 32863,64406452649 2,0186918816438397 103,65368038644364 553,086789220356 533,2286317192476 558,0109891760858 103,37207820180934 5,384735752663622 0,020026024346337736 402,03033942052883 1,005854515089817 473462,29179718427 1
876,6636296462118 32738,58689393896 2,0035044472404646 103,54198223180545 553,5287151179535 529,6591130821664 559,5949838364937 106,25183671922026 5,390687028796853 0,01970957486057625 403,7098984000814 0,9998151340752099 473380,5834040399 1
875,4596566859882 32805,46607283422 1,992474157501948 102,52395516445746 556,9277352739276 535,6742786116023 556,6427004954223 106,65803522444715 5,4704657695846075 0,020341530956879357 402,7971691406051 0,9981055876922038 469640,4775235777 1
877,3014795562515 32872,64170032077 2,0034874102524225 99,12106581072229 548,8809982795007 535,5326441189832 556,0552837807958 107,1600948635603 5,362540081011986 0,020440399532198106 397,1464760101417 0,998936219036106 470538,956077702 1
877,4185604153369 32649,322661012804 1,9955045949722956 98,70892447525199 547,6816672486619 532,4720717913556 565,4769214929178 102,37913058801571 5,363967045060368 0,021148020691959965 402,4000216671539 1,0023935425651198 469512,29196309496 1
876,7698735357346 32914,15368333082 2,004610628989398 98,87175491766872 547,7216595172215 536,0121969859357 569,3252074661704 102,96169003066238 5,387215295538963 0,021029116088339968 400,94374385367456 0,9960789226927046 472561,26183633326 1
875,1174668994895 32952,381885066905 2,0092845026821964 104,00394895919871 555,0326978624645 536,583132755317 554,7375601095919 101,66543909408223 5,431580690902682 0,021186757377989376 397,4310967107452 1,0065075188733905 472992,3393928217 1
868,2811781222432 32931,13632544497 1,9808585853172134 103,88963385228175 555,2497043916669 532,3285999821463 549,5637783739415 102,77230285676072 5,418743015883891 0,021856723885213133 400,9067527223425 0,9977612816612882 469466,30993431044 1
875,5105277047284 32797,204378096816 2,005647522244117 97,06286597994576 545,2644126176825 538,0748928182279 547,0521303724347 104,05780689474764 5,324141183672828 0,021673014262702257 402,90131591590404 1,0042886308348749 472907,37443395983 1
881,8197393942316 32556,08458943933 1,999055179739303 97,42046197141917 542,527813704614 531,7943957588932 547,2696464300342 103,64842674680548 5,419036164655104 0,02212561097745561 401,8693735375067 0,9993512389767836 468070,77531910787 1
876,9458608262706 32627,935658441806 1,999721346529746 109,90297378695995 554,7351907496399 533,55271869933 549,9215733414975 102,36450310810166 5,340702731473691 0,02217769574293459 400,78031172556376 1,000491736527365 466291,3777658794 1
875,0215763153379 32913,341718240474 2,004330476219308 109,4570263045236 553,6188457883012 532,6496244147233 554,1604735288345 103,42411007172456 5,41645306668842 0,02288016286583122 398,1887663023077 0,9976834765179049 470475,82827113423 1
875,7779437398433 32832,37713651626 2,0157506080191965 110,02832424223669 555,8651490354238 532,2380613253249 553,4509035750426 103,1123110184925 5,38497586177297 0,022971366924429786 405,0863653743305 1,0000418913963285 470362,7289367991 1
887,754618421449 32840,481575435 1,9978579455021948 109,07614865160984 560,3852398369693 535,4195089664286 549,4778686421305 102,34585241403194 5,349266040095296 0,023958103034542353 399,5369306192541 0,9939535937067032 466252,0018940208 1
879,2402282588646 32740,215978286764 2,001724007892587 109,0745915634929 562,170343373642 538,4137962670195 548,7644750859096 101,84271347687556 5,43854742601725 0,023876328552193637 396,64111648688964 1,0017979497826335 471984,166272827 1
873,4223586390019 33081,924529244265 2,0104244200580275 110,9300044499705 571,5681391493351 536,6970293833314 552,2733179961655 100,18859311409622 5,3942748558868985 0,023714514447302878 400,95925908130295 1,0029192031755534 466275,3856872471 1
869,4374010954962 32738,68730042342 1,9967007708915092 111,19834642584334 568,5092185117247 536,0921407745485 545,5928325471921 101,64362605436861 5,425804053845501 0,0242302258617947 397,83035224187745 1,002856154071788 466695,78765058256 1
879,5999750799134 32985,32937697432 1,992974031702741 94,09613245021603 540,1197661545255 531,0654258475124 541,8154516456734 103,46594804238424 5,3824057790333955 0,02451763946704927 398,8450777924873 1,0019017315624235 470187,2000405692 1
877,8654353127722 32682,788756503393 2,000543359787739 94,23480311614252 542,7576062958514 535,4755664733142 544,5094752512399 103,32949665470355 5,4451973015904915 0,025199743577523716 401,241060883743 1,0003848902910073 464038,53599576786 1
873,6067393764762 33008,61929547172 2,003293600886759 115,56586195786451 565,729442293254 532,4879770438006 549,8271340072527 101,8134380203474 5,408217080260819 0,025041548361613236 401,87781496651485 0,9996889688634761 464649,08276881947 1
881,9426844620237 32909,9691110781 2,0068506470248666 114,17491434475254 564,4893303483458 528,8161826887182 546,2241248187725 100,80064504124421 5,361183277767533 0,025597114100563034 402,7989658663084 1,0052695747089302 465671,7510504198 1
873,6674087285706 32668,03393667911 2,0201505553940655 100,37748793455982 560,3755055377918 531,131420178776 542,9103754678147 101,28133523829689 5,4115036911511885 0,02556331255082339 400,40593634248165 0,9970219149128557 466723,0601217699 1
876,2653280072789 32849,46796653262 1,9957132448870267 100,81572946749274 545,0424112121626 516,2656384277552 550,7665636322789 102,2784039534616 5,392970203964087 0,026187993918798277 406,320746565676 1,0029500276865475 468818,9524270356 1
881,5952203416836 32872,76292540668 2,012639420345304 100,41330586588576 548,0051952660675 521,3348152642714 548,0152026000404 102,54913723102281 5,392349937835526 0,026352821874354605 401,62666346109745 0,9999115130171626 464240,9746064617 1
867,6771154607509 32871,036885103196 2,0232244920108884 106,26733431138396 564,6439455241589 535,8584137437872 547,8718630023222 101,49399308210945 5,402078650561214 0,026287793130595836 400,2413551882925 0,9999415121053895 466409,2442095186 1
869,6540345486189 32774,800521852514 1,9990331711316989 106,49175965413122 561,7732814574467 534,0569525878064 548,5186840836008 101,84424314965004 5,358270066620088 0,026726000393919064 402,0595841503256 1,006874811160612 464417,8347634984 1
880,1372709420715 32529,292114826552 2,0130522883509863 97,94277921030576 544,6042552720621 529,4864356041969 545,8243095695532 103,1625818131871 5,426137699789773 0,02690621521382676 397,322707157616 0,9968125205255891 467174,1783452761 1
876,5879454313813 32769,28546769947 2,000518696147776 97,2128292651214 542,8070014505832 527,6966194610857 537,6345876282307 103,21748148875302 5,417476490086063 0,027096496862742223 398,2651675779486 1,0003968735617996 466187,641928914 1
869,0899332248663 32675,42509577935 1,9999555932215995 97,02796594604952 567,9192271629521 521,8873130378255 546,3481608572008 101,45515554168668 5,400660463504754 0,027268879752975206 399,06756890024684 1,0000597727013036 465119,2248995417 1
878,6147466298811 32779,87479710523 1,9997631916112535 98,11497417860456 569,6862993257205 523,5888610788086 547,9741872378941 101,27455338745253 5,4145553776673285 0,027425286064200832 404,0387988414044 1,002713777613197 462828,75590384327 1
881,7227717016041 32831,25603754972 1,983727623853188 111,38045217903704 566,4383302123931 519,0320834167019 551,014787620553 100,39054140722833 5,436200520727712 0,027303482491907352 402,89770339582196 1,00378531662139 461586,945152118 1
873,9183537140605 32837,34023658742 1,993135304186529 110,83745542580252 568,9007024935069 520,4445208414029 537,7553067088814 100,64398682170992 5,377340957040142 0,028177575798340113 399,9277294882753 0,9947380526939629 469536,14612864435 1
872,6853621349626 32629,248042406838 2,0049075571028276 111,37660136656818 569,0609373813744 526,6979497717715 539,138184291341 102,20665372417596 5,3814755748847745 0,028161305676124817 405,11735746892435 1,006784361239278 466457,3635722024 1
877,985620112328 32980,21730006681 1,9962709032916726 118,275930164841 578,2489187109974 529,5355152140673 545,9192149834255 99,43395606040546 5,384051974928958 0,02819822932505104 401,929743839797 1,00474076955528 466671,3996023263 1
871,3820313363905 32718,71839250678 1,9885365863694908 118,63598995799329 578,0296282848725 526,7076801154592 540,6688507164564 99,87154938108421 5,344230590014995 0,028274238959311575 401,8778692635064 1,000222135605824 462275,68904782383 1
879,1432957413978 32693,64691094336 2,001200009094625 101,3546538721399 548,4328302309086 530,8579523227509 541,3480525516926 101,68597124828847 5,400891279547184 0,02826966592960939 402,90343167771096 0,9997163643907423 462322,88482461375 1
876,6552380350862 32666,537432209316 1,9988409213821479 101,22790852419017 548,8794336304071 527,9617206208441 540,5975244420122 102,51300187947965 5,379743568440799 0,028641273040052543 403,6831491492139 0,996214856403859 463826,04108118516 1
879,1620532024086 32840,29864584858 2,0018280790052274 102,93906818897213 539,3336937712631 523,0456849012137 537,977715519673 104,2286556714897 5,389944700743982 0,02879443611442404 403,4845485439285 1,0026630749333116 464964,5437254021 1
878,8304568607983 32683,777319180037 1,9872269289420599 102,40045355115389 538,7652296939285 527,6623622400593 538,1956058116497 103,47530997750235 5,4096097687285045 0,029290020789719227 401,01849112154844 1,0032115883106976 466147,587924221 1
880,4840470826111 33015,92660939196 2,01395596458371 101,58564664710767 538,9913363835961 527,3603778172662 539,202146467986 104,38851431633486 5,363809409198446 0,029357018275558363 401,8933472631511 0,9999888905970415 463786,39343348605 1
875,4714099084772 32682,499500705217 1,9873623451627567 100,72622505089642 547,5775843576744 523,6621299959788 534,7753732971452 103,27847222242784 5,407005027140098 0,029942697707002815 397,77171847360626 0,9945792437142129 461714,954629449 1
865,2163661372838 32948,67077711363 2,027706416537714 101,0951865845514 550,6657054158574 521,9581955818002 535,0780470432568 103,33360956778388 5,3248532244676365 0,029975232491876284 401,6737926727944 1,0042121470945349 459520,57400838047 1
881,1247791698014 32815,567372049554 1,9924435193483891 93,6769914150506 538,8200140726805 541,7562406945857 534,4598826443432 102,22285003101301 5,329107394576251 0,029754575303098368 404,5105052728387 1,0013796299152415 462542,65151933016 1
874,699128575604 32718,684695307024 1,9987522009140626 95,86353626473925 539,2828469330909 541,707618780248 535,892646469196 104,17880259228394 5,4466653458857115 0,030541489896638872 399,9440501539518 0,9967535224972676 463513,40159814735 1
878,4735639450945 32926,61286261702 1,9985948811430634 114,70206536392969 572,2425423898487 525,4077871105138 540,0104631402285 101,34145008987662 5,388142818873419 0,030492138185715584 405,3458207605155 0,9945784237120733 464770,2600009202 1
876,0680744827662 32957,28043633613 1,991820814271565 114,24797925668494 574,6132224618403 525,2625118467407 535,7819958580715 101,07654487752387 5,400268134383648 0,030760450350101498 399,6477312209723 0,9914432238188294 459947,5588422301 1
883,2090738753811 32783,160396831096 1,9935408164630235 110,15164753153097 533,6966729964862 527,7818328091524 528,5824716406021 105,1974308296276 5,452165285353151 0,03066295625547029 399,50977370221153 0,9986643081201096 457163,22150381055 1
871,0644598730074 32737,750618863258 2,0085874381275763 110,57279742895784 533,7027639463246 529,1083080768165 529,7250421756479 104,78962243145992 5,447290871087797 0,03130273675977589 405,0210810368691 0,9952061503216189 458539,5329060783 1
873,6781899305944 33169,397605231694 2,0043510848066677 95,03948292898853 534,3031401215503 528,3392081082998 524,3255947125924 104,87390014128654 5,377435336275396 0,030996028953613485 401,45089265437724 0,9956677449165622 460140,1419101834 1
872,3697309200497 32894,46761327916 2,002001742258085 94,84551902995243 540,9182499598819 530,7205517036605 525,9073849464248 104,00203286489734 5,3532189083547275 0,03193671724791129 402,737040899469 0,9938191720788997 458729,72744268173 1
874,3563788575744 32747,509115825917 2,0084242956275684 95,32493756739589 543,3321925849611 533,7550144543982 524,309016857508 104,01387822641232 5,400589725153859 0,03211951444088277 399,86616627966333 1,0008905232677177 463216,3545286216 1
865,7845922377556 32755,109136077754 1,989090104683169 109,71692136005034 563,335141070393 536,0020621008309 533,3843334196456 101,73432190591555 5,4216278310287915 0,031870202284019586 403,1968091824615 1,0051910443453616 458540,4607656475 1
871,3401969043521 32639,92879687298 2,0188617884653075 110,02487743046967 564,8330125732011 531,6972644735413 531,5017223788578 101,86519325335519 5,397803196048254 0,032058471330465556 403,5996304796518 0,99086896984189 458371,61972899147 1
879,6216290954086 32706,88396958186 1,9862010055377581 87,86869539624895 545,9018932057571 523,9767497850926 533,2092082221827 103,967356990143 5,4000315502457585 0,03201403827187439 402,33648606815257 1,003890079411657 456260,20554022037 1
878,2606718531603 32911,46944163416 1,9959864939682006 87,58482034825184 542,7841437936082 519,8241377903195 534,430779166317 103,57410024976033 5,407991329608643 0,03248951678771557 402,6504942609511 0,9992926465826807 460312,92982218834 1
882,652537544889 32991,23031038564 2,0111182882744494 104,18120857112149 555,838293063424 518,6790547510104 527,0844304475709 102,5970382143988 5,399379755092298 0,03209708453958923 401,8460004359761 0,9950985515744567 458694,72679782886 1
875,8824509807911 32858,954012165756 1,9792070399962902 103,68837198109432 553,4922683695728 520,9687394516768 527,3057312102895 102,00609927935648 5,402861898840884 0,03261058243174294 400,8764860469644 0,9937926239504609 459917,4707572721 1
877,1251863719838 32733,282340599162 1,9973513995260697 112,67261064546756 552,8687173029995 518,2363399177449 527,9234336611522 102,77925084165464 5,371283573592255 0,03254534295060331 403,3737204659691 1,0027170826709448 464124,1429098166 1
878,7299937359977 32865,49190304054 2,003164358540446 112,12595968638969 566,5557274647144 533,2787770711312 539,0499586489562 100,74305778692872 5,448917607971508 0,0330058341912463 404,3868656464312 1,0058488916569137 455782,1022352558 1
876,4085410692046 32506,141733501016 2,01573819469473 111,17131368595905 566,9441753450691 532,0384233314021 533,673175045962 101,45929722783576 5,426998383263099 0,03248564237249297 403,9323982702838 0,9965472667043795 459162,88476155326 1
878,7957307660223 32708,351060099114 2,008516171199663 119,01645705318327 578,8489903054165 524,8209614213561 527,6035719295523 100,13253919637795 5,400635192355301 0,03285421241093552 402,66776207377137 0,9955306892304486 459219,3590227329 1
874,6605944928922 32555,987776704133 2,012042376148425 117,33887914413417 582,5653507738194 528,1801505176192 525,3592108106567 100,35707824442524 5,403315688332328 0,03288939949342687 402,76184611398736 1,0004731449440623 457711,7889233088 1
872,5020253376819 32607,382263043037 2,009329342533286 100,39197650640754 560,3138538799689 538,9962780253067 517,6031982841694 101,63503057091305 5,389906428907981 0,033146280360834446 401,9143838014936 0,99989615003899 455732,961490058 1
873,3949224523938 32839,52410753625 2,011755974343186 100,78935207075605 562,6403929678148 538,7419354668706 517,098288248204 101,74801259171204 5,431998367245771 0,03386803091563536 402,6693530992294 0,9961139405342353 460137,69158494426 1
871,8226954072711 32739,372414576177 2,02513275665424 115,91306963140266 573,6887210495685 522,106044090337 533,8156041866802 101,14550835699127 5,354054098322132 0,03366367089279059 398,8403141003029 0,9966129658142631 462107,4816856633 1
873,888275215426 32602,691812666846 1,9999939551731123 115,22926133881765 577,914091961435 525,5374162080201 534,4906196812874 101,18670864633974 5,384961293433757 0,034263097739306504 405,534882554512 1,0093168876282026 459688,69395484787 1
873,5141313986525 32759,54760703369 2,007819372349305 99,18822554953661 572,8008645172733 526,7070272863621 535,2038738379778 99,90528230479002 5,40796976633097 0,0345584634588495 406,85860034087636 1,0074007925507038 453632,2143075156 1
874,5686185369568 32709,54892234862 1,9918716963831447 99,06553241325058 549,1297695816432 514,0724736861564 528,6581942748188 103,30195615906217 5,427644013890999 0,03460881951455395 404,95304474425967 1,003001499369638 452952,9133524241 1
