Co2(scd40) raw_signla(sgp40) aiq(ens160) tvoc(ens160) eco2(ens160) rs1(ens160) rs3(ens160) rs4(ens160) rmox(zmod4410) tvoc(zmod4410) eco2(zmod4410) iaq(zmod4410) resistencia(bme688) Aire/muestra
867,3067163394404 33350,93291564146 2,006970610804024 88,22574811475349 531,2565604388673 610,9641039109363 592,1396609472557 101,87154702642381 5,472959465182233 0,1941655841765575 432,44094176701424 2,006925223966275 500580,7240260674 1
864,7041484565285 33160,27708463546 1,9969531635565847 70,09858712272151 491,75761256120325 581,0500540455145 596,7258154164901 105,00960134709608 5,4563729075347975 0,19507112828655873 426,68840516581577 1,9844201621184445 508137,85182849684 1
863,347477344008 32923,36748743285 1,9847025016680546 70,32237128778065 501,73455630546306 579,4674915646333 599,7591893106363 106,21584208188479 5,454485719686935 0,20558801195675871 433,2010263893612 1,993988536087136 506557,01401383575 1
863,996604943899 33055,14199740704 0,9987948240731349 56,16183242543224 534,9872627257975 585,71261873344 592,255004533584 100,84059918487661 5,501158569560916 0,20703074684599987 427,7739430573981 1,9850758117403713 504948,7848224583 1
864,1494620636227 33263,431502973806 1,0058550146591994 56,20575237614399 534,3082838660581 585,3382557690621 588,7083479736109 101,07773793676483 5,428957263733681 0,21749187900274106 428,70420578184815 1,9828576767922577 508577,1311590666 1
860,3673564816428 33228,82697503437 2,007452776611795 58,172915188574876 473,83772433365914 577,8488070716954 584,6171245445097 107,3029373778173 5,489033796537284 0,21785827927070073 433,2656604555261 2,012320334069916 496572,3832759758 1
857,8955846941781 33259,80289274033 2,0001263222135517 59,00289437736276 473,90524430057224 576,2978677090032 589,3539794730408 107,6053110843746 5,453115570256902 0,2278809182414649 430,7106989840635 2,00004182788019 502962,7025886718 1
859,599508521773 33177,76560920509 2,0252059893270573 76,97539349016627 475,84282144315836 580,9681531627099 585,9697126795892 107,15863353873252 5,414366903732336 0,23147705888613743 433,98199661354903 1,9831677725050263 503395,2377380279 1
864,9374386308165 33269,27591731945 2,0016805556210477 77,01410042280041 514,2015125821579 586,2342499699648 584,796458591664 103,6832809480312 5,525095207060341 0,24210965499172835 432,6396259187096 1,9936531984174228 501051,551105389 1
858,1264609509404 33301,653480804045 2,004859044842551 77,4388731421036 509,4628879961319 583,6212326492848 579,675170770652 103,16523392413582 5,470154560990487 0,2415597045891538 434,72154443185093 1,9934485290742223 505716,0678085731 1
863,5454592983347 33116,45767361548 2,0001248884862624 69,69533279370528 490,5245641185612 575,6600553259881 578,9514736135843 105,76823213657703 5,448403949005775 0,24001462938970533 434,08210324916115 2,000941367481178 501325,6099969229 1
857,3473142853799 33200,232010208405 2,009017799576723 70,10950649549227 493,82378755081027 576,2609775696665 587,8525151653893 104,0571277719856 5,433434594246569 0,24959894714528696 442,45213878056984 1,996463508377941 496469,44214714493 1
865,4339591901729 33197,17946774014 1,9978123593272796 70,71836993253214 520,9527409454769 563,7365711457772 572,5761016137578 102,20643874468524 5,475508345499137 0,24992544958935817 436,29345552026706 2,0134489830672955 494350,0616678447 1
867,4717602759885 33170,01860356554 2,0016886012219115 71,20869932350861 524,492989912521 574,7964189761283 575,04978350166 102,1209072454093 5,48699886390613 0,2607250086265983 437,28742008464087 2,0177565642165742 504905,77289672237 1
864,7954644366537 32974,791590505214 2,016623231920332 80,46588731143733 516,8632552403116 564,6637247911541 567,0108562468146 102,54502815895803 5,503633461016756 0,2582657972013211 441,2570709046034 2,001308738639142 504055,37557150685 1
873,7625972235071 33252,76406622975 1,9960206813745283 80,71053452109031 514,1028183467266 567,6091419544596 568,1096947248758 102,79889626933276 5,470697197912539 0,27321495336512686 438,12503488300564 2,0041222365749998 503416,9875742137 1
863,1452049703255 33259,14620184648 2,010521479636762 87,47094188260569 515,8195044866794 564,7023824127323 567,9821650860785 102,85577664337762 5,467945655433261 0,2747341084956175 441,09516166247084 1,9987057862251187 496876,9892853182 1
862,066197348074 33080,179364501775 2,024203317198808 88,41837873794849 526,0364987584423 570,8584175209874 567,3454393275933 101,67148857044438 5,5244490784888205 0,28275640968145127 442,24814826436494 1,9956222330073912 496717,81136920967 1
860,4138956869233 32846,589321836385 2,011007161813742 88,40590011193615 526,2551958367405 569,1389062544414 564,6262654847731 101,65208161943724 5,48379900519218 0,2817739187823765 440,4945980715584 1,9949446578212693 497586,84468255483 1
860,5299597330023 33363,692642799935 1,9784551419271421 64,96693032727983 481,6992335630681 571,5185288146951 567,1718232593175 106,18059539183946 5,492154896799407 0,28209394606299115 440,6597857763145 2,004310343089012 497144,7486917697 1
864,3988614827996 33193,88899474392 1,97747777894515 65,17741332777622 487,8042999174484 577,3275991675916 562,7533176248477 106,66684935087571 5,473323471552362 0,29186025711061936 443,69298688958906 1,9853288492702275 493627,0223063522 1
874,5558312953314 33320,58603552371 1,9957053745967934 78,27081110362586 513,7905303885182 578,3285180414731 561,0707822138841 103,90373248382078 5,459644836790007 0,29267073961652584 443,43624410214983 2,0090311902835514 494559,5428229896 1
874,1116171007127 33213,218366525456 1,9908576881900915 78,3739637366388 515,7299765574701 576,2348313550553 565,4758553528824 102,9546204979281 5,493311751136428 0,3021059335586255 447,55730635910413 2,008518487090048 499240,44769220456 1
872,8565099826732 33177,84620805423 2,003917992601372 81,84871963428851 518,8353975012834 567,2273444334661 564,3346575168888 102,93175333267152 5,492714375865433 0,30471371500888234 454,05080257578356 1,9888063974697205 497590,91184839694 1
868,3006024914482 33615,82715103675 2,0033032453021544 82,16394774824776 520,8206164024878 566,2413634503293 565,8402644043283 103,14030290076572 5,451768051904317 0,3128328791176975 451,84382390221236 2,003164040743798 498153,9225663423 1
875,6899172219174 33352,33560625736 2,006218132619401 84,46408720361725 520,0931433731195 562,5246108818211 561,5363972887683 102,73148946580359 5,458380160701855 0,31518752845044695 448,89448368816534 1,9971053812815576 495248,09729399794 1
867,5308500583352 33267,298811686895 1,9975850120890741 85,19643620158315 525,932332750715 565,7363000527359 556,5545995409763 102,75661300482332 5,460590263143036 0,32759641950344653 452,6588697695625 2,0133046580835057 501180,51076471736 1
873,959052605147 33151,49180930793 2,000973089419149 85,1165340731285 527,5023284655331 561,4676297741253 554,3859760600502 102,2028467930379 5,462951516043776 0,3335492392367174 454,19731277643206 1,9967051986245474 496250,35703633283 1
871,7705823124287 33300,30007262711 1,9864137517439913 90,39532143293548 532,8649575660879 576,6299186435845 556,2681853898044 100,93355491857477 5,509871458377144 0,328093327011815 451,12047275841803 2,009357526458265 495835,621526136 1
867,3726249654925 33394,78361108965 1,9949378184830426 90,21077739951785 532,5663087201999 574,3254652615618 553,9652385787922 101,31616668329953 5,447052323478988 0,339003110475952 455,8555902213961 1,995314380789141 493531,02694371535 1
864,9624748525048 33132,62314242939 2,0013665547795605 91,93140070510796 524,8161437417687 572,9041934727758 555,9617715882002 102,87647021032333 5,491516668504237 0,3420672745192168 459,068910189878 1,9954263582393077 493946,40158937615 1
869,7209572188299 33117,451580792615 2,003306547001716 92,87340242838205 520,6923654498228 562,3212339493524 553,3350319637063 102,20114786744087 5,428121602389938 0,35330694206236585 455,47753184286745 1,9828451561491178 495863,68199172517 1
870,804340118711 33474,77685077802 2,0147461790546415 92,48018486344506 544,3012724256404 562,3417875766297 542,3873775651094 101,29694859930042 5,4613290862824675 0,3517568188722615 456,1716287364111 2,009105968825072 498972,2453802487 1
882,7050506569008 33307,13265030794 2,003512633348067 93,18826793017078 541,4877544077318 564,1443249301818 540,1893109851699 100,07094325564682 5,506569126527644 0,3588717950285539 459,42611935827983 2,0145657087669924 493457,7421093805 1
871,1789924458346 33476,95789379219 1,991212862416304 72,3114131457483 536,6635352792399 561,8038828461245 541,1717428078023 101,83989065160881 5,456713338571126 0,3584361844884401 460,038997998623 2,0065194489056704 494826,1490459819 1
864,6715731732097 33456,05265477347 1,9960735731078705 72,26219615988373 501,45345573697733 550,7752819467374 528,7717236743904 104,82231882445132 5,552114204555223 0,3711933361032972 463,93118621100075 1,9988530001165323 491925,31828363455 1
873,2512349312599 33508,56930313191 1,9942902664540956 71,78736796665619 502,00152880393176 559,7057148962223 539,1372152328616 105,22248586476469 5,486106520485937 0,37184765601883946 465,16551037726845 1,9921704668279019 490409,82993256464 1
872,5639523430735 33715,71116229203 2,0119248196138653 87,74072482888397 530,0523973027284 549,6621370830136 545,0147755123762 101,52781599011118 5,486588262372664 0,37466492419042147 460,303141391034 1,9912696390263476 493326,09184855927 1
871,2432810920149 33161,01054672985 1,997682166365333 89,23068733363925 535,0413498937838 555,4192527766573 548,5536592988612 101,91163809224818 5,464661190256019 0,3831557153526427 467,25574547678644 1,9985059403033425 495994,48225557414 1
872,7337130567643 33240,28780576093 1,9880414072030967 98,26693919433554 547,1486444165887 555,4942923919157 553,4459659070463 100,60107362107136 5,504650468271105 0,3824372006156741 465,5571736830581 2,006138361053676 494173,3618272033 1
870,8671818737338 33134,23204288113 1,9913609890863957 97,68945772809428 551,3992895653585 547,2878048609949 556,0659642721531 99,83079451278725 5,491317233117037 0,3961714622226243 467,70777701015606 2,0181628141833263 491492,1330540255 1
864,869967236032 33195,04093290754 1,9810077870802303 92,75748269815269 530,6253251176299 549,2353139396079 531,2480717774154 101,15884705290931 5,479729502821977 0,39048126359674634 466,2081169341442 1,9784994636215842 488067,1683393081 1
873,42807650049 33259,72217354257 1,9965969345270673 92,2206745325639 535,2645147634285 549,1844354711106 533,518685303045 101,88111640582494 5,5154991001127955 0,40508882478797364 472,546967438609 1,995046332294968 492426,3290318964 1
877,1026226770516 33163,426939946 2,0159462815720666 85,73889981376101 534,5204687908061 548,4888525169202 529,7263478747645 101,62318248991403 5,448368457279985 0,40278909958586834 470,5819084622612 1,9933943759670676 487975,66180563765 1
872,4502461815183 32992,8639197701 1,9874460235330296 85,53217622495715 520,7219890434674 574,9797666865694 536,0427824023818 102,03067551845524 5,456795554906209 0,41650945518032456 475,0987582053386 1,9855901442512864 490948,81796494604 1
862,2147540632197 33294,80442660345 2,0073912623208146 86,20896706779502 523,9587368611376 572,9461155123818 533,1191882109376 102,93016896546854 5,483344451655655 0,41053435337232985 475,0555683703996 1,9910638445936986 494788,7293473414 1
872,8779873433331 33325,34348443592 1,9947173508316625 79,67774356635191 513,1943837502023 551,0050941813371 531,0704458588942 103,01537695597786 5,496658274793552 0,41125603192945254 473,1709403405399 1,981610044065083 494878,2598920385 1
871,8191979256901 32993,85391599232 1,9813380489801284 79,17579695013407 515,0580806079199 551,9441346398343 530,7501052385579 103,5419438059596 5,432280510329874 0,4199296009545429 479,09192727044984 2,0072679376306057 489398,6964435544 1
876,1870128417671 33490,95600440741 2,001137328914493 101,83936474850483 555,0954185198374 542,8100589828556 528,0796524654162 100,20014470342763 5,508892202876162 0,4205958896722861 472,87402246934533 2,00871603557521 497500,5368701733 1
866,789934661522 33152,12734273453 2,0036450273107573 101,59812149953733 551,8582873423013 545,1389958020707 528,4054241490046 100,20982173672176 5,496419336282792 0,4364446674515256 481,84282788909667 1,9808758476528607 497397,5347935588 1
871,159059170541 33286,10474528668 2,0085652084526466 100,75781633219655 550,8844717071253 542,7162412671195 530,8518702034656 99,7001928809834 5,48998929448471 0,43738406917121186 479,11937243187026 1,9994846517263407 491366,5782200478 1
871,1945556800391 33214,68953244983 1,9932298862257465 100,39458030690867 548,6577299916438 544,1420933594394 532,457089237392 98,88247804021513 5,516140767558522 0,4410508674624034 481,6395338055202 2,020820118740249 487648,8130156221 1
877,0555231335024 33112,46656579501 2,0172143728497027 80,3744497264918 551,8063571236167 544,7102372735372 527,1667596508258 99,56514626313727 5,472876637024201 0,44169074333281266 481,360863579852 1,9971247528229392 486071,10384694487 1
875,2227550284139 33330,4164048913 2,0010042575474984 80,1023838640299 512,508939623619 538,9087446298284 524,8400466775827 103,52090299726892 5,480048941260766 0,45164157712830955 483,68316598086705 2,000963215252126 486945,3654005794 1
878,0085834834977 33199,359751090284 1,9902584555136371 80,00415217308887 511,5216691668634 537,1368950859592 528,0096528576266 103,33273526874063 5,488226513927716 0,4538786707909891 482,40957063838584 2,0249000187502 488851,63189623185 1
873,875077851377 32957,00538217497 1,996337292541876 72,89876764314597 537,0604392287977 539,9405053254948 526,3264000317653 100,39754678502439 5,455923880166382 0,4526954269234179 482,43960663855 2,007404622023898 488687,31604453275 1
873,3389073883197 33128,2992730089 2,0109383513772268 72,84018931437274 537,0123413873195 536,3782161523475 526,7239752382404 101,2787977434615 5,4539661389140415 0,46196268217296205 484,0719758153191 1,9989116965681042 491140,8134353089 1
871,8870521364405 32780,58007971988 1,9840707662501151 90,74750256157259 528,9054066129314 535,9202916773935 520,1444171742546 101,80068668707129 5,4689121411433135 0,4598422051404786 485,7894099343167 2,0113730698700287 486459,37436531624 1
876,4249408704399 33387,2766137873 2,006384648089503 91,2413014700054 536,8534790505803 538,220038546205 521,4649095202911 101,30385832967585 5,442876836031581 0,468508127237822 491,0710788767288 1,994708248523815 485669,0866335424 1
870,2957459065578 33139,26871148724 2,002681902516111 90,2655941198254 534,7700750901174 545,537689806488 521,8463637776935 101,39716141659203 5,527564104417295 0,46355744658345993 492,0740025313691 2,005028281996215 488560,79649642616 1
876,6484874361869 33275,802353617495 1,999317165014273 89,18611023628863 537,9327528414682 546,8153532411088 519,5659716787752 101,96519962515923 5,452117278412085 0,4741481890674317 493,63335749578204 1,9848052809123948 489755,64254985435 1
875,6999618564109 33013,95992387787 2,005061056165244 97,494248647937 535,1559811405804 548,6830065083989 520,4508470840626 100,5005224132001 5,4859150710639435 0,4740632949049536 491,70883456858814 2,0094547371398783 485667,30468603614 1
879,3629736705266 32876,65569846126 2,0098069249071115 96,91062007736852 546,9307657532895 540,6391296173254 504,8852761226762 100,38815069868976 5,477824442415776 0,4806387601775558 494,13535501800703 1,9945688062103546 488603,5027459518 1
872,0128468663557 33211,05242741434 2,002756404040567 98,28222529878212 542,2025025454247 543,8763319045207 505,86236373931877 99,75695286391165 5,505738786222318 0,48500198109810455 493,9423231802659 1,9897969520428571 483568,24852681 1
873,5075447158068 33114,182265129944 1,9889577366026099 97,31694584648982 528,6329597293604 529,0163290121297 520,366970108093 102,12427923830745 5,483061080712599 0,4833087639650049 494,7579092020499 2,0020997815475883 485658,3971741755 1
863,0565227857865 33221,03740207792 2,0010542263988147 98,02113026485765 525,9105582682411 534,7707779645617 521,4885388777883 102,4171416303738 5,517531758765371 0,48760092733944116 499,65099894697954 2,0195319847479936 483462,1872783261 1
880,6408855533332 33249,7966720777 2,004437627431095 88,78581006965128 529,0088404093428 540,8350014335775 504,154800145495 101,5476317304719 5,430275017256087 0,48356109808723763 501,38073608658067 1,9962316298897327 483033,94258242694 1
871,747937026478 33258,60756208496 1,983151192625596 89,10375724183815 530,4260421910004 539,2802740597288 508,49053672868496 101,48892228572154 5,459723828522482 0,49344085797054094 501,1998554157091 2,005524009942976 483285,70198188646 1
866,6760820907931 33421,35006294171 2,0235169682977867 96,35988284611086 544,8687519060737 533,0346955208632 516,8940432186359 99,92094875175151 5,428354964034123 0,489358683705483 498,189368125884 1,9956675506570916 486009,0325041551 1
862,2531316149184 32744,582611915393 2,009065995864207 96,74130378343384 547,4005483495329 532,7453469123401 515,7643658829797 100,62888910477942 5,421097945458154 0,4959541806913192 506,85077492456793 2,004462455483914 486833,8478506898 1
877,5665182592645 33269,44573547679 2,006669710428121 102,85012512574335 548,2225111280146 535,4676128143849 519,892076836897 100,79589960556964 5,5213839768050965 0,5021088764243589 507,4267927582124 2,0079459519914438 482488,69446920435 1
879,3106383219664 33178,202154209015 2,0085183261835757 102,60600199924448 556,9949768745118 523,2783405213829 525,1125872094696 99,28130199759676 5,478590413680218 0,5051108314354232 498,8581731812595 1,9988897285388414 484115,15774023114 1
872,5762588830539 33013,522891265486 1,9949737367221598 103,25542995450752 554,5748146260219 522,6852817053218 527,1191015489059 99,07118071951918 5,441141781593987 0,5014786117398743 505,08150901356385 2,0077187016681344 484109,0427348063 1
876,6148404414386 32982,094834436444 1,9915463233603916 96,4216249946302 544,2049798078507 530,4497992991924 514,2778200789538 100,44056772081393 5,496348455203706 0,5045549219850796 505,82873104400636 1,994689495110275 488219,5870716489 1
878,6236279649312 33084,25831076609 1,99279105610716 97,09199128236149 544,7511271038707 529,222943460708 514,5825771103265 100,36698794351624 5,429840104472267 0,5115994850975318 513,9433995924946 1,9980614642734076 481954,5424555099 1
870,140257267653 32850,0835755404 1,999256077483304 86,09711633245618 526,5450823588437 531,6991694522197 520,1530593940363 102,45104177289868 5,481824237395389 0,5090138958607526 504,7648717614947 2,0143394505964487 478605,06708980614 1
875,2447464235224 32600,573283947862 2,008842570677773 86,30854959887358 526,0885594098953 528,3256242431664 517,5830838902855 102,58889816069245 5,472193592742592 0,519541634208691 509,92268356265305 2,0026583375427105 486399,99471926014 1
873,7843565517209 33139,63326399204 1,996846375427903 84,60124940917655 521,7401362450805 531,9694037574894 506,9308063672882 103,31262366860472 5,462693693180773 0,5190139211695262 510,81023807001407 1,9987784055029456 485443,270476447 1
870,4463937813093 33403,410386729774 2,017981981028767 84,95910443952414 519,274039139975 534,0856977935373 512,8464470579087 102,20302693751862 5,426237602588113 0,5254397502026191 515,4564461389906 2,0060781948109505 487117,3524923532 1
881,6856249969828 32874,33897672923 1,9881334206716939 77,28418291282748 526,6394768354153 535,7943703556101 511,10135708696083 102,63506617353828 5,509174327754767 0,5240349561463634 513,4134198594727 1,9957797375386825 486537,5894373158 1
879,4292934402637 33024,058116990615 1,9928818907923294 77,08888226903588 511,1251641285289 531,4499588559711 513,8713229983948 103,94049251674458 5,4549131196033525 0,5343643033852726 516,5536629023404 2,0082174617544535 483143,4531931934 1
880,477655227828 32975,317363087604 2,004956934813988 76,4397540258619 507,15186394981566 535,9486791565273 518,1266434353619 104,08981945180109 5,486870688962621 0,5350684366037152 513,9716572220385 2,0041528985484933 481963,4498047597 1
876,1781554807803 33090,72399195074 2,0052454638169337 102,23689837718216 531,9164765702686 558,2238774132593 499,32151725654927 101,58118704262161 5,450611142676629 0,5364762344294525 515,0339062417227 2,0098335400624077 478035,47617630946 1
873,3433093116008 33158,91223319708 1,9845224636048917 102,47401609294263 531,6244636486366 559,3141611193511 506,5732305359636 101,05460527460812 5,501672836230743 0,540218214384027 520,230293185231 1,9826747853469824 483996,82705720636 1
879,6184390093131 33190,21422165086 1,9963470456296515 93,03320471539348 539,8672224414689 519,8342572050586 493,9810775411744 101,10062538230692 5,465666185825091 0,5420352340314407 521,3391594981256 2,01504526992315 487378,4701524617 1
873,0705647695535 33442,67427836596 1,9956550797086072 92,38172329120084 538,0916923202577 521,2471125234052 500,7160307147885 102,01074063879264 5,466060213020468 0,5422769859701584 523,2725158097741 2,011709572130579 480276,3486651408 1
875,1364304418051 33050,39062480457 1,9951499460037911 114,55807196452096 568,7983234691955 522,2947033886154 508,39310465183337 97,77641942105998 5,450839154115203 0,5447508191556367 522,0386005081364 1,9719990458202932 481476,01874165196 1
877,9077911127832 33018,14106647324 2,000034633950587 113,33879652603773 574,0775343025474 518,2371634186384 508,34814633682015 98,59450135864614 5,450184255197947 0,5510749654896352 521,0637071524063 1,9933414118515267 479316,8560579213 1
876,0060894630141 33127,15673016164 2,0148530593610228 96,61656281469246 571,4201274330801 518,9159672077944 511,093064237017 98,49372364748115 5,506230501982106 0,5464232797355567 521,5880848300494 2,0017143575043246 483007,9799056905 1
874,0660173532539 33097,67187613477 2,013927286430706 96,54506202421727 547,005465811452 513,8432892572666 507,56956504937165 100,62670186627797 5,441096642125086 0,5557864358290365 533,1261378021691 1,9908241265065263 480724,0237478025 1
875,7127778574674 33075,93788752154 2,004293495583189 96,74778854720996 541,0458677222733 515,2395565507732 506,4849300313834 100,37933582571037 5,475534208761933 0,5563598884172903 527,0725865593704 1,9964090464261788 481466,5246689137 1
871,2899021109104 32980,686466409185 2,0051084652844073 107,26160375898519 525,3107203352074 533,9459388330379 502,36227497549885 101,69026652914809 5,4827491864848135 0,553402103098388 529,6800727698451 2,006134616747353 483593,46326363774 1
873,7771295400179 32986,81305927668 2,009046657650127 108,21069966751105 531,1898589739408 538,4972326658332 505,23300675664404 101,99031035369146 5,4766702888233905 0,5559759610334623 529,4961805911995 1,9854406545452612 478754,19915637304 1
877,4936513906707 33004,44094000601 2,012745531372423 113,61928583114201 565,7181296138239 520,3923203637848 491,94157162661253 98,63442257817246 5,493926200424314 0,5611763547525703 528,2369107971197 1,990226309101873 475825,1223319537 1
882,8850458717233 33315,478342835726 2,0007059473400277 113,25681713509643 569,7874719073001 516,841341570497 492,8200131498741 98,07866091954446 5,466870383258524 0,5611674158483012 532,4939999852097 2,006133006592286 481017,29648887593 1
873,8202584327088 33474,83928354696 1,9757535535678175 88,6001236440328 528,641073286752 527,4059820007834 500,4080637111322 101,37890325893771 5,467089194924703 0,5652435660978404 538,2190876289951 1,9949022822577689 480366,9854194349 1
876,6065076272394 33190,005136860535 1,9962806267085311 89,56747951126883 527,8699043869575 525,8275275508087 503,3106805115893 101,96576225892338 5,462444587249718 0,5693911736901605 537,8556055840522 1,985265248040986 480672,2856341092 1
876,803752897318 33299,21016012647 1,9928628465099274 108,6815208618288 529,2173246222391 518,0174398637633 503,0215053952247 101,46515683342197 5,475341618461992 0,5677100728651088 536,2786453107852 2,0163015406640903 479077,3078504663 1
877,6793908045017 33120,98853567811 1,9963010355889237 109,25864661867433 565,708360682426 509,65747306911294 495,71749221396294 99,16799725389832 5,488730244092505 0,5676696357554102 538,541908236448 2,000451347650505 471922,6764459074 1
879,6937539730657 33524,954579509584 2,0114235345405245 108,95570472243429 563,877727943705 515,7385130820913 502,1895622517381 97,83429297825573 5,427271600463627 0,57468215702581 536,6717008121619 1,9832456511697458 476924,26254136144 1
