Co2(scd40) raw_signla(sgp40) aiq(ens160) tvoc(ens160) eco2(ens160) rs1(ens160) rs3(ens160) rs4(ens160) rmox(zmod4410) tvoc(zmod4410) eco2(zmod4410) iaq(zmod4410) resistencia(bme688) Aire/muestra
985,7622341038335 31205,34768579465 2,9873848916731327 354,9785782584261 831,9446449526286 197,1839074573198 162,32631106585384 72,72058233106114 5,40472230672846 1,0426412431780865 402,31251018067 3,0083685329002723 350425,7684582305 1
1000,3005328980065 31439,353934266044 3,0119683961515236 351,8591722086626 825,376288154144 198,9356715937698 163,22994591886805 74,54183579604536 5,393925463698964 1,0265822107843006 396,5792021093467 3,0300459991736055 347128,5108156417 1
981,5293255267475 31362,57849168953 2,9990834838829925 357,5690474481095 817,2033108362284 197,53269821656522 163,7340680465251 73,98242277378263 5,40227729970912 1,0389023647083129 398,8993086108155 3,0030430354263293 349522,0940527001 1
981,9292473328809 31443,26678779102 2,9938814879078666 369,5301302038825 819,4925880023859 194,7445628283987 160,17034533695576 73,70267722379134 5,387478555426101 1,0298554604606762 396,1920903289923 3,00412965057106 349352,0816065024 1
984,2739251391906 31264,920101593976 3,004392745132761 363,4921074060872 824,1328216773676 193,3537239633118 160,06726049651996 74,33597371234333 5,398998048394834 1,0306838792472346 398,9908683081005 3,0001960140044277 348016,62754207966 1
991,3541133799412 31164,844841105736 3,0056158694547097 392,49160489761414 828,9026738891716 188,74698980287243 142,68673964087412 71,63754672620443 5,365965880724165 1,0334611303834698 402,3357646025543 3,002895514450609 350185,89135081146 1
995,1198531196017 31397,609063806947 2,9995163408706196 393,0484728309869 828,7539824277947 191,23904735160914 141,69486142363232 72,32277586549495 5,397905238210507 1,0312360513169276 402,5357972708441 3,010174413387964 348620,49881568 1
982,7744504131269 31335,846632142544 3,005940395231749 493,5839884606079 871,4275479656752 179,6754506307322 127,78271623587267 67,13073872789178 5,385785543673759 1,0279058383187751 403,5361397361746 2,983440129994455 347496,4236771071 1
985,1260488200727 31218,24389565136 3,0310441673250175 487,97703083604847 861,9788456312687 178,56217246849914 128,2424520344599 67,27552315373855 5,42249482086257 1,041853016265451 395,67780849067987 3,0035860426702503 350553,16526488774 1
986,8357979394375 31417,317065651616 2,9840434709428436 512,9968523562738 865,1604203174408 179,18381414412195 127,31068559527002 66,86664880529005 5,420127911817028 1,0485355070869604 400,5335799256958 2,9995911782365194 347440,7460064364 1
991,7122343807152 31227,8713541858 2,9930352249751286 510,8753682215141 878,0992608043847 172,0152524642933 115,76581631963629 66,05142940603922 5,432483572540101 1,04521459042517 403,289079651377 3,0012083933567095 347044,22634296305 1
982,8775666751748 31282,68255238098 2,983067941744905 513,5680718649699 873,4788238910205 172,87153327866844 114,96079527017889 66,44393744178616 5,439373213024554 1,0447750300766898 402,5160810759854 3,005310071623825 347536,16138663044 1
986,2555515741772 31043,2594861452 3,0057942530918265 563,2908744270184 886,2548859586199 171,858692680339 106,76302526912916 64,12229407766917 5,434289856191845 1,050214057639181 397,68046287378274 2,9897122966344343 345794,8834924662 1
990,7636023679906 31350,414178121086 3,010307547845329 562,6555216196365 884,8483816130724 170,54600640166197 107,28100651730297 64,25086131629585 5,385238062125588 1,0613849959929553 397,32685504980174 3,007961477255673 346859,83460983064 1
988,4537636516683 30773,846272562267 2,994308330342244 593,9376805722495 899,3463865027925 163,92654578438052 98,56281921376973 62,25522151525176 5,4199730565191615 1,0589054269745328 400,7162715146508 3,024456841381898 346665,52584837907 1
981,5091135262652 31275,032320497503 2,9805888197909773 591,35085050032 906,2296227751434 164,8358913687963 98,41100788858687 61,83639850840707 5,362465687056699 1,076197733244965 400,2775869050988 2,9894183473975913 341150,0658076108 1
983,4601535943209 30931,983572488323 2,982568266782457 633,3973253663956 906,9413128918059 161,98817013774607 94,21584146719518 61,27980758225126 5,38777523971012 1,064893692930918 404,5171997854832 2,999839796046327 343187,5938279641 1
994,8640704194736 30979,348087879553 2,9823898847877315 635,6938190122012 900,1103615614593 158,87464058193385 95,06411321932303 61,42712284970254 5,371015263382625 1,0870015153428172 402,1024872529493 2,989372191705459 342902,24587976094 1
989,7605488107969 30869,418892632017 3,9605473922723857 653,6163241131418 917,5284879778399 160,09529517964478 94,56630461064812 61,59235188474128 5,381226695881661 1,0857106892561117 398,14369834954084 3,0056019717974247 340807,8963471585 1
988,4693642681378 31051,049851627078 4,015518046754738 653,9929754431909 908,6757576661395 153,73803102786619 90,08682654723464 60,928273969009226 5,373509321168397 1,1038696583233734 401,0895754851775 2,9933925314445813 340414,20208134153 1
995,7147838362214 30940,02864748374 3,991386887094575 649,387723782722 912,5725464245231 153,56899895030043 90,81832765071331 60,98098954906512 5,4013483676444904 1,1072761636845219 400,4737643097273 3,0017611401496436 339931,6382926702 1
989,1274436415747 30865,548963031753 3,0049764758330864 647,1927159631186 907,5041430719576 153,06967601856877 88,61364226269626 61,23143046897678 5,348775289848798 1,1059599479328035 398,7417739371401 3,0041122712198565 341113,25031138497 1
987,5223074814377 30873,568500865837 2,979441870978103 646,9976375407367 909,3403980905974 154,09751620376414 88,43901364017661 61,21795362407087 5,411361652777929 1,123058430101607 401,24315079167104 2,9930726178897853 341090,86493256944 1
992,6136030378565 30821,660782828476 3,984027485191912 700,5600508486713 923,3831481507134 151,31906889920427 86,45575242498414 59,680459255003726 5,460022377742574 1,1206429574498848 398,3200751709022 2,9979632618526475 340917,63886721584 1
987,7695289043232 30860,852475963962 3,9824314691256335 699,6607817278154 913,7021884512086 152,16227439753752 86,40329520534745 60,04602664595474 5,4544477735733805 1,1329420995194277 400,96416302034464 3,012259018841967 341323,17687043926 1
979,1513429770371 30654,905695625803 4,016055195384268 707,4959970709942 934,1609364583087 144,34083666990955 83,83628964117412 59,32156520874784 5,377826441344533 1,1409101062206624 401,2856073116697 3,005066296486846 339641,7338521329 1
988,5903759473001 30608,973414777127 3,987130527499354 714,8839593808956 929,7557882858928 142,9477181210063 84,4463706601424 58,96329901205081 5,387749836647874 1,1586888868790315 406,2402307916305 2,9986943000818362 339849,4097127386 1
980,755771165909 30576,49412592029 3,968797481657422 684,4644580427229 922,925687853448 142,23649915421893 84,47421935939498 58,936433748073945 5,425898096184298 1,161979651165099 401,8408284397744 3,0028721840144517 339777,8587720803 1
980,6251641375179 30835,552117559826 3,974555182372768 692,0385767092489 925,3136079158057 143,09528585788604 81,76205828767894 59,5616317832318 5,405206883860598 1,1836840988306672 402,02347489344925 3,022625031418043 337580,56875627086 1
986,4766458640955 30408,580601656293 4,032947756399242 691,6367686561183 916,5348426853916 144,05283493023126 81,11161378319157 59,869255929981975 5,4048991491202365 1,1697302491479622 406,0448770630369 3,0085039598138854 333873,45344228804 1
993,4296059558351 30731,70754982973 3,9843767899583 706,1474583687396 928,6365389944372 141,52335372700335 80,29623445306073 59,25327244728545 5,391342173746306 1,1718811479798086 403,638319416833 2,9942214932184585 338698,9389038736 1
982,5661831149022 30314,103269938263 4,008949435755557 705,5225503830286 923,609974188849 140,72410040543195 80,65037991087074 59,71377565987978 5,386165427532208 1,1961906395552637 405,23626962991295 2,993337801543602 335859,02246179164 1
995,7034268447647 30772,869790991943 4,016708040946039 705,0635609188607 944,1534925937443 142,7294400889601 79,65434938415827 57,187113803562454 5,433036192869572 1,192789373743467 409,9436225043408 2,989479571070132 337444,3216837687 1
987,5762040824787 30615,897990369787 4,026608970622202 706,3330059564244 943,3042459748008 142,91320221852735 79,65921041271018 57,3303612798876 5,386086966857496 1,2131087148939308 407,18148658742854 3,0126209152093684 337322,03319823206 1
984,2884322346548 30767,50677318615 3,982922892077345 793,5349525292563 948,3887440681156 137,28579510056971 76,58310423810279 57,07543366143741 5,4088898568196475 1,212484285288754 408,2189647072509 3,0183451897887323 338140,14480168006 1
994,8435799410474 30481,37030181051 4,016893840946691 792,4513991665574 954,4093388446338 138,28035094754966 76,96867160157542 56,68019243730786 5,398347094819359 1,220261622223382 407,58939015420935 3,0075857052169446 333254,0114460974 1
992,9454362925335 30578,15205003095 3,991831477721787 767,1928740966251 952,838102293759 137,41409009970377 76,8423930268724 56,802227571412885 5,40027326874169 1,2211777236250547 410,79028674843846 3,0227834355150716 337298,96558485256 1
987,0893206987799 30379,31849419501 3,9786256968019207 774,9387531131255 941,0822742731616 135,9111750837149 76,14723916803344 57,4975203202228 5,368051210818034 1,2437386203796972 410,42768036509216 3,0079561852268575 337077,2201083939 1
984,6808978025564 30382,567374902716 3,9979809357769733 761,8585857379452 937,3637639360086 138,17282496662796 76,54618537666754 57,475921285478016 5,377401103530878 1,228893228662741 410,5787318434792 3,0027078639745595 333887,32817171374 1
990,6773660116571 30410,382082658285 4,019633236525878 760,3102759640527 940,7868497024149 132,29962289793468 76,21381060563057 58,007227427421086 5,407856515746929 1,2510385906374637 412,95326342833704 3,027458328910628 336086,7165324142 1
988,8450445694069 30580,470703274917 3,9912369075414684 749,9623892609741 942,7475301926819 132,36144909075114 76,05714211351385 57,76611538262192 5,406852019336308 1,2492648896122025 412,78617306277954 2,9959417243638367 332366,80020710843 1
984,7019917973109 30157,53795757179 4,021625107600432 787,986166939324 936,0318434137768 131,14701354290452 74,07056596488395 57,51922686711267 5,364584403872332 1,2501009618456047 413,34781757414635 3,0047458819840402 330797,99505805346 1
988,4645485371832 30615,281585923356 3,9933947268691425 792,9879825354309 946,734605777493 130,1225169450948 73,72903916496941 57,93646152681687 5,414158578339393 1,2749164803498567 414,06838230882215 2,977423622401019 332801,6289853267 1
982,0532156199806 30505,837050441976 3,966457723610409 806,3543817547255 963,8901918571618 132,9938615033441 73,63928351816259 56,211163579069364 5,3985892284046235 1,256147886424307 418,4104685940719 2,989631561529207 334634,2006682223 1
977,0600811075798 30596,239477542327 3,9903930141068433 814,0873369879579 950,509946611104 130,05954364806254 73,48226835966571 56,17202547691248 5,3324958601633305 1,2857130037932338 418,1026578130605 2,998646243391093 334286,08500733203 1
986,7087433754587 30789,99388425872 3,9902336995658496 778,8253176087854 953,6673460283724 131,70353747264102 73,25314607078191 56,70558059678748 5,412126735299151 1,2880402586327055 421,92828459323675 2,9960115233868745 334775,12576419115 1
982,5308523973308 30330,43383327757 3,9706813519988513 778,8654589146045 934,6821317762971 127,89961552440482 73,3115481191433 57,48019935352524 5,393587652225909 1,3000353510523657 422,7554242230639 3,018153149188806 332083,9408121987 1
975,4737911356475 30463,494731023522 3,9806579046131136 775,5162606714217 937,5473826366951 127,3495071482161 73,2834965273826 57,28709872296582 5,428627245227871 1,2915114863271921 417,71525079731913 2,9962543042714165 332359,92510217393 1
981,2536709364175 30403,708309558177 4,003368129478953 797,8292455508212 954,7683924039261 128,72357038597517 72,56588035408306 56,43006573016286 5,411017494522517 1,307407174502322 418,33007091065406 3,006029235590672 330226,9046572421 1
991,4341670546045 30495,077672300926 4,033806615898834 802,2457436133417 950,7023792964533 127,91979212981771 72,1179291417378 57,18274597266206 5,366682995706993 1,3084553036287943 424,38670597120347 3,0091858376858056 334938,11844821105 1
985,3020603592444 30608,002007825948 4,000438973998351 836,6397835444044 956,1659134303507 130,74672999407986 70,76254983290362 55,34944099319741 5,391480757762132 1,3194903508938807 429,77922927838006 2,999591881376894 329668,10441158304 1
973,9377059580447 30181,892900129224 3,992958834040896 829,3932564795913 959,9875535403929 130,98749104744826 71,11878773346315 55,78073487557458 5,414321645450884 1,3263695506364792 425,27649603414693 2,9946388875351584 328830,3126772804 1
991,71318504403 30167,778810682987 3,967858048073032 780,4747461048681 952,5718966220151 128,6424643050197 70,85701325325479 57,45449675284307 5,421049776504949 1,3187149923085377 423,9104161713777 2,980089584460449 329778,16493844846 1
978,4512328719906 30442,443610536182 4,0084046941722455 782,4341866149257 944,8603527158176 127,42398719101682 70,6864183935446 57,71394338434473 5,418324530929957 1,3504501487660556 426,39878759207573 2,9800826548259733 328130,1152852127 1
983,8814259058594 30287,79405196377 4,017657070435867 824,1530055275398 940,8376045994775 128,03357555115645 71,28710248867543 57,57332499524318 5,442753362780683 1,3426628023317344 428,1492448626675 2,9874854973929352 327563,9501919508 1
984,224203187619 30381,25115427406 3,974242426659633 820,0406707670842 957,1501544837931 123,90548320190506 69,57449939695329 55,853087656241165 5,418145108650954 1,3555473295339306 436,0782936234862 2,965029969653385 331934,6690508169 1
978,2572844051333 30239,183873963026 4,017234975198097 825,8642945128029 961,5974642593281 122,40100044093113 68,86671628567464 55,796544533989426 5,388533300496584 1,3661412720152608 432,48869123138985 3,013515882573931 333012,82780265703 1
982,2336475614419 30349,537620547864 3,9914044162524234 815,6377442471336 959,5769715773239 125,22777944267938 70,4818482281342 56,055617031809646 5,427866425810898 1,3525674369028688 432,24046641367755 3,004403396832439 331089,9106110421 1
981,8774715801029 30210,253621254582 4,025890020515499 819,3458032280713 955,4587688295048 124,25286250613628 70,34074690210367 56,29537515977042 5,370315763741214 1,378102052240906 436,3616276634136 3,0004676482991264 328729,01343670505 1
983,4917708082708 30437,204998638088 4,001195083590485 781,8651221210044 946,1679537388956 122,99088315532607 69,17731319583136 56,714670822136725 5,430598556149957 1,366917937563298 438,3811256053904 3,010948627336207 326628,9495194927 1
978,432444622421 30394,95771202132 4,032456513235664 780,4687389997107 946,7073710026795 124,7018218190249 69,34827259331516 57,335798136051295 5,413632161725617 1,3683920610832934 444,38626026087434 2,996135617634738 327787,809379351 1
981,6815867547164 30569,381421156395 3,9502569498340625 801,1042127523286 952,3077053506715 120,25376728489219 68,80280186584719 56,852933294437754 5,359910469424397 1,3758498260303935 441,265515168788 2,9803417475625205 326360,96271770843 1
976,5153318188128 30366,225268962302 3,9913485061419243 806,964234260275 940,2185527948599 120,66195069556525 68,03600159764585 56,649453516983854 5,369658272258648 1,3849920032087708 445,61150948356186 3,0304531507155614 327211,0542416547 1
982,6686494198194 30191,234954888907 3,973919683487949 855,0891364245497 945,3741507883216 118,84345162267144 68,77740516326588 56,204008009141155 5,407990262952392 1,385220220848428 445,84210576346777 3,005041664461759 329453,851086779 1
986,9317906887875 30194,304634909648 3,9958153593048436 850,7098267022262 958,0687534467647 121,17306549217517 68,15845158722108 55,18520814156371 5,388662389547989 1,3961173189093798 447,9213875579469 2,9749430491263786 327128,22718544345 1
972,301344285224 30168,593699747566 3,983692606062616 850,4950598459991 957,704069475296 121,32699972086813 68,31907572093574 55,295309720212316 5,365200553920652 1,4053062167132433 450,5149518679664 3,001233463936437 328913,8729594664 1
978,0724240844294 30268,805772110645 4,013383489339679 835,6555946782759 966,0114847792267 121,80576664831081 66,14535308634461 55,48400174906993 5,361431284782405 1,4070786713937042 443,95718720665246 2,986169013523175 328418,96560018294 1
988,9823033249453 30407,978259105355 3,9735515307652727 838,3402854225365 963,1281474986124 120,83060517179946 66,55661658879167 56,12808238296401 5,3656763568898995 1,3986771271150973 452,21535510463184 2,990866837750684 327169,9299587409 1
975,1567284537514 30605,509245470774 4,008013009601349 838,4283833947646 957,0942347811499 120,40405103770385 67,00629264149926 55,53141733514242 5,412562322128667 1,4062061776823898 450,4287330553174 3,009015679679025 323129,02867979015 1
982,8416475123731 30093,771576578325 4,010040061227486 844,3272488942534 964,1550706508464 119,61445776203563 66,77070995705976 55,218148635752186 5,426501358007495 1,398746947831291 454,1792907530662 2,985706736949049 326677,54290373466 1
970,8369417955685 30596,865312805076 3,987132766275553 800,4405266998189 956,049921757418 121,23199208452857 65,69703921070229 56,60907904118003 5,438579792268325 1,4053169522154374 460,0468526990153 2,990826761735787 327032,55178504734 1
975,5271445058361 30628,03021771316 3,9889396465910174 801,6941292350762 962,1135093415004 120,6114963621495 66,14681628812947 56,95314890824004 5,417142161562796 1,412749111423678 459,24892650789394 2,974235974737847 324654,44708878826 1
975,7243489228061 30088,590475498997 3,9693962427232434 886,368228772681 947,2073584350313 120,92945096703541 66,36375635152322 57,34059825313352 5,403126106817459 1,4339887742271327 459,99676286150776 2,9954134414864115 325995,78304295556 1
981,2133599117647 30454,866397764687 3,9784598302286804 884,5346058366315 971,122827859868 117,5429737590805 66,16596500529785 54,853615977078476 5,344150246687434 1,4447306153067947 461,07841319058554 3,0012312225629394 328679,79505073023 1
964,4922804217372 30415,869214260438 3,995625252766765 888,6715089235668 970,067794407076 118,03181709002001 66,50113811323203 54,614126050098704 5,439016425333794 1,4365185943794174 458,71409451704045 3,0137390824757313 327774,4391161266 1
979,6274033232318 30183,380762224122 4,034571809594473 816,956017141754 949,354906686645 114,01732584468562 66,70375726447766 56,77017828264212 5,383733842491746 1,4423194484115682 457,5285689503975 3,020129302372235 322975,8384056968 1
970,2549569942196 30280,084915785694 3,986208721599085 809,1958678872024 952,5274606346916 114,13651900055332 66,43906491519292 56,918194342781206 5,384655339904979 1,4370338239905665 467,2965743329224 3,007812651730571 324321,8497284488 1
965,7277703144 30041,983875710917 4,009095394176224 887,8095834046895 968,8057424476946 115,85577015599065 66,03132345109154 55,16454273987091 5,387807852944736 1,4515467694166204 463,522416653869 3,0159907070307383 324500,3236850124 1
965,066283642332 30299,47888095154 3,995069636088362 891,9284968143752 974,9104409758605 114,67903761347316 65,99648582716111 53,96923436366171 5,404263793701024 1,452861448588789 468,55722145998925 3,0002041849428895 323535,9972699396 1
955,536035503344 30519,907429884377 3,9995294418089444 866,3384240604152 975,3043824403686 114,6811255128163 66,58398052038429 55,238051848650336 5,415011142626261 1,4373599421823418 467,3801062007433 3,0089868813726435 322763,8606292457 1
958,6202170849526 30293,003068619728 4,0221917845882915 870,0322307733503 959,985905047355 114,89069117908168 66,53016411054588 54,82864470839389 5,423630816970532 1,4491878050452864 470,67290659801364 3,0146714240607975 324749,0988015 1
956,9855538550886 30144,07644591779 3,994941057795403 887,1956646235656 965,498699969894 115,13423418588772 66,27002767641133 54,643984364682865 5,384797707969142 1,4495241745242562 471,2466102659353 3,0055918088095437 323800,7828783084 1
963,1202091301084 30382,30815895891 3,9799855044334524 885,4491216238333 967,9777172429008 117,86750371641571 65,27210915217995 54,65381434974314 5,389937484271315 1,468252918385482 473,25017345218066 2,989456821273125 320257,8377673241 1
969,3686575928865 30194,876422792513 4,010027401225419 893,4276803547871 971,3428177918154 117,36202638608613 65,31543754251629 54,474548581433254 5,414928988582209 1,4664118045894081 469,1628930080758 3,03289642069303 324623,5494984524 1
952,0093551479979 30182,115402009444 4,017085386190999 866,6847635346166 965,1383257888508 114,5947561114034 64,15583441874884 55,49110179260066 5,470525844429679 1,4548494535132654 472,8596290017224 3,0020971107490246 325341,2742063762 1
959,5661858959345 30097,600905883148 3,976468171777754 872,4356503934116 959,9811213674473 114,48815908182702 64,14734319365827 55,62077394088995 5,381470154494481 1,4756382098822811 476,63155142352184 2,970652160076016 322382,07781758194 1
956,5204994574601 30388,407720487623 3,9877552453799536 857,8710083391976 967,5543572030728 115,43046304124658 64,82274202247253 55,76436666842222 5,3647941768667184 1,4674073716621978 473,68742207592675 2,997031117452817 321372,8537943974 1
956,9363220695667 30194,997566044123 3,9908515602637444 844,6997999081351 967,7058138143968 114,0133486707148 64,62476324893508 55,080271236304 5,393919352279665 1,474632195848304 480,6964371076652 2,984946248303154 318908,7115164251 1
948,8951663029421 30294,07993653437 4,0099851952128756 913,3305756417598 970,9869060634481 112,5272173167906 65,45368819579514 54,05509086911958 5,418633782423897 1,4743809188679082 478,41698687418904 2,9930961782785017 319866,3708136716 1
939,5494834328866 30063,080635760718 3,990511876861308 917,5823958786266 985,4513794372565 112,28450345272282 64,91045693760933 53,97057316307891 5,3646385983884235 1,4811322759493946 482,519736555456 3,0082099461463834 320858,58508580655 1
952,39255518889 30305,174225239607 4,015166663802412 895,9254527516658 972,401804587998 113,14319592744474 65,07133889667172 54,0262816368154 5,432159561051404 1,481393734626398 483,3817359564192 2,992426555605329 316480,8824786023 1
941,5510312698957 29951,35989881758 4,010133228194352 896,9963134615987 971,5916511707377 115,69960666036548 63,1377867692528 54,7511705324492 5,40567339985473 1,4845456830689914 480,6945190933735 3,000655213317147 323968,5168575785 1
954,8181775195558 30290,147672266387 4,001472232942389 882,6583334753966 974,9575596243116 116,73053477693124 62,75390899965439 54,47862449748573 5,394689441080393 1,4848823701790477 483,5700090902125 3,012807714812261 324966,8299398278 1
960,8996726392044 30106,466590393306 3,9894869597269715 942,664327260526 995,4926834752494 109,44937695797707 63,88927671809165 53,28691601002691 5,399120689341043 1,4786445451748618 485,40658027138016 2,9985107521328445 328985,99435512995 1
949,1532622959576 29827,49574114729 4,0133899083673406 944,7292841190847 993,8560701105758 109,46219873542974 64,08219577244036 53,755127130426985 5,452719587498745 1,4864705192622292 486,59520994302363 3,005236728006828 320668,55866678327 1
951,5269000986478 30460,377054681037 3,9947425112711312 853,4896327292647 962,4475564809054 114,15024631751379 62,96911928793494 56,05450404694242 5,420180616880064 1,5054296253708392 490,4369698282827 2,9960099794328077 321038,738880371 1
948,9994932077198 30298,259495503353 4,00003318621435 860,60997920168 966,6467607051546 113,88629724107666 63,50762265118838 55,23201954064634 5,400751780079581 1,5017639030113077 488,1937088995505 2,988911116310838 323675,04437487054 1
938,6085675325982 30359,211433301396 4,015316886130432 882,0721948616178 976,3573056703646 114,61648743131208 62,963176174140365 54,69306207135095 5,400723288706923 1,516909589242781 492,9629429467067 3,029294207629923 323570,3229402059 1
945,6011753155689 30474,428323854012 4,019345643473629 888,4445621307765 976,8663080963283 112,64772166244435 62,5700082604021 54,63131964897916 5,415609789348132 1,5192377519284372 494,7387930396369 3,0073031313796283 321688,807114456 1
952,036979976075 30345,03027448567 3,9901694524093223 904,3363500848667 969,7119307383601 113,13703045349524 62,83086468982115 54,85713465382715 5,417950922974958 1,50987827563769 491,7276981189912 3,0036898821865456 318682,293830103 1
