Co2(scd40) raw_signla(sgp40) aiq(ens160) tvoc(ens160) eco2(ens160) rs1(ens160) rs3(ens160) rs4(ens160) rmox(zmod4410) tvoc(zmod4410) eco2(zmod4410) iaq(zmod4410) resistencia(bme688) Aire/muestra
962,9011590671693 32222,512910329002 3,006917169591448 227,53273781990129 722,0504389767037 427,1353338571261 407,3555681286616 84,08121256038402 5,369248100914186 0,08375001051358327 406,48215908033444 0,9975687671331447 421274,72478100733 1
961,4235568962029 32495,41502951362 2,98140487685324 234,4088431848485 732,2610527869675 429,100696051474 393,8278481392484 83,69053602428995 5,391201400129453 0,08431534686658983 409,7879815568093 0,998800296587913 420556,6712593581 1
960,945235417551 31917,651025594936 3,01789284085278 235,2495474769908 729,936626367779 428,30380977319953 394,3913032863607 82,99693484446821 5,395336206212441 0,08874699892948852 406,2074759869379 1,0031483300171058 416636,5209613456 1
958,9465842071418 32165,077273600265 2,991338405708076 264,2533423470246 765,3149378755212 431,6166642954801 403,1657136566534 80,54088865384969 5,373076877573462 0,08908270858511311 408,4986146352711 0,9933862498781573 417061,9383333371 1
956,2183391601325 31895,96347487853 2,9961446103492233 263,30049808346195 768,6838606193605 433,09853995223733 400,81797139902415 80,63377790285577 5,352752390141463 0,09453317825428117 407,56960002139624 2,0064644513847374 418688,70323373046 1
965,8395394987666 32015,063084654026 2,992864219926974 246,75898240934825 750,2753749329038 427,5755675423235 402,9556398208505 82,01924337885885 5,41226813356588 0,0940930441655237 408,5742999247214 1,9790037048688691 421333,8822011556 1
956,6566723154313 32179,523690265978 3,018739692830108 245,76533350044937 749,4898175296237 422,522388026547 401,0766892161264 81,43458032140842 5,371876611130817 0,09843408988512245 409,9547825178868 2,010674088577104 421507,3509363986 1
962,8128172818995 32176,620680998214 3,01416649134318 266,0826430338179 748,8671387603338 423,0109794265168 405,49790388743634 82,71008368431228 5,372113883482514 0,09807533445581167 408,47190246375357 1,9817417172251248 414969,0811774444 1
965,5206236635868 32359,560324392398 2,9987168778450535 263,7698635661582 770,0409821199282 424,5580882496494 387,6646268409328 80,29836482503977 5,401520690413001 0,10314243898918939 412,5736904472254 2,0070022526115245 417643,5735952498 1
967,2416210760857 32274,876236692304 3,009217784203659 266,6144551575271 769,2483224266648 426,51532861262336 389,22038980334514 80,60183770987634 5,35502708816727 0,10330912842939102 411,94374651233557 1,9975170962879236 417959,97045376163 1
966,2987504349627 32387,707617462886 1,9971831236976718 217,8845476100799 750,608388677554 429,054885269769 393,0524074496549 81,46685428298339 5,4099274208604955 0,10318798188095231 411,7041280588607 1,9980724642487853 412177,1257538372 1
954,8800002055334 32356,39890653394 1,9911913149541618 219,1401635859947 752,3476735297572 430,1755412774015 395,5634946103947 82,08104350478435 5,40163918704178 0,10599908978828769 414,0677308494242 1,990447869497602 415703,4574400775 1
963,7273771688593 32272,352403467597 2,981023508476202 215,29048881958585 711,6583420684833 427,376107598391 399,2446058467382 84,90087591356937 5,350472060328964 0,10693217362137016 410,0630838264478 1,9791405928285175 417810,48863269354 1
961,9789806422202 32190,53039100732 3,007060619032762 214,45207287939817 710,0300721684955 430,6271975889262 393,3779285259587 83,87236384013698 5,403747761668218 0,11015724135268912 408,7059484345003 1,9979128424255461 410210,99261772947 1
960,1637147650217 32068,309816268204 2,9978131103268666 249,4121460002727 750,9403517543694 419,3407429596738 397,3055863938185 82,30877984298998 5,342303069900812 0,11022476101623438 413,7921997074993 2,0004824942025246 411551,49127786676 1
968,0663148682714 32379,010894392868 2,991821153318975 249,6226404062906 749,8249695232022 420,61491039466006 397,47706375430863 81,33041491506104 5,350959503531582 0,11438701041159653 415,3889395423436 1,995499019409567 415793,2049635524 1
961,8129939408369 32220,785714269932 3,0192180156111927 255,490196031319 751,362365080559 417,51157818558875 396,57436196167214 82,41362969552067 5,362874421375543 0,11449468973716179 412,52369784653393 2,0155701601245193 412679,0030498463 1
968,3009203258108 31992,44799115372 2,9773519269076165 256,3960509506496 752,1361793369497 432,0189975349461 397,2275130074896 81,52421724386753 5,370851217299982 0,11954730189697625 414,833263372237 1,985368527581394 416807,40721626894 1
960,9763241450132 32140,15317623106 3,011997106970804 255,19900552177066 757,960426072677 432,1685644178026 400,9294687299488 80,79760454601622 5,408918958822555 0,11799449840140208 417,05096277415794 2,004436040679772 416352,53596069146 1
958,5660625516056 32086,997734851957 3,0164243268061615 240,22775729299016 732,5310874028434 422,2245988515257 389,559227041541 84,082222110897 5,3507515657706355 0,11847860466715575 416,3185920061588 2,00098263184708 420168,8096431422 1
961,7452678627409 32108,298669097658 3,0092396204262473 240,62546146865952 737,041696120312 424,1526496970381 390,00413876383124 83,62175413001384 5,389559498243952 0,12238696018036482 412,8847273356307 2,0058021304485596 415506,58629751287 1
964,3514226983394 32053,82717465517 3,0026230249069643 248,69007911203516 748,3685699165278 435,8288134351401 396,1791739262708 82,08302961419497 5,396984370205481 0,12228999334589419 412,9947369411456 2,006944064064972 419238,4589086822 1
955,7987635127599 32254,619580777402 3,0096254967364624 250,23240027677545 757,4385337837452 430,0206234472179 393,6467848729811 82,13849299386564 5,3898982601388 0,12353566655572583 413,62962515021326 1,9770215140787424 417995,0035936202 1
961,5279359434992 32101,933093016734 2,995132277746523 252,33538408309983 754,630661762128 424,67350521353876 385,46642891426717 82,27006621368483 5,451812790667109 0,12461483265247401 414,65776525119395 1,9937983744149772 418975,31666222296 1
960,149841070052 32240,293705442025 2,999102828034821 249,391652865858 749,6775291285338 423,5614930899757 388,2836474601521 81,00567404632423 5,438475230802973 0,12709775156116615 414,17809418503634 2,0160892547935148 415251,83487939695 1
960,3430216687348 31637,512964794303 2,9938944076034404 249,382777578122 756,810748531252 420,7531206573734 385,80790867345803 82,02604727456598 5,431545622104684 0,12689077132027107 416,9701179603483 2,008117709807133 414951,1849885305 1
967,0332944415633 32001,48288115507 2,988440264288471 247,84419822423942 743,6436236730465 422,59862597275435 385,7363707873431 81,87740307033913 5,419913507357399 0,12995586837868026 419,2961984999358 2,0101339564774 417843,94250534696 1
965,5380288996995 32058,12464990014 2,9865849238806548 248,0040673032111 752,0792289364914 419,08404416049274 385,850428821208 82,03600067754351 5,372109905905349 0,13132889147970514 417,75183283482 2,0005023915672533 417640,93955057376 1
962,382920182899 32235,086178503374 2,9901285253033882 236,9259251061879 759,0341137860095 423,0256811933452 399,4221212819454 82,1207559344853 5,372765259765633 0,13041067778257912 415,7318324511729 2,0015856556299196 417387,81626695726 1
959,6517002031035 32307,06658439657 2,9865000309974885 238,5184719530829 753,1882326821419 428,89672729388496 398,1374917365443 81,98400759103457 5,409975165981171 0,13469403277709463 419,9320067210677 2,0000937064225144 413259,6189922511 1
967,7260929883522 32168,21339229872 1,9975653951571652 250,65970044083548 751,0576142273113 420,4564288381517 391,9551517216712 81,8793273389232 5,409298979734616 0,13458502053235208 421,846866616804 1,9917185016579502 414175,0196396196 1
967,0282247180709 32225,212897039004 2,009659764716124 253,08895525049394 752,4845131864207 423,1426670090726 395,2714915891892 81,44717220956277 5,417518638329136 0,13665296339376695 421,3634023036484 2,0029993497771748 409243,460973396 1
965,499944305064 32139,510454714084 2,9740195569083476 263,7307871982977 775,4080885306954 419,13395450001985 377,58967918986735 81,62671054695154 5,415536054629945 0,13692580918956104 420,0240551904333 1,9917048387288243 414514,4777842368 1
967,7993113133728 32392,75089748903 3,005526375844859 265,99297703038013 767,2235756040276 416,76957025776187 376,62210987554613 80,52717950616776 5,363521799434531 0,13900094842236166 424,44314591835985 2,0005771746728795 416201,16755273374 1
960,1692576746682 32082,47397878705 3,0169158227513906 257,5159032310434 765,9845623081012 417,7830079255319 378,8634492353592 80,72624700653071 5,413759387205221 0,13875536751272002 422,334290582414 2,005546861578838 415444,6430881023 1
963,2017916237467 32260,965405415573 2,9984153148442405 257,76071075540796 759,7375155524901 419,01887647460177 375,7853769324415 80,87380700626653 5,39721411520473 0,14226977284543857 421,3583617863238 1,9898994099131673 415870,7516458699 1
953,6183654554554 31978,913364716638 2,996153928272727 259,391902630914 760,8625661063467 418,46259626684565 376,5875103905065 81,81949477974327 5,403289335509419 0,14222534823954022 421,64859869002134 1,9989808906161577 414359,8047973286 1
964,4176842872702 32002,174663641734 3,0226048540009556 243,76337954979303 757,0933946877401 425,29137469520424 389,0471458341528 81,7623363972199 5,394291141386901 0,1425140437479404 420,5134147275786 1,9934152319614908 410854,3007197233 1
971,499207167329 32261,18789999187 2,9815819344940886 243,9226283686693 757,6305665878634 426,62931152324785 388,1128238087704 82,35767300025373 5,43667640531245 0,14537940290837964 423,48433327721966 1,9976202132878438 407699,60965197464 1
964,1863185393163 32180,971403435517 2,987516689685904 257,4034612813177 764,7604474921256 419,43917402550005 384,2254256390816 81,154146331423 5,425272687075422 0,14431722236764238 425,50704297871647 2,0092314459193603 409314,3582167126 1
967,4979052889737 32246,943108136857 2,971433045477041 260,22615095204526 765,4116250029621 420,1714544103154 384,2544153439047 81,2327334387855 5,407786391874156 0,14816063614071898 422,5562676013692 1,996363057466628 412462,70811202883 1
978,0522628489622 32151,68873485293 1,9936235589535265 216,95940833443518 715,4962699130456 423,1622816353599 377,5294570953079 85,19412923280488 5,40188261420639 0,14665704813636982 419,8977541413284 1,9974424842078957 407314,5546715511 1
965,2716996460917 32213,012722051655 2,0130050282287275 218,47597776107165 714,8145081119227 419,11635547408827 375,6504384908932 85,34499399917851 5,407260997007791 0,15149147933100524 425,6640992792196 1,9930038034221422 411830,60769844346 1
967,0012431844169 31915,481771990097 3,012309159524165 242,5291110949461 717,3258652550339 420,8271312005711 378,13124466508367 85,80608533069913 5,387413374864315 0,15067915711668411 428,7313402388706 2,00284861221859 410940,5342892149 1
963,180777366233 31770,206033984032 3,0027884631638 241,7114111486952 737,650986087687 415,0772586715263 378,5678249132329 83,10065364936086 5,396036660448746 0,15395640110560396 423,5792240327919 1,994799372377353 409348,92422658467 1
967,7280291444274 31954,728484095423 2,993599426735876 243,93969496065856 744,1593857717892 404,29667013346614 372,315624653643 82,01863405166077 5,36289914112547 0,1512912429036192 426,2985385666741 1,9880162573018911 409924,20054857427 1
972,3784177409219 32175,55052205565 2,0027607244212957 219,15374447105484 768,2326263568219 414,8684556209658 379,6546188474753 80,81413939179079 5,376464912414208 0,15180529760025635 424,8971686894376 1,986908958982247 408749,0698280356 1
963,114571455177 32052,590910747782 2,0046368943468895 217,26662855387477 770,3358608008174 412,7355342917642 378,4738238711082 80,89660843228731 5,364390214345616 0,15468162888650297 429,3182000958819 2,005515392665628 416466,00038681837 1
972,6691392383273 32347,428256191844 2,9950945705509526 249,55742708139363 743,1045870161315 418,54647110391403 382,8217482842842 82,74308863286859 5,360338453509643 0,1535249956354758 430,5128813865402 2,005078472607998 412496,9538027417 1
966,2994731757199 32333,135260734303 3,0292451722899933 248,35876868768887 745,9124241023632 419,79526111103627 384,3462949715183 82,06893536733665 5,40091869909359 0,1568262695341628 424,8136550710531 1,9907382288861732 414122,9597655012 1
962,8628405701724 32126,238068846797 3,007327715608311 233,1213949335191 737,1847951724513 417,97468365893013 383,6368651082374 83,69783138829074 5,329614617815423 0,15748916031320942 426,4246933518283 2,0037172281728597 415006,5618360583 1
962,240844680044 31935,51266885853 2,99635045113874 234,0981961611396 725,7034087861878 416,21990519378284 381,7972778366407 83,31838902376832 5,372782558322144 0,1585254270818519 425,95857442413666 1,9988603908891216 415443,391350329 1
967,7498277898692 32314,333378977364 3,009499860595797 237,1828728445254 738,8626099598189 416,32368965734145 376,5976717616978 83,55218982685096 5,4128145002375225 0,15778973849060063 429,41750431377886 1,9961706124599536 412698,2954401877 1
970,0998014056796 32256,99286783068 3,007395208137434 238,07943304955802 739,1676025786358 424,54210593581706 386,4557256015724 82,46243757069736 5,332874603924665 0,16244290607707357 428,0424904475018 1,9968281217839299 411040,81466814806 1
970,1203336139513 31997,71721118376 2,9925633066352058 240,36147367314422 742,246263781897 423,5375317588756 388,22899005115335 81,77759734182297 5,412886020674075 0,1618178291386662 430,62924372209164 1,9826959218619757 411532,36710743024 1
959,9177799580997 31973,73009364143 3,0182061290821167 265,48314369282474 765,5325471209582 418,6749883731264 381,33596584218674 80,75223510428168 5,350085105782252 0,16223500117041323 426,9577240967643 2,0055266281241657 410508,2755599021 1
966,7371115020758 32024,31003497694 3,004920358566296 264,5739241914109 766,4269779633759 417,5818010633024 381,9353773140985 80,93746443038903 5,371030962904417 0,1625101161980443 433,2615721427696 1,9948398998967007 411237,0035683506 1
957,963939047713 32106,411500674712 2,9861314200447926 228,1889731191243 728,7250170800071 414,66802497598513 386,6463061917539 84,1313783904736 5,360864361655318 0,16219284502648026 432,0175138760157 1,9924019256592091 412177,60980904795 1
968,3986876626278 32036,065563159078 3,0095373107001224 228,3002321364646 728,5821527252318 414,3907465697098 383,075118528794 83,20909456044869 5,369345230720363 0,1646599237535799 431,37652473917893 2,0058933253472744 406944,5992023452 1
964,1867432285134 32384,14024249611 2,9923536577322407 252,08237042665192 752,3463252221947 420,03096291549707 380,5818460144644 82,01010795066627 5,369239591951851 0,16533850272694034 430,68173953601934 1,9940556061708044 410297,4342899714 1
975,7483496256071 32319,88078668625 3,0074234196837093 253,78063717299653 756,3226853949423 418,4041838022244 380,3717818451045 81,762482239516 5,399530320541807 0,16439100645801463 431,171951748951 1,9850757902853813 404543,12519259274 1
958,9861560623809 31734,22251869574 2,025517853676698 218,49304076368722 758,1655623477548 420,54902500380234 380,5090383064277 81,1941679479186 5,4011378575135645 0,16426943621796294 436,20652362328633 2,0097461770376537 408736,7720666606 1
965,6648899197473 32147,291234231114 2,023895456782242 220,69975885747934 748,4430284265233 411,7515245293383 377,20270905181314 82,61753491637742 5,394661986749696 0,1654409138679871 437,65437760491756 1,9956181999281504 411891,26797254034 1
961,985560800138 32145,47805696419 1,9909050708443419 220,77554707885903 746,2853201532014 413,0963844267123 375,4439806668728 82,39516876271715 5,365211954038625 0,16483503209382938 435,355586880385 2,0006803318776774 407669,3207437054 1
965,777037780412 31845,327444449496 2,9985667649819767 277,85751664524935 784,8221921801712 408,5855390572611 377,44064897098525 79,87087779415579 5,321548873898214 0,16488437302930728 430,5160196132206 2,000095993080303 411844,18604210974 1
966,8704999417064 32508,902532444958 2,9789866009101518 274,97338404233307 783,8566893719116 408,0141770166519 375,63360515192494 80,21748319020412 5,412645602260557 0,167076406412852 433,955911317653 2,0082144031195113 412088,0305042461 1
960,9610409301145 32136,442414357516 3,007048318744654 228,10892641601137 733,5851392421313 419,32851396110055 386,1158052388028 83,78111789275026 5,33778961642693 0,1672278209705261 432,96604820577824 1,9979536020138036 409152,27536526986 1
972,5150197149736 32210,521696810945 3,00158415377525 227,66688163844006 724,2221422252186 422,71931585184547 385,62037372986526 84,59176226577196 5,352163965752667 0,16757242989605492 436,7532657660657 2,0152441002879264 408730,3228121201 1
964,5069554614146 32205,816124589146 3,0098044605680445 256,5507392805797 754,9236790921959 422,7707711720089 382,89276428266794 81,02729316514173 5,4170357008314 0,1691541684254938 433,6541275691486 2,0038885665982233 412466,73176625924 1
960,4507587748599 32216,25732045024 2,999500185891256 257,9182641722879 757,2708435781483 421,5022484909762 380,91773760332455 81,19735322555238 5,362301371670813 0,16818758962002966 438,3732794656748 1,99414382786291 410205,9263032923 1
964,6496465972424 32180,468729486223 2,9942469752321648 225,22813223875372 756,0536213464803 420,89757132540433 380,9267428032185 80,40484494318834 5,402406696925123 0,16924080201141323 434,4420503402756 1,9859249608303815 408734,1851793324 1
974,092623506137 32119,493755629006 2,992915160247815 227,6841259282568 780,8886555489346 412,1189467338345 377,5325359478445 79,87562198217469 5,339483550801218 0,16905050888678555 435,71981597581527 1,9946121485665538 406348,3175354134 1
967,9083676682184 32032,92154367955 2,9917003633626584 225,20849317712975 781,7161351553732 413,50833697133794 377,564919288516 80,1324085318198 5,4134927044655905 0,16999619782801004 439,58507786194065 2,0068836191099924 407210,5470951133 1
964,0042456858714 31934,706939347794 3,0203869886444967 229,31563343251085 735,2491435544442 411,17781981017015 374,6753263178267 83,72054288169699 5,395110364103535 0,1698546229557919 431,36906752657944 2,0011247504137617 407880,5011839138 1
969,2316721026907 32028,184836798748 3,0085916780093456 231,21077604721924 734,1299039278779 413,17392028264334 375,73572965948455 83,25303524271496 5,409664357420407 0,16960683262783025 436,63471408976295 2,0067953932746128 404645,91664959316 1
968,3335808359692 32501,510561983858 3,000625215918597 228,75950672028114 732,1424536947326 411,9229735398828 378,44187966635053 83,89316171261356 5,407248066518684 0,16883590635530718 439,68424737654635 1,9953431311523668 403772,5550590344 1
966,1979686022737 31857,7428605292 2,997598010818153 228,04079689888079 727,4950506948027 410,6343702175577 380,7462793601106 83,93197326962077 5,420432696868905 0,1685870549826353 435,537520545033 2,0166714154202134 407241,7156799101 1
969,4609935783252 32247,82431798264 3,0000616261783986 248,29433186192696 741,3595075157197 408,515051873239 376,5529254513888 81,92816602220563 5,37186049378169 0,16872766255659638 441,0785993658476 1,9865191334488517 406698,6918978933 1
966,7900000189088 32512,68698120089 3,0002948915775525 252,1429309120068 753,169631153827 409,5403651240933 374,01205411674016 81,81772125483707 5,410848673304021 0,16904989851315774 438,4178083096276 1,9780249595361397 407730,10235463246 1
972,2244207623364 32219,80030116413 3,0085720642993214 231,22705447136207 748,1571502902809 407,03871542942557 374,41176066665 81,98459862656775 5,365137791763667 0,16948451332948147 440,27408617763155 2,01338893719897 408031,119634184 1
969,7376584825183 32322,18144417136 2,9842366630887964 233,03238661180347 751,1039016124129 408,3324652291451 378,86199941388855 82,02730582399256 5,364494544229868 0,16892648827540016 437,53940388052996 2,007093955031753 405558,1137982765 1
967,5310510061305 32175,134236100585 2,9774405648136124 231,4046401688042 748,1552883577418 408,10536393457403 379,3701234203489 82,77078795485386 5,372395460312665 0,17050115257642498 434,3396133445302 2,000264894032599 410863,5290465513 1
969,6273772180109 32184,883769339263 2,9786659473463777 217,35018148984358 714,2225198049466 423,15776257276775 374,8264094744273 85,11706927411146 5,4276860846989665 0,17168610094641565 437,0585558765526 2,0040330304102496 407786,34122609306 1
963,9215042524102 32196,5571835785 2,989565250349783 216,61021446929948 717,0680401616889 417,888163126577 373,09570778021435 85,36605889984013 5,372281718356301 0,17108797688649127 438,2952136894758 2,0067726322342017 405251,5078765509 1
967,7637896531448 32119,000267006217 3,025921656020243 241,2084325081402 739,4855241805759 413,4927115094502 370,40445668719894 82,22466035818556 5,397130546555925 0,17177351786624054 437,2677410449864 1,998706911061452 408098,76253948145 1
962,796362216703 32027,416090923103 3,0005749069966 242,43925072643972 744,1232630933418 415,4990255868053 373,6387832896889 83,15911808616286 5,358130308876014 0,17023282659978836 439,65427297028134 1,9905320069381092 405614,2291733035 1
969,4632696334141 32004,523167534982 3,0125091695127524 258,3853529119118 761,4440556705797 415,34364173342505 377,9789234031477 81,39044453730007 5,419532129659369 0,17240429174468813 435,5213330539183 2,001282694486448 403927,69119709573 1
962,6482031032323 32096,233610916093 2,9781228953438297 257,65118178867436 763,4623016890464 418,2296559136691 377,2022135967543 80,62910682102313 5,322522528567049 0,17044926441304217 443,9697773816341 2,0085633205725135 406881,1354590206 1
964,6423265138441 32144,771335282046 3,0050382964019837 270,41770665916613 760,9390373406361 416,6199808228357 372,3380975340742 81,29294209360687 5,3914509666519095 0,17061300802964174 439,265892571286 1,9971167664794276 404009,3123069713 1
971,8700669732011 32202,295605174157 3,0221590255593647 269,6565918105649 731,7929866807063 411,7635917815444 376,28825308201266 82,53296463837663 5,382956978997627 0,17140663688466298 442,57673948863606 2,0105840778460546 406435,5193815666 1
964,3292986498719 32109,159937130593 2,9866920373886714 271,58136996123346 742,569333322902 415,38873076766885 377,0523469755319 82,45650155524841 5,372595454024463 0,17187099433117656 439,1890626242523 2,0105521743538963 406110,79230767325 1
968,6788876359451 31961,733932045543 2,9773112183608936 240,8641348028134 738,2181705162022 413,81798353227805 381,3787685382304 82,53114289967105 5,3697283659902695 0,1695639445250338 441,1985571819321 1,9917676284980914 403727,37655773485 1
965,9946415842967 32051,986775158133 3,027613934656215 237,81577129941303 735,49987426074 411,521643745268 380,4734267758078 82,70912205851327 5,423015126778096 0,17047920257105503 442,18853537781024 1,9959705680760034 412426,6680149732 1
971,1303297815558 31958,629683934552 3,022421017304385 251,06412758775457 749,4239741872617 404,9206181574304 370,96753530562404 81,97027324127698 5,370128786472676 0,17145298271019552 442,7048175621011 1,97965762174695 408849,22583357984 1
959,96975426282 32135,280409863924 2,9924549722448144 250,0395831686622 749,4468930242784 403,4595062582898 370,1846567400931 81,6426312972782 5,3972286810235826 0,17327810525009255 443,252415416653 2,0005144137770414 405038,0047803504 1
973,2554288277659 32025,361359500093 2,99809365108107 239,82189230369138 740,4001884989328 408,7062334339857 375,19567910463763 82,75164936418948 5,392745889021175 0,17232287185878906 444,7672763869879 1,9968692151878362 408033,01755708206 1
966,0500810686259 32302,879607754843 3,0205881786619933 240,23044039074486 742,1178167732589 409,6857124867202 374,9031566728295 82,07633071646939 5,364341899548605 0,17382098198497312 443,3164985222462 1,9915867137834171 408522,2330898834 1
970,2727479599564 32214,59945780775 2,9608000146053204 246,03141165309117 739,6296757583548 409,23958527694697 377,3307935095304 83,34537146494242 5,318666169971704 0,17455802702380116 445,73764182082016 1,990724517446434 407263,69832390855 1
961,7703126646451 32045,28345707924 3,0216561254207956 244,20175582947857 739,6019342432432 419,71828166462694 381,4722014092797 83,40975737895533 5,4140793511705905 0,17129930317666733 443,88878346747026 1,9980413594129989 404513,0791603571 1
964,0482146353837 31970,558468122694 2,98898492706007 246,52307703113124 733,458868867405 417,4398305981493 377,1792311262206 83,41440091019463 5,333079965089081 0,1748399958777177 443,78207506142314 2,0025438469121144 399559,2369668522 1
