Co2(scd40) raw_signla(sgp40) aiq(ens160) tvoc(ens160) eco2(ens160) rs1(ens160) rs3(ens160) rs4(ens160) rmox(zmod4410) tvoc(zmod4410) eco2(zmod4410) iaq(zmod4410) resistencia(bme688) Aire/muestra
875,6506552712428 32876,15627948621 2,003143467998075 68,31470952159982 562,9519223077218 524,89808239596 568,1757741744583 101,29336208528878 5,333882923207196 0,01655969972723265 402,0238083527762 0,9944737590536944 476950,69334455585 1
878,2189742994067 32918,1154500919 1,9947535832765306 102,74053749937642 553,017189001783 542,2327075238464 559,2609855847444 102,86163291291675 5,381378164758855 0,016555624653718317 399,3384310809249 1,0038110479513616 475751,6439190098 1
876,2395030657347 32660,289316768954 2,0107618683563313 103,41137532258078 551,7355963031824 542,0907500120455 560,881305774208 102,005462971338 5,3800723141709526 0,01698336810248236 400,91923438320845 1,001053134238028 473245,3899924626 1
868,4353429650911 33226,93569969844 2,017554988541091 111,31719441319261 564,215352750154 534,1742632403179 565,5478505538155 101,05221300951081 5,398136330141168 0,01685891055843259 398,6881176235665 0,9952873744889601 475976,517910012 1
880,0280341821705 33213,9443438775 2,0022146899030746 111,78589482736773 564,2239154920265 534,4971067159817 568,8983212279559 102,34054632633006 5,376476952747849 0,017386284652160317 401,9025668393419 0,9956885272041182 470057,5338015551 1
871,5498333913035 32573,315360668166 1,983601458603311 92,54146216998744 535,7219441105066 540,1073007606572 570,5180136614093 104,79404445345214 5,3703560018529055 0,017378370510767113 401,5002616861614 0,994456061764493 476503,3545327434 1
875,5752815644171 32929,42874965142 2,012194649696954 93,551163623949 534,9911619442123 543,2594310975504 569,0673488017112 104,18839302656878 5,409306273660204 0,017860667159299716 401,42890479754925 1,005473205051383 471870,3197420606 1
876,9800605046199 32823,28235640276 2,0088792049859445 108,3470347751974 538,8424262878438 544,5741865998209 570,116898400857 103,99310445764587 5,384872506136995 0,017890986174772226 400,4813657891935 1,0065350017535968 473695,89898465166 1
886,597507045666 32951,914964337055 1,983382491386508 108,0150897090103 561,7846729291467 532,4608524608061 555,0201377566431 101,27390436943307 5,414246761010695 0,01829745436525132 403,2529968114886 0,9936271712945005 475700,87612612045 1
879,5510268876955 32831,24607045387 2,015739777874501 107,4124553509053 560,8051757762055 526,1961602097589 557,9254603939554 101,12813568537923 5,440036004959738 0,018282777674488337 400,65210007332234 0,995834952181713 467110,6926055727 1
872,7757674299698 32763,68330656186 2,0072060778865946 113,37917050687308 569,5935759625941 551,7058877908004 557,585703098184 100,96416207083335 5,355859986142374 0,01840028251598574 404,2532171452908 1,00137923171823 470048,66412125697 1
881,4865655349676 33031,95176231938 1,9936727344429577 113,66325595930972 571,5004037673863 551,9750301160057 556,5234287604786 100,54050188570882 5,402991373791896 0,019119604234546044 398,8287892449483 0,9973346090814248 471927,15825246554 1
867,8945349513583 32606,84617807758 1,9803043807299665 103,20793300802168 555,487606329965 533,9133143372898 546,0745545459301 102,20049707417627 5,321317348501919 0,019060123563475206 401,7027421031187 0,9916132183388533 473046,1323105551 1
878,6472909165204 32579,87637596592 1,992053125845536 102,57052702359691 558,0224692593494 529,4564202597604 555,4730446431648 102,18748593404709 5,414055169879847 0,01992999189364079 400,2839921673636 1,0004410642137456 472905,54757918377 1
880,0033125383941 32800,04702975606 1,9899736661108784 103,23456122679876 557,8212993659337 531,507449245226 553,2654812653122 107,3117195807692 5,396891894216565 0,01995336548687236 401,8703682863227 0,9975678699084048 469379,28653787146 1
869,8973608691542 32645,973332241767 2,011073756391648 102,51985711148916 557,3445772702635 532,4659913146481 554,5670770254538 107,26545661970887 5,398178679584901 0,020301199008139505 403,5937882378262 0,9954824085894023 473740,9622924928 1
879,2960477760621 32905,96688398167 1,994728189568345 98,78867946001671 554,8670883660457 540,5200793775288 549,7196279959638 106,65622957810487 5,361168409189692 0,020383426621334626 403,9965114703639 0,9983278464882764 472332,24707678 1
881,6692448044453 32953,07792809143 2,0198509212818734 98,84999750954368 547,6865896388576 535,0288390138892 569,0255646767797 103,34019454625826 5,352557890927668 0,021109772778360215 404,66776772529005 1,0093910360929055 469232,20375234255 1
878,771930881738 33044,89722428759 1,9896156773582574 98,55727458275632 545,7292427044387 534,8835558126185 568,9572884607255 103,63810816089577 5,370694782221824 0,02105070268888361 403,12002766082344 1,0034749433337913 469082,0457275078 1
874,8272780067455 32817,23500661065 2,0035001663787018 104,16792012587734 559,1065455937364 533,8957781197663 551,1092977736166 102,33521239718334 5,399101165811054 0,020945958146600028 399,3047603502973 1,0025591672729244 471835,5975919656 1
881,1291890876641 32847,55763855272 1,9898012616957508 103,75883915577919 554,7836555381798 534,0241344399502 557,3020001834702 101,10206670051015 5,411216489257049 0,02181888056350462 404,00786512563104 0,995489445963892 471021,4049483743 1
880,0135693828189 32931,26640534035 1,9788774717075728 97,16698013532286 540,0710034142553 529,4829598032932 554,5884386585071 102,80473998059628 5,378227371143321 0,021649276345644477 401,62247801095776 1,009735223559772 470208,5981398034 1
870,5992332283804 32915,19674355983 1,993491530445867 96,92789364041143 541,5496242872866 534,6120970603447 552,7330758213972 103,38183722051296 5,427041440177892 0,022130535105948083 400,92920569454185 0,9976505672960967 474098,7823967742 1
876,6505706879253 32963,35126676314 1,998768927565797 109,96204496542069 545,7580475312074 535,8627135841804 554,5377823734033 103,50355965690835 5,359956394898894 0,022251762024891295 400,0390407852962 0,9986820528582975 466101,6588058546 1
871,422477389292 32762,22515968327 2,0016432202731016 109,7904783608103 548,7952903267225 528,1847412728321 550,15053618047 102,79104173395027 5,40395494049712 0,022859844497087087 402,378525614808 0,9968252905040809 472327,8219343112 1
872,446223491109 32972,85780230632 2,0177620961558134 108,45724152229285 555,3952457269768 531,4776161876092 554,469511295709 103,46891095293546 5,4192716675216 0,02281535040939198 397,6930609196472 1,003390630532803 473471,2321603762 1
875,2436954405634 32497,87109541009 1,9728939436486586 108,75200604326339 564,6679356644497 537,65924306346 548,432602777438 100,52112594211683 5,438082773365472 0,02383206770612001 404,5438821364706 0,9931587710721307 467525,2184776225 1
874,7456349039646 32863,116844455166 2,0052367674952083 109,52369165240917 563,7139992468199 541,9859622815516 548,273391681524 100,88571986681882 5,416199981458624 0,02388923369708894 403,02933221263095 0,9951504263165992 471682,74341771984 1
889,2033500126017 32959,01278044441 2,002440583171555 110,9362955457272 566,8804702610339 542,0575585014227 553,6552430792104 100,80067687736535 5,408511916415739 0,024100517917269807 400,48688058624754 1,0021415063019585 467643,0966405137 1
880,8841411681758 32671,021748957188 2,0022147688412644 111,16814611635834 570,0520571147187 540,3900311898681 550,3580806133193 101,58395106766176 5,3714372587948285 0,02408172597862875 404,26433358674586 0,9998112455093956 473379,82550302375 1
878,4253617849095 32608,8017433844 1,997301923354833 94,67794569424667 539,3080656887975 536,557879027183 544,8772447519144 103,21875379840336 5,40536333795752 0,024197765748252466 399,38643882430574 0,9987335891151766 465479,08949495415 1
872,142149075434 32922,269266995936 2,0041461280055994 93,7690611973097 541,4985529892472 536,2824400895057 540,577309252876 103,66578587410523 5,455567600484734 0,02502324510365124 401,25070214215435 0,9958545651398907 465882,1324595101 1
876,5578411380999 32786,04108822556 1,9835458981370861 115,05688436723446 562,2673446493606 533,7485396184312 549,6246449130321 102,49869952471204 5,406683921635024 0,025055262583557843 400,55791534575485 1,0005790965152104 466842,3040507833 1
871,2504982718522 32491,931033815417 2,0241061964850875 114,93875923838061 557,3434150200845 533,816047270105 552,6925030347311 102,16600255331805 5,422498148396369 0,02549634798289145 397,76949637867904 0,9972960994838626 467759,44108098483 1
884,0486999655635 32872,544956801634 2,00791081759127 101,48569597440455 563,4806866795468 531,8806619540422 547,3226332952901 101,46803821362509 5,36887411892942 0,02533238510574258 399,243181661329 1,0131827548618233 466973,19561674487 1
878,6602676046771 32709,47726193699 1,9935515447205896 101,62603377394298 549,074361464443 527,3590166568472 554,1759498943309 103,02832895561772 5,345309219947956 0,026118806300515128 401,1364367970973 1,0005814873725631 464606,6757091222 1
873,6888802778536 32714,00303875439 2,002876837810571 101,2666067564402 552,1817560679518 519,5769979635769 552,3253228047676 102,59689672148558 5,426381928455676 0,02593734611752466 401,26491530219397 1,0046674608587502 465586,5000183397 1
884,6566023129661 32667,765519419074 1,990462628882304 106,23232371084435 562,5981108483322 537,7458581907114 548,3215948053216 101,59280448726655 5,376559422240464 0,026246967606817467 401,71037333473 0,9975197919812696 463900,1341504876 1
881,0680367575661 32779,71294014376 2,013319829780498 106,01270246045105 564,2735237206588 536,6604997805972 544,0068634143614 102,05398010986687 5,419668703514324 0,026671673184104808 403,44782021389346 0,9976602685531244 462259,52647588274 1
878,7369809761263 32873,569687438765 2,0031718436818613 97,72641041739958 545,8711343777275 532,0212287464858 544,959550468418 102,56441113197401 5,394197056500374 0,026514254993721075 396,42162736082287 1,0059736318892414 467415,8125829687 1
876,8429867419236 32718,903882802224 2,0016477873599885 97,17130828710354 543,7783609254795 528,1145540474953 537,2181787673057 102,97733078507058 5,38706700725532 0,02704178506778511 399,0335533696341 0,9986016520835245 464966,7829316875 1
871,1999432139285 32704,587420735854 1,995808766461333 98,66492636940983 569,3841877603995 522,8473091498054 544,5732628857139 101,65246515507792 5,370793162558663 0,027041281143641405 401,2919849193548 1,00052445155239 462610,6953393054 1
874,1209358628718 32634,302923177438 1,9925272410064483 98,46877860390003 567,1102803804383 521,5634569643556 546,0782548035716 101,37825184159786 5,398124893570476 0,027422630849415857 398,4810262640767 0,9949761323511104 466038,3247483045 1
874,383995355782 32584,360977149838 1,9963930153614546 110,3879296621015 576,4789370005077 523,9872135664161 543,17958780549 100,82419477636215 5,409442897347156 0,02749320515521183 402,37220488928324 1,0011238221924539 469026,88961810817 1
876,0547095007748 32840,88390692263 2,0102311881098687 110,676553419663 567,8534294095107 526,2025065643081 542,4616264991105 100,54467231182012 5,382737744204577 0,0280899499563536 402,77666889014466 0,9978839588302741 465283,17615532945 1
873,6642783813434 32626,106429730466 1,9995501266534284 111,01607783567337 564,2812745390704 531,0605032690344 542,5599907296478 101,2927805026347 5,395706876491582 0,028055684147224386 401,3097350302251 0,9942000511560781 465043,44105151284 1
873,3274312342696 32875,07671211958 1,9961001412747974 118,6399389439113 575,7096995561044 523,5654690322764 546,7048913887448 99,55136956298553 5,417506332301369 0,028298079763531363 400,82791857809116 1,001031929749998 464792,7036525663 1
871,6856320987633 32768,84193260111 2,0086661262945538 118,53507987010501 582,5421836951783 522,9776525777798 545,4667460550355 100,27711197220069 5,447766817773203 0,02829092235154677 406,56963980463445 0,997384621842452 459465,100853091 1
876,2557189079091 32573,758171417416 2,015689366778833 101,1513527061892 549,5382145364089 533,7047346018472 537,4728899745367 103,64174937479537 5,393800018369893 0,028405740505054143 401,59854343538507 1,0020530205498885 457556,5774759445 1
873,6743666623797 32945,51504653991 1,998183886164654 101,5083173198383 555,7939203111508 531,17167470737 541,9162077079305 102,74851746837297 5,447166688909104 0,028918901138584373 399,57555791047844 1,0056791733950474 463131,0271573767 1
877,9401100161209 32472,48073037828 2,00110598926336 103,01401303764885 538,0847992594407 524,2497910768193 540,8246344504457 103,62557291967043 5,356487688494147 0,028824498823714684 400,1885810958961 1,002842521250809 464229,7423567928 1
874,127674019305 32865,43684883183 1,9997205558630409 101,5040450943403 538,5813213214208 524,7652255883842 541,6705042626413 104,87134281072568 5,4467466292347915 0,029119420604902444 398,77124574263286 1,0020577250882652 467998,47857938 1
867,9445847758178 32982,48785744538 1,9946886208985413 100,87806966011813 541,4222776583633 527,008640407468 540,0290545051912 103,997823758363 5,3867951382073915 0,029351442093119205 405,0542886617017 0,992603907391389 463341,8059745333 1
874,713968725439 32657,427762245366 2,014634957840718 100,2976111697986 549,8652825438386 517,6241920411808 536,8201007087888 102,39896486959893 5,352100675755931 0,029802224229182713 399,7632964836872 1,0037247933161195 461954,2991264634 1
881,0422945230931 32911,22736838604 1,9974578222813757 100,98179134187698 548,5010753001162 520,235356258166 536,1220904205239 102,02244319300041 5,41043704304229 0,030029819494509617 401,4064269006134 1,0028214383952105 461737,9145248436 1
875,4417759958864 32921,14558221268 1,9858858569580513 93,69106754056098 536,8822460100808 543,3303639798771 535,8954297596815 103,83205670561405 5,369939635601607 0,02988543178979678 402,3239438489094 1,0015516791081274 464091,11264857714 1
875,5842138350904 32881,014684471396 1,998256397026742 93,65533932722876 539,0950532368768 548,7276590474285 538,3237020295543 103,47658216678174 5,384369946241797 0,030486700486399555 403,3448229021058 1,0017532022141353 460027,0494619743 1
876,7411319058306 32875,881869691075 2,0052763357185004 115,59497275775415 574,0175617897216 521,9794428586068 538,7090016845517 100,446401851583 5,38070859448025 0,03026970752122622 403,81986100004633 1,0012056602164299 461877,60341501574 1
878,097294109657 32902,78468250355 2,003940718118262 115,44810677493656 573,2725820759322 527,4226324605821 540,0203384118611 100,10189505164585 5,417118863771881 0,030921575882834878 404,4109285749716 0,9972202601870438 462606,69724225375 1
870,4263469253846 32864,13496097805 2,005691843832507 109,01204160025155 533,469814729685 528,6353461946677 533,04063597989 103,52219194724086 5,437426013444065 0,030804663784827803 401,209365086988 0,9981789800271683 455781,9950946582 1
869,4614584682939 32684,34333171366 1,9931572940507718 109,37173365678245 534,428492509426 527,7971353959339 532,749904112767 104,60351528083203 5,388826458338736 0,03142717419255719 404,80652128055726 0,9923251963765412 461739,0218370539 1
876,8156715009648 32639,582555303165 1,9907692171064177 94,13681911488939 529,5594972964045 527,5297784892455 525,8831283997977 104,84020688513522 5,397061042263772 0,031214499100706596 399,7164564249938 0,9936849380181233 458639,4191182159 1
872,0105910390141 32962,92032355754 2,011601188647993 95,58593989094697 539,3264569081224 530,8701111800817 527,3975875614866 104,33091978674483 5,416529674143674 0,03207622239582994 403,63423705722215 1,0024674720499431 456239,0224662538 1
884,0745082991872 32647,9724995672 2,009191242137893 94,92653109987651 544,9958452154309 536,0864338259655 523,6659103157416 104,19427476676944 5,393622001220343 0,0321197727188838 401,54075794228345 1,003659253159762 460883,53718180483 1
884,0699041519207 32705,64517409652 2,007462765428418 110,04170962319252 567,7088742414956 534,5775670138039 534,1791038284417 101,47568627915324 5,4188075055666065 0,032214629322261656 406,683276781227 1,0020850710488884 462245,858319684 1
880,1763189389258 32804,39891197829 1,993115652938763 110,27021319626516 568,5147869986652 529,0189188276651 533,023855323815 101,17225710041899 5,444264729693179 0,03214613719164503 403,55472275511084 0,9981330442772834 457847,1667715582 1
871,3604581473987 33036,88482634938 1,9947882321239032 87,18643410158428 544,7995687198629 520,969548241956 532,686014833719 104,32439601472923 5,41245564636706 0,03189948697180399 401,33884372357784 1,0089879503338088 460034,078695668 1
873,0792976039601 32827,04052272716 2,0075328704262723 87,64926683375916 539,2962263424947 523,7569892138961 537,1984259930546 102,87498947963576 5,396884432292558 0,03226525007564953 404,205776772192 1,003239845692114 462928,9773824087 1
870,2924152636277 32948,46902383571 1,9958079345523934 104,34815411181674 557,1702629006588 517,9568389784447 527,3696815834386 101,74342080670239 5,419429672609372 0,03208219598776281 400,8055136084681 1,0007278448036119 464028,74362991925 1
876,2241584226867 32971,26029320817 1,988611267970475 105,1578827227931 558,8736530466261 521,4878742978557 526,2696646989267 102,57167549800427 5,389575404638417 0,032526136015569994 403,69077530997475 0,9898093108057182 460036,95203189045 1
875,7631160894459 32510,403510313656 1,9809306285411237 111,63523114111612 552,7265718197365 520,4952297218298 533,0466259633407 102,909277591773 5,3522550358352206 0,03263926907727053 402,43384146712697 1,0038251877995388 464018,1792832912 1
875,8440081181615 32876,82024335421 1,9944297736953045 112,29136037827021 567,1148395175611 534,5714518696855 529,1449919359266 101,32200307638114 5,388666660571478 0,032937311371043075 400,90602923295444 1,0003798584530674 457271,5980104086 1
878,7708617320436 32468,699559993154 2,0016759887193674 112,097731945574 567,6333929014501 533,3251298668227 532,8948379538333 100,57597999310703 5,383697489060735 0,03291320646126169 401,68422935056583 1,0040797145447529 458917,6451030766 1
876,6933567741811 32919,03303660846 2,0007675470919293 118,47679278137943 579,6571583255895 530,830336511255 529,5128366747657 100,32237131353614 5,404765099661312 0,03290033297588133 402,54057462635643 0,9985469445297062 460350,4591257187 1
866,3311793112125 32802,57710838188 1,9960613861358243 118,12825837166777 581,8800555076946 529,4471401969926 528,4599552612508 100,40223358710257 5,4025195623394975 0,0329045432094002 403,2954663739216 0,9990019179458453 459073,1491398288 1
878,9918227569234 33098,581357365394 1,9926482281495308 99,31978956838344 564,2717057340263 537,3164682000514 523,4977540727184 101,91187640864153 5,4174801472689245 0,033051386817190345 403,02813054619753 0,9977126701482348 462289,0986457712 1
875,749742411155 32549,60978694313 2,0119388388074726 99,41756763473542 564,0806621594381 536,111596250316 519,4338818757903 101,78627757192699 5,430591310576529 0,03378477918709703 402,92073401706045 1,0025593494192333 459887,02839971497 1
879,0324734951671 32877,436337903295 2,005288902688755 116,13155790429579 576,8822446028596 525,7079284005 532,6026573362094 100,47539279374007 5,3694698194665476 0,03383884175521243 400,8129060908852 0,9995439410477952 460923,06556219875 1
876,5289188044164 32757,791655162353 2,0004479270829556 116,24248907835238 577,7011138424857 525,415899994539 531,5474683691658 99,70342085511736 5,430926073699723 0,034352043336087594 401,6765284823179 0,9997998250644778 459979,05998017994 1
882,4986869339295 32935,97359369537 1,9988545359354726 98,79106841219 577,3474601475452 522,6732138776348 538,9309242589719 100,39814548200427 5,410923088573165 0,034273167352215236 403,15701373014866 1,0032503967439894 458208,6786150115 1
877,6903595069995 32738,8850603106 2,004849568398492 98,77093383516605 549,5500607320436 518,9501191616679 530,3531279342916 103,42817187545495 5,382611669699309 0,03473861388717845 405,72699637696275 0,9937409461164908 455368,79402019974 1
883,6464736460516 33100,270556633055 2,0060731751023817 98,6024286723331 544,3714745991913 519,7848256286022 527,2646322584371 103,08567462797322 5,396724344456181 0,03499845554909148 402,65586230961037 0,9972977333721504 462438,60957012227 1
870,2608384540779 32755,600808916155 1,9871885303153427 108,77137234663206 563,825120080247 524,6762106333006 522,0718608391539 101,99218328467657 5,429902029891092 0,0352179410662023 405,1645794529578 1,0019959442094273 460675,31583199755 1
874,0873421980241 32680,454915749393 1,9936138962963454 108,41945016866536 561,2674101033607 516,47790464557 520,625492042637 102,14338195278266 5,41875189548278 0,035138168407889796 402,6470311399728 1,0040387615691686 456587,6434773118 1
882,0425758004711 33028,10070659377 1,9849126946177507 99,48813062334057 570,9563823270385 522,1317705822537 521,990541385932 101,01175100366646 5,392820658957805 0,03503174462295003 405,21511474657245 0,9945379924878339 459845,16272338666 1
868,237242601192 32611,826686030032 2,0099351636744234 98,92064541690819 572,179761710123 523,2359325121853 522,4922644963146 100,33416378047981 5,414333498962537 0,03508852683111817 403,55271587087236 0,9986641324347407 463732,78626992373 1
869,4258052350823 32744,320677303873 1,9936864706681396 110,9728565267048 568,2098597219301 530,578273130969 528,1726894429964 102,09389321966955 5,418150216949739 0,03491982460758197 406,53019530348746 1,0073680591186982 457807,3418801144 1
876,8652407430251 32977,7470639301 1,9989882203429763 111,33863669292212 572,4591945721826 532,862042414085 521,949618008819 101,38735453605622 5,395881857021905 0,0351591813512246 405,0745061138499 0,9943972938787828 460195,83068144886 1
872,2174170653989 32825,50766011821 2,0008690940257496 96,21679489993882 565,7713511871252 532,5932616522254 526,9607178453298 101,19700137771049 5,4271623947885805 0,03529600772201093 405,1779844141067 1,0092761487990922 461890,68011072755 1
874,0384580726666 33097,40248306502 1,9869467120152777 95,8228097042114 540,7459253558816 511,7105824641434 523,2851164923793 104,40792812210277 5,3632531100659735 0,03546700289048887 400,98945236301284 1,0046401689401676 458885,6234663353 1
872,1224357903877 32775,80719346547 2,0114567931230094 96,7575535578219 542,1401510543898 517,1809521904408 523,2519207501842 104,25941593686571 5,4322181032731 0,035659795113636115 406,12404914599574 0,9883116477671949 451399,2291932534 1
875,9675191554858 32742,72320590338 1,9993820291491724 114,98230943326442 572,4609655344228 523,6732088098005 525,6238706621466 100,74582760250776 5,392649224814026 0,03577846274768453 403,75130214302 1,0024862328490307 451988,443976742 1
872,7459208161877 32789,15501577189 1,9984836550054366 115,74450076075337 573,9750677629876 522,5874075450572 523,0103711768479 100,52557146868924 5,395853824287568 0,035890503778524416 404,4724552425854 0,9987562408509668 454537,8121897805 1
872,5797055371637 32682,66238312116 1,9975304006906724 107,13521869408484 546,4796282702981 524,4004846620061 538,066306764836 103,16678070941872 5,40720709070483 0,03561874111256979 406,5621499153877 0,9983350394060785 454271,4467930334 1
875,1440462552819 32485,463123294987 2,006052778425603 108,485263681008 548,6265444103587 527,651491127427 536,5751303346395 103,68973547527798 5,316726939199814 0,03596277631205138 403,99869972504507 1,003403956382006 457780,297372359 1
862,9546760659102 32463,1109909295 2,003622266445767 114,00798670682812 570,9558578843775 520,0474269900516 527,7309587889638 100,77712832360399 5,393464554295286 0,03626011570572572 406,99445246476586 0,9965044876489328 458086,75640477834 1
858,8209737424413 32924,679619522845 1,998877800884429 113,31961062692027 575,7524024607593 516,9349551759044 526,0180497330639 101,20581163683056 5,405239616804049 0,036383708811109645 403,0171863420664 1,0094569769010993 455831,45497288654 1
875,4016583897367 32888,63330880956 2,006951937076111 118,22530155294847 571,814497438434 519,15848325997 527,7486826666408 100,9993525981204 5,372542201788253 0,03631654896539907 402,73529007222743 1,0002921091331198 456659,2859063007 1
870,9271911964208 32624,57969570917 1,9883590757854654 117,00149211045286 577,7459175590195 516,2667244421078 533,8394364657389 101,68227789130023 5,404431966676787 0,036668633653752336 402,87234127600914 0,9999532291981792 460256,70977724064 1
874,8666008960693 32629,91289075895 1,995764779306358 118,84248501726269 576,7093697849183 515,677091155456 530,6436417645215 100,65471800518567 5,4176020840104275 0,03649957233124081 405,5182654559808 1,0060146518317408 453633,4194382593 1
