Co2(scd40) raw_signla(sgp40) aiq(ens160) tvoc(ens160) eco2(ens160) rs1(ens160) rs3(ens160) rs4(ens160) rmox(zmod4410) tvoc(zmod4410) eco2(zmod4410) iaq(zmod4410) resistencia(bme688) Aire/muestra
939,229424441204 32242,43794783539 1,9946576469184012 212,2028347515776 704,1083655695685 417,1666712991955 411,43629002587573 85,06595147622122 5,340197184115987 0,0631288791738835 412,1352540227757 0,9920985887794997 421588,0031168455 1
940,0618607941735 32415,903127620153 1,9963580458160726 207,94636645997358 684,7390703526388 427,2524281495911 404,0416602193172 87,37156850299425 5,379261210003165 0,06338195178724089 413,91263737802905 1,0075994094257237 421324,6443404038 1
939,3896882674841 32125,099722353614 1,9984247076586896 206,83514193181108 682,433012957828 427,31628567598216 408,95606133539053 87,56685785023097 5,370554591273305 0,06674294558900126 415,18686421821803 0,9929331560624874 423105,8496493055 1
944,4932958831155 32552,76644507066 1,9955207631619665 227,6475666696452 728,0678158377907 417,17765721099687 398,2867759106717 84,46364671537943 5,380811279106121 0,06683609543675237 409,37241980334176 1,010519990286367 422201,99803509633 1
942,031462267187 32579,17433478534 2,006980776186659 231,71430720505313 727,9422578905118 414,8629584052837 402,4938933085231 83,91976933152984 5,412919696278434 0,07103232883473393 410,8166191806411 0,9960578576038127 421385,9442922185 1
939,1371484728222 32433,91999125015 1,9998516604157512 183,99554093457874 717,9280004311559 415,4263173702129 401,71764504086644 84,5051804328413 5,404554389809678 0,07141413625468891 413,0685073088038 0,9980344579738374 420875,017888283 1
949,5963195386503 32273,01635045297 2,0154584795227377 185,30141010094943 677,3730476092405 422,0277085570475 406,74702924704167 88,20098606850199 5,414077764920436 0,07555578671266336 412,5117463946431 0,9972394004581501 422565,53633020347 1
942,9678748826891 32204,37513144919 2,0038682686584157 183,8596148562869 671,8857753538838 421,072558415654 404,9704325086684 89,07211269089147 5,425432621114165 0,07525564332985356 411,4209343280495 0,9935880471931717 417708,9908841546 1
942,4650984563737 31964,001151693727 1,9893595634241656 211,0109212650247 701,449138798449 409,6513509942387 405,95046174150264 85,49907329043513 5,429788662397566 0,075277894589881 411,0394176816149 0,9935697764681517 419433,57087038 1
944,6557464440484 32100,73571544284 1,9993527135708433 210,84466667633626 707,6248935826275 411,1031938688654 405,47435038304207 86,6015722618783 5,342854948704148 0,07995252869749454 412,2569810101334 1,004734016668239 419771,9979935397 1
946,4589133874988 32211,36513587572 3,002070963311252 230,35083017155196 718,2056300139687 417,99759270747523 399,6094442016696 85,06534095683519 5,369659272580954 0,07939688014081953 412,62648537073875 1,006942360943354 421381,75497951725 1
947,8242608737847 32293,908100358924 2,999663754552511 230,31302545213657 719,1885572049837 412,85085759825756 397,667217717313 84,87012136142543 5,3494000504920605 0,08347062082636658 412,06557650194594 0,9962336903449494 420885,3922700921 1
936,9223702104744 32368,622874670276 2,0045620575531427 219,16778026106536 711,5001067158989 417,09166768512915 400,9148923787185 84,86076489294365 5,422199226139413 0,08313858312882794 416,7216150287656 0,9947049288697294 416449,6415457915 1
945,6839911743616 32336,09414295918 1,9843170947335496 218,51005753854625 711,1507974724631 416,05896364939923 397,0219834698742 85,45674347385156 5,399822800581028 0,08761369941187627 411,5693734236113 2,017374933546778 419031,5606704895 1
931,4563990214028 32337,428316201247 2,9845084306113066 220,69173436816973 717,0874226864249 420,5448402026098 394,92720565746146 85,10043984088502 5,392386743238377 0,08728709495660507 415,54468183291567 1,991425103074039 423254,62268885254 1
945,1430728876029 32495,876346956247 2,9970732810698655 222,45322704927634 718,7454656108354 416,5007046674663 394,37081367908223 84,63474240944953 5,395169231493542 0,09174589618864637 414,79849745031225 1,9975119832232346 417404,33646747435 1
949,8582322478011 32354,52222632566 2,989888172772968 221,88848205597168 719,254942353677 413,8123597930628 395,43471951562447 85,06501122826346 5,422687667138262 0,0909393593263672 415,3814517697469 1,9916937839076851 417850,7086843227 1
941,6786864471259 32319,795431269493 2,005470028248395 212,8888471413799 713,7012262274043 410,8291386856823 389,9967036020927 86,11250081529407 5,381112217053543 0,0911186125730647 411,78494894457043 1,9988300059888209 418881,4334988888 1
947,4603810269476 32243,8218756051 2,010018742219781 214,60908569729256 714,7372586751012 410,25608227274415 396,1047629625582 86,17261854980363 5,375481871990634 0,09462953834117074 411,7521795086165 1,975219192837876 418111,0294030114 1
938,2128332953547 32153,27618101819 1,9774808201420877 214,86425473051528 725,8778246356633 409,7784208293074 386,1345946636445 84,98704902785065 5,332182418745163 0,09420046168485761 415,1461164970582 1,9970530328697464 415693,49238162854 1
943,0385364410678 32354,6149385233 2,0064150678753716 218,29534649106037 727,236093219474 412,4828672785831 388,58303670746085 84,59015656586433 5,430681990266559 0,09729532741730465 411,8227170794102 2,0147974908947845 417380,45804163505 1
939,2472573576271 32187,21167091737 1,9921436986394756 224,38288228213634 726,6691922525553 413,88883799013587 403,8534599312674 84,22128540321054 5,401555667365371 0,09808583316560078 414,53004217927116 2,009514784998778 416817,08406131336 1
951,6551218711464 31965,567222679892 1,9901631201996761 224,85650276906625 720,3562699004787 411,14253633348574 402,96343019084657 84,83528722529711 5,40104951553311 0,10237800502610207 416,7055653927126 1,9965623630735225 416391,5015453362 1
939,9533660472624 32160,6484624295 2,9991841284528302 240,02751481924628 723,818813626163 410,93671925651546 406,6530550946709 84,975181581262 5,399871460577443 0,1020008428611748 417,8966464178826 2,013238718727794 416428,2858652863 1
933,4840699211163 32294,33041876823 2,994801083844823 239,05571255030299 742,6849131297189 425,5183288595377 387,94378246144544 82,81334765349403 5,3876474170955335 0,10555011971003178 413,7653616471378 1,9753262612241287 414632,37911379966 1
933,0007887037195 32157,617679220246 3,016033026645048 239,2051068763925 740,3977283504158 422,24300538208996 390,3501253952098 83,58975573030384 5,371298735483672 0,10595685955036897 416,31364524875926 1,9989141101839798 418023,14515011816 1
945,3862069055535 32077,646744688467 2,003708561171955 207,0355234230725 699,0550374897937 412,88731477743914 380,55086447851363 86,17277783153305 5,367618255944699 0,10502559170938822 414,7223197999258 2,003646562417349 416779,12453795574 1
937,2387793249312 32344,322009744585 2,0136358759519433 205,94814742853643 701,5268264851262 418,7996882623817 383,51014272634376 86,06718335041793 5,353469521488558 0,1102790237283812 413,8906019701291 1,9907047380344887 412162,7425070028 1
945,6094125607477 32279,2140985723 1,9789980729183392 211,82783896481544 708,9277537052745 407,03659628248454 389,7759567140192 85,714498584713 5,408918582720231 0,10868391682037516 417,4850223594776 2,0106916982423413 413741,4451458715 1
942,1671344728626 32061,49612496389 2,013171339898206 213,2694599579335 702,7192168002641 403,93394247357327 385,3097598889186 85,95685385225231 5,4013951995653455 0,11245834072266882 414,5831761746689 1,9958577991729227 414983,93334660004 1
948,4788116211006 32427,256089742605 3,014591409259342 243,16659248841336 738,1896995726214 405,4008756958729 391,25162129859535 83,0941902222284 5,4098681417311525 0,11294002567413251 417,1217953299369 2,0091672796541786 414409,2625338617 1
941,6819324711752 32093,46336807012 2,9892555665876785 242,60226012294876 746,123036849824 406,92945037494115 389,0471705367435 83,3232795354388 5,4103092955194825 0,11417081360131513 420,5475760509252 2,0048727911526147 417080,7864864996 1
941,0556780117876 32159,343956392415 3,0006264942958643 238,29343422002017 742,5181215671137 409,01757394403387 391,617088280636 83,68931892787049 5,441507865294999 0,11394195424555269 420,90950617057933 1,992398637288572 415663,87646938395 1
939,352218327233 32445,07454185116 2,9806019693626586 239,39790855691072 741,9950729200814 407,6272789604408 394,29058392671124 83,30862298171382 5,40375973149484 0,11757996413399498 420,01622893738954 1,9986040012454303 412217,37370123033 1
941,0831633658265 32208,68456070684 2,976224269542218 238,06389739113084 733,0477167650511 406,4028259053843 395,19759003354574 83,01079544537393 5,406484828308857 0,11812304784116061 417,30815408757564 1,98357513105122 412550,3764319789 1
938,8005217794578 32114,054373963074 2,9831899403830664 243,65558364322877 745,1440859430363 407,26905061458586 385,2004633179954 82,56131835720213 5,413374764011942 0,11922255697656656 415,4087577011511 2,0009438047845958 415142,34745588596 1
937,767491635653 32079,607902168205 3,0103035025256064 242,9090421474409 734,8454857515844 409,21075242465776 384,14635171108404 83,54815695364992 5,442525723395021 0,12137870069332442 418,3505372640385 2,0020130008333696 412386,60600541293 1
948,5473284894184 32206,081101368218 3,0048618176465065 240,65875970710078 741,3371013794126 399,89348291577323 385,13637560150096 82,83330499202582 5,3497058410648055 0,1211763522919167 417,7084942278721 2,0064109289275947 416314,1216639021 1
944,2389799978206 32323,40811881682 2,997103770029801 242,0462307005768 735,9173950206268 400,0402611982403 383,89858172563675 83,27956206106046 5,437267406134839 0,12333873805760551 420,47223315900396 2,0093941301050418 417774,0938229118 1
936,631330974286 32234,197126045223 3,0166707098463874 225,14083890598664 721,3695233096536 418,91162748330356 377,5727766841052 84,0918272860519 5,383547711016739 0,12264861181159961 418,17949932890264 2,008165083285075 416529,12561477476 1
951,0373501205302 32243,530267786533 2,9713564443319087 224,12826570534432 726,0028670962222 421,08143104626237 377,67723673654456 85,2244566681126 5,378201245839148 0,12603749135635112 421,95902228392606 2,007353335939248 413880,5539837381 1
940,5193900658065 32316,32758248534 2,0063378323180507 198,75306360214088 722,2512671200897 415,4501996115826 374,26678783784905 85,1821426646594 5,4066042985268306 0,12516236077113785 418,3981393901377 1,9916394253160583 413645,0502201987 1
941,0304098359478 32339,28692607944 2,000248555613836 196,1643908580258 688,3860351965824 413,6991066453324 387,59348584926516 86,7651760658604 5,39762981995093 0,1275168225641774 420,1851836639071 1,9975689808153303 412727,79370279156 1
942,1897576827664 32409,04569113345 1,9863549514268708 196,60603169179646 690,2013329663845 409,00956095910135 385,6012688259817 87,25098056539677 5,432063832572505 0,12681721119142408 424,5120431054389 1,983481410051659 419385,80624789424 1
938,637569013048 32074,61461515698 2,9979303154363883 232,4021090885627 731,6788664006997 401,784290037032 381,0953797106342 84,35861075352634 5,404400283188911 0,12692582533663213 421,8448049723789 1,993506339781045 415904,82839390455 1
936,8446040704368 31933,55457448026 2,9838368216576043 232,69063395537853 727,3978738306478 405,34347982375965 378,1040924883859 83,61986437055502 5,411937700361341 0,1318635380198365 422,85546833202 1,9981549788902824 408100,34443974245 1
946,0916874813894 32200,108380755206 2,994527115802976 242,7777199954583 742,2828237119287 395,4944650174378 384,3055789531913 82,5155514920723 5,337063152788373 0,13095999280483386 423,95765401955066 2,0142671929661247 411283,2305065468 1
942,5412506005616 32383,382953152544 3,0124629535583107 242,3930229772204 741,3752573653356 401,2033106256813 387,53932334199516 82,65979084657886 5,378042549500267 0,1336963445887816 420,56312774418615 2,00936282399878 412208,1035388886 1
942,8545622316466 32187,37322202251 1,98970887030579 203,06773900066554 709,8246573181226 394,8946604034682 371,59334660377874 86,82838188661925 5,399628169914422 0,13450133644304743 422,3179199906995 1,997660540357816 409299,499405065 1
944,5865110590901 32243,79934302409 2,019197159386138 202,96071027829404 700,3745051870989 396,07152423436656 371,31904143800676 86,27005097013475 5,381847666123489 0,13707692074784408 423,41185027442316 2,0068300184780887 410066,62579295016 1
939,7777963622104 32031,2352658201 1,9771363086341458 207,06994927130697 696,2053769215289 399,4948509747201 373,1844898688378 86,24275148437408 5,410091464663195 0,13779007556092 423,15716509981104 1,9877686951272915 410368,31516634906 1
939,6826266987857 32050,002308290987 1,985314461007733 207,80869674397925 703,3515982263584 396,3198611039096 383,77428335863874 86,07669667241149 5,397577482405739 0,1403599416631888 427,6485962733259 1,9914167353610788 409893,89273546176 1
945,6222362403585 32322,617670658103 1,9923122526764756 209,49376690989828 703,1871614661059 395,86527979345146 378,71474733175376 86,60581617845648 5,3996032708429516 0,14151282132779597 426,2762304726649 2,0139232798966287 412286,4518123503 1
949,0609985874473 31986,731099089502 3,0056611626078373 228,04321508087304 729,8292292011416 399,5406677621088 382,08364948639127 83,01316879781012 5,37454370706081 0,14029494818392393 421,9274049279707 2,011887244053247 410120,13108319405 1
949,8960703690901 32220,57903501002 2,9939869249762774 228,71263950095963 729,1653579673743 401,31100415844287 378,2227452981916 84,05935012886981 5,404177393207047 0,1440851214818289 420,69588814278734 1,9903101718601997 406482,4203627474 1
936,1976147123976 32103,215228232326 3,0036981082954886 219,58303033488022 718,0810584960128 396,80205709990287 365,9846977899966 85,0275461282238 5,395788807679106 0,14330695072200605 424,00874934603587 2,0196139699736895 411606,3058705137 1
938,7157921846673 31977,37882928654 3,006475851154738 217,17215419664066 713,8203792873803 394,31678358348506 367,1338394214286 85,67462901114284 5,431391844764222 0,1462011440936789 425,51285829743153 1,9979768177204418 408458,9922718672 1
939,0860875852075 32255,662466199963 2,0126886735625913 201,70619280076758 689,2778886002726 398,62478645083786 381,85530093671593 86,5311381002384 5,392432793885115 0,1456463619780088 427,8681849530996 1,9943082009383593 412038,3871064261 1
949,0155298540175 32304,599134099215 2,007822438788945 200,35589372500928 689,6917726507055 399,1762918403486 379,1150032816615 86,81374483090399 5,379867320304614 0,1491633260937562 430,1084737697097 1,9685512700305132 408152,44719578186 1
950,0798557984109 32248,59988689725 2,9799399347568976 233,30935016348522 698,2336241991808 398,031505225205 378,25850994907233 87,44867036230566 5,364613156674984 0,1488083375091005 428,1484590424544 1,9787288233953075 409482,43786495324 1
939,3203111294064 32217,07731806647 3,0151793448164295 234,76860806877372 732,0011177412683 395,07126763480255 379,9484441354828 83,29044143862133 5,411853819685911 0,1497737803523421 429,62397450461964 1,991328852538367 407447,23964988044 1
955,8427834959189 32056,571452926913 2,987138809265997 236,4104928680167 734,5375097565195 398,29553935640143 381,30840673958625 83,60506794047329 5,423084803077469 0,1501272264143742 431,4760246864962 1,9783941516061183 412074,4420638485 1
943,70814333557 31698,42482713283 1,988590401970193 215,68608470405823 725,7840543930723 402,8184403145175 377,6866863303354 84,65206447530335 5,3963802990055205 0,15004089489358075 430,1023268956098 2,0144936196349654 409027,31393139967 1
940,8877953081063 32030,010641650344 1,9912700111850572 215,15627200464724 723,4251174539592 400,5772772263285 379,6609891480064 84,8773855435969 5,421905197005487 0,15099689228603924 430,2438530793653 2,0020980676161897 410142,4910524189 1
942,3983128349133 32194,43592732451 2,000701446281328 233,87094421620063 737,5581899379534 405,18823699045555 371,0870846789205 83,69022332739507 5,372410127595501 0,1511129688616502 427,00285654721273 1,984764149338803 413052,98081639543 1
945,2308875376913 32077,3995089809 1,9920491322096037 233,40189678834477 728,5005247949983 400,38340224628837 368,23712902535226 84,01549307677628 5,389261260676634 0,15223928458212516 427,29692613497934 1,9973226526766727 410005,2529002319 1
934,8319478554478 32161,883028578148 1,9858366587151397 211,31494979392443 704,8795927819912 400,49008863982806 377,01491241062877 86,83961782127558 5,367128708671326 0,15176808972900518 427,59160190616456 1,9972404009432931 408872,89841552597 1
939,3146321021718 32189,176985909355 2,021017221710176 209,79556557972768 708,8482676924436 401,6945093147271 375,1401454310733 85,8847391561312 5,380754493497551 0,15273099732686937 431,2638764133049 2,00259709198596 407285,85950681765 1
942,7779575127187 32120,43749322489 2,9911720743573764 247,07922211194276 705,302786131839 400,89806146921205 376,27687390669917 85,99043338626252 5,389841204289939 0,15230688622392072 431,0015031638614 1,9933809022654 410897,5583107371 1
939,8135670015708 32083,547205307445 2,9957366496136153 250,32017524941625 747,3938359948514 405,037802070667 379,00033488171545 82,69378093055543 5,404645764178275 0,15349159123858888 427,02877142374274 1,992596213504885 410098,25399938895 1
945,8160785284072 31917,342526485256 2,9825140878752983 247,8703740694372 744,3828620712754 400,0476933512743 378,48808860619704 81,83000211294798 5,420715989685331 0,1538899808968233 429,1653305449677 1,9937960325919035 413537,5204844849 1
946,9706743586643 32271,27044503776 2,989387783144766 227,5651671766105 724,7061732651038 396,1256567138902 372,8225068395556 85,05007603782406 5,3958268743113935 0,15337608262122282 428,8232492342972 2,004623742504209 413466,42522197496 1
951,7582615847201 32153,726773908398 3,0135536124775433 227,6809575346475 725,5843902823597 393,25822963672107 369,3474101386901 84,41142874122731 5,3939521745505985 0,15558561094876636 430,49228538648623 2,0060820348051327 409793,41673981503 1
948,6061933732177 32372,88588387806 2,9723208469916993 208,8315830920728 705,4043919989716 404,6482617617482 378,91760558446754 85,80399332336292 5,432180122924114 0,1537301264738522 433,50216449528693 1,9924699274914408 411288,7998218643 1
943,6172636564079 32025,347695451666 3,009687005074733 209,0913922554864 705,0249641849721 408,16357851338364 377,40834392467235 85,93535663196684 5,369642453138981 0,15603061401571 432,54407993689784 2,0007842715327016 408599,08876098733 1
948,3551983415667 31919,098364368634 2,9987706869719735 240,08092877037032 735,4585378321625 406,10936500462947 372,30936354659724 82,78386529121015 5,392133146285027 0,1563891082078575 432,8173879834916 2,001676352516097 411752,30164549156 1
943,5334327411056 32091,504718671986 3,005014828661786 241,21152586478715 745,5076916028441 407,6344799211635 373,53194312968725 82,88815005222769 5,407321539995946 0,15823350093810304 432,8735022736685 1,998621887636588 408294,8059718672 1
938,0611694459275 32140,6759229588 3,0380774943960436 223,42365670535645 746,4748336654644 406,4423927235881 369,582312210908 83,28147419529871 5,367729991245933 0,15984308551169193 436,1204553785566 2,001005006963762 408459,1497748677 1
936,7867153306267 31891,92395372268 3,0112616098020926 221,31865320033705 723,1821704526897 395,1864669993004 367,3488279797539 84,28997922075833 5,369569784618922 0,16007903639930507 433,1739132115872 1,9892019474782971 412126,10513560486 1
946,4723449817096 32211,963222334845 2,997087381183815 222,67044032394676 723,5944875459738 396,8823650588719 369,12802999764267 84,14420265753787 5,386535951363274 0,16008314143629793 432,42960393411244 1,9956729740222365 411586,3120370462 1
948,251140279496 32444,903113936936 3,0071392325523956 220,53988437910996 719,7583438272318 392,7707536127486 368,49924421063156 84,75456044221156 5,411119908826557 0,15863111529006424 438,07472818021375 1,9912837577501692 412028,4805013698 1
948,6316781760551 32065,009021512404 3,022444744639216 221,29869934673812 720,9964465919192 391,2912550168066 371,6603723224914 84,8904557841788 5,374360847455893 0,15956185505612952 433,7859627578757 2,005971121718628 405852,47717985866 1
941,5456172934614 32138,345768773448 3,024723096450737 230,76074589483025 731,8589896892112 400,6820217926235 374,48729955183944 83,8786116589929 5,347399935493329 0,16200950109735024 437,19756261200683 1,9979611344368453 406612,63756725815 1
940,3808528809167 32061,9096094719 2,9978868883101333 229,59353615604593 734,1439297282026 401,10866790899297 376,89594425384774 83,90625885367058 5,392168791576927 0,15890387827778193 434,6544870725654 1,993843924666154 414211,1557586802 1
938,5785059923423 31835,865533166165 2,0085034481955115 209,07443799803934 700,9720407089027 384,4185102641409 368,1871237987969 85,45951274842979 5,407793386445998 0,16085567803422604 433,5450405597397 2,006559060306376 412093,9997730113 1
941,9655974733201 32388,91669719575 2,009058222094247 208,86409281874873 702,303119607648 383,2883519842654 366,83280617783925 86,64855252412961 5,39579302365905 0,15981212438346928 436,3898122193464 2,0021041066770215 411517,6728309902 1
948,4395518168062 32169,838653270162 2,0196330162357716 197,8644582949574 706,4489472885538 384,51727128310637 368,6325694305888 86,61382482723283 5,344207906810573 0,160901357554297 436,1257524429441 2,0053523671905977 408151,75789964484 1
947,5208505341888 32270,27530254329 2,0155291843114806 198,54966336501965 692,3697764219039 395,234446342059 372,8966641705446 87,3955701307556 5,412349550973614 0,16159389162959173 437,49357241926214 2,000367198153915 410041,43424532417 1
944,7429384044724 32108,311002403272 1,988025975732994 196,45846281301607 686,8726469637342 398,0384526224396 368,14420250903527 87,41710138758937 5,3834495887510405 0,1621272532739395 438,14839044999644 1,9999869226718558 408594,1742808134 1
945,3641472613733 32172,49600766256 2,0032101987652426 206,4850342680774 721,3019464400201 395,9236629551146 368,5127117987209 85,58679722932065 5,369677566616354 0,16227552435056747 432,0869672247639 1,9865564404113685 406287,22518283594 1
942,72969317622 32187,240795041966 2,001832214472899 205,42451139887015 715,4455439117867 395,2101448591648 369,22864718828026 85,29157837816953 5,384370417389038 0,1609777770868875 439,6109365646363 1,9930795030532933 411117,084857446 1
938,3256035948103 32342,589847338102 1,9919394122386413 204,21508178334597 701,3988794659523 393,0912589645248 363,92606820496115 87,01557808146399 5,43866429353191 0,16006981523884722 438,3194793480834 1,9989946291247436 408116,467007839 1
939,7074517114294 32159,108291337838 1,9831336458694748 203,45311736962688 700,8302831169701 395,18459966755324 363,25333932718183 86,97689034076129 5,402441748061751 0,15742012057006005 433,55849624233156 2,0129265276070103 407645,8009426541 1
947,8555158929972 32115,49676080885 1,9972646606553854 203,76885388532364 692,7982228286102 392,36950622527894 369,65090570404647 86,33038187222428 5,433588803322278 0,1587062043530568 437,89043147083834 1,9950129960069407 405934,9497364656 1
939,8664632874585 32149,80534894795 2,0166413491716035 203,01923898440486 694,8560178656751 386,09775453906406 366,1461153059518 86,7250506519792 5,403259219812426 0,15958595867541342 434,99232782803364 2,0129203006345624 407364,2407524258 1
940,9282662831768 31933,489154779716 2,0072521344450642 210,10062206953998 701,9349045275787 391,2342307864092 372,71125733687563 86,80639406025001 5,419368324234091 0,15900355431945082 436,8737916968084 2,0130492175393293 407276,12388394435 1
941,4022021408686 32258,207793827307 1,9996214911610497 212,0708151227368 701,6458437074203 401,1049997809599 374,18350800793144 86,13493438663527 5,375578803090373 0,157643987791058 440,33400969381916 2,0095573470778114 411942,18849545496 1
945,0791755777007 32025,680517228546 2,014272328700985 209,40229680597844 708,2738738404166 399,36977647456393 376,9956117721304 86,11703968071025 5,382570802292762 0,15866570148991635 438,82631182300497 1,9970310832352811 407694,71578733035 1
933,7367319555963 32270,695058763136 2,006317787777647 222,9669243128522 722,5308076302804 400,37801863270334 371,0198259631233 84,39066520740381 5,404017904964375 0,15901590512547575 434,80889546505523 1,9854735074395842 410045,0025301155 1
947,5293248800318 32372,66016290005 2,006812220182884 224,04898656010673 726,1254987049798 397,9963149253148 371,46491184802676 84,77006809308256 5,4009365925145145 0,15809180709452764 439,9403424686918 2,0143408329031165 408728,6223944056 1
