Co2(scd40) raw_signla(sgp40) aiq(ens160) tvoc(ens160) eco2(ens160) rs1(ens160) rs3(ens160) rs4(ens160) rmox(zmod4410) tvoc(zmod4410) eco2(zmod4410) iaq(zmod4410) resistencia(bme688) Aire/muestra
1040,1641810346414 31755,49515510271 2,0101643780421763 179,30486970467868 665,2225411240844 301,64756250771177 241,84960437474967 88,25773375567026 5,294908097075185 0,17460537077746732 416,9077623744948 2,0043764205286303 447054,80170791404 1
1055,2621257167484 31489,801160046507 1,9932359670857989 180,32103754021307 674,0465090367127 302,1529759653722 242,08338849335996 88,0040836471834 5,303216184294695 0,18448016485664415 412,87005191170147 2,0136472396905507 450167,97260521154 1
1037,5765580421212 31919,501942341718 2,0029670520412726 162,69642386007934 644,1192917989503 292,18165500139247 237,95106545777574 91,02753812378806 5,363442046338141 0,18100009188338992 416,4932540934246 2,014479003375525 444721,3345380324 1
1043,8035709750568 31992,087710434305 1,981456549532954 162,21516177377583 644,3074370610808 294,14339668050144 236,20404066441995 90,4629910667059 5,315329666955671 0,1914734567274123 416,2451950665729 2,0017062557164023 447738,69774495345 1
1039,2315200829878 31727,701667153597 2,015643141517401 181,5205505687155 641,2519018773738 294,03601686480977 238,36957442275872 90,42325092373694 5,319308269988319 0,19182163380713899 419,4892026703482 1,9753781843553118 448970,71333232964 1
1047,9371669686818 31779,46432019152 1,9818527373846022 182,33407555424873 654,3455572340774 295,5019701346157 237,12207009276827 89,80657397521782 5,327378744091466 0,1984069940209194 418,76128389594373 2,0096526080076265 445940,89674143575 1
1048,4279197429023 31774,815080254975 2,008626929983604 183,10481420364076 659,651015020954 298,1464183778493 237,86784042535075 89,91122998440369 5,289016015795474 0,19738428905526106 422,82303675364506 1,998310325641824 444344,51955808117 1
1040,3025566904337 31792,60946426758 2,0036579588553303 172,64754108144984 659,4467537825751 303,3776875144061 246,6230512689793 89,72408466083843 5,3546339509715875 0,19795067890587256 419,3118264228611 1,9955259942922774 443041,62244995125 1
1031,0869336243477 31478,42430057786 1,995863993692323 172,82294302448258 653,1982895690498 300,07420642500364 245,63416837640005 89,62551147782959 5,337744837694523 0,20217562022793037 420,42352423113505 1,9940888581276601 444039,7077430953 1
1049,6747668149908 31721,833523943747 2,018314438838494 167,12690964358256 656,1985559939934 293,065081468372 238,39243618010036 89,2672268756631 5,287428381552617 0,20457796977753312 423,50759969210554 1,991240359828047 443999,01029088727 1
1043,809783371799 31864,03225978223 1,9974913387931654 168,70751691909038 650,5169083362808 293,20229163259467 237,45321911169574 90,40367474389443 5,331315669575138 0,20978746603007198 424,2931900612032 1,99351120740848 449276,38872751786 1
1048,9223602770226 31678,751078215835 2,019668027012821 180,46744951043422 663,503093232648 295,08991899098686 238,71700243725076 88,45370611737782 5,336481537650131 0,21012675519701252 422,68182958677596 1,9978508866529792 445240,95244706003 1
1053,464711181346 31656,73461522686 2,0088293251077785 180,8088668384258 669,0115118524852 294,8322623648478 238,41430358946369 88,91827929380874 5,321582410044147 0,21509406043989718 427,1188747725554 1,9948714764674795 445233,6363937535 1
1038,3201538767423 31683,74406791137 2,0112998436234406 161,92513065901994 663,265495134722 296,1774464512293 238,42806634591625 88,43195039783171 5,384813095450641 0,21225826234249487 422,4642049006431 1,9900798623483722 445695,7087527439 1
1050,5721105565724 31494,3086770575 2,001478014566488 162,46035276486032 633,024938330652 299,01939323792664 237,52473130806325 91,62656664027467 5,307241729311501 0,21933093402874476 427,9284098942992 1,9940751472106948 446222,2651285663 1
1041,610746984687 31747,86478588701 1,9958356353502902 163,27676693465207 631,0218962067701 297,9096830575035 239,1329303394598 91,48511666719514 5,355695612404967 0,21862897322926297 426,1102774800347 2,0070744040252597 442827,22092463076 1
1049,7850589754592 31470,23872667484 1,9876600534690916 152,26244756743694 629,4817147431975 294,11669062532224 242,11693330984062 92,19269244718444 5,33902844837781 0,21776402006781231 425,04911862337644 1,9950267794318244 447375,85502588097 1
1043,0005311476825 31843,686087422393 2,0064396124390584 152,43934468606687 633,0761658562512 293,6446733058849 242,35339045860886 92,9232954603787 5,3465610113578705 0,21949695888260445 429,78730491813053 1,9961578486901042 440320,9768608663 1
1053,0790832134523 31877,013204363557 1,996925953322588 177,63957942432626 658,8558179071659 296,3817845289197 236,78746193385058 89,53323697217859 5,335215731742376 0,21750505888423002 430,6949377919352 1,9976106173025416 442939,3880597049 1
1039,321265750715 31787,511097030172 1,986523382222532 176,54777238044724 667,9770754184227 297,94929567877136 239,38431280161066 89,26433604081747 5,285522706597102 0,22147453678541787 427,4583661882755 2,0150419999805638 441077,4550739254 1
1041,9771374583859 31978,838801619473 2,003203028120185 164,93437876275925 650,0081418010459 302,4800486516562 245,73640818387577 90,8744316792499 5,360551265881476 0,22161857415915487 432,3550490249175 1,9983249952154865 439018,06965087214 1
1045,1545783952645 31651,019853471757 1,9985049732112603 164,62671138913444 648,518279412724 301,5877900638097 245,74739927062853 90,48546900371817 5,348674570945874 0,22159614728136914 437,5110409354925 1,9897379236795865 442202,48547929316 1
1038,356149033033 32006,61694232195 2,023773621752091 150,21471875647225 645,427363268001 303,1282703839413 244,3050053614327 90,20324327007295 5,280335267339529 0,22190992569986445 436,983724629669 1,9847240487897404 441597,5369819533 1
1047,6908595039927 31593,696409788656 1,9933437261157654 151,99291701198857 647,2940644228919 299,6958155252182 244,41690107676618 90,33875187936482 5,320831869973552 0,2259130568566557 436,79717381734673 2,0082256862173313 439906,8300456672 1
1044,4566618771723 31919,885217824303 2,0188886496460126 151,53831519713077 647,8406091498825 297,5293986851552 246,14954997295754 90,49519113462638 5,320750973618236 0,22327208514364125 434,80435218425254 1,9981746613070295 445069,0973755133 1
1043,7068111430222 31848,59466154198 1,9920163585309352 141,75711309505215 613,6608409591743 290,0206934614032 241,94949729120893 92,88756004041632 5,339450735188083 0,22447480368620654 439,05031008302586 1,998130859344207 443007,8095075518 1
1039,7509681537244 31639,37648389231 1,9900407938003024 142,32736438402944 615,0276952860645 289,6262997606626 240,83009565355084 93,5052034979915 5,295402885351695 0,2262016162715649 437,93866634336945 2,0097787502971185 443354,46933361265 1
1040,491022037365 31811,004357079608 2,004351696343032 177,81738464598322 658,1205479698976 290,5706227455377 241,12290326468482 89,51098944761858 5,3343725768056025 0,22607893747963917 437,33475291440715 1,9963399908786879 445818,5917981756 1
1047,0618200977774 31684,58292090168 1,9827073411748917 176,38270947948254 659,7755646656396 290,51011717930515 241,90431351783175 89,0601019440942 5,362498747226934 0,2279871365757098 440,8292841437883 1,9850486140771246 446994,6513735061 1
1047,054181638399 31671,652032416117 1,9990429048895837 151,49056601496093 627,8560728799775 293,92064226826824 240,46467111044015 91,91606058078298 5,302993930178539 0,22768825215138813 443,1029601310232 2,0061283034478397 444094,5104530434 1
1053,6703478391235 31429,100417122776 2,0082727954733266 152,15256241021575 625,9562940037017 293,376703784982 239,2778584079154 91,38123711622292 5,304635843796875 0,22672241509455357 442,06934351443874 1,9987952962219688 442646,202001984 1
1045,215637783449 31690,764122563694 2,005170080854039 145,9636505258617 627,6716738277095 293,34352261832737 241,01175466503005 92,14574014168515 5,342188835697055 0,22456504211821907 437,1120697611946 1,9936359930172523 442381,9295513576 1
1049,0039351307043 31753,278595742668 2,0178724020338117 146,35862351395016 629,9331750981851 301,3346440823818 242,0064868638696 92,44129387867655 5,355515962105437 0,2291578165787678 442,688140802901 2,0114114881872585 438724,11892269755 1
1045,9527680904114 32032,885498226125 2,006531397856941 146,44656715660332 628,0788088860891 302,9486912339737 242,68311600783318 91,88472691114396 5,347087086340245 0,22858034967266472 441,46627795867425 2,000228997549327 443657,9115744769 1
1048,213774913141 31689,670944019974 1,9998309744898355 157,10928844274045 626,7681630466764 294,24928463140907 238,55298010227983 91,20402540153324 5,3409430976076 0,22736820885659786 443,2423162594369 2,0039381194520796 441273,3847642966 1
1034,1744225005418 31934,698396022166 2,0069422684240914 156,75148831016546 633,9771205559623 292,05278031842545 240,0861517074845 91,81743016507453 5,317599946239196 0,22593918313909142 440,15870209212716 1,9954348729159788 443231,00149569206 1
1044,6877176839898 31725,417184928327 2,0047440745136575 162,29963774512342 641,5122725373403 292,68114847717425 243,4784078373259 90,98935089996655 5,352743466500806 0,22744347910661109 442,2736303868253 1,9984142189022052 438288,0337928546 1
1050,5864202139585 31510,964993271173 2,004670048050684 161,7237080655257 643,7824477457053 290,7100292255687 241,9306227369852 90,6381185195739 5,322576089953886 0,22587636667389527 443,19224675307083 1,996278812415304 438884,3116974276 1
1048,7546884035212 31520,490411853254 1,9998423584644343 179,00733000899305 663,9142699700016 295,86273114846637 242,06648754149103 89,53886491201978 5,30554069117253 0,22850627641528468 447,83011813230627 1,9895141290555178 438800,5246082675 1
1054,9037400788056 31898,547828294777 2,010436661753363 178,36786606773427 665,0469460479347 294,88002669191144 240,22989985905141 88,51390488925901 5,358723712364054 0,22604960935628896 447,87418919974283 2,0022450704910204 443010,3919449426 1
1040,0139822772271 31447,50015789319 1,9989704011304947 166,3984996130696 657,1187219017232 295,34961413658186 238,12680315850216 88,7732088506814 5,32724713938421 0,2264752739166817 445,2465454771744 2,001728765585389 442127,3074290952 1
1043,865242311651 31403,035877347855 2,0036425198566428 167,96934017260847 651,996285022418 288,87705344749935 244,85728041169776 90,46088894872385 5,357185360869767 0,2264432793404605 448,4111456026445 2,004853347410901 442383,7019071534 1
1046,0915079749798 31791,807535295764 1,9968996420192935 167,33137918618078 643,7148981302939 289,7486521082708 246,6175344174969 90,15903204244998 5,362444360973724 0,224921030636859 449,73531171333383 2,0138470801298776 443318,4167823084 1
1065,931739027062 31870,378953789135 1,9978352871897604 152,19754137769917 631,7137203896627 293,4114981631377 239,62834161779733 91,72614006447344 5,272306732222261 0,22681966599103642 449,1747117378188 1,9961481711633897 443037,0548625654 1
1052,6464328165114 31806,487318836033 2,006092253114814 153,3265719040197 638,3960143985464 290,6563678815235 239,1377512989912 92,02393178558835 5,354184477590007 0,22413579816908666 442,49551931369734 1,9769194569369564 440280,32859182364 1
1059,4921938295042 31856,142641764378 1,9908877994287142 153,97161565972448 630,2732573884798 292,24587559447707 245,28465470707434 91,26153457431488 5,295632978916458 0,22492211789540653 448,2633941843132 2,0018757270505434 442468,20102454524 1
1051,7532870199614 31550,954744381397 1,9941201735393939 152,7449903231943 633,3722833256453 289,2670619075347 243,8860447020729 92,02630768573869 5,375745012364346 0,2211202919646354 445,97953503121295 2,013242848076101 441635,4236469057 1
1049,0942103423754 31836,39478471978 2,000714735090272 152,5717905018669 627,3378754026015 296,5353378562783 242,08955252831942 90,32433904904538 5,351019312229186 0,22417621978563765 450,5928736939654 2,0045198444159373 441009,89848981187 1
1048,3789675036926 31693,73072261781 1,998600198356144 152,56714025839983 631,4887613918154 299,3934276422888 243,2775397143491 89,96732067391648 5,292158808213975 0,2218349589345193 450,90541795128416 1,9948732129455122 443767,59607540845 1
1048,0401226405668 31661,638063657727 1,9873338118371895 156,38576141093486 635,1079230629331 295,17871296066454 243,44209066440706 90,12381614684945 5,401682678211465 0,22240198131863262 450,9695514903567 2,0076284230312624 437591,28620464477 1
1048,0789772191479 31774,856939693527 1,981112151290527 156,231890283082 637,840667127024 286,46325168266264 242,53257771560513 90,82261496777721 5,36911855660256 0,22083861032168986 449,2958899071869 2,0150357655800293 441521,59868756024 1
1048,8788292758018 31597,209713871158 1,9984759056102748 156,39817955171662 637,5586883888182 287,9444041223708 245,746616137778 91,42852445062505 5,3926365431874395 0,22167962068877703 449,2089502178603 1,9966629767315336 437282,58013880684 1
1050,409789398002 31726,18545956936 2,0025653871136675 159,2758051325293 636,8654368030437 293,4922387729015 243,32711826099526 90,94799657807401 5,326544453278932 0,2209032533912509 454,1761455626997 1,9973877868332095 439833,095597634 1
1044,9309531016838 31839,921820128206 2,009418811791451 161,18482156737207 645,3751075082632 293,9660546231265 240,85565431121023 91,15131250094204 5,31656807430797 0,22008265752903322 453,438661839463 2,015600684279096 435591,06342958857 1
1050,1522783537766 31650,6478468658 2,0088471539098065 162,43305452953172 648,2385463722727 293,1483869800488 243,68520305068927 90,79791720616868 5,307843902178129 0,22057238756498787 451,2265207965424 1,9963722141677358 439939,7389631483 1
1061,4020082821407 31760,117028476863 1,9961683079885943 162,49244422811458 647,8327550714957 293,4694083152117 242,46228558859525 91,19014977295815 5,359982139962258 0,2192216532750635 453,57839029134743 1,9905966448978172 441876,29512650607 1
1048,2120259970834 31536,885303022074 1,9947180766766506 157,72826181365477 676,5821899046623 293,63289582528597 244,82140908322057 88,12411411704579 5,3063816644319495 0,21849425948258533 451,52818811919263 1,9875966250001464 441238,41094739194 1
1047,6336490874066 31766,545634689563 1,992882784866116 158,96222258140585 676,9253512854079 293,1370444429544 240,4457684318834 87,55728628143676 5,348603322025214 0,21913855757865935 452,115108688664 1,996636576375398 438489,05298647296 1
1037,5141862678079 31563,058168470863 1,9888596524774569 161,02009480290974 680,1673019155029 290,0808056258115 245,02357932297284 87,33408269421803 5,334220766859844 0,2177265051605055 451,11764412862533 2,0230047419534665 440772,21165496204 1
1045,343893608859 31624,417123762945 1,9906934063467405 164,1690666108709 643,7029130713713 292,57243012208943 241,94864568034163 90,5493579169316 5,350049649539211 0,21678979583917982 453,48075795703465 2,012606464144085 445029,15437466657 1
1047,8022872570666 31419,731149492007 2,002427809360005 163,0129830180219 645,4130141785843 293,9621381979756 240,09853673707315 90,33508546940418 5,286741208136701 0,21638547286329637 453,8904685462819 2,0013381198290805 436190,21309936367 1
1050,6526342704083 31340,053264980244 2,000756336687558 158,4699332504723 635,9004886019039 289,1605559162787 242,81398711137123 90,61478470160866 5,373967716682142 0,21666829145911404 451,17225817880023 2,000193508581786 438559,09624814725 1
1046,029162840078 31769,782390324675 1,9976686526379657 158,177961204427 638,1913242707843 288,39335112804633 244,78146431556783 91,48280183447714 5,371188519289664 0,21510161797833302 449,89411719823323 2,003765199773605 442532,0428233584 1
1038,5376086611934 31702,013810572567 2,0169599132528866 145,32206451287118 619,4898388776793 286,78083183423064 243,62560207208918 93,71554497369324 5,31710462831693 0,21524073244587602 453,62573953809033 2,0018133489311083 444678,8169637994 1
1044,6852488924856 31452,41656626506 1,9954945601894187 144,71595975368146 624,1500023340401 287,1392376882638 242,53858560937005 93,04653611624535 5,303928498049869 0,21478736297033285 453,8220924744532 2,011740454411756 437197,5802238088 1
1056,7525095200358 31795,964611462165 2,0035811951681994 162,94963292352614 634,2568547558096 289,6008910895892 247,68567365762368 91,79356467238208 5,344112148445984 0,21384004542352905 456,7001866126621 2,0151440971868486 440457,7565762262 1
1053,8142050913261 31436,79720512141 2,0037471604742647 161,5238152687071 627,6452303384758 289,2356048003735 249,0177740411199 91,7068393209064 5,3083661694883055 0,21000699560190744 451,2783520160382 1,9970968667250653 443022,98723290814 1
1046,26017905103 31774,25728287924 1,992089114760197 152,33339540825696 628,9914410869817 291,2070971794328 248,5294914602211 91,53707680012583 5,268807875126248 0,21170624081876485 456,8485109464807 2,0023340834679453 436512,78141348186 1
1036,0644681265167 31702,90716014415 2,0034977115815784 152,4720791724929 633,0526452411626 293,9423518329968 241,27592268984097 91,79902565545856 5,354909311123261 0,21076332706757006 455,0885617300533 2,0047122054295556 436666,69398975326 1
1046,9837769335218 31537,329195755843 1,9875389701264106 152,29425231274982 629,5636086221967 293,79136516597384 241,08794970567902 91,59181250279362 5,3692549337440765 0,21169206510368327 453,0459266036027 1,9818141066730888 440178,4091173615 1
1043,4701112973144 31687,287332970052 1,988017789763795 168,2344966155752 645,1917481432718 289,33378541886873 236,38470060113443 89,89010208214762 5,335835047953336 0,21053930880276633 456,23232204076453 2,001009869901747 441843,0888838545 1
1056,4357768724203 31426,936341549797 2,0010611981842272 168,06191638317472 651,99424149751 293,30484982951964 237,0868449455483 90,80023557678798 5,3350386815601 0,21125956139405241 454,01084817819293 2,023437330381596 436795,37270022347 1
1052,3193184845945 31236,84589355437 1,9996404443414184 169,99335770877394 654,1522934412121 293,9823884457879 247,13993701521377 90,11710699786148 5,322528608260049 0,20987251939065815 454,93684321700977 1,9966012163489568 439356,3348030336 1
1047,4189804816374 31654,917566865948 1,9939506263087847 169,56620014632446 653,9468778816471 293,9035663029727 247,3562861453732 90,40206559612483 5,352624136533977 0,20885035946063507 454,4194415793322 1,9896898724304792 440596,24032057694 1
1050,6967697275543 31676,81387722279 1,9926946347926924 156,46732171449062 599,7146817054373 294,3253815892892 240,1001942561742 93,55208840800123 5,33120437267058 0,20706137906368807 458,81157467659267 2,0113130025238513 436639,99462186027 1
1054,84154274761 31815,075261259677 2,0073279773691857 158,2285302373859 604,234566766368 295,9157524772216 239,62559160579593 94,62129735897346 5,351164946446926 0,2054758367721123 456,74668721286923 2,0114269201195865 439050,6349545309 1
1054,8029441725369 31803,907727826827 2,0226848001845155 156,2832991225165 602,0782627740543 296,1142028294351 240,18620317362004 93,66223109117477 5,320510274360062 0,20639769765600924 454,318957116269 2,0114593250165522 437607,89090074727 1
1055,7439449501778 31908,482755599332 1,9917319998596785 158,09572971432368 644,8258446776482 294,9846738484782 243,7129148899978 90,88818671295064 5,359926412541497 0,20511131614476347 454,54865182847317 1,9874297727460397 435355,329123117 1
1047,2956244588026 31372,966147479405 2,005718351383162 158,16273762381692 638,1488843265256 292,2518723826341 242,95747142303304 91,19063413137971 5,318587751770657 0,2050543861607897 455,42153209449737 1,9967638550535014 434901,03729607206 1
1050,7719548257387 31829,609619334813 1,9764643654863312 133,33583249545305 603,7972823476921 292,975616480749 242,84194267839243 94,50801512125801 5,293970131822386 0,20539710459554797 458,4229863528882 1,9974507444313128 437886,7918360239 1
1046,6891773791629 31503,988543749874 2,0029543823437734 132,40589323194416 602,5769363062665 294,32783819888596 243,11001073644277 93,96419061238208 5,325170967897977 0,20315001651238043 456,8053505218792 1,9931517845371145 440725,5192506833 1
1047,3888508905031 31492,709886496854 1,9789715385346198 132,1051950636583 601,6046861959469 293,3050465099996 245,0641790561517 94,694346653799 5,3385949254116625 0,20269755030150524 455,1247037006355 2,022129647614232 441500,5985385191 1
1047,6967314228866 31496,862932844815 2,0041985428965465 133,48978587912154 599,4418235148607 295,2899337919013 244,7730319263384 93,83462170081262 5,371578692871867 0,20267208321485516 458,71513928922326 2,0003964220117125 437488,1116148341 1
1048,258736010149 31839,14254217075 1,9883538477044242 155,0703855019742 610,03748712974 291,5111019915231 244,15539248755584 93,47281579436434 5,315075477348091 0,20052091927366694 460,06314703938466 2,0141098259528016 435386,1510402779 1
1051,9619947432666 31458,99266404605 2,0024278665980733 155,26067774005585 611,9426322704616 294,3107244747237 243,2338647751604 93,67264991772196 5,357934994092414 0,20049789263583837 455,8948575140105 2,0158751188037947 437256,81764548726 1
1060,2512454252612 31491,99408841085 1,9836653716981512 159,90718686649353 605,8578074241717 292,2475701142642 245,17729721759338 93,31839795427426 5,288612119642929 0,1993051185249653 456,16721188062866 1,9834492791044354 439844,67503002146 1
1050,7705537734741 31798,68864499221 1,9934396992611416 160,3036933734387 636,733554912603 286,6464712864694 242,15121014112106 90,74418143567381 5,367700689959142 0,19880633752293964 459,01060061207005 2,0013014863917413 438830,64067845314 1
1045,9734509011944 31467,67515565189 1,9945635199310379 159,84881120789905 640,5943699614106 287,50290112349677 241,49023522005544 90,51401012467956 5,351157959453363 0,19933099644357902 455,7866951097505 2,0015532734191406 435491,94569900585 1
1059,6009745017418 31716,42981624529 2,000072027414706 150,494418641409 628,1837842498344 290,3930241836156 244,24287546878938 92,78911280918474 5,352915586738112 0,19828783130304573 455,19809812762696 2,0037105179340675 435130,3041914522 1
1050,2467328195596 31694,94874014097 1,9883853478486768 149,8303671217944 626,2514430994012 287,9512221904932 244,40406397529102 93,22350480126119 5,356121498118193 0,19647992629398808 460,1022983834501 1,9881869023530676 437210,28277451603 1
1054,1667223849092 31525,77030586546 1,998005093940071 146,38841134023377 622,7842559269457 292,5061833707778 243,94617172392208 90,87003956621753 5,34303717096165 0,1951277051959505 457,65628040560813 2,004846069886889 436132,9038805469 1
1056,7402250933526 31624,489621981902 1,9970870276118844 146,48522628990065 623,2011780948864 292,2983752996317 244,73783190815382 91,15283215662686 5,341988455779306 0,19468486486347183 451,8906489959407 2,0081463985459247 438000,62105581193 1
1051,8132561252535 31637,45961379603 2,002649846857563 146,6248360405778 612,8377155974373 286,3868639585192 246,2153863242866 93,3595911367227 5,293769426131956 0,19367357509853167 457,3552680001549 1,9839526866433026 442436,46634851507 1
1058,6887478168435 31677,297762352417 1,9906588800356027 145,59047656916422 627,1282140069019 283,0591827566472 247,10562545918427 92,26583161864167 5,305949670637783 0,19140217663496956 453,5394647977055 1,993279462475681 434701,89143945766 1
1058,4225791438682 31690,80662608154 1,9898984651930418 173,09191499204687 623,3010355605247 285,73739373937167 245,52380543511904 92,35914171163597 5,328007074151293 0,19104426200680533 453,87140214453154 2,007011927260898 438627,7433102781 1
1043,39850053683 31729,037241381742 2,0058640967235757 171,82471272367027 662,2635347433227 281,9933556964935 239,16117897520024 89,2441981664835 5,37273860554374 0,1924143638136687 454,66863099919993 2,004782297384588 436041,45167868567 1
1044,6623658997285 31417,781817016312 2,005944890685389 172,52933570028108 658,118611018564 286,21344731411114 240,43166972947304 89,51981397611955 5,318460029778679 0,18923798622966823 455,70866663677083 1,9991872120266367 432476,3388313225 1
1049,6172656661502 31601,505340832213 2,008972977229487 142,2436292829896 613,4444514802162 295,1285395395195 241,01698124073278 92,60879862693129 5,345458278687898 0,18984952619972875 455,35362917738377 1,9993665015266142 433712,8105872943 1
1040,5719938922784 31942,659442298507 1,9999630553406673 141,88561565884794 613,540543170897 292,3193259844933 243,67252812615445 93,08547523949149 5,325476952474323 0,18818799249709062 453,10534852632355 1,9791978539834927 432979,83421868476 1
1052,3863417448333 31676,810078378898 2,002211475989793 159,2770957428478 641,4765991696207 290,08774914775984 247,33614225585353 90,51105622862316 5,351479320867452 0,19010962640253662 455,4302184854237 2,0049896611898177 433577,77416930656 1
