Co2(scd40) raw_signla(sgp40) aiq(ens160) tvoc(ens160) eco2(ens160) rs1(ens160) rs3(ens160) rs4(ens160) rmox(zmod4410) tvoc(zmod4410) eco2(zmod4410) iaq(zmod4410) resistencia(bme688) Aire/muestra
1049,5010563486508 31623,307709463348 1,9863503636951105 179,65100419562327 665,2561993533056 295,58207883685503 236,66747427635045 87,88293115936597 5,372010983849008 0,20992968098198586 421,99779551911075 2,000902775034338 443599,4916454955 1
1039,6177727115723 31778,103912180402 2,0014200158767443 179,95326891476637 659,8075234765159 295,29022593256786 236,7721363850015 88,72973970416867 5,317458086527186 0,2129369466869805 424,18641900460466 1,997044919524525 446160,2826825454 1
1037,460641377682 31638,05988499126 2,009463176680825 162,98820363687165 673,1090496715487 298,9508688753966 238,25705131772156 89,0397645363849 5,353042723126822 0,2139814294121358 426,9712129439132 1,9897210536470942 441068,34278058674 1
1047,2084160756528 31772,79555805484 2,0065104046226625 163,52123520510835 632,2481105068985 296,5289649495684 237,36426952481915 90,29492817233456 5,328345645193587 0,21449568469267033 424,34967383524616 2,0067262158970682 444873,35821783217 1
1041,675232546802 31379,614959381415 2,0034471994300818 164,57171552212765 632,360651578493 297,97202656226466 238,49469952492407 91,71227899011382 5,294449372198001 0,21735093799504465 428,6688845887724 1,9943586616121178 443997,96105554595 1
1042,2093785718541 31789,349340828325 2,0086720821995874 151,41148869768165 625,2087497785576 297,4262920455036 241,4653063649528 92,9584817394123 5,344804177871348 0,2170794026308209 427,84043916761357 1,9855424004406135 444232,574788029 1
1038,1001232570882 31675,547269041108 1,9916342413119879 152,2138820082628 629,3697629655367 296,07286201108366 241,88576036122956 92,96758869238141 5,3341585724158245 0,21926794389238685 429,87964908858976 2,0056899170568285 440178,3620928383 1
1054,7767499350637 31698,592851918882 2,0085174714128655 176,05468916541247 662,8973969968686 294,00653101707206 235,44004259999446 89,65698504250214 5,3933339391596045 0,21980709977332505 430,2652961285726 2,0074098205559063 438598,67586960515 1
1041,9706469407736 31490,250684459155 2,019993934946492 174,73341593243987 665,5094215649285 293,29477497131757 236,84961916354214 89,22160028787408 5,320340316742714 0,22073680114505784 433,2017675094328 2,0145641218320165 444574,6518237836 1
1045,222382690576 31677,162095874915 1,9972430820989049 164,50014667051033 642,2907477456232 299,42327338510995 244,03542868471823 90,54726391971936 5,375738856880948 0,22113897869357585 430,40741061579496 2,001742925522132 442530,6638240131 1
1042,70472519754 31860,308299809025 2,005576314502946 163,22999748671853 646,7448446263932 298,63088445013307 244,4243051312946 89,75349627503385 5,356816889046812 0,22022824583412792 430,4937383685921 1,995463126948314 444167,1989276796 1
1038,096934749159 31865,454734715444 2,003536949730048 149,74354785246888 645,2402879361191 300,68486678900587 244,6001472234173 90,40236258433626 5,340650174523053 0,22097301582290815 435,56975089597586 1,990895540550695 443561,52786979475 1
1044,1895051463107 31794,445452473155 2,0039846388147415 150,43664389638676 645,7384017292372 299,74935874718904 244,3422832845597 90,27529933136644 5,299614344119694 0,22406137231372783 439,45039281399534 1,9810668417445585 442737,5129203588 1
1041,239253256119 31715,181502094998 2,0047847473285474 152,20008420778754 646,2207712124557 296,8342530393903 243,85817507638268 91,204516381404 5,33267683135933 0,22438829350772482 437,241768887449 2,018017822964844 444030,44127762923 1
1044,8054076857945 31946,562734518055 1,9920750416902206 142,28368323583678 614,9903643815888 290,3668864763895 240,5712175142157 93,37041989535972 5,307857373522788 0,22700889972019317 433,7265546702749 1,9926581605523563 446503,1313821852 1
1046,6310255982255 31843,879217418158 1,9986590766450116 141,82210510382424 619,687610079184 289,58031950875005 241,2040175030969 93,27518934513294 5,289030564427258 0,22828695474966182 436,45584846199955 2,006107923945123 441842,8413100274 1
1050,6574017874168 31709,948878624273 1,989982037714663 177,21825932242692 660,1250196692866 291,3357666116048 241,46792531788503 89,26395043341493 5,320353446841348 0,22548554500385048 440,60612787455597 2,0064782774293 443085,25413638464 1
1049,7932497200622 31868,005904818925 1,9971232066539855 176,49792259394152 658,1682956087898 292,04213497877413 241,0557160849053 89,18140691225761 5,338650578217608 0,2254331678009605 438,8153746855269 2,007192532210522 445803,73418314464 1
1050,677013187973 31672,529135158173 2,0072076932729797 150,7524606661187 624,7754137726307 290,56829017256024 240,2450284598597 92,05708928195561 5,304987091336871 0,22894880947422727 441,7255759674452 1,9899050294870722 440135,79102600773 1
1047,4935515931197 31730,33920003432 2,006357512081165 152,34767049354954 625,5519410030676 293,1549594639096 242,2538883992065 92,06575970096422 5,2991207287144135 0,22574355227435466 440,38956010861034 1,9985182089601141 447915,2615926018 1
1045,3844138421255 31744,900769330325 2,002079016140438 147,26205728979227 628,0608363730215 293,8814188922059 242,20957406954855 92,51839404965956 5,3174705046761455 0,2267078408934312 440,37259687940724 1,9994296569442032 442619,55477865494 1
1046,154799099497 31725,165634996887 1,992192806626215 147,1003066034254 632,3180983758859 300,83333956083004 242,9510784753255 91,89598836728337 5,335388339441064 0,22685850930006626 442,55710008445374 1,9848630577157 440882,8720104158 1
1057,1122190649144 31750,05405983336 1,9816303690645956 147,21439094558352 628,5546854260493 301,6643033919036 239,67149475773726 91,42186012518228 5,338401905828027 0,22775292216540147 445,22803206304445 1,9850877653507024 441391,6724527046 1
1050,133448490997 31506,82656164985 1,9889214275261673 157,81432660765248 640,9599487344917 291,92685740728257 239,25437309528647 91,78374361161349 5,406164254065656 0,227277773568046 445,1355843730528 2,025091930330132 444908,5265299268 1
1051,7699672798149 32057,68712528709 2,0024605524767045 157,70173530005178 631,4033959990445 296,5180695983604 241,15759522599066 91,67967397698541 5,338016620367808 0,22322746480660713 444,1101394698608 2,0178716978642814 443512,7759698662 1
1044,6220807796617 31747,14319492546 2,002314876231869 161,8384981986012 644,280635923133 291,04628551572813 243,02528517149892 90,96989028453012 5,3592395739305125 0,22854642951612017 444,2801149672589 2,0036773220913617 443683,228531337 1
1045,415440392133 31750,6992658786 2,0217829202169075 162,88379981564486 647,0614463619892 292,6739311068208 245,28247864302716 90,60889312255505 5,282494614549344 0,22772572166015553 443,4287238534056 1,9946455077473826 443219,3880926052 1
1046,5179017086487 32003,906661815356 1,9922810158598965 178,30581362444326 663,6248975881847 295,63701597595593 241,29387340405364 89,51269917441017 5,3229544001277445 0,2264142684392597 448,35613487884376 1,9975178044269855 443845,3722489989 1
1048,2846492692474 32002,391646578155 2,002837217571478 179,68857924211787 662,6687089715061 292,07362790027145 239,71356723116102 88,6941372720166 5,344900865445536 0,22724098885409375 447,63033869376346 2,0017521238133793 444429,93495687284 1
1050,6597795167854 31637,372412288925 2,0127288175258657 167,79619528050586 660,8302169375123 295,83852647722324 240,55605269366043 88,74666917708089 5,359759109627446 0,2266325001675536 449,665763792189 1,9965627749774169 443665,5093315766 1
1050,194265585 31798,147674154832 2,010570142423533 166,30910856173617 654,7964340513014 290,6588541692407 244,66023908716954 90,23160023742388 5,311525913263721 0,22594615719615416 448,45441973407463 2,014766358391756 442618,58685063594 1
1059,080936204721 31669,3830193199 2,009322115305096 166,69639964031072 649,0019564154295 288,6989900403221 246,7376059890933 89,9469807568673 5,29177910970464 0,22553094338472124 448,20073114997894 2,0155813403625324 444851,2854854115 1
1040,8422360925863 31498,05875332717 2,010750552479176 153,00580213212126 633,7590349575752 293,0359950184674 241,24218096923957 91,98302181141992 5,30343744103107 0,22583854077891047 446,0037335186081 1,9969721488794883 444138,79667229904 1
1044,7454054045031 31696,141507249937 2,0039795267115745 154,11410502084033 629,8385229695674 291,5841204704749 242,42933488508405 91,64575041216816 5,309775899493267 0,2242922281383161 449,489526258046 1,9976734725629246 441992,33035683027 1
1046,916171903098 31555,13137438952 1,9949782293104046 152,83687497913968 633,457387271011 290,4732920980442 243,79414075782876 91,7180251427241 5,3131345407470345 0,2254115949462668 451,6165060983072 1,998781283587549 443791,4433512385 1
1048,0826663868625 31738,994670385662 2,0151923367927287 153,13540643015057 637,9479936156728 288,15875260707753 244,50898527032552 90,97189524805304 5,320466367529712 0,22364022464914474 450,42326674802695 2,000634210548612 444837,8225914566 1
1048,244279430124 31435,23948101786 1,9840083814672982 153,1894165872325 634,7535213637198 300,1333688544151 244,28863385693109 89,90548250774766 5,286508385238982 0,22341143506087238 447,8495905161315 1,9874963433423665 441958,11853261344 1
1041,858558393874 31792,61193249274 1,984304984178066 153,78880794350943 628,1369639592072 296,7962871132934 241,0499667294628 89,66622731052314 5,311152552155525 0,22053369805473375 452,9111340258492 2,0004729792044014 442962,566321563 1
1054,5456033004402 31467,895589655196 1,999104780224354 156,45253133408727 630,531393291528 295,66742997839435 244,40807089350196 90,33879428525474 5,351116216584227 0,22388737495168465 450,9363567149202 1,9814192871458125 442448,9987099246 1
1055,1978189648353 31718,134791657118 1,9948620827058041 156,82505425640431 636,1228162229231 289,0136630579661 243,7025812259902 91,29719678551771 5,351220452233938 0,22171216824895662 449,208129918902 2,0034423848606617 441947,4080015971 1
1045,6713606437147 31920,920527918563 2,012959864137098 157,15996729579828 632,3992010060829 286,335138084427 244,17035505139702 92,47839134550524 5,339454533532898 0,22112415368407604 450,3395656580088 2,0002294213050846 442314,2862394944 1
1047,7415790709786 31613,521251240065 2,0090879446314123 160,17859894901306 642,250259528216 292,78569075155934 242,4420215196696 90,48451071212186 5,350313215042057 0,22155541435899115 452,74092335557015 1,9927277994018437 437741,18425586156 1
1054,99206520089 31442,770113559785 1,9923515793090996 159,2250586022543 646,9716975457491 293,7129836221126 242,56503835281703 91,404294409736 5,318082556251502 0,2209164275404545 453,97420818443453 2,004268946430449 439615,81011479214 1
1053,0721559367948 31822,069008362985 2,000514536684229 165,37578425697913 647,4666087413796 292,47776463524616 242,15127838897092 90,75819723231267 5,300866027777084 0,22077827899684208 449,81449434024853 2,0107385221509415 439985,4960405345 1
1053,674655518815 31418,238673902153 2,0042675986268557 162,63225942252967 651,0655513102162 293,7451248269704 240,9841662991276 90,26324138306248 5,345114698886481 0,21997526786456312 452,49603197168034 1,981111326438139 441859,6471976451 1
1053,9154705799153 31671,964045395383 1,9845622002172292 159,7111041383092 680,1995430612087 296,47284420983897 243,07636759997817 87,74150927457185 5,3392373933416755 0,2205527299796152 454,2448196168136 1,9990756746047802 438253,06064533506 1
1041,299595704616 31669,299281457264 2,008044031403158 160,00407684841178 680,9153853544176 294,9896592509782 243,9761154721997 88,18478889623101 5,362266632317197 0,21807928085283088 455,074605426648 2,0038951737602204 440449,00087260833 1
1043,5435861554715 31692,20056577774 2,003967910075965 163,63986133320955 676,7974659782492 292,1778466284393 241,15319086831687 86,96419007544431 5,309046996623819 0,21860405634602537 459,3020846983127 1,9930137089958202 442549,8141008202 1
1046,2467341392055 31729,241778014257 1,9933100819131793 163,64208292531845 647,3250996703349 290,7495026023021 242,7984974481975 90,07645279182708 5,373934623585051 0,21535223822400548 457,5750675250185 2,0068224967210426 442791,89912309777 1
1055,4120277070592 31613,256867326952 1,9960035413089638 163,10459198267122 651,2862107201925 293,06470200506794 241,39289076551617 91,1380639299667 5,319056139556491 0,21595022597104555 454,15617362153483 2,001665047592422 436114,4122534097 1
1050,4210549735349 31995,027400358726 2,0033852253445468 157,19857055070787 636,1408232556961 289,4534024733599 246,1016434840998 91,11657690055267 5,329307625104159 0,21844925287674508 455,26898112550134 1,9839632314738376 435486,90466896177 1
1047,654103281278 31883,809723649803 2,0004230651934094 158,09262235382906 636,7881269373108 291,1307110554368 243,32218590662745 91,35330159498987 5,346812499865176 0,215393897711244 459,8172041200371 1,9897809783655256 442532,7512543255 1
1056,412494846485 31830,88748129311 1,9918595126984033 145,55532904346947 622,9786238119325 285,87761753187425 243,87504462942763 92,75710705171254 5,368447046360138 0,2150764776028407 454,1485944242173 2,009336766217937 441632,3172287407 1
1048,4735253622605 31760,253598203322 1,9951724749458937 146,52282721977886 619,0315298005812 287,63977456154754 243,97789514281152 93,172402111958 5,289078040465762 0,21362157966058845 453,79835438212814 2,00935410489685 435236,9640320659 1
1066,3984650598363 31765,335486709573 1,99133513500444 161,5178562398512 628,7602066113874 291,02578152283786 246,8921031690908 92,27688960879745 5,310367097456516 0,21548915743233252 459,31199599419864 2,000307387071024 435605,3208945256 1
1052,907440339933 31711,494568862618 2,0030824055090255 161,90807995974146 631,6532507917561 290,8120232065078 248,46782826655289 92,05398296735855 5,297219700945467 0,21132648211468827 457,03681825222736 1,9933442144727576 437856,2037456782 1
1054,150081892608 31723,389657033407 2,0040162048873613 151,35303631086947 629,6551020136271 293,8076689313726 249,20529492775938 91,4353875891826 5,337144150994496 0,21323409047538455 458,5177526388523 1,9990011340086775 443443,1544067831 1
1052,1387824570634 31874,06799574215 2,003590414304596 152,5553176808194 634,6511256231718 291,5102763686082 238,91930251902673 91,79295104402078 5,289217713659048 0,21201883290387455 456,67344462762964 1,9996263291559226 434412,667179938 1
1050,3489009790487 31873,947460392577 2,023654032402046 152,32647569682302 627,2253081460175 293,29127650733165 240,2330032408572 92,08226998198047 5,3393376409157876 0,21181606685085747 454,1012926369613 1,9961405045314062 436930,72270309774 1
1055,5100431167232 31670,171028063967 2,001983847940909 168,4795582140959 654,2989506006152 290,0565835765959 237,90924889664927 90,29716973448704 5,333053829771311 0,21188832221575954 455,3138668546083 2,010210584228778 434579,37141382264 1
1045,5543925635773 31455,774670979376 1,9959427955772338 167,31262296282947 652,5898564940929 291,7553712747108 236,86173032477146 89,13472689825852 5,341650736280235 0,2104946664383356 454,9977516284923 2,0041857094516273 438893,310926149 1
1044,5178910014686 31435,409020792173 2,002297589053884 169,94687995357506 653,462773209349 290,8708883608696 248,9089509346832 90,4145236264169 5,300655936025272 0,2093819924842406 453,0679365270005 2,0121191019000246 440787,90766666376 1
1043,18536532493 31712,219151679532 1,9924197586941266 170,2836049502439 651,6684814417872 293,8941224029757 246,6173384374043 89,84264447977277 5,322806960011377 0,20780067620134152 453,7303486745678 2,011696230283271 439537,8676887751 1
1051,6528807819307 31719,230877996775 2,010801565563581 158,56340886287413 605,3697505874004 299,4042864108877 239,03924742789056 93,39433325652223 5,292183353328209 0,21050593102154216 455,9645779969127 1,9975312172638122 436719,14155463676 1
1046,3711207829292 31559,504891473007 2,020962230612625 155,73337054747873 599,4470684100202 297,09380081881295 240,21967725425657 94,47708408081435 5,300812704722234 0,20592502265285625 454,26337128131627 2,0044595110800936 437574,585709882 1
1056,8177132209887 31694,02720735868 2,004925766494991 158,75113908838833 606,608941743768 297,4869401264924 238,84649776865615 93,69765714869685 5,335752000774576 0,2070158332864956 455,47391579673877 2,0144129673501747 438580,1737022204 1
1045,7346921259793 31601,599977601345 1,996016695536782 157,44988431188932 640,4468783997132 295,0494004832593 243,09387537266113 90,9053348136934 5,332491980060518 0,20431435663263675 457,56936884664475 1,9992884218353861 440167,90991155873 1
1047,9168298025343 31798,001301872926 2,004015750867212 159,12766886765527 639,743221405573 291,97614513994915 244,2594335176717 91,11937535239039 5,307665017386008 0,2051238225763135 460,46671065818487 2,00995470912333 439529,9047711071 1
1048,6316876077378 31550,805113598246 2,0171090738382733 134,2506389443058 597,6460970505252 290,66926228972056 243,94034323071412 94,82551155456137 5,326758577221778 0,20477528723749877 459,30626514719813 1,9898857873771951 438128,9689851 1
1049,123271408317 31692,657998793693 1,9957037962208757 134,43684615163082 600,5667734541654 289,12771769883193 242,53399687896453 94,34574310545214 5,3544711146779775 0,20433233826051825 459,98704605137914 1,987284409482192 435821,8705907899 1
1055,1060921301937 31824,855029134895 2,006951526748405 131,13873642161417 606,515498004374 291,55251790117546 246,2274706096777 94,98580936963057 5,359293041303704 0,20463332742019366 455,1571730947377 2,0058639620230814 433479,1578175663 1
1052,6400825137464 31479,562854008775 1,9906477630896298 132,43202142535674 600,85136661184 294,81229271934546 243,16285565864953 94,84039606488662 5,359804572218933 0,20039461000115963 459,8532064819871 2,021261703454355 436515,0112833603 1
1047,463637702889 31495,254178300187 2,001711311669836 157,18046309442803 611,4734830566579 289,69148197703487 243,5996034976316 93,84858196117627 5,338037755092016 0,1996493675543026 455,4596959222856 2,0025034978480973 443335,441607256 1
1054,9928325754975 31528,678843442296 2,0104321279883144 158,3908308018611 616,2295448313167 293,5398846021159 244,6521635426096 93,22616720235634 5,347341557382935 0,2011512232659885 459,58916225689427 2,0052687443847033 439255,27979872824 1
1055,3263205667924 31569,216974771403 1,9877408302839383 160,7553496684779 615,0952608555491 293,40522725105666 241,19898178764814 93,66520868342592 5,3287121296789675 0,2018438599495544 458,2600128954122 2,0048995843826587 436651,88076515327 1
1050,4657890450396 31798,555071655894 1,9897272914245108 157,98092482883143 639,078064399201 285,44669056850466 244,78892368402742 90,86700168218609 5,369698274157627 0,1958958647546791 455,4946911567656 1,9911369727821784 438969,88392593485 1
1045,7119905020213 31647,2799260593 1,9984925821224957 159,41292584482807 637,5874902358375 286,6133810295531 241,98494457143735 91,16763152925803 5,325284584583033 0,19877318259217866 460,70934901525976 1,990162607077254 439783,8955485401 1
1050,551993519922 31564,932925013374 2,002962101175454 150,10917680427306 626,6119855651939 289,67793332906734 243,56348099578682 92,14110642543402 5,3194457461426286 0,19703653934935433 464,55585112975035 1,9983230668764151 437250,8149904123 1
1045,4257135127552 31715,280896501416 1,990196368538726 149,23028764483522 625,543223926228 288,4828573469783 241,22992558847866 92,0714783730689 5,355769629254402 0,1981080147511828 457,8730819459632 1,9992317581509917 432763,15623255714 1
1054,9904701163853 31657,12322091003 1,9986845203403953 147,21858027745824 622,3423319546686 294,4280499681398 244,9570197011448 89,97665609961112 5,302427736088385 0,19646676544271827 458,13235590739447 2,0025951571570273 436728,39289573283 1
1052,6322735800147 31722,791024266073 2,0070306072449267 146,4912078638591 619,1123577889 292,3219257221403 244,82196371572982 90,72181886144482 5,360115185281462 0,19411888745644817 457,6406626519404 1,9954263443651232 440867,15786548157 1
1056,4828504621717 31404,830910664998 1,998936531474942 145,9775428059941 620,6920495105348 285,4454181393808 245,03115929433275 93,04851735131975 5,339551206085881 0,19539891905619255 452,8257062508769 2,0127932670597146 437730,65011600376 1
1052,6349261280618 31609,790110591195 1,9959448432616234 147,59683555238686 622,3969823506823 285,5058483249763 246,23276404710046 92,44595823765029 5,341807356041956 0,19289337754867944 456,0703464208417 2,0047038338824894 435812,28768977843 1
1055,3572620425457 31719,12795547269 1,9975107826727236 173,94918682173576 619,2503712684697 287,9048371498551 247,4801703979313 92,21477996214762 5,338843190934571 0,19256024729764526 453,2192820433363 1,9965917441447794 438022,2052780211 1
1052,4836284406551 31783,216070619823 2,007080678081487 173,19357103311782 659,5892865292988 287,16407201367974 241,72618040204696 89,19453072217063 5,361784737656902 0,19165951963926386 457,8988927365361 1,9924535947394169 439156,8620917158 1
1055,660274654415 31784,294912674864 2,012468190097545 171,81421421019976 658,7935390385717 284,2740197782751 240,5368782498677 89,60780221918006 5,258912857657719 0,1908305482342217 458,5965390950505 1,988121874327248 436273,919145807 1
1051,353865412357 31814,56400462593 1,9954274068126758 141,9646478695174 614,5625187325793 294,2570206403679 242,3021515686744 93,76641212809037 5,320935539290802 0,19185855476782782 459,75216217357223 2,0064542353834507 432348,7595390243 1
1048,272099585754 31780,015798042794 2,0029126049491293 141,9823683409128 618,6948812371393 292,1258054978966 240,03290438756937 93,44676943192971 5,33527333012829 0,19052340675291998 458,73484906228055 2,0020153929559554 436673,9524661366 1
1048,9764261078378 31580,435240335144 1,9914501540805147 158,42149487039052 636,435863578356 287,66641601127384 245,21224059808034 90,81643890187048 5,328366147034189 0,18900577944143693 455,5596762827571 2,000090002235337 437538,43058919435 1
1058,262028206229 31449,64381827518 2,0124858933847753 157,59567977714266 638,8793558212435 290,1268141835205 246,22394692895202 91,18171549899013 5,350007313978071 0,18726395639106017 456,42844610417694 1,9924909171507896 434775,7492743766 1
1051,2475356949078 31540,736289811335 1,9927978113107203 137,80124760218547 609,7421279867118 287,3333998762385 242,0568182065853 94,7011677610289 5,315745725135402 0,18694819930099604 456,37733653109876 2,0038721140356213 438471,057371363 1
1047,3271140185636 31416,396052439082 1,9992102048140699 137,97501799111882 611,9031530946421 287,9137076932363 244,96747187423892 94,16425805626966 5,291080288562939 0,1870860146523467 458,03897585785126 2,0138065357298958 433070,2605082202 1
1055,1754854303688 31512,056379171507 2,0035342040921846 141,32084803455734 610,657152846024 285,2541850943245 241,2345084247522 94,6746508503739 5,363605443014774 0,1872352604461255 455,0135568642009 1,9724105082426064 438038,08967079874 1
1049,1325992079035 31743,543114255986 2,0011114778408357 140,1071644399254 614,8986318826671 287,1696276475847 242,45353421653823 93,42363231895195 5,328354942056371 0,18405635873246692 459,90975033444346 2,004999522383368 435781,37867710955 1
1054,1149454449824 31778,07825723671 2,008524826065833 140,12337438376727 610,7249663044206 291,2358800314628 242,55969604463593 93,05197934744304 5,326771152225204 0,1832440930547516 456,4527473014436 1,9928369344611325 428543,3634945457 1
1055,4083342925305 31513,230317040754 1,9901603890961594 169,20814236745326 654,6824152809592 294,1688797631983 250,74828087475308 89,37963913865113 5,384209730321151 0,18659084252695787 455,4150643762321 1,996944779678358 434832,1286514366 1
1046,51477941378 31765,591690114816 1,990614859305886 170,90545913657186 650,7998713725125 292,3843812071798 249,82204938207337 90,54812575677488 5,330614603666493 0,18642760950241236 453,07439304132737 2,0078216507595785 435529,1310443889 1
1058,679498240115 31544,17810225234 2,0142697760231845 139,20252400651646 626,1005634791558 287,6135792425465 241,87951188186844 92,86790198021163 5,315054257660449 0,185789769906968 454,0693402822689 2,018504951491796 432012,03190254787 1
1051,7671326660084 31694,374053711203 2,003365377743322 140,5746102542838 626,442346869274 288,8046723289722 244,66370472195894 92,4117278217639 5,297252278240632 0,1825885948026884 452,07279896309217 2,0148370449768973 434070,0799709993 1
1050,714026463148 31383,812306125845 2,0170135299192564 154,37074570719676 631,550966088641 285,54396805428996 243,2071928494181 91,25228841313333 5,32133465976919 0,1841311272164092 452,9779768214912 2,0179355257389626 439141,70159350306 1
