Co2(scd40) raw_signla(sgp40) aiq(ens160) tvoc(ens160) eco2(ens160) rs1(ens160) rs3(ens160) rs4(ens160) rmox(zmod4410) tvoc(zmod4410) eco2(zmod4410) iaq(zmod4410) resistencia(bme688) Aire/muestra
1066,3773482865865 30403,098100441224 3,003773848492103 646,4302102652349 910,4978834406437 183,57987591707288 121,08536252635703 60,99022004266394 5,3436444377791465 1,0677024412173477 429,4949827946585 3,0065682921431804 379506,5749146609 1
1078,5648157882322 30352,474566105917 2,9725308417994887 626,9106996093896 907,3229014352735 183,13315297133013 121,76791287447439 61,03337481763144 5,416055834261387 1,0784424963086356 431,3935884874139 3,0114219889210503 376913,7707248717 1
1079,495813814221 30459,232833616352 3,002607362012026 619,2170512008452 906,894063415684 182,03339050027247 120,48848556954353 61,75799504811916 5,354726863804838 1,0878312703937902 429,91865189608825 3,005551543450905 378907,794779777 1
1074,3897651882792 30463,141323081145 2,9798467053253628 629,0846279484784 907,3008899534243 184,26668905827043 119,44525677758658 61,95775602954145 5,358935951238063 1,0778583241685749 429,65429837821296 3,0064233097400797 373051,7424299927 1
1079,8132570149844 30514,01312647714 4,022249049949003 689,7708531595591 908,8879012176151 180,5935173695586 116,14436575976188 60,118869571424355 5,357487503101813 1,0822656337039243 429,2474390126978 2,970728775994571 376874,3299738664 1
1080,0595354099764 30340,47144412331 4,0245079719732635 686,4061234068323 907,1595350385613 180,7696462313446 116,48785454169341 60,82116214990606 5,360188127789275 1,0897979236734696 437,72701765320846 3,002551948567838 366129,68123825785 1
1076,8443180263364 30444,55415531694 3,95379728419426 656,0360376647715 913,4819123911361 176,9220919691943 115,9740045098207 61,27212768701254 5,355805682208823 1,0910978245465788 435,06263180142963 3,0073502614942402 363928,1230879316 1
1076,5729412786766 29970,311601098627 4,008117248955373 653,1796831313227 918,0302179435507 178,93896294453495 116,24045810445098 61,407816220030995 5,3407101132892425 1,0870376517696183 433,1690165480996 3,0134241901467176 360651,7859318924 1
1076,2173254898482 30302,536591913773 4,019413817947059 687,675760347956 914,402539014482 180,58713572872372 114,00010689145053 60,10906378427026 5,338238538710257 1,0959506484199004 437,39771143039866 2,989100216925506 361757,6378051745 1
1078,061380070048 30085,185051708268 3,96357840784282 687,5177184044077 925,126962053017 179,07690160422314 114,84406700814816 60,41926803882751 5,368626526722532 1,0939754373924053 432,42921217363715 3,0011307961347944 362545,1969714477 1
1078,5469844230415 30267,673107776645 4,014063028723433 722,6504367870926 919,9747314831413 178,0559755201411 114,73072006218602 59,83696977965867 5,341954879398449 1,1027746493160735 438,68766123300566 2,9907920614734085 362046,2619246669 1
1091,773537249749 30534,472535117937 3,9788265926794875 730,5008491829134 931,5358096364247 173,0052302071435 112,37305239659077 58,85579240489082 5,366025130787777 1,0971331342356125 442,27053992064884 3,0025530869203196 360277,6135083815 1
1071,8003256124528 30314,20632157923 3,997203709429327 727,6444676067036 927,5752248105015 174,36919397402565 112,14648311282659 59,45092334771739 5,348784615943058 1,098121456242597 440,86423281224046 2,9951373267448154 355847,4012815342 1
1081,1739839414722 30334,48283314096 3,009425544918477 643,9404741324703 938,122289818592 169,2307060169855 111,89201655312019 58,50758724662514 5,40669028693194 1,0937706730340317 440,24889294856547 3,025058176193748 356747,2876673648 1
1077,2334566779462 30249,897597532166 2,981303058182566 640,7462967778445 936,5452956359676 170,10100137803312 111,1752465734763 58,02071500363095 5,38325874046573 1,1051107821658832 437,52297908106505 3,010473131029233 357783,9390277064 1
1082,297224034087 30313,1390111863 4,004387481644816 751,5527198450854 947,1134859456077 170,70791711483795 108,70792687645002 58,588804250598606 5,404777195800983 1,1047980809356988 441,63484218431955 2,997932192469454 353226,93095979816 1
1082,606325902218 30247,238494166373 4,011177596130238 751,4318604866038 945,4875758002026 168,41830009486077 108,233203790945 58,20791449458254 5,363797003063805 1,108861066828364 438,78141818773105 2,987932450449833 352172,4870110225 1
1082,0089136766535 30379,122181648647 3,9780415500136606 774,58730839558 938,1127767247192 170,99539798933412 109,6590826875336 57,43141419527674 5,337407178174418 1,1127860375256213 443,96721945978913 3,0006187456997457 351464,3394574694 1
1092,5251358530186 30442,60378315906 4,050173652709774 771,7469607361498 937,7435049583553 170,01892960582896 109,37281050041594 57,621870343616074 5,389578371865044 1,124087383232132 442,91019553783923 3,0167419426885633 354269,5026425671 1
1086,0534879944846 30207,21362147879 4,0030742286396155 757,3031931344599 943,0745536829816 170,18756989530593 110,0971619583493 58,0370393683897 5,357129864009323 1,0974809161785166 444,7631417713797 3,037503454931871 349406,6625930092 1
1068,3591451143272 29975,94771386389 3,9893197794961806 761,9240897011805 945,3870507698707 164,00271546873083 107,4745141558005 58,52526145686547 5,356801644809988 1,1263958572828683 451,0005079841442 3,004649014504209 350495,4438609843 1
1081,594788051938 30153,07251587684 4,010351691695108 758,0825313594478 944,3267328539358 165,91963112335853 106,29774515079066 58,10308731149235 5,352769001191445 1,1107841236464158 446,8312152047838 3,0033104377587714 348872,0586221341 1
1082,1952994781016 30053,750172215925 4,015166415146882 694,9418467543223 916,4457418435169 164,2250924778978 107,93192979888677 59,82095493771875 5,416232913787114 1,1158248027390445 447,2347576314224 3,0267722572916655 350816,5621029378 1
1081,4509206674072 30380,413214219887 3,98613392225835 693,2814225454972 920,4939326931398 163,26149247608424 107,0605122488238 60,40236530301336 5,402059217858571 1,1163758753154107 449,08975081625294 3,023122951046797 347864,2718572817 1
1094,0458550124981 30199,971630311364 4,032074232793946 673,7424302909834 915,9629056922664 163,89962693672396 105,19208132792964 60,82455795709908 5,340982941401756 1,111679890694396 448,78929380001046 2,9758592179560552 347059,06627219316 1
1085,147764798873 30190,21684799329 3,9835915341060057 671,2130814526469 915,6055299187826 162,2948997478004 105,05619879064064 60,631726764564135 5,375603394829311 1,1219982042932952 449,92300922018757 2,9676294867716875 345966,579498255 1
1076,8817208994403 30176,541724318635 4,010852195352553 798,5176641601872 948,4686998481484 161,91050154615363 106,89258055559739 57,14757210709054 5,347737723832812 1,1288165276859912 447,10120678018586 3,0090941393861845 348218,63947559276 1
1098,2491564753172 30243,821062071456 3,9715784624418737 794,5459362031985 955,3674230971484 161,81974124854005 107,23521162419557 57,24517383855819 5,344687920077296 1,117705476107412 452,57085349175895 3,000313588737124 349975,2062056648 1
1081,1270048563974 30178,814069457145 4,022321045483358 735,8226692023997 945,8366979740882 161,31903617930882 106,39568250452578 57,04593020506501 5,357302298173449 1,1168309542897794 452,26104601690184 2,9949066043654593 342380,2295984551 1
1095,15579905392 30216,585471770166 3,9585404708821237 736,0880772635375 930,6089755963388 161,01213099145636 102,67626871121423 59,01403987030973 5,368020986844329 1,118488200761448 449,5941904264311 2,9955921605608324 341775,8479930042 1
1091,9073909310796 30296,190619407393 3,9841436285285248 739,3170858423624 935,2165511032947 159,5914165056324 101,5499185411152 58,69772210547173 5,390246175973041 1,1272962708728798 448,1426436919554 3,0067403726808077 341122,53756519494 1
1090,4845846167498 30406,629663929933 4,003669465596666 784,2244221022287 945,0511594418866 157,43075863625467 102,82565766500713 57,73496978476118 5,338957523631855 1,1177683767204043 452,8893396783781 3,005920435261734 344387,14518142224 1
1089,310655106983 30435,88644375288 4,001613317863435 784,6630677091731 926,5230734239948 157,21212983686888 102,16354227849928 58,42212821766217 5,379856357001082 1,129527128150963 453,7587957642263 2,98210228144768 336069,1840734036 1
1086,9584038942303 30093,665896725473 4,018759862011422 757,8979789894436 940,1013352895114 157,63188156777673 103,65408490979405 57,71029049100855 5,368464499740204 1,108625466480023 452,3379476177083 2,995284369004854 338171,43632363237 1
1094,5866506401671 30549,895002331636 3,9706090941522767 755,4088152194846 932,4413513903615 156,4296055208111 103,08865014135985 58,191026620872485 5,343789447306406 1,1332745030319753 453,5669493987584 3,0176371201223033 333879,2449731817 1
1097,4476993456226 30528,158410722386 4,005919104253189 748,0202929346918 934,1873976222215 156,47384532882307 100,94953875914989 58,01938746810882 5,365470873883522 1,123131976830456 453,52331849775226 2,994358769367362 338312,4070141212 1
1101,5725425887213 30234,584236242383 4,005109806937135 747,4335682569451 942,0204457564315 157,17242719138287 100,82456537306498 58,86675150036297 5,351675906958868 1,1276290018983053 453,47717558625743 3,0018757693054994 337533,2078481628 1
1089,9650348835867 30688,7837769109 4,025188107128531 791,1820386732496 940,2006141907643 157,51114051295158 101,47138810115374 57,800467542209795 5,438078943213386 1,1316540263352806 453,9610288781262 2,9937051126713525 335874,1011058061 1
1095,53218532655 30268,929416193423 4,001525008950137 784,8180908841292 949,8641877196357 158,44229596976444 101,39389428354056 57,48741162611231 5,365685618890332 1,1391134018436562 454,7763773560188 3,0081805783402977 335351,05162810866 1
1101,8577628371327 30360,21944178813 3,9823707160035493 788,9526821558849 942,7636065597701 157,82708520568144 101,73230557838474 56,9611856704598 5,360087203175768 1,1373267030364256 458,52095813643905 3,007068929856656 335017,1185803764 1
1095,6844857913973 30309,704584574676 4,003575057004359 782,4859408216299 946,231349113624 155,76335720213797 100,02131875820983 57,50214971539291 5,3220084287486555 1,126054036303583 459,6230387021231 3,002764626050351 332679,88239413296 1
1097,7972783411828 30463,879876170566 3,9833691257518717 793,4759850717733 937,9834789673102 156,4998255460268 99,96233252058182 57,68508434198461 5,339427809393032 1,1354564391699564 461,1426022290644 3,023330973990335 332029,3209693132 1
1104,4176679464788 30288,012556802885 4,004335328383535 757,8551505196457 939,9307190165341 153,58286323478717 97,42248907026891 57,90360889609378 5,3844165312765 1,1360578240039092 460,35790564587904 3,0030186372290144 332283,5958846075 1
1099,5559290826384 29991,920765340838 4,003746893012468 761,362196814108 939,3503363657663 153,57715818788282 97,51244866441628 58,14035975238337 5,399412151125243 1,139368914338846 459,89177921618773 3,0092173255249772 333794,4298885293 1
1097,1004307899177 30627,24636440325 3,985002444135783 827,0485101684404 955,8120582074247 149,7299125285904 97,39005477903999 56,51791721178945 5,341649788039929 1,136853705588112 461,59247782020066 2,9818434061399848 331672,88653025765 1
1099,8135594887538 30492,03678963858 3,9808192722609452 819,1375346461581 959,9001903618376 149,41567231415877 97,93981851872792 56,51503672531546 5,355158951084233 1,1345230310404228 459,02589823657337 2,997906221272461 331752,7015617103 1
1095,9175762658124 30224,948112467566 3,969053371948713 827,7104573165736 947,0693589670461 150,70262742275273 97,78642112560749 56,803087650484834 5,306560645090814 1,1393930208899543 462,69830483256794 3,011606320351272 328974,8985699498 1
1092,2574565968519 30445,176169534054 4,038338034963442 819,1680864101772 962,5211471898965 152,839131291718 97,90564937592714 56,89349012906278 5,384482019308017 1,1396151866917263 460,91167941155663 3,0005365009257368 331379,9308705793 1
1087,8962138756879 30206,33222682372 3,9834822102509317 829,0868116372701 953,4002488751555 150,43976334793564 97,27414608582819 57,06984767802554 5,300330180621478 1,1352973688787273 462,144770066428 3,0577867965615164 329324,90414890007 1
1089,222489318735 30098,401762047797 4,011518485851307 829,5491642369968 957,4671742036871 153,15826741530492 98,4998639797056 56,703580133400216 5,360168992265485 1,1450684909078448 462,08426574693095 2,990708675380965 330366,1556379703 1
1100,9453879926527 30446,888622705326 4,021711561398149 834,2794037178919 960,3859559495354 151,84292842824175 98,63385334292971 56,2279600813627 5,402856534886232 1,143615762761967 466,0008842337763 3,0106455312213747 328993,4231039896 1
1098,6330026128503 30396,29742333245 4,016852883384893 858,1348347588505 969,1117461503183 149,03158211721333 96,811522337903 55,350679864824755 5,358382056640193 1,1490358045837994 458,18006880398246 2,996433341102809 329993,6919900335 1
1101,0093194733395 30342,976340551955 4,018964552035152 861,0188166395519 968,1003561903501 148,47798074661253 96,74521901820756 55,95474874008894 5,397478297640617 1,1329969225287455 465,5067238954942 3,0027670271222764 326843,7158551963 1
1099,523237086206 30383,44513062585 4,025193532033648 821,2166203981272 958,8476662969946 148,95907871821498 96,02058903406095 56,52519278419113 5,349641739519701 1,142772031143547 468,12979916807217 2,9917140322740416 324215,52707571315 1
1093,1803437961573 30531,22432871235 4,014274436245296 826,2137298495524 959,3602160536507 147,3405011975415 96,1128779081923 56,35779006376645 5,354689872379159 1,1405972069710015 463,05099060409015 2,997868234200595 326432,96328614315 1
1106,3393221186518 30187,692017859423 4,04519887305093 781,7209752612341 954,2543609098375 148,8319258867947 94,90251014384725 56,28319648913827 5,372254689869156 1,1399576158798306 463,1819803048388 3,016050294736729 320614,0365157216 1
1102,8102032960019 30080,934767710638 3,9812479147671764 787,8096589334515 962,6703492022737 146,2981690370486 95,80314906446435 55,83177341719058 5,3450017780802765 1,144592545702827 464,4181973437917 3,009759947946021 325192,0454843185 1
1090,5991204182828 30369,844732953534 3,9861105898180136 786,2993485038726 951,1195944384592 143,30225548321795 95,3430287249953 56,1676691373288 5,359633204507068 1,1373846893401496 466,19350026567383 2,9867313274988483 324736,68587271264 1
1107,0550147386261 30360,82833942943 4,039665369334881 837,1991446718649 964,4181093794767 144,75675786934906 94,2200024430543 56,212457848988855 5,3498052378967005 1,1387131946111926 462,90626570758764 2,9821020946043606 325083,91540022386 1
1104,2825429089914 29922,001624801487 3,994765696690523 835,9818690987776 959,6989945590394 145,50070568945512 95,24459220366329 55,61742983828432 5,379443118278403 1,1454659289997384 470,8459944039373 2,983892109219904 322331,2445146628 1
1106,3464951727515 30077,100964520796 4,012666813131086 806,04178998316 947,9604437939364 144,01494654882836 94,98463506372869 57,694781144000345 5,3961835042386594 1,1401561582760706 462,89293192262033 2,9895207909528487 326899,7252537719 1
1100,4372373193455 30241,731572925783 4,028805088242342 805,7569342245179 953,9564096686823 144,1575585404588 94,86162934884359 56,95754757354744 5,289869463996552 1,1524715728659582 468,0391150161674 3,016470940296903 323747,39280308783 1
1106,018032980421 30621,038524345662 3,985660222554935 829,9319225685433 965,4640253676322 144,6899933064564 94,46510101942678 56,46503009421823 5,4337419043830595 1,1502919149059172 470,53910985866844 3,021682938759641 321372,52383879374 1
1099,4736811326748 30262,123247386404 3,992979186852286 821,7995775625536 962,1517996735303 146,35198701802534 94,64351037446856 56,06093273948888 5,369036329892361 1,1419117450681455 469,7799734615542 2,9826133217244015 317750,1239082879 1
1104,7043873659627 30399,524988450798 4,016091133259177 834,587036787884 965,981192759451 145,40122623163865 93,84970760805206 56,85109377681417 5,360436012931477 1,1391852297526575 465,81822154091685 2,9914472622440664 320456,51249240537 1
1107,2635504477296 30445,87216455605 4,0219844691438 837,4755162130459 965,734423115488 143,5281884383567 95,14808204967628 55,44716864733379 5,3202854324140745 1,1474236321138092 472,4043073585198 2,986913703680404 319082,328462454 1
1100,8660767993997 30050,15420849797 3,9646577667706864 846,2128106569535 971,4965730584338 143,77581863550625 95,12216844028006 55,370976915299124 5,337456633447276 1,1453809594394266 470,0584065383737 2,980289623285324 320959,53840798826 1
1098,4724411359216 30295,356519964003 3,9866702579656623 804,5370956148591 953,209224660526 141,71576562195722 93,08978117285773 56,34391250473272 5,372844578837206 1,1351295029989377 467,97928633157505 2,9981100808748784 317634,6920550685 1
1100,22803216553 30346,37803190778 4,000399192612861 807,5800921764734 961,181242208319 143,92521639108404 91,60480731994156 57,058593939312786 5,375592297971708 1,1432221882924642 468,50605321247383 3,0059971797921383 315249,82022766786 1
1096,3571008891104 30398,79805065238 3,9758276981057112 840,9101812081066 954,7157001337368 142,31356193795537 92,96000349087277 56,07547084199955 5,330961924191543 1,1482112181021156 471,8470712355967 2,9956856309851005 320639,21974702406 1
1111,646360963771 30306,55486791248 3,9806845479327 847,8759313404151 974,3203418081342 141,862772861542 93,11984358752471 55,74289103373462 5,354101121768974 1,153312336061333 471,9989002175742 3,0153067532419966 317326,5384700532 1
1100,0802406345704 30066,321900509603 4,001599618121578 888,6429074425058 971,325066591594 138,0001273086358 92,34461276400404 54,751043878491075 5,387994680277089 1,1478422728329023 471,04264416336525 2,97437789689343 315095,15140669857 1
1104,2380332048112 30136,549244589994 4,0032525028368235 880,2778654088119 977,3471508414133 139,28886693643486 92,13571259150692 54,28066283276494 5,37400000163625 1,1490994312784966 468,08868853465646 2,9767909116224693 318510,4447740367 1
1107,21195312035 30239,582582533996 4,000530074949451 816,9289868322351 977,2254193229138 140,43512493422318 93,60967499674221 54,991122593977806 5,370464988968637 1,1559714204077478 471,4789504067772 2,9778171194142344 317261,94634042785 1
1107,083867202022 30229,647273367118 3,9823528010419467 812,7170436120766 972,1503263857177 138,70739971361917 93,11078049562623 54,47910004147093 5,3441818770890865 1,1529297538758574 472,46672787175333 3,022197861678824 317853,32926900225 1
1104,884795165527 30196,269613641 3,970825891564229 811,0880043852927 973,2651791476738 138,37633422474804 92,59090953407035 54,66318289950084 5,3629161864054025 1,1564076219713009 473,9622767665549 3,007079254846876 315503,70037575427 1
1104,4948452136102 30259,312285510205 4,021908417621874 912,0492348964143 979,3342469784636 139,1797037024907 92,54239368581133 54,404206587812915 5,414802318608002 1,1524550836113812 473,9990846286862 3,0257848623101236 313582,92968592263 1
1105,35228119837 30067,951652385615 4,025996936973826 907,3950186865228 977,635231287654 138,2890294007337 92,86865058198066 54,30757852274168 5,369260182391647 1,143066979475548 476,8724295774691 3,0183235227848018 313080,3503294825 1
1117,3781529486796 30109,47392876346 3,9727433790223645 879,818358102432 968,9071980703077 138,96967966584205 92,30106073874272 55,162613061397074 5,361239782400694 1,1569702093182745 471,1651774367105 3,0238562814892056 311170,09471407876 1
1103,1615775600428 30457,450927039074 4,0154780734900735 881,2591321419511 968,3899958950707 138,48966595584494 92,0822710082318 55,049466017424926 5,399196095475093 1,1561451260066988 470,9045758518563 3,0012942225308095 312811,72881764494 1
1103,9264925346606 30277,99874526739 3,997863895633857 881,7843975451997 969,2132905582599 138,82765440584512 91,96133545196487 55,16223953568633 5,328324473259818 1,1568139630850467 475,9875432076827 2,9859247678015213 313733,93573986087 1
1107,1016859335334 30282,704046479175 3,997881227451042 883,9372796433256 963,7095771306225 139,20189454413074 91,77472845052108 54,955377263965744 5,380264123083028 1,147763858268185 475,9075548444333 3,008363218412163 313187,3735658371 1
1110,6449342523033 30384,721797443937 3,9943283431990695 883,4700845005476 970,6672131956208 138,5789113754152 90,95031010557213 54,95296404433997 5,303205685450605 1,1598017036184127 473,73121828817915 3,002379427191946 311749,8965605105 1
1104,6328483673954 30639,195433646444 3,9774528638269993 890,0211077914839 987,3196340512383 139,4127140448216 91,20765499030838 53,311828589286165 5,342724874956148 1,1540594987871027 478,7523762913609 3,02526983851722 310500,00681746705 1
1114,7993043483762 30217,455002111055 3,97317388200567 895,9940943422736 986,9797296753331 139,40813066060443 90,423111509605 53,236783577578045 5,350257056346839 1,1489689897090816 474,40259721380806 2,966135965305182 313942,98022271047 1
1106,8945222195387 30317,46892715351 3,965711082399427 909,6057517655937 981,7906470665886 137,60730903103803 90,57217235851674 54,56417093877305 5,344754073568438 1,1579216290268393 474,43888434130565 2,98759122566674 314348,24850841286 1
1102,383982583657 30197,711584326287 3,980200286532962 904,5823824569965 982,1294384158776 138,98905818352546 90,62024452780591 54,574842038689674 5,391122721361562 1,1513472777559615 472,316160483996 3,0143180546965196 312303,48321907816 1
1108,0614419637332 30061,78524848293 3,9838844946953347 963,4547928749844 1000,0520877420994 134,65723137886317 91,49521342336448 53,04975826602874 5,341268184679301 1,155068704874199 471,843930739782 3,0144809114266624 309579,8139910072 1
1102,4923486226787 30462,708851849922 3,9837129231296333 974,4010740503702 996,1403097856157 135,1841167679448 91,5983894582998 53,42571097610598 5,339451112063842 1,152870577813385 473,4835183001077 2,985787896347561 308233,62299029 1
1108,0684102284163 30306,299969690375 3,987208944927669 931,1361053999914 989,8507416836927 140,82394376245713 90,69337568032682 53,955522443463835 5,39826351776211 1,1542940124137773 476,8927311208136 3,0003928741018737 309769,7027195808 1
1106,7685158702336 30248,300384439615 3,993372274811387 926,4239482105623 985,0327178251359 138,94806788669965 90,75170407868518 53,83669582286433 5,346478246703532 1,1588053694809861 472,0321518855864 2,98904320611012 311533,7556739208 1
1121,1137587007825 30434,196132342266 4,030487617434259 903,076233286001 987,778390000942 139,5684364052463 90,88280073119364 53,675081229584045 5,38669676592575 1,164576810980544 477,69876296348247 3,004116078209865 309578,45791857387 1
1099,5832287966223 30143,132829832797 3,9826774320145635 908,7019563332217 968,9237635741854 135,22227274394538 89,78675908831222 55,19226462761905 5,351747667970641 1,155368542458209 476,90098298500135 2,978576961447663 310627,4594832631 1
1114,6432975806301 30207,172338375727 4,000293474210064 910,7684996368271 967,7153702542606 135,78207584514828 89,99200046183229 54,944932398691954 5,366018196609881 1,1555116621344188 473,9533771776344 2,995283893843056 310767,1701954629 1
1115,937032657359 30451,487594027385 3,9978302025224752 886,4173826015219 976,3670651241282 135,3225667858548 90,85486920851983 54,81498507247119 5,386003896887645 1,1555927690419698 475,2349604858756 2,9765058867304806 304643,34567588766 1
1114,9266952835294 30510,936650307052 3,985319142093782 884,0134854604922 972,14550478161 135,07914033318846 90,17332327013693 54,56563109130238 5,328850948173366 1,160400604172984 475,52266248303727 2,99714009688727 311754,39182032103 1
1121,100658704965 30320,344954582986 3,977473545848962 915,8551254547035 975,6926707070859 134,00493174990282 88,95735184857243 54,158171592229415 5,331916294064347 1,154448390072224 476,13409805207317 3,0220547219957092 306510,4216619149 1
1109,706161295398 30205,834095422233 3,996571427093576 912,9826714116982 987,9499704815297 134,52875629533867 88,71353963758426 54,36751343534553 5,386717485162047 1,158816569211062 480,1321693435364 2,9938886301765937 307409,7107516739 1
1110,2752667005275 30153,300584346667 4,00946177703796 971,473610063183 989,8893481325093 133,6231295560935 89,50730715173647 53,51105752380871 5,3901520963795955 1,1668382619687179 475,03466919248405 2,9889512747370914 304013,6912342378 1
1100,626674599454 30067,7742967881 4,029403804053338 971,6673011316042 998,9985746614246 132,52900390879813 88,67237659728033 53,371413149794506 5,420598331607453 1,1575416304644093 478,9707301872949 2,9937140034537273 304651,724667843 1
