Co2(scd40) raw_signla(sgp40) aiq(ens160) tvoc(ens160) eco2(ens160) rs1(ens160) rs3(ens160) rs4(ens160) rmox(zmod4410) tvoc(zmod4410) eco2(zmod4410) iaq(zmod4410) resistencia(bme688) Aire/muestra
962,1243608365004 33132,05515498463 2,0014281675900527 65,72758917016371 487,50350278108357 611,0394283087298 597,8651580309706 105,3926435692875 5,446842000301396 0,09444921302701789 418,27111508372786 1,9964241727172374 462500,256192281 1
959,7999996816724 33034,750602009015 1,9929230611513258 66,10338413631003 485,51534928578957 605,44999147816 592,188442715681 105,56205531742907 5,4217179286433 0,09683528261156765 420,92734867198794 2,00861856042683 464066,1827294202 1
956,326532250258 33296,016728833 2,016628545378392 74,0455099109169 488,3008316343658 617,7246999392868 592,1544575459462 106,39305225798569 5,481623456682423 0,095832916745715 418,0882589561009 1,9769253449428315 466400,5656466325 1
958,2371335356912 33025,06197414474 2,0010961642052743 73,88241449677352 485,92415448610217 604,5131056834477 593,1282446412248 105,95434505858547 5,403657621901419 0,09751019870732398 417,5842889288004 1,9993379479730444 462273,43528550223 1
956,8459462596319 33267,31309914039 2,0030022740398654 73,85014483477048 484,87038770748103 606,6005196712352 590,9993657870609 105,86987959357212 5,429739776709032 0,09822551056805862 426,4191874989621 1,9941697894089938 462566,38767022453 1
970,3209011073387 33131,269250004254 2,00748710699247 54,314513190577394 468,79441718097064 607,7248422813533 591,8211122652704 108,14627495982343 5,473415007222972 0,09841455020556536 418,02791106563086 1,999396071115782 464665,9722671457 1
962,0669066190409 33487,40760252112 1,9955631642406937 53,936625730336935 471,55288083678835 600,6382444174167 583,9162461013217 107,85773099143098 5,436193076795023 0,10173675834429366 420,81744863788464 2,0167259555823467 468028,5512969083 1
961,9697786530003 33128,17863777386 2,012831797801668 71,08004576203767 500,3027557342769 631,0198470307782 600,0038405768639 104,02449473364595 5,390413331415151 0,10149505258021163 427,90654248444525 1,9971901124395508 472025,3124780322 1
959,3646621208695 32998,49130626938 1,9960137826451383 70,56460414397341 498,78118246852307 626,6570119076692 601,8199066962976 104,6993761527939 5,433491848543351 0,10417035192011273 425,09827078770456 2,008128722676736 458375,82065556303 1
961,4417655984237 33046,04466162438 1,9994766476645178 85,69714736896127 528,6860222193056 600,5061527027082 587,4074046255341 100,50411827280925 5,449800013622151 0,1027558161168543 421,69737649885093 2,0135150547183045 461829,824012402 1
968,5949409787868 32853,5668179287 1,9857520316875252 86,60064379492758 520,9501394362958 604,1051378586164 588,9862272075709 101,69496885625234 5,430616937470899 0,10473294024536309 421,12858012517364 1,996471379313946 455772,5910009872 1
965,0287990708347 32889,64966314843 2,004111378166371 78,7896040079513 526,1018641067337 601,062003919389 590,805574801241 101,82567647346195 5,442717308700769 0,10491221485687074 422,719520668108 2,019547966766122 468633,31285530847 1
966,2899169482874 32945,04107312453 1,9836233525996092 79,42948236349392 505,2655626244466 601,281063835194 589,690122642629 105,00094326645636 5,432991541505169 0,10558600248477724 424,57727551427644 2,00422078466094 472143,70818251325 1
962,9517074020118 33276,033444048444 1,9926913841268603 79,10140921854372 501,74446596372695 603,4418287923613 590,350767119095 103,81942509207526 5,4366784333394085 0,10529527281316373 420,21019888324037 2,0051174184115177 466027,042982195 1
969,8098660917694 32882,96518007395 2,014921743177964 87,16777002712276 522,6192935484036 598,0323052673266 590,1567422841139 102,05561013587203 5,450645315029119 0,1059379295624784 419,17185541653913 1,9802656792726652 471186,44803284324 1
967,2465147411965 33207,491329426455 2,0169136167234583 86,89411487948043 521,4797640053861 595,6123943968945 585,048126325548 101,3918701794595 5,465282606768525 0,10734154283610976 424,6362198564454 1,9896641677253724 463542,7334152991 1
966,2572458963652 33321,395699816254 2,0227545677781626 67,98483392925822 492,6771186563109 620,9813839504316 580,2086123198071 105,83768758435515 5,441118610722639 0,10738155546451057 420,8424737102995 1,9985866820378815 466692,1071556808 1
970,0914188875508 32951,683302462676 2,00278206008296 68,25517651248938 493,73490065618176 620,1194261402425 581,732541497549 104,87209277270918 5,393041255013578 0,108355305264352 422,1184930633861 1,9962372051057686 462300,3829814141 1
975,3442365502806 33212,665211842876 1,9932310555724007 68,35755851623804 490,164862536631 594,2395651065386 585,8053407378534 105,93989577558519 5,404339072105406 0,10918361659972352 419,7735421524119 1,9953453278170874 460644,2144224959 1
965,1721053727482 32527,885691733023 1,98893471851483 68,23441760496291 494,6510610617868 599,8104744012511 588,6610846342703 105,45465405596505 5,431308233936883 0,10912576884585368 424,81658300441234 1,9912462359077499 462550,2146595103 1
959,0895576182752 32942,41579613413 1,9938829460489842 75,64476452520698 489,3603622953479 596,1723266566268 583,8430061780537 106,79428022220684 5,405760209854911 0,11026626486557514 425,4792787976482 1,9995400283975755 467262,09693180374 1
957,7557030574109 33065,49396482075 1,9973591909293629 75,20532972205685 539,4569208747661 598,8678198568675 582,3157733729917 100,55865527384816 5,453917430087936 0,11274714924794214 424,04252625625486 2,003408454044045 463540,7258450172 1
969,9630123517508 32735,287137341205 1,9917574701947254 75,98163192045482 540,5055334490638 598,1057962228173 587,4569952408096 101,09356319126834 5,4612083306640065 0,11329091127852348 425,53351005621175 1,9980986003871364 469897,6120528122 1
964,5117692293877 33006,10259551755 1,9889805579233002 86,5734472329393 527,6579860305618 596,7057068853787 580,5171183429925 101,88264627555854 5,387486214573424 0,11254144861926534 423,088913551776 1,9825838791737644 473916,78327565826 1
963,8454425915227 33223,459771447175 1,9901560180945561 87,1740394431727 530,4919443109424 594,617261214562 575,6037895858889 101,88107275203875 5,448045119047508 0,11433108295347603 423,70613179469257 1,9991725498801414 465921,5545179203 1
964,3865634981976 32728,712182727446 2,0150612526024276 95,6788231507719 544,760592269143 604,6805401134226 582,4512849576242 101,21265996988384 5,442492133599985 0,11490949580981343 424,904990529775 1,9876241165829625 464382,76012798643 1
955,1613975437059 32826,8725588453 2,0089814659832492 96,04738001586729 544,8237928761239 601,5613545455585 578,7818558261146 99,86640924272298 5,418893726401517 0,11693078186910211 420,8835464418586 2,0103209578733545 471608,2726727668 1
967,1832502388264 33157,40848827944 2,0000003015335874 89,03936383989314 529,8705604685717 591,2242720762697 578,5255813409044 101,08799316386195 5,430109270450174 0,11641803485145673 423,6556367271684 2,0026596027217654 467062,28075449966 1
964,1271445628431 33255,99833187251 2,007931349380724 90,08841838717692 534,435575579697 587,0708129931035 577,6321568150454 101,48409958840134 5,4427041917683905 0,1187511020340981 425,9615414887537 1,9902194452982924 466947,5854795325 1
976,5936041992576 33182,037089720565 2,001226861316535 82,96620483861611 525,0809147745533 584,6664538460192 580,9873907121297 101,71133042358704 5,4239907900241295 0,11851492518358113 424,749921838935 1,9931330701454426 468858,8477303539 1
969,6092594516268 33025,53183338337 1,992050362372529 81,82394720475456 522,5363058139211 600,0879977547462 570,1568066167665 102,86298353511452 5,403762758843821 0,12023425199242824 426,53636281840255 1,999854437592924 469430,0932971204 1
967,1656243716196 32803,539123593866 2,012559796583907 82,85310882445877 523,4465989375069 595,540206973453 571,4911203285556 102,25227351815072 5,394957188055634 0,11877023647418068 427,13008018891355 2,0118911250040927 463549,22378342506 1
970,258792841291 33104,619987257145 1,9913291695751831 83,96540248057718 519,3480821424603 604,3819711043859 571,7607038423978 102,69870554808051 5,428522617354466 0,11818984696181864 421,98865776469825 1,9903511930470608 464288,63759416656 1
968,0797578201782 33058,95385735057 2,010868934194033 84,6065227456946 521,258456452194 600,6204271171208 569,9218273939221 102,88489264005109 5,463825365167056 0,12192058068223047 429,39991913678665 2,0111445869447278 463608,61415512674 1
967,1512056440736 32540,815626773485 1,97980534860903 74,9048730579667 502,97692809181194 593,2894606857791 574,8132971097931 103,11661025860093 5,393062362233558 0,12047570128331657 421,50830394947053 2,0075982182816583 460383,820953403 1
966,5000926715595 33203,0216748848 2,0093068464494968 74,92242446442465 502,08820905703243 595,1485265434902 573,399052507643 103,77131274125323 5,479780024084765 0,12252261544015249 427,0163320028741 2,0154107700153387 459301,51985119394 1
971,8785177707773 32869,4189908776 1,9905215184642706 72,29503795203439 499,34285223535323 602,513946121905 587,9327286384759 104,98768730706453 5,417383237293108 0,12368100962355208 427,42315672388196 1,9929680220204484 464438,76167157514 1
975,544112460282 33089,89491378361 1,994806082381846 72,15036403457313 493,26168410353927 600,2860974946461 587,1507238716737 105,42910339824287 5,380381661943483 0,12513189009448128 425,49519058584787 2,0124920817113843 465402,1586271515 1
981,184566114295 33019,43059663821 2,0113536461396997 85,43833624973323 501,89146522310125 598,4881531319771 591,1505076111517 104,14350093282239 5,433903251698555 0,12640597822202454 430,03663913426044 2,0091552586544803 464539,7630893713 1
976,9064206098657 33063,89710808385 2,0020514173510864 84,51870095811483 519,8495808061112 606,9158251440793 579,4621278625181 102,8986727660066 5,431246113918735 0,12814872581571757 430,54368415261075 2,0015207909091037 467324,3327173287 1
978,4204736992469 33058,60618323513 2,0156517893068093 85,31854501269042 524,8917603739654 610,3299615798188 576,4628282947654 101,647364263015 5,436508530512787 0,12666271048945685 427,5947855514495 1,9990022960399085 459342,3261471795 1
975,6157982718905 33086,53643795867 1,9937847390193704 73,16429757847182 499,38472433764457 598,0243636442856 581,3954071651918 104,37171361112878 5,4556093298655375 0,12649546198898898 426,5012462128562 1,996058586225395 458482,33425458893 1
985,9935293374615 32868,658007986436 2,0089414026807426 73,22631610101676 507,2485881700079 598,9548200350845 572,9035955009749 104,0143253412101 5,431873184245649 0,12918994572309545 427,7269388781032 2,0049745976043654 462336,08779129543 1
975,0002970196334 33152,06226517844 2,0029406304004618 80,40093430917483 513,8559176897373 596,783575590171 565,4093761552922 102,6596260812379 5,449438872355492 0,1287946350471854 427,6754217447999 1,9884268590955532 458675,05981836683 1
975,543569526328 32756,640570733067 2,0029448134234076 80,97121519591163 519,2847164949518 598,7956230067427 566,3463417985428 103,05544222881198 5,402448779123807 0,12971540042334453 426,85482667575735 1,998460099898045 457601,2443271252 1
983,825460497816 32951,567444974055 1,9929319171447544 87,85627744848519 540,9699882054135 600,476455671223 566,7421501408282 100,3624225891875 5,455633655058122 0,12899622637306984 426,0324077100752 1,9982543304081348 460927,2855345569 1
974,1020906436358 33034,985635977624 1,9836152471055115 87,9910838769127 545,4506985636964 598,4382485889297 560,2805576942668 100,29573308728976 5,447650027415811 0,13045948224696166 424,0095986128344 1,992221620118688 458061,7326826494 1
981,5697406533985 32922,377963343584 1,9992924384297446 89,20830221170122 545,4827258198285 603,2134055652334 564,6481437901917 99,87194923661906 5,426752619471462 0,1306769786756456 428,54603779339243 1,99981078103019 458041,4578874894 1
982,1998614020764 32958,19949271859 2,0158230942186774 88,27702782678288 532,6275305334366 620,3998889613555 563,3689227109655 102,48934811160404 5,427776204678434 0,1324452544867 425,929430552002 2,023762069514711 455664,30475950823 1
986,3344705951505 32911,97078712728 1,9851704920925841 88,86199369154647 533,0385147589865 617,4120126289869 568,5914051797964 101,62841847403024 5,47065826722687 0,13314494518233624 430,850960660128 2,0004853147992305 460993,6375383665 1
985,8555086883875 32951,99437734996 1,9978150433908741 98,9720984350298 548,8462765715794 586,8867285486662 573,0310627973352 98,89608815943787 5,433457037040913 0,13236137218109292 427,16257904030766 1,9920150087433695 461481,74726548884 1
987,3978650988712 32743,29728990255 1,9896435198798086 99,1841667686709 545,4148683711777 587,3379747566962 568,4473531768843 100,13851626231217 5,4839485078353265 0,13439525054153043 427,15226140953314 2,010292448402501 463674,34821738856 1
990,7083059601719 33129,316968109044 2,0227124043183835 86,79057641335054 528,5779625462611 598,125214602536 574,0893825149892 101,82823833181104 5,419145481524102 0,13402689390572153 426,04199677362806 2,0049904313841145 461750,37217119115 1
985,4488975201352 33029,594243892745 2,005605737091258 87,08431515538568 532,4143195218504 600,4794738886468 576,2714042265767 102,38662679441819 5,4137889044661796 0,13471678918527816 424,7476932571542 1,9885636373626256 460376,4980291864 1
982,4832949280492 33241,96766011476 2,0041950896433423 92,49705600941614 548,0991359223442 595,9296533593813 575,168929904682 100,16657875818323 5,413268096245043 0,1344111247595523 426,84800714854157 1,9903977076249473 457306,09494407667 1
993,98587320121 33025,9012445485 1,9908907202911774 93,15985826784221 543,4000559130837 598,570396476152 572,2360036147675 99,3160948938139 5,4177777385021715 0,13543965472719585 422,76975841723157 2,0116947609210523 460220,47893004457 1
991,5490463083395 33077,58710776364 1,9824746299100666 87,33850238072009 549,1302843159078 598,2562082675028 579,209340103244 99,68945587263752 5,408243044621308 0,13632161079959507 431,4278829933272 1,9940483425998756 457354,77662539453 1
988,3091589478762 33228,76995540779 1,9840508361157156 88,04308709387897 530,3227355642699 596,9980541973315 568,0574914445173 102,33733267069134 5,456513025659465 0,13800134823825833 431,989309023151 1,9877364005874096 455478,5513565233 1
996,4899252243847 32473,587195565677 2,0033774368541186 87,62620622659563 529,6652050358962 593,1528975411348 569,4556288074833 101,44434174459755 5,4105411725717625 0,1378013057657649 430,0672874367346 1,9882601497515353 459523,7950105969 1
996,2918336391958 33017,38044284215 2,0037797150561016 78,06731822530703 511,11318077687946 598,7839394833818 567,1585383167202 103,99737176809745 5,423169704512311 0,13761340555931603 428,99341624836075 2,0122838441811814 461828,7899549743 1
996,5386352354766 32930,66143357807 1,9927067746229925 77,92842161026441 507,7871924376539 603,172943207744 560,4444835364349 103,68073680205701 5,438279983175639 0,13955800913694325 433,084773881457 1,9780678217896057 459148,4782454064 1
1005,4143993062543 32960,98268221471 2,0078639560021174 98,69417652838726 545,3114373011704 606,3643798912317 556,8748507625046 99,87847780285992 5,4353160826131 0,13972259665198594 427,6529318817025 2,011288294791005 454966,9486940407 1
998,6856909519096 32988,83162932178 2,005211060594117 98,23724529869185 548,414003912364 606,6824155366759 557,4160883355462 99,38075028928328 5,459145160119375 0,14017948659200258 426,9337090921037 1,9911480852286307 460342,06449232576 1
1000,5050082713682 32958,26102946835 2,005692605433921 99,11334128299946 521,9893667944347 588,4183699502427 573,3877519672826 101,83492331021527 5,469525852465326 0,13954311051522406 428,0194339443821 2,0024281249894824 460153,529759825 1
1001,8528170880825 33356,648205634854 1,9792136031240164 99,08187182490398 517,9674414436789 597,1505452866568 578,0117661560495 102,00165670436972 5,4073313826117015 0,1417063808359062 428,92382619551404 2,0047144543974094 457179,160172631 1
992,3981833012507 32898,68179231418 2,0127976511049006 70,90708697821752 518,7169275714912 594,7905961506323 572,8546910608627 102,29215838251598 5,428081981833628 0,14172402659880612 427,7284775666507 2,012041142443994 454911,85295693396 1
996,0193150029962 32855,887011948085 2,0174367710136294 70,73174994672434 499,29690572722257 590,1216320092383 567,1236840097322 104,54493349465483 5,400975094383165 0,1405723322781498 430,0490130631344 2,0094286989745895 457872,9289370299 1
1003,9070433997794 33057,7152372423 2,0015676085540712 70,92653724074187 498,00642568575233 587,4396161149281 561,9979195283944 104,93391718572198 5,4392906334501925 0,14315759703692382 432,49917463268525 2,016985967840754 457912,67382157274 1
1007,6365374360252 32944,49633402884 2,0079665857520075 83,65267856855024 518,7366000611993 597,9239476889865 569,3506359950248 102,49813809089626 5,397217798760196 0,14136076790666982 428,7540339677805 1,9965021437614379 451037,82418169774 1
1004,2344142767892 32749,88538619778 2,007325619149059 82,53912643695496 524,6443250099687 599,2558761952206 569,2118680572693 102,09992450581545 5,458002240667595 0,14277530854109532 431,2088340469864 2,006260204576787 452191,4329006963 1
1004,2580865516313 32773,75421612033 1,9980934805606245 98,66604101482963 546,4795388575283 596,1449261580159 562,4884486504568 100,25074795130365 5,496855536633946 0,14229145695954526 434,42998571525476 2,002010797874318 453268,39280989417 1
1014,0237448587584 32887,00564960796 2,0125783642696593 98,90911778284365 547,4478391874133 602,090353121279 561,4110348942886 99,92620519383381 5,443793471749928 0,14411481013063698 434,5039741334621 1,9972668519575552 454145,3594623363 1
1008,0656345387503 32965,51147326319 1,9841946426911146 93,33010029880231 517,3099705163876 592,7426772440687 562,8938688553922 102,33449361084817 5,480541001808179 0,1444796224157083 436,508482993089 2,013774008458263 453584,34714039764 1
1012,1223312747063 33145,370562017924 2,0121870674908844 94,2847644524585 514,4830997778782 589,4666407155378 567,9630543189317 103,2150206539381 5,410370830452183 0,14522508173168208 433,8051428103571 2,0043044897936952 458802,73782163364 1
1012,6390942355696 32682,903829044946 2,0154026142592554 97,34927569859009 515,3924342632334 586,1500203249101 567,4390364060594 103,84316238517516 5,454940045521293 0,14561170380184085 433,1511466608284 2,0034606078878365 456299,78073316196 1
1005,267352763538 33088,8994836905 1,9941156197292396 98,43637879242206 547,725514251236 577,5671210803632 562,9243661226635 100,13262045446814 5,44275874531795 0,14622334416597813 435,06145328344695 2,0081755926357276 453262,76834987174 1
1012,8375182556654 33167,88770903289 2,014266964237153 97,52403534157628 546,2214855067251 584,8688663155364 565,3521212788826 100,15488519043525 5,418591180644356 0,14613373153715775 433,47097195237916 1,99694287026184 458814,0507737962 1
1013,9041541694402 32951,815176035845 1,98646629383241 80,21799014798127 514,7423238780747 602,6033175579086 556,6538483324236 102,80408952338152 5,418126690864609 0,144807052088866 430,7980768877978 1,9944620080572961 455764,4500648784 1
1011,6009710670752 32796,02191681473 2,0051683178003956 79,5653930946335 514,2711302537939 602,9844524383172 557,610954036235 102,65335936978428 5,439825220841319 0,14671187346957748 434,270309538788 2,014274324663839 455417,76251971256 1
1009,7579972444631 33194,064991268904 1,9937222682215527 91,94600315851632 536,0561471236482 591,4317942527217 554,0066169672411 100,94327720406457 5,425764321975005 0,1464950764230656 435,71818969641987 2,016459147521584 452454,72871707025 1
1016,8612140268266 32711,42453513584 1,995526514806717 92,02553060346595 536,9354117670472 591,0164736660652 557,1630409112856 101,3962238122613 5,418967373037546 0,14843637570519946 427,85325121819596 1,9961446233274824 459108,0496974547 1
1008,2753004510733 32824,69180350078 2,0153765853650176 93,44407702620553 529,91824883229 583,851712590147 566,0974609269308 101,96815383063205 5,406867350888792 0,14924339667262376 432,6157105100559 1,9988675350596279 459313,41642297094 1
1008,8669510248914 33444,861145863695 2,0033033843258963 92,89583323485773 528,8705857177491 587,7731114030048 563,05473653232 102,02404563231406 5,410268152896286 0,15040424516555564 434,7529147347349 1,9976375915055862 455940,70879721636 1
1001,6775855503702 32943,524074203466 2,0070273217092525 85,79430904110741 527,2396216793879 582,6768221867565 559,8663785404383 101,81009352353342 5,4446851112907115 0,14897665448192565 432,00451890460295 1,996254840563643 452597,8964812988 1
1017,1128324908356 33117,73320869538 2,0072918243909093 85,15163435671853 523,0708367374273 601,1700038602322 554,6091108498498 101,63393622172025 5,43132405061498 0,15083751830838166 436,20319918386167 2,0020996792088988 453933,6882478911 1
1010,3253566964912 33175,24896163255 1,9849375671593292 85,55789696541648 520,6475612044028 595,7343902381787 547,2756026541516 102,08268121188745 5,448592526053158 0,15123361537907357 437,69213653910185 1,9912391532167057 456463,13926493766 1
1011,4778533271806 32729,384972108437 2,003182081101257 91,73833465551675 539,7817920456579 606,7716357214218 562,4183037654723 101,34438465751117 5,439910724418227 0,15034483971762122 435,01033917318614 1,9958416664431877 461117,6755322747 1
1018,9525485874235 32803,46060039222 2,0123793703250477 91,72317274318142 533,1616988008942 604,1511971932883 564,4382513362387 101,11712956374095 5,44814909014873 0,1511162924115813 436,9458610930693 2,0065546991399352 452067,7175793921 1
1015,5698200266293 32966,420563008665 2,020096217736088 101,20878333812756 555,1552886046394 585,0603224135061 560,0598683239386 101,80279109032654 5,44302811346695 0,15192456483503125 436,63134595249676 1,9817285636289441 456408,6514010025 1
1019,5032822762793 32762,403564772605 2,006607806278047 100,53484864773317 556,2058838060309 581,9894831731442 559,1002214000067 100,72544218830654 5,384751936463058 0,15447507642721345 436,7360292526121 1,9854775716438329 452755,051547146 1
1019,623714617964 32893,32992092914 2,006168521061794 100,03992242034695 551,8047548007162 577,2275613362978 544,3968493628668 99,47105512608857 5,422052955636432 0,1522215959031855 435,208986253852 1,9982438463187664 455529,2975338129 1
1010,2169879662447 32908,93101529821 1,9810995744338515 99,64321786401635 551,4218600942223 574,7180050903694 545,7243148880972 99,640298008237 5,4492376767054935 0,15465647479197167 440,21208652842637 2,006685748104106 452059,9335596168 1
1006,4666627042976 32969,35494442271 1,9924041189872341 78,52666262614834 547,1054590593918 578,8257721814623 543,7740033046275 99,31181504309505 5,399592160716915 0,15348127910464102 437,16107377688667 2,002304612664643 448469,5293021327 1
1015,0515596636749 32824,694461274994 2,0069886905048464 78,55642040383732 511,9347204224406 593,7720633895785 547,0336897718815 104,11242241496949 5,480301065707592 0,15344496414379824 436,97919363951274 2,01691249628251 448280,4007736835 1
1023,0110764538442 33102,02597123164 2,0122312620747094 79,27121199174205 513,4223666951989 587,871199323001 548,7508471896119 103,51685715741226 5,438519262316848 0,15537815924522896 434,7832014247149 2,0154605525357447 454320,48735861125 1
1010,455257816185 32880,199553450824 2,004242588735495 91,51832539257772 533,6969884046806 583,0920414895626 554,6404856269252 100,6716762189812 5,452000355854725 0,1566090020238652 435,6261493076178 1,9925709202930417 456604,71219548467 1
1010,271328352435 32765,040735441456 2,0068936138458815 91,75431859077813 534,785697430314 579,5596198882433 553,4978981579078 101,21253708112653 5,465334379431559 0,15494082118542715 435,27114852154716 2,015629452083801 449791,53825975966 1
1015,778151114361 33123,568637041775 2,001116182315778 93,33701300464209 535,9015566982972 587,5796089737495 568,0574618924983 101,25634925323996 5,430818427746107 0,15486660415445908 436,79916417194937 2,0078814260658584 452285,1661419521 1
1017,4794239864927 32846,94049629699 1,9847905554808707 93,82021795501328 535,9351140508181 585,8339692430162 560,8601693956832 101,20839703035443 5,428343295029886 0,15691679944056522 439,46577040657985 1,9879978696702618 450912,5668377117 1
1010,2022649067584 32797,741495651026 1,984716687953488 95,09881535752973 542,5625951533874 582,0570580878982 548,1649241287047 100,8996592717416 5,436589207907424 0,15774097804176815 438,19755672587803 1,99684484311466 450438,86976641265 1
