Co2(scd40) raw_signla(sgp40) aiq(ens160) tvoc(ens160) eco2(ens160) rs1(ens160) rs3(ens160) rs4(ens160) rmox(zmod4410) tvoc(zmod4410) eco2(zmod4410) iaq(zmod4410) resistencia(bme688) Aire/muestra
909,4827465915151 21653,923549501837 4,994364999310228 18303,980027970218 7796,445674442002 39,722787454073504 6,843546750099096 7,457324179811781 5,3963292313269475 3,0201375557630943 410,07964747686157 3,9770084392185137 42968,17381675014 1
907,9761835413806 21864,892825075392 4,9550646770519 17945,38439261062 7633,345529448894 39,389558559450165 6,9579437867099445 7,525353911750016 5,376023597577433 3,0008318291102904 409,71443438593803 3,9885559978930756 42913,85647587352 1
904,7124320555445 21656,842603059646 4,99417779557125 18055,467228650235 7633,836163766367 38,80489654195282 6,9381648163930585 7,542198230707431 5,388788025470676 3,014364580470737 408,99688821446347 3,9971324565822015 43673,037383160074 1
901,4533159694258 21684,63307660273 5,000732628604519 17591,971203289413 7357,411601487784 39,89816291484569 6,928372192411325 7,78623171548667 5,361344168502065 3,0317081636272696 411,64658377259263 4,009483939042517 43444,74316964155 1
912,7353547943023 21781,19523781893 4,981693897823864 17477,749571064374 7408,641331124734 39,80114355594132 6,954708643881435 7,7353663594433835 5,347712190405687 3,0350799056492583 414,79148776183865 3,9387188970920732 43401,10089337353 1
915,7205091704224 21692,447589141364 5,0044730430082325 17253,93420423355 7368,959621416443 39,758172526882134 6,9108574144290165 7,755691057582461 5,332257758616611 3,040285973077231 408,1016081407089 4,017453445870599 43772,52470539979 1
908,7004793893748 21791,887399436124 4,9724018269923995 17520,79593431769 7349,097583082171 39,85532094426811 6,945070611306361 7,854798006101374 5,3731285745105675 3,0215089223114036 408,95106946157665 4,010425561631944 43482,912810631984 1
917,6255012683349 22038,527455418724 4,973237021963068 17458,63778812176 7334,5590100869285 39,956107503634996 6,954023336482334 7,843614013774842 5,3785262270773 3,066431798223684 407,0360544867514 3,986015531651905 43980,555261368456 1
911,4756270902836 21863,52532416836 5,018862600324136 17415,23702751635 7330,306443301422 41,1440867702564 7,073590266762735 7,810163267934252 5,396332632993587 3,0448225825169435 409,705751510648 4,015194710540286 44326,042015712446 1
912,0129577988032 21988,736341065516 4,995277443781859 17384,97766444974 7366,609898132669 40,89273074922036 7,079674338384317 7,810233292852539 5,422263633485031 3,039199828152462 413,5850987686591 4,026339951163407 45448,66943138898 1
918,3137604503762 21711,446551265853 4,990798799570768 17258,325915930236 7092,002686313432 41,221107191140376 7,067199332057293 7,947894911547622 5,356685365802701 3,039409036338572 406,55367954111597 3,980729792741831 45029,22271405162 1
915,5304535880091 21981,00006417058 5,005933800905206 17352,62713502929 7045,800263587863 41,45524989188024 7,065855914870056 8,020465624534506 5,432833165160356 3,0388962730861055 409,91021278783586 3,99463602232542 46232,308555939555 1
913,2985491774075 22240,72193761749 4,9915352171245315 17007,33866984219 7051,338490807214 40,792091838106366 7,073383738943037 8,004203637156373 5,409926532255491 3,0455881850500335 416,5712657551086 3,99496433821625 45981,66185625238 1
911,2321737627977 21925,71610021338 5,023855106581649 16956,478674857044 7113,427281080444 40,767172709141086 7,03637792766797 8,01951819883587 5,3441713419440084 3,0677197974009736 413,9220187345597 4,0039220596794545 45805,466646327266 1
906,475002710274 22245,32062111941 5,021948330502896 16812,2953570435 7082,4451049279305 40,99433057253166 7,072867668881617 8,020453224256707 5,42673101846359 3,064958373686298 409,2291641423937 3,9706704826274577 46611,931179975436 1
910,6522804803683 22035,8780303026 4,983827143429588 16848,772516697445 7020,905928827796 40,18333416997883 7,17983885802541 8,151916332235144 5,374940373457389 3,0369402776615773 410,8482659909358 4,00610864328611 46709,076424734994 1
909,333489495724 22288,263613379524 5,020409430167822 16797,484358187758 7052,370248035425 39,9720287254601 7,1573651699142955 8,074769014518074 5,4015612920806015 3,0460392249166857 408,89366227763884 4,017274234401732 46701,506581987385 1
915,8965583498158 21911,68784015857 5,001657938577949 17089,862924554567 7094,042663044186 41,577248340049714 7,2484259245111815 8,066676650910836 5,379613516886556 3,046985386695895 409,4174421549962 3,9868045406122556 46774,5181449506 1
910,9727512775795 22025,686436741107 4,970921312155797 17006,537723728194 7062,666498822376 41,892382138561615 7,203641588403699 7,9684820144950725 5,410878906321063 3,0468204859264247 409,88815165421596 3,9816243351675618 47756,31717397982 1
912,3075134722699 22147,623969837186 5,023000801561041 17040,539026554983 6904,131513709667 41,32558130776855 7,254112322340762 8,199385137946846 5,327924808506062 3,0331101935360096 410,0172107724552 3,995178874672063 47950,295000110775 1
919,2477300220445 22168,66455504558 4,986959741338798 17066,282401715347 6890,374070143402 41,17334102355019 7,30305173783136 8,197655488888 5,3871812064660585 3,040928041381837 405,86345259315016 3,9748818148036933 47835,26807313163 1
918,071011479508 22357,842881520242 4,957864555160028 16647,897863649167 6856,520864374966 41,43737926257977 7,186662786443854 8,212962883834855 5,32609282145804 3,025195929446445 407,66444066306366 4,0011825533572045 48112,03276360113 1
919,1883678995247 22087,444277048 5,015912830430055 16682,201439322613 6786,918373883606 41,38347295435498 7,251552363506695 8,170532500733065 5,400355803947399 3,0148886555510264 410,58381271623995 4,03082649842055 48316,4918303419 1
921,6899914255628 22163,65554637344 4,965807329274534 16493,971119221897 6859,86108563008 41,677270708549756 7,212255894349752 8,251243506274687 5,343445992807701 3,03195283732853 411,08338695613963 3,9766102806988135 49028,873712773195 1
915,7000029946125 22396,31858149689 4,969665368000581 16637,521798901107 6834,991025019501 41,93006797549199 7,316284632169607 8,285867075777752 5,407795214775315 2,9900900379321214 413,5678725215845 4,016842328778274 48782,5901109673 1
916,9453649279583 22384,520775730503 4,975634122714543 16653,6120669913 6797,737172373548 41,564971401972166 7,25310623068327 8,216695414540037 5,3859981199799645 3,0041605116517767 413,33152528715163 4,016089907779974 48969,131957961 1
906,26394164976 22141,198234994958 4,98713342516293 16613,928006540806 6863,727337777258 41,81649132430208 7,270354791575986 8,177075779059104 5,339450514791921 3,002876644927948 408,3326830778751 4,001844262281258 48947,02464777841 1
911,0317546333094 22223,30314562012 5,001843274825875 16689,370040882244 6811,794715695616 41,92371742430043 7,304453339500063 8,209955489391433 5,3840610120004575 3,0286817469348137 412,1011973922173 4,030200303520244 49562,91973713461 1
914,4458130301174 21909,779609293746 5,04767353568592 17156,86835701813 7111,857581371448 42,37967932105176 7,395592310543218 7,954020922293004 5,352966956119424 3,007190620964367 410,96615307755025 4,00305682044357 48739,8212288856 1
916,32007263903 22195,250732302753 4,994819159429799 16914,432437511656 7050,6783605145865 42,18098531807931 7,399319150780135 7,979743828727793 5,36324196569345 2,9989256113029246 410,5512148783593 4,012458736311457 49542,841439011514 1
913,7246766169845 22391,426245320607 4,983588833363867 17018,779860581693 7001,65308597594 42,63307771324064 7,19829664477449 8,037164874145725 5,385557339324358 3,015557957887112 412,490704722789 3,998676255316609 49539,29929742664 1
917,4465201956674 22452,22583345631 5,024279370076728 17071,304984811846 7036,690851483147 42,418134471974 7,182378036487282 8,066742860068212 5,341840840240273 2,993829015015611 416,7645166861952 3,9775426937463956 49367,34441240927 1
920,0941146127172 22169,954051786095 4,9757312244836065 16833,739848618923 7047,7080792993775 42,285508157471384 7,263524218683925 8,069998755465974 5,36143313084136 2,9941588807145143 413,8545374562722 3,992178919614524 49784,354071404385 1
916,0874647771205 22167,71915352757 4,978068272657127 16721,858214904256 6925,206376040303 42,5866370969257 7,227639111374402 8,097412876225581 5,356698233587516 2,988671645402692 415,8344970718936 4,00966332808372 49278,33757564175 1
928,260553473179 22191,837566495018 4,990771145983163 16799,919212499677 6926,873279612153 42,55131309010911 7,228899926338805 8,155591562256928 5,35691261437383 2,980326751316375 417,0712146100656 3,9903045215425963 50142,19809696098 1
931,5714760860733 22286,509402573378 4,996372571555959 16646,876535013744 6725,071635999595 43,07305551454697 7,258411783702501 8,263341017774577 5,389874286400278 2,9877400031539763 416,20883049086683 4,018711989554836 49893,04501483621 1
921,9163234380728 22139,085052487288 4,95650945299664 16553,493023417464 6822,872228694911 42,94908102005479 7,3081178320885725 8,305811475416506 5,41176944081646 2,968320642223934 417,3263148626929 4,000904801512387 50384,00076345153 1
915,2189780145708 22332,875308943836 5,004785693328195 16756,396011025376 6934,645453764669 43,099019020806914 7,368873173080782 8,08232239954109 5,322868138230089 2,974907844313864 417,2627256168171 3,9949968061402124 50634,12273038871 1
927,8456654568287 22225,870803963575 5,0052156440889295 16755,841787468384 6991,662884268979 42,79734960888479 7,302109570952527 8,190400080210672 5,357665575472975 2,9760135597410424 416,4933991584429 3,9946936100321113 49963,248333742464 1
915,0138866411264 22329,868630863475 4,975604641382107 17078,295253002187 7057,960808165495 42,1683778442675 7,283070800813605 7,932949439469381 5,382704848251342 2,9458406641965698 419,87975034649986 4,0119341149943955 50445,78520241232 1
917,3062953843141 22431,316241390454 5,03149408338632 16839,310194281243 7053,013379909775 42,29820128343416 7,297294667936691 8,062562820101274 5,332012329427217 2,971147721595149 420,5126781329753 4,002168167320729 50083,369505874914 1
922,134989507525 22234,266973017577 4,991035535244073 16510,715585228663 7124,75429211285 42,50232941821147 7,289491420154047 8,069096399930142 5,309385120719138 2,9790896478755715 416,0086577774075 4,014205283057903 50963,20109597386 1
932,4887414722914 22347,646101513288 4,995364439964936 16582,987207520648 6836,893906315173 42,87359832833293 7,3241708489127335 8,221820382230337 5,307616563027572 2,9462892595145234 423,1933058926328 4,001901910058371 51090,35466446871 1
921,1236006590922 22514,545076433948 4,996270527667667 16625,571083451778 6882,357926510437 43,00437297983647 7,359754124927278 8,137521623350942 5,382526395640698 2,9507110370368848 420,34361472614677 3,9716673468504284 50741,75685544294 1
924,7620588117182 22209,14313880919 4,995238417261659 16632,467409802797 6873,807555831681 43,334589119820976 7,391867015740712 8,255225912097554 5,305601777627728 2,982133135984047 426,881313736649 3,9432374300876454 51098,40019924624 1
920,2275343826478 22424,68092150604 5,029841093027355 16608,194999804906 6881,3850659283635 43,49123753468606 7,4322223853707206 8,209148315721857 5,3814833371561575 2,9504626965212277 423,62630056426667 3,935139048613045 50868,499836979056 1
916,1190812606155 22401,171832222884 5,03043843106708 16649,732460525447 6850,262961718525 43,06791558652025 7,482046529120143 8,125468248834515 5,465683068503577 2,9436861540230606 429,12425316779337 3,987810114117686 50937,06283717655 1
926,1089811919561 22542,634208372634 5,0335473821141274 16528,11112782679 6915,58699465122 43,26662829438221 7,520009445442969 8,131029237377273 5,35900941495219 2,9305373552820466 425,65707878049363 4,008545507224095 51777,643057758454 1
930,1172007598848 22453,958654028167 4,970270512466243 16565,21590020976 6834,696894640743 43,39057698840912 7,450762018415941 8,288281596568297 5,3050336946858225 2,9685860377588535 428,8938456331163 3,983761671599437 51761,75831771007 1
923,0776866375797 22586,411440283086 4,971788811836422 16539,277734551102 6825,983001390102 43,485036277696246 7,410674597693765 8,320270794955562 5,359551471202286 2,946748608320719 430,3581976461968 3,990694516918986 51462,57777559182 1
927,1994059520013 22470,358573668716 5,008476699262895 16375,598057060293 6851,293940689988 43,235531126004176 7,410776429547889 8,286572594347698 5,373844416381993 2,930120995232175 427,0151954456934 3,9815732746138512 51837,46694229081 1
920,4592460307324 22497,64321668036 5,030429054583809 16390,963044225016 6657,299384345499 42,54385329172255 7,5003709426389955 8,365055973082212 5,341607434632288 2,9028567803921823 427,67490185300863 3,982674646752018 51491,95589014941 1
921,0075877038281 22582,80303111434 4,952163905823606 16244,295930492692 6680,077989050862 42,815753568206055 7,509745778442051 8,408602776660764 5,387745307329226 2,910566683846278 425,956166426258 3,9884539993683275 51498,909376641 1
924,7832675018001 22425,700923178014 4,996589705791374 16269,562415324039 6677,621102265464 43,98393631470649 7,377340205436183 8,346835534123223 5,386509478703352 2,8782928095673097 433,3489099625089 4,020418500709788 51780,93072720006 1
928,7040442525158 22280,576842910607 5,005917915174631 16386,017892127787 6663,043740048496 44,10032433526582 7,391708202591689 8,300459690089236 5,329008989770651 2,9073303553211103 427,10386378594546 4,022013795447874 51140,80160264098 1
929,1171714591923 22418,387401988814 5,018512384003973 16834,367504054197 7087,687053108789 42,95608500533767 7,471932632131517 8,056261810340844 5,354422453599041 2,9073880353455217 428,5759653092856 4,062090620499261 51283,22865382842 1
920,094210355829 22364,983515586515 4,979438792384876 16988,146498337937 7025,663596843306 43,169443813224184 7,3762968052733315 8,064744228418407 5,346057176158679 2,9101586061676112 431,59474393176515 3,993853571238929 51689,928599178165 1
931,0548721186785 22359,017328938433 4,963019693356 17144,92226592647 7100,869284567505 42,66871229827709 7,370769113390101 8,049866955263807 5,376379452067975 2,9068634970737763 429,3236233331413 3,9665076250262836 51067,96222120271 1
926,5127437040691 22397,240483708076 4,984242602409754 17179,877189697312 7064,623793614708 42,94384898977218 7,342273650623351 7,993831550023412 5,33318918568847 2,8807710873258427 430,68782346573965 4,010654319390909 51474,210806656796 1
926,6160512793773 22440,537683740375 4,996381029516168 17309,647094986838 7086,784835342008 43,113192061838845 7,377545973786422 8,077825733755644 5,353615651359616 2,9001109340472935 431,3156192287165 4,026198864518997 51309,95697680524 1
930,720322742764 22427,224960487634 4,95302859276414 17320,335670565026 7187,359904070408 43,20438744366727 7,34270509663772 7,846321747342967 5,410151078950451 2,882352424256682 434,3538255755806 3,987057802668408 51032,73272369185 1
931,8169777535778 22604,237910990865 4,981415194699862 17435,8780308514 7204,54732846736 43,091914673661556 7,374813523082682 7,877532778917812 5,336745926390112 2,8790370190157457 427,9135081191791 3,9923799735689824 51154,87381169451 1
928,2070725513554 22413,170644885555 5,011604796211043 17256,0685198911 7159,568989177431 42,585387819699896 7,331973300076858 7,893448291634282 5,395183803343247 2,893789650039444 432,83153160496465 4,001167982990463 50966,632979887 1
925,9480190886168 22451,409893585682 5,031367369489644 17104,21750048224 7228,306081880978 43,086295088217334 7,219010929853859 7,893045636019973 5,374331936935428 2,8754725490160573 432,495125443343 4,010546309447093 51273,54569338861 1
933,4245459576439 22628,86166077678 4,96763700889319 17134,980533928192 7095,9894699507995 43,083592669666324 7,344987364109882 7,924806274143423 5,383457776713485 2,8892584090807785 429,8301721263616 4,019760999072399 51200,7579908912 1
919,7507041088548 22655,716046255897 5,035890344112088 17198,62877800306 7158,198273221782 43,461781682567334 7,338377003055522 7,972967790224616 5,377382981087377 2,881063406925632 430,92776101513954 3,979554595563517 51485,81884457402 1
929,32121520859 22281,338329051527 4,9665767556172105 17052,794501689088 7083,390591664164 42,25320708541733 7,32703349424474 7,984595000241324 5,359348454572758 2,8519898942973954 429,7311473558478 4,008659012287079 51428,75011414477 1
924,1293526251185 22480,705867696055 5,062792549235197 17018,40555934039 7106,604678037359 42,338798401413705 7,341556113215225 8,050794081016718 5,33683414528757 2,8811069653089465 428,7433109086066 4,015673511564368 51779,227964984864 1
936,6782633561841 22672,09641100847 4,999899860422011 17027,182462375677 7108,830571902116 42,383156523738315 7,39523235535394 8,01375095928798 5,387728447908363 2,8893928923519963 427,2094967671151 4,016111249107393 52039,90977041755 1
934,9964358271883 22486,033194768315 4,999450726278683 16960,348511330776 7011,647411894951 43,57596912327627 7,450342829944353 8,069137886810097 5,37880674743714 2,8184062314052527 427,2564200720631 3,9826413661735773 51537,57906142909 1
932,5424960516151 22404,005092387335 5,04185526739948 16998,81288156835 6970,057045407464 42,999963692524666 7,453768534431278 8,105615930960266 5,391304361047575 2,883926625951593 427,8558287825759 4,010001460911309 51651,02748397945 1
930,5275437234952 22456,542471792272 5,010479134571302 16951,45287700359 6863,802888320318 43,8474180830402 7,546514125911037 8,152854237812535 5,371587326207879 2,8541077282488483 427,9421682946329 4,033299302275204 51354,61668034915 1
935,574202738986 22498,82796685814 4,9974817303736465 16979,182692875012 6853,1643556658755 43,43628472615521 7,549302381700314 8,166976335412285 5,398011429453117 2,875575964437851 426,0446300835891 3,9871771542777115 51994,88943846735 1
931,719290010102 22419,095494396923 4,996647805538286 16663,80386915612 6859,9553653552675 43,7527584512129 7,5602334333075065 8,17571960588494 5,345521997782131 2,863263275269021 428,65727110302396 4,0122986718006795 52194,69592220119 1
928,4005515865003 22471,333767978842 4,980052573178845 16558,082975920282 6841,301317985019 43,98545920341141 7,523813681001465 8,234490617637345 5,354659073784465 2,8585280005313254 426,896838801642 4,025426946845266 52729,524778602754 1
942,0910019093897 22858,942217153504 4,959156165954869 16316,782593394048 6665,217783256355 43,84698838896268 7,589522274748793 8,43576389606962 5,386691584186142 2,842497115883955 430,5464253477796 3,991378189940815 52344,34915790833 1
929,1223313851907 22482,604330778402 4,958947689179684 16202,101138957696 6693,608518872508 43,97075559377198 7,561810033437975 8,36420629853427 5,3945368444277495 2,8146052056717945 424,68218248896704 4,001989089040423 52959,73642509131 1
927,1549989421776 22651,406190027785 5,004884411863015 16439,7895517871 6675,918502573675 43,80419888991432 7,604722973056399 8,38061553501066 5,371878282633991 2,8293467338501777 425,40773655068654 3,943183052141722 53469,266341811846 1
935,4597804496625 22556,45753548049 4,978620226410737 16435,30572141071 6740,033918718928 43,93849251616488 7,667510210495963 8,363677354904064 5,381427316518951 2,8215033737543544 429,10707591804186 4,022764553192846 52832,182358970465 1
928,6610712314132 22522,522095320517 4,983727807718754 16513,153311080277 6649,431190421667 44,20213165644173 7,690603897193511 8,3347009421615 5,351237721234449 2,8214922439115533 425,44336551278997 4,023090911950261 53490,894628619586 1
941,8302992640386 22523,83190500989 5,042799054080906 16152,893080616754 6796,877262679365 44,40681196876407 7,798101309162867 8,300766720356433 5,355100547279655 2,842280462703588 427,0341637081254 3,996061003051087 53612,69578779519 1
929,7392977641208 22496,15423390061 4,988292206900798 16205,748313612816 6872,861003731251 43,89862664854997 7,759806140511758 8,257051588968821 5,389226355189214 2,8012086936991323 428,1491775311389 4,014599753242485 52889,31838211635 1
939,9786602916918 22580,827479927946 4,979259180783455 16640,02447788808 6918,744434692975 43,635661336513294 7,708571020777629 8,154607652058353 5,331326088079766 2,820085297019624 424,0930228353384 3,991055241443419 53251,582957398474 1
935,4996549307439 22611,878424196886 5,010840698929975 16616,51232755332 6822,452562679541 43,84823110685283 7,688727538398648 8,1315107430804 5,325974901045224 2,806267465522672 425,86450903474173 3,988679038631341 53303,65235996056 1
933,8060522279593 22634,458402617995 4,980213183170689 16550,082038424538 6839,013109251625 44,26139048052317 7,864747108320604 8,237239783395673 5,336351559256623 2,811635930118256 421,9086088671896 4,025916222109735 53428,20689390471 1
932,5003262263633 22580,290571866677 4,977098744332578 16546,14930032351 6773,2747814153745 44,106776528659324 7,6946693666873935 8,30477841045714 5,406521843316707 2,8208766264175393 426,84522949983517 4,009137698168095 52995,861840160935 1
937,8129990705218 22512,28371320366 4,964700321252957 16571,680986731928 6844,668198543167 44,54417345969715 7,778865631473008 8,244473403866472 5,369552240678073 2,8258498219209023 422,17548716013795 4,012581319512615 53666,66521610909 1
936,0811577211092 22641,481824117494 4,9962219258601275 16487,64659797436 6777,022833286103 44,199072065424815 7,602212367429057 8,264237865679695 5,384800941443323 2,7823538967966366 425,238264973719 4,010686367397024 53420,810623667174 1
936,6084039087708 22696,676588979477 4,991341852346015 16402,16948264245 6817,991586294473 44,00709562562901 7,65092157684189 8,28917128519952 5,372839916124403 2,7955897947365713 424,14293024826503 4,011514994873966 53591,13680262042 1
937,2896162578448 22582,914144538743 5,009392920054316 16390,37231794576 6822,02120655691 44,23657630079113 7,869728242734001 8,249902803849634 5,37128203771729 2,8047218964691325 423,0983483182688 4,018571749016142 53480,59240176597 1
934,6911993056357 22603,291198589945 5,01913068040852 16418,901137555356 6772,094330747639 44,57861066130115 7,900585699696876 8,343736881318595 5,419302634953627 2,7743717427265895 415,8110877674273 3,981230905014389 53617,597434592906 1
939,7719926010557 22634,267152913024 4,989004275429142 16855,72449926599 7003,740131700477 44,62180731999588 7,687771727384294 8,137024683826699 5,426918404255018 2,799008923786748 423,6989646459435 3,98012111764261 54173,59341508434 1
939,9792560717209 22633,083392484026 4,991017582192139 16886,703696650748 6894,7795837781605 44,40034469386546 7,6552808024731736 8,114820451196666 5,398805167133603 2,7916134171328806 423,4428134363456 4,021235019933626 53761,04894115109 1
945,729641878319 22533,610771938416 5,000984531616143 16721,48606178052 6853,38447477234 43,62591550494633 7,684376912180111 8,24978487844236 5,312074990284794 2,7920160214472407 421,124690478671 3,9779690641871017 53913,44524713549 1
946,232599175011 22595,7428663203 4,986972670284714 16566,37901511094 6888,570041251392 43,82987197425252 7,7090953422256066 8,138403436245614 5,3561257965033295 2,777341525584606 420,02166343121513 3,9873755695007684 53071,009056659575 1
939,7455480499223 22810,276346504834 4,968816366365087 16823,470355197383 6930,514103308669 43,38733746074356 7,747810020385586 8,16672900721161 5,382341895732489 2,7964762157849146 417,6514849761253 4,007391888136936 52484,59172354109 1
944,0791772795579 22794,838463551856 4,977721298019666 16808,757633949248 6981,419725460708 43,88483921201856 7,64809928903263 8,089727420889618 5,386241600657509 2,7792667853098503 418,1032709786974 3,9954301369542677 53391,89637297094 1
943,7489404718383 22622,1133287265 4,986317935052126 16954,09093248336 6985,260326221296 43,420738409626054 7,6911308669406075 8,077147183895336 5,365972446062105 2,767393737815313 416,9276252858829 4,021558097192394 52968,48709593697 1
937,3501884828468 22510,74550494591 4,99195177528955 16917,1305603252 7094,008292637651 43,63695123884223 7,635470184242513 8,03472724220589 5,4086001356911675 2,7802426262303586 414,8017923300517 4,003728340029318 52968,937998992624 1
940,7859193973131 22535,589072626542 4,985552405359508 16719,27639030451 7057,722228086786 43,684561783930874 7,671983837205182 8,02220177636432 5,381889179322587 2,7838810233686475 420,1476907479301 4,021241177862026 53054,30787128786 1
