Co2(scd40) raw_signla(sgp40) aiq(ens160) tvoc(ens160) eco2(ens160) rs1(ens160) rs3(ens160) rs4(ens160) rmox(zmod4410) tvoc(zmod4410) eco2(zmod4410) iaq(zmod4410) resistencia(bme688) Aire/muestra
1168,1900278001915 31754,584412870674 1,9810703750793686 169,02423308838104 654,0123634648845 442,32062341691164 487,1901640483143 91,19322574990554 5,385022364487312 0,09655327501321591 407,78634633208304 1,001192341276602 542729,5754293994 1
1175,642611627851 32030,794039897726 1,9873586372649037 172,96903026662528 652,7187648527272 438,5036862365329 486,33605773131217 90,59602290663122 5,428518624891932 0,09685178130708985 407,27424570504587 1,0039263676840993 542214,448311567 1
1177,136257095622 31585,714612506057 2,0063666631719688 174,6269289660732 653,5027807557972 438,7447302059981 493,597202505672 90,73928469229813 5,393632208368397 0,10428212594309097 406,66271668238375 2,002477535579501 540490,7890576506 1
1169,8797317102205 32048,32971665576 2,007379146803332 181,61521207131085 672,8602337533968 443,7192700995257 481,21620796454465 89,62547942527387 5,40039982889321 0,10365398580842443 407,6748406803537 1,9999258503461104 544828,9211374919 1
1180,5294216183045 32099,557428224114 2,0053959799842147 179,2209078993921 669,868239710115 447,32188032325786 483,918497514552 89,01068652898876 5,427200176516267 0,11308135990571781 410,7998482791025 1,9938973157536475 546549,7748723164 1
1177,6519337156687 31744,899607884425 1,9834983385667302 173,15255812422555 666,6681594264899 445,2708836089932 484,5312520447951 88,84744529754346 5,440825916883965 0,11278351009264265 405,8447427583996 2,017703582222006 548791,1440634081 1
1164,8482765057915 31951,679473426593 2,0035206493555946 173,58230741621864 667,006783123478 447,99421353995837 478,20540461513997 89,83988101548107 5,38392348086421 0,12099004312095436 410,8744546820765 2,0019434508947493 546695,4005435818 1
1167,2797865556422 31854,544642504712 1,997100373098842 172,2937986155457 660,4827822160877 444,90247328270937 474,57652540934936 89,5862123300319 5,434834187179794 0,12035211481163013 412,0308913215427 1,9958991512033686 545395,0383786869 1
1186,7701755518474 32071,71766179774 1,9935081709004172 178,31456592844515 659,2739240820638 439,69869678118494 477,4480913262193 89,9517774667252 5,434439711002312 0,12022718358298347 412,56431729414544 2,0017702410953784 541310,7212604604 1
1174,8569096809551 31657,522227077956 1,9895476753318082 176,1687386039535 664,7935866527368 435,029533346752 473,4895358793279 89,97482677856058 5,412984608929807 0,12975093850475203 411,8578652089339 1,9980300320588653 541322,8329925785 1
1172,0877590988503 31782,384656250055 2,0034157783189914 185,19154279535184 667,969656402141 442,23105447278544 479,08355271286695 89,33484521252949 5,423080333884996 0,12951115868296253 413,7111093419868 2,0155573773060764 543224,4260069568 1
1168,9422496912223 31719,78966019946 1,9928182100270664 183,17019942475628 666,8555187136119 440,69960641678415 479,8289875157936 87,91435755059508 5,38954031202006 0,13775538384825792 407,6750652888627 2,011817874354761 546555,5617423942 1
1182,9355972634112 31749,45840071408 2,00381306354988 159,48226547915962 641,3358098274728 444,5456946384069 469,09122154322523 91,52629816520134 5,385644540761524 0,13723922340106626 409,8898044269863 2,000543794615515 540368,0033358625 1
1176,5290623553099 32008,196667713066 2,0068242591159113 159,22742688069636 641,7215935287904 447,9423315905068 466,9832255459447 91,99093831501816 5,420250868609175 0,14683193965463098 415,3514902133182 1,995828616637298 545355,9827635628 1
1181,6531836846616 32080,908345654116 2,010425596315282 182,68336926604428 641,92695017698 451,3798263411163 466,36531222938396 91,59545316967069 5,4283706063253385 0,14421912377093374 412,4336546563095 2,005340717486406 539543,1932062431 1
1186,8317689175697 31761,368663541114 2,0087927544113637 180,55880553306818 672,4121880002167 443,4599877533414 475,1100365238877 89,15647860731153 5,454306853444842 0,15291491493551523 417,05672950868615 1,9998318948823486 541692,982947557 1
1178,4738768364434 31915,725726390014 2,0049601333148255 183,3234290598813 667,4036363299024 442,1303686608887 468,40445852479377 89,41844915971056 5,426417609530704 0,1530162480292111 413,6825113217013 1,9896734314853293 537150,78630308 1
1179,4996683435522 31952,739945923833 1,9939011366215176 187,4026662301117 682,1682519376361 435,10645083375596 469,93575621737443 89,07937637458608 5,419625095298896 0,15365612864614014 416,1141668375551 1,9970395429568122 542907,8962786389 1
1174,280492349115 32001,59722978831 1,9825816644828993 187,98754894394312 679,4406212408128 435,2884135145382 460,8471739632298 88,82521256404509 5,428568914741663 0,15947128185362494 414,30519300613474 2,002214826520008 542005,8081510867 1
1184,4259480112348 32211,0015195839 1,9992520818061847 174,56784942623588 651,2272856567442 433,25494071694004 468,12920868429336 90,08174550285335 5,414445849087826 0,16065371534301043 415,7186161964022 2,019827001340939 540299,6502140039 1
1179,9094633971474 31615,42022369829 2,0000995743792696 175,71095271895334 649,8256727321441 431,2336493280901 467,652717066255 90,93451882825057 5,400046618075942 0,16628392979916812 412,39059575253566 1,9996433781442025 547229,3965494847 1
1185,4238658414113 31853,085545077247 2,0291469346072786 171,14835745860796 654,7729184636694 443,242801665457 469,0665488219379 89,91846202613583 5,44177830593008 0,16748722501560262 415,7514452566789 2,004995072027456 540805,1339953074 1
1177,713941681726 32173,243240881555 2,029340703811946 171,42917511847114 653,0322905302531 446,9785999295538 463,28902812636414 89,7086275368225 5,420662487390981 0,17610527360693815 420,71747814231384 2,0032177142922007 539733,2428897164 1
1176,9631285267317 31918,31244405787 2,0117031293856877 150,11692202883611 656,7801218735666 447,8565997887247 466,54702876940263 91,19236306620971 5,434866397586184 0,1748425549175403 419,673043945859 1,9889183324115212 540941,7667683826 1
1168,1816990590303 31811,433179615735 1,9937766235814283 151,0824024705249 628,2322505132831 434,81199294597064 462,21513353091433 92,50658266026666 5,389315995594435 0,18413426264233448 420,08995117709594 2,006311133568913 535142,8218439241 1
1174,3867861930003 31844,77507798756 1,9891744160830995 150,0487951009814 630,9614692484996 427,82139567120583 465,68531184464734 91,88918989859404 5,375297711184376 0,1811423417348196 418,6637639722451 1,9942720265360419 539329,9548301818 1
1172,8634446336796 31783,34668679458 1,9865958898250051 157,0387229068323 633,8114130039188 441,72122783603174 454,22220649256866 92,58868814978352 5,415239969172562 0,1820485319202792 421,7700813159109 2,0002680012962806 535796,086674141 1
1172,7182203385944 31845,787804131312 2,002670834002959 156,52987379908228 635,2125602694862 438,3958387159449 460,0286752070506 92,53433707470245 5,3814585062198965 0,1897092184083212 422,8814540959632 2,0151120167773904 536564,743128023 1
1174,015585415071 31966,065523845933 2,0269429719376317 178,97595089022127 664,1849838151477 432,4620056034573 456,8001454046628 89,44163723200998 5,37428201712837 0,1915287408889608 422,1192223500263 2,00695975251129 539628,5000665992 1
1180,6118503579744 32018,620348720095 2,0100840733573255 177,58710054893362 663,5708711713919 434,6936311995845 460,36959924961326 89,439701653765 5,38390828959914 0,1976455169619803 424,3717686787573 1,9965534393362026 540036,007441296 1
1176,1105969865223 32102,77117438152 2,0037293447468443 185,77344358353955 677,5857531311484 438,15584930546004 459,72586913063594 88,32353022963426 5,38190289398206 0,19749628616056758 427,8527300074451 1,9990854388490187 535276,1449490935 1
1167,340320472759 31880,56466564588 1,9895065566073584 184,47811659142036 673,8324574441701 436,26462137423624 459,2933336280226 89,70419910284078 5,410349979632084 0,2031318571126797 429,080287985951 1,996807933893355 531164,0294196426 1
1174,481687932847 31637,80677213664 2,0106476303100513 199,33016370949863 672,5498650198359 433,4371541835421 460,79663231151886 89,5053256929932 5,3842237885006305 0,20280762452667905 427,3795511430847 1,988004423453747 535221,1574067774 1
1178,9893034155034 31693,323637082107 1,99575069005176 198,18646319263033 691,4983356659778 423,49815152323185 454,8707189823053 87,52240041478133 5,397264997792311 0,21012245405617125 422,0451474334517 1,9912835916377463 537007,8443619424 1
1174,1676804325252 31560,004149368808 2,0058056450876105 199,10651371329712 687,8265857036068 421,93364673635335 459,25155099363127 87,28420874217417 5,408731442607802 0,21043547217172445 428,71417196421646 2,0019804738497804 534244,7885720761 1
1183,1112034647017 31922,37164929346 2,008655676706902 154,02223484229512 635,598425963139 443,9190364547642 455,569208202877 92,5780255843664 5,390891470598673 0,20958301478960475 428,26817488149453 1,9851260957837973 529524,6400600702 1
1173,4652913475343 31818,257494737514 2,0014188247391798 155,3130856510283 641,070276152184 435,29811098839474 465,6178607491987 92,65768458014806 5,401068153241764 0,21754510176304154 427,77163580458216 2,001419922939198 537097,8205172135 1
1175,8813203289235 31688,456547222573 1,9930198782322355 203,73130982924152 702,4739418968917 440,41772820268346 463,03284685552495 86,85069654273254 5,425202667417439 0,21588620864892688 430,61782334623297 2,0095276898618057 533083,0713442654 1
1178,3861436495695 31846,956242673772 2,0064396221428904 204,6257537988608 703,2182351886715 432,95008579886695 461,5695799292589 86,80068226093732 5,398831114651716 0,22498784309938086 431,5380152885433 1,992752025069595 533217,6364004337 1
1169,4789908486391 31856,157598016624 2,0011451384926535 195,8440369879707 693,8989010355745 436,58169411271473 460,01770972304587 87,6481680393558 5,366454924613842 0,224078327532698 427,1166133000266 1,9899915654549718 531603,6786761613 1
1178,847766673967 31829,660838017946 2,0177266046697677 196,97921893790473 681,475203639768 434,8312163494674 461,8762038455464 87,68919505355471 5,419102789784617 0,23077292509665268 434,33373775483966 1,9958719636581879 531897,1822492068 1
1173,8581169623367 31858,511216920044 1,9976983732674498 188,40527154540698 686,7805230372473 437,6468732819113 464,942609875644 87,6431481800679 5,3676195769766935 0,23154217698413024 433,9379757097106 2,0002779366705625 535091,6092020174 1
1174,3607045111132 31906,978769246987 1,9980278371472235 188,98547327590757 677,0479401542125 436,3129911901727 446,6776832213516 87,90311954387197 5,43288745177625 0,2396098606916958 434,5829326640578 1,993753451560259 531233,5527898258 1
1171,4260856239077 32090,310415114807 2,0117192049322794 189,59609382497584 674,7231023165821 433,5050420029353 453,5568467350163 88,16345045148738 5,466125400874845 0,24168414577295594 437,8655558026 1,9856458039093166 532314,2014951712 1
1180,706690523884 32033,424062100243 1,9936304757028565 198,74576613641196 690,6568658028034 423,4476819706383 454,9349593102588 86,82165845948411 5,376512311491664 0,23858687705578172 437,41436395057264 1,9935550793946974 533295,4871848609 1
1171,8789508034333 31980,17839657497 2,0008080396507473 198,49269773806532 689,8796569810607 421,16416479250466 455,47437888474036 87,12128633422202 5,405225951661611 0,24311736974265652 438,36364794914107 1,9997905186207752 533062,3974858266 1
1161,6019982104372 32120,6888099943 1,9985122547496694 178,244687888708 659,0940073898105 428,8840117054048 449,93308464750197 89,51538711366159 5,427427750589226 0,2453201620587919 440,433065542626 1,9909272453743765 532660,0797886496 1
1149,0372045775025 31761,286870581313 1,9983795759876894 179,43821583780112 669,6504931729695 427,64158086243566 450,87338597356353 89,73972000394394 5,422359427204866 0,2523349401394584 439,1125307415127 2,005031145178739 523693,6325773144 1
1162,7634404217115 31919,465770174695 1,98837363694414 146,29442874445178 627,097060794245 421,2183725890884 445,29345253027174 93,13824025323206 5,398229293801127 0,2530706754349071 436,203880298145 2,0096529414112765 529394,7174245259 1
1173,4804695726104 32101,234795830704 1,9952004737816864 146,93231127012587 624,2298384303373 424,0595175867253 444,8751237353739 93,71060692743612 5,403990712786335 0,25755618816964204 442,133776272043 1,9962931248924072 529647,6237560303 1
1174,1685122836989 31748,918079475883 1,9935557224678226 196,30088488012169 622,5354015223367 421,5596430844701 442,8186511704466 92,81222486675051 5,39432692370931 0,257660310057349 437,8985664989218 2,001145225951475 530539,4437266169 1
1160,5145904704136 31710,900795300135 1,9931710108871286 195,1449391881572 683,0886371586753 433,674664447585 445,6725608112576 87,82996119265357 5,440641286257867 0,2644069727434561 444,7541215744133 1,987236691178817 527598,5235536734 1
1171,1708098791576 31642,977383033318 2,001045580735108 193,85428424753783 691,3899229751858 431,6025971528963 450,5918626699699 88,28708377420027 5,399872688735838 0,2658144002415523 441,3313484126591 2,007539588993806 530598,4349086845 1
1179,1301791126139 31806,533856427697 1,9919090696321653 177,05741821448544 663,1380430869376 429,70390809967756 449,49429721627257 87,46767369044376 5,429200062682187 0,2644448958259346 439,90961452156864 1,981657616926263 531468,4497610456 1
1182,0749751112717 31881,154084406433 1,9852593345919678 176,3882937359056 662,2072923242156 430,5724445165379 447,4965755150898 89,3985635172792 5,426670804786417 0,26991828553104846 444,62629632194324 2,0049108654501175 530623,5232564966 1
1172,1751215729432 31607,728297921363 2,0019663541696664 166,5218876055822 648,7589330237329 422,6188083077339 447,17046504103763 90,67560242592555 5,397924476142349 0,2707480467048955 441,1843130143015 2,0038475637738173 531130,8684767766 1
1172,7379777712138 31758,827405222397 2,0037600184353885 165,12144854976208 651,841660726375 424,7059330267323 447,45280953001475 91,21691212787307 5,421905426316112 0,27529113901879126 448,4372726183442 2,003358632374041 530859,0351296809 1
1170,0480661087397 31915,843006923173 2,015278626895872 177,88181337493847 667,5546090525048 424,6408912727277 436,683507222842 89,96513161048074 5,410751295983552 0,27313913257652916 444,46230056185135 1,998390182094147 522254,4985488159 1
1167,5051545941026 32035,580022765265 2,005275539539951 178,62769331089837 662,5329286691087 427,84824253689794 438,57539881797544 89,87897548504152 5,422902755825913 0,2809197814276108 452,2262164309147 2,00056527422493 528262,8557824569 1
1164,025754134001 31740,99181229658 2,011931481712713 161,59169888934576 668,6072571495952 425,3119458513793 441,92431855778915 88,99681273708809 5,453372319163884 0,2791335554223792 454,09620020160827 1,9881618401397545 523155,5342438055 1
1166,3102497761504 32117,500008540857 1,9997892748341581 160,99909524099962 644,1015815893592 434,11736214480294 444,7896922166714 91,28710665890699 5,395135696607191 0,28546785826916643 451,02770164016937 1,9928894139801605 523910,4058667701 1
1167,7284814247803 31844,623209179128 1,993363556755627 159,4763767776089 644,0365437990954 431,52609132869156 442,28525708840175 91,86131960488213 5,382978924773973 0,28587575749334454 450,9214776323566 2,0000935591069187 521898,4654003287 1
1175,3997533729892 31712,05164524957 1,9847199631581434 151,18045775799104 646,6058833702572 416,33353032806286 451,56738554105334 91,38772487723296 5,393218394524051 0,28317547918646824 450,3614337710482 1,9748912590541203 527539,0240138426 1
1173,6077448124422 31894,539748358788 2,0093974697845516 150,30952451636838 646,0108104189057 414,5747120960035 453,09287414354947 91,2789179567709 5,395404107093268 0,2877079369560835 456,98050448674115 2,005037206346828 524537,794521886 1
1149,5715345325148 31992,994121956744 2,019078738420322 175,90840419014472 666,9821173160964 412,69083239761596 434,7489684213725 89,05470509249109 5,41823777272151 0,28611588785218767 451,7102105797541 1,98997800846172 517858,03125757 1
1163,9451984585987 32156,960716092315 2,0150740656477812 175,46445999769952 658,7798416135211 419,7898933339405 439,10721603152837 89,91454271250747 5,436251521126164 0,2935913076731715 455,90921984921135 2,011985430115521 523488,80433991726 1
1160,1820487183938 31671,282438333 1,9955540567697787 184,8483116931766 671,923918378915 421,8817695904422 441,67310073195483 88,35737909521123 5,428261123447469 0,29096426064649106 458,2650711134847 1,994750962833274 528422,775726432 1
1167,170608913166 31527,31733186117 2,0075367733115774 185,4627915821187 674,5445129276566 421,9026526575892 447,2192111810717 88,65202095848372 5,427652377771439 0,2974511574947364 457,350751827751 2,0041096459684877 521400,0786684781 1
1162,256375716566 31803,567437576814 2,00427179935251 184,6363733239933 678,5471378337814 421,2983365983996 442,14096199351786 88,61882667085182 5,380910138680199 0,29749728436233386 454,48310246272007 1,99945003228063 528098,634260888 1
1171,9763078931917 32000,432391186325 1,9849705427844064 183,75706708265528 673,225755276746 423,14750373837103 445,3960426657244 89,39637268560803 5,40989435314498 0,30641200531517937 461,49083724863914 1,987584797005536 528644,7455195303 1
1176,9392558639547 31527,994887707435 2,0158978892793114 186,2166341997542 665,4101157671176 419,5077367697584 444,49059726800584 88,2338613253754 5,3725624591237775 0,3022229897562394 462,11828254125055 2,0043381223055388 528909,1854496483 1
1158,2006054120593 31874,17413776207 1,9994474211769848 180,1131192037097 646,776214621949 423,65181366786015 439,95438249838674 92,40764190258557 5,376513656353647 0,3057167467851584 458,66465416683434 2,005801187654323 527005,6960601779 1
1172,4802522928492 31571,53169486424 1,9849253460935723 179,83809285115777 648,7746761069985 422,7798861344374 439,9639689087472 90,32343821189572 5,3881056406457075 0,3073530127463631 459,56345776427554 1,9882832031938935 523633,1297693133 1
1178,8921995182516 31878,614988838108 1,9839710738242953 188,0499860840159 683,3075258369784 418,435884997955 447,24301065144385 88,02783417560535 5,451291438906474 0,30935884929208873 464,2310135593971 1,9927280000924845 521779,2157857483 1
1175,7129525100913 31580,534501633098 1,9984745415032845 185,90535069523807 675,8417199994287 418,7868836476141 445,8523017416628 88,65311818624207 5,380140421649446 0,3171966233760596 463,36385757929094 2,0003250876741734 527453,3788898593 1
1174,4922312299925 31740,35199775779 1,9822805104332133 170,61671224333827 657,1421556323805 426,0818941082022 434,91302962865717 90,47216658856394 5,472770394005851 0,3183925380027502 460,2438153743194 1,9768334020535685 528288,3303623588 1
1165,539006875209 31606,12365016396 2,010837285752121 168,83405065148173 654,6485837550325 423,7795307935441 438,33391334608433 89,61941471107453 5,454233648961679 0,319497810236715 463,72120238833566 2,0047479957179393 525823,0917008709 1
1175,3378648439016 31871,94555608751 1,9991041847349074 168,88770757878868 651,4723759069052 425,5164351875636 435,2029545598281 90,80855595795617 5,409983858259041 0,3199300878246408 463,8640867846132 2,013259569031689 527435,1176448937 1
1173,4860573091132 31641,445594644618 2,00700722854886 168,18209804492824 646,9205193401043 411,15363516147903 431,9539103046305 90,06853716267298 5,425511627059241 0,3239615798997 465,90827015948275 1,989042216563122 527863,0504067047 1
1171,9178582133102 31792,69256319348 1,9883970403028268 167,79837811072645 651,3323178620811 412,4181322665557 432,60185781450724 90,18166621484097 5,457908044244847 0,3273300598036382 464,3940017066822 1,9929905376185748 525729,3799387637 1
1174,2393066483135 32092,290515586632 1,9891572392126784 169,82464109779488 653,3758735588668 418,25341346275997 432,28163593603387 90,75137981932824 5,3790973312127095 0,32486668705196636 463,2059466295955 2,0023273060343802 525423,4381853936 1
1167,6739042866486 31844,930432915226 1,992418275618533 169,42705879669896 650,8487739786029 418,6633034585064 432,5347917038504 91,08760921340351 5,433860142936287 0,3303826113606422 463,12926038817494 2,007357466470511 521810,8555458997 1
1167,7730200734043 31921,78053230336 1,9885189535420624 163,07586630228246 649,3943799773498 420,6512502849228 439,27399405203914 90,98102887117065 5,4302850893651975 0,3304385521483273 472,56067421532447 1,9953915091722136 520137,929934078 1
1170,6404386488612 32070,79975080873 1,999650623191912 163,8330731785473 646,650538810645 418,8763695241005 436,588003641878 91,51636343357504 5,453094760003177 0,33866525005815123 467,3657802002249 2,001735336694247 515581,94855097856 1
1171,6631628156254 31813,67885269528 1,9908942123187456 188,21943295494466 682,2018774110655 424,3157934262986 429,40535463686325 88,50767875447457 5,428096990362038 0,33615621288059405 465,0987219634542 1,986192961313264 520054,60858216364 1
1168,826585816612 32034,096196596096 1,9944241256241224 187,20902680638943 676,8779451035477 422,8183855167599 435,0661157328891 89,1033885164492 5,460345451449802 0,3442991603599993 471,8694819607755 2,006399714587065 521130,3021375616 1
1172,1614553250554 32085,397375693054 1,9918738258926085 175,44342623248036 676,8994635267491 423,77633581179913 436,9778371765881 88,91099071175977 5,393737638476952 0,3449999698913869 469,94549461071955 2,000611643285686 527203,0769139122 1
1171,364715112782 31608,79405190689 2,0120458003546395 172,82984356482922 666,1367653191511 413,77188729079097 440,2960315800366 89,81816877911511 5,444174984973659 0,34511234613208724 471,8147842414329 2,016076303163077 524337,2834278701 1
1168,9104825367244 31809,431637471786 2,0059033159316124 172,4750537702714 656,8045604983305 414,7416799708696 444,3996682663514 90,30998449669248 5,439134324973575 0,34689337770193684 473,66347885194784 1,9946539752070556 519980,4803905544 1
1170,8402618538269 32065,999341849052 2,0051387794222015 180,89230774402526 657,4387580046674 414,2675000976309 437,6271541680932 90,23675560371392 5,385792800636458 0,3466899849073492 474,7677731152052 2,0166139755219636 524831,8264487041 1
1169,1124354087958 31678,865789698077 2,00103674311092 181,2156062677185 654,844469352615 410,82392263341814 439,6781774545631 90,11023330844864 5,435640065817476 0,35058759780924476 471,5010844184757 1,9873760814841763 516893,7520246793 1
1166,3711489492505 31578,7813868576 2,0070050989415984 179,26878707210338 669,8623631570496 416,9954840076951 438,2179812901987 88,91890933973441 5,436167872623643 0,34960467547757224 470,4396068170559 2,002351165641749 521490,0265237853 1
1165,5933195935654 31616,368954340738 2,0130341114448007 179,42536536705657 665,3996562887639 411,1474183854344 436,53427677531823 89,58408007114166 5,398492746977508 0,3550258572370664 474,7374582439512 1,9963947009852958 520975,24093867384 1
1170,3570441408158 31573,73390032146 2,008915928926334 173,42086555121384 658,4655511505442 410,15228995842847 434,60496754024587 89,09482556063021 5,327005455960489 0,353041847427164 474,08465073571966 1,9851485047152262 521576,7556780762 1
1177,066689162724 31626,310720917918 1,9947922193250192 171,14057477706473 653,2829835777235 414,43699356472365 432,5737555380236 89,50987589547336 5,465640193690071 0,36275908842804117 480,0512912950047 2,0032965860412415 520840,36366492027 1
1171,9078958332764 31725,10290047092 2,000836531366117 178,03510346369555 660,6705923847097 407,79003235768903 436,6022917290976 89,66261153030104 5,378313712454441 0,36205418804416495 474,4501023422218 1,993452960213131 523224,78195350384 1
1163,1683065020425 31649,525392036976 2,0058331105023908 179,17315055039916 665,0363371223385 417,1320104330699 431,2874775190919 90,4143695940891 5,372668214144368 0,362553270282749 479,4488051371265 2,010703209352969 521527,5781322642 1
1171,654242167562 31722,50866912641 1,9855040619488227 179,31516385757712 667,9004571703391 413,0313180833537 431,2406564251676 89,98191444924043 5,398655489587476 0,36261835429381356 479,9280563167312 2,0011913741911083 520157,60753244953 1
1174,023947406813 31651,98780809256 2,007095834242313 168,639788779361 650,9484982997542 419,4090240315901 431,2295881702722 91,29105377662736 5,381842174005106 0,360081980739296 479,3121053085149 1,9917307564386406 526555,1400145403 1
1159,5954259265786 31838,928655850956 1,9994106092722919 168,69833231427233 652,815552800931 414,3473644855702 432,6050984191956 90,71217672651366 5,375750994754181 0,3665256299621796 480,84877822364336 1,9861228175519354 522129,04603351856 1
