Co2(scd40) raw_signla(sgp40) aiq(ens160) tvoc(ens160) eco2(ens160) rs1(ens160) rs3(ens160) rs4(ens160) rmox(zmod4410) tvoc(zmod4410) eco2(zmod4410) iaq(zmod4410) resistencia(bme688) Aire/muestra
965,9875940761418 33262,72074580894 2,0018831768924574 89,61620059662812 529,1844296378923 558,9538666503237 577,5508840116823 100,1540376987151 5,465939371502391 0,15779861653264174 420,4443461019789 2,0031570726307866 497775,4104222249 1
963,8074342076189 33062,32345230875 1,9938199050369272 91,71463091603397 535,409137309525 558,1289280893571 579,6836218508421 100,46808119365313 5,475976981112473 0,1575867556978385 421,1586728189529 2,0062288678447473 497900,56175514864 1
967,1258861149557 32996,95292063634 1,9979188483611723 90,84845958505767 537,2578654844581 559,6499806515216 579,852143961312 101,16957224961719 5,47275255694482 0,16559544448984237 421,334313159315 1,9956848134291472 494196,5946959751 1
961,8079434728938 33022,690353982114 1,9785256292969349 90,43036459624494 532,2187741369327 558,738536810206 585,1478633975946 100,70179127991914 5,504632068905863 0,16564851757564839 419,3776593749166 2,0076331820492093 494703,1921007773 1
960,7121491633185 32908,079392683685 2,0007365916148863 97,93065995068451 550,9566525042434 562,0093634367811 584,2034364956443 103,4471707785952 5,485417494824245 0,16573884550054824 423,4035154463215 1,9849030977338296 495970,76999595214 1
975,6512735662827 32931,117768572294 2,002770242562805 98,07692615695488 546,1954895547567 559,7576462798012 587,7619113885239 104,39583914989788 5,506625735366274 0,1739169650124232 423,6168815555169 1,9942295328669157 495237,9755778582 1
965,2021759244636 33115,87603063384 1,9974893934838238 89,10006927738944 527,1619717946799 552,271139667294 559,9573885475495 99,88239183904741 5,454314956281716 0,17409952216941815 426,47931275062297 1,9896701870415396 491738,5034392591 1
963,7142731254761 32901,783827750565 2,003539357306654 89,29146950310123 527,2277345680976 559,3319734392777 557,6714635045023 100,99591595149587 5,389579413836531 0,18018033691865099 426,2870146054409 2,0092517891212993 491479,35651950905 1
971,1209554452402 33022,6977026762 1,9823948982074346 92,92978489736733 536,5453113415562 546,7426557451339 566,6860304561302 100,60993046781653 5,454628704830007 0,18135331243395172 422,116282585588 1,997214691951532 493125,3773600349 1
976,2163245536451 32972,37398766583 2,0130086127450078 92,43953142964595 535,348103248039 545,6482061420185 568,7065365602865 99,76091419635839 5,496832998934311 0,1870909778206926 427,6625965086774 2,0084701847012405 495719,997839667 1
959,5835410607577 33069,00044444736 2,0028410501343332 93,15329915047448 537,4689035439443 546,6140853429905 569,6547051668144 100,7129627802342 5,428650612759003 0,18661346023055495 427,286365867858 1,9951794054611478 491115,68030410906 1
971,8400521176343 33062,391574182155 1,999588363745056 93,5679407354868 535,1026340403031 554,6960523280187 562,818741129121 99,79357031071876 5,483532745262864 0,19203260253416501 428,9735494490341 1,9892116917963116 493766,5205517147 1
972,5914491347534 32675,010715774704 2,002353563852934 93,31544207740593 539,4284329705965 565,959614126055 567,688017414235 100,3670005570306 5,447688998516123 0,19239921460860607 429,36455419188303 1,99467420838487 489957,3440886128 1
964,9968646360725 33194,685519989114 1,9974791497194317 88,97164743743163 537,2165450708708 556,7499495171895 566,5789216737486 99,55707524439683 5,473830324994445 0,19234563530437843 428,52381338396606 1,9999006066508125 489482,45432438946 1
972,5878946589269 33189,5065359188 2,0149981076957486 89,02106417074768 535,042694930942 553,0695483398783 561,324099166604 100,92582219369402 5,469370523251243 0,19992474521132556 426,50998365854446 1,9971989095330882 488662,9276309757 1
972,0918289587953 32862,405479849 1,999849129747789 80,37981029551831 517,7961560443576 558,3078978532169 552,884135611919 101,47960159015402 5,432809016460291 0,19994935857877594 431,3169141863048 2,0093810063465694 491330,45852298546 1
982,5109096539503 32707,777967554368 2,0035168310816993 79,56658120270436 513,6074853364252 562,7008603458448 552,3450363212359 101,17254663229718 5,491711345684563 0,20486516952258835 434,1338712382016 2,0005787662801833 491322,1492558034 1
976,6762997094727 32560,901155384294 1,9836558278050906 93,81657709214727 539,1994815357986 558,3278636321348 555,1359934176221 100,51284581907943 5,489886494107743 0,2057180136262436 432,6808413202983 2,0122162805877406 485805,58743639896 1
972,0384010604304 33057,56804546431 2,0063344891260053 93,09647559003766 539,329050347743 550,3501053133089 554,6672337537989 100,97213456643463 5,4856719561723235 0,21214884535089015 433,35873454948415 2,0025309671309977 487926,31143969425 1
966,6034783319544 32966,697280770415 2,023651944374756 89,83714213981757 544,3045863873298 552,3167401607913 551,847290902462 100,56663230451778 5,506616623779163 0,21039580492694773 433,38628284907696 1,994333770528533 489284,5431209599 1
978,3805464422933 32991,45043916855 1,974874645359786 89,9781128484468 533,6514879119148 555,9731716994528 549,3615938900996 99,76809714224065 5,506160046428241 0,2164603207582829 437,88749994588244 1,9873403304950996 492351,66631327453 1
966,1853626035772 33279,13343418958 2,0133842648760183 89,88827580196508 536,7661011443398 553,1158487394755 550,0190414162723 100,45570640266448 5,512324237098785 0,21867121691458077 436,35077467608266 2,0145274323457367 491074,5570964957 1
980,5403296206013 33103,957939035594 1,994322375369908 80,5860224135429 534,2201326745334 539,806062888361 552,7948814520947 100,90086251167621 5,460758754697742 0,21815199507018704 434,3413244619095 1,9899112404824177 486832,14110890095 1
976,333815765531 33214,504440221805 2,0060063775842205 80,58971612818478 527,1754570605249 539,6123969894234 555,7223994940854 101,10059457480016 5,4415459318456 0,22147166954301428 433,360197248215 2,0116756141793086 482389,17627669114 1
973,1261147601635 33527,794304462754 1,99316155302007 79,28727420576604 513,3687802763603 544,6798877955964 553,6407548450701 102,72926087435695 5,480422774720608 0,22187841572929337 435,5625618782969 1,995778274212883 487387,68826418 1
970,0578790181091 32760,153200784032 2,0061364713218683 78,81573290133645 511,1369471943823 541,3054148049587 547,9866606206695 103,61506510368231 5,436056370235247 0,22821979180351318 434,45680580876234 1,9865825258057357 490380,73351059575 1
971,599512869761 33004,922381063014 2,0182356066748337 92,53953110680733 536,775186142584 541,1123219195073 553,6452218877415 100,63899257027536 5,478231048570458 0,22846871997318857 437,6876322886291 1,983748053164695 488004,0734382992 1
968,3565956750477 33095,611855400115 2,0026533124795 92,44816952063356 540,1313268958044 541,8061661279321 557,6549306706426 99,33229733098923 5,511444089351114 0,23409252167678488 443,6174274126691 1,9998977377366753 493895,3336620458 1
965,0640083212866 32991,789348115075 2,0069808813099876 92,73508604773082 535,5005238609264 547,4520439788181 550,6738009181189 100,1550175034416 5,440014872070753 0,23182245592170142 438,6690357205166 1,9957519156686723 484892,3283731393 1
970,9979929304254 32838,44359802442 1,9986797460983987 92,8633487294695 536,4034313945747 540,7148949906118 546,7822142583201 100,40530933773692 5,496078269840483 0,24322467362130545 441,10774677367226 1,9841752547526392 485609,4738569682 1
980,129732292331 33165,54094364306 1,9948694261519677 93,13313268991867 536,9975384910869 537,3536135163121 541,3852431863197 100,31155279910982 5,4753439590379305 0,24260582807330605 441,73310818767703 1,9966763365445706 490098,28921760485 1
974,4223719467728 32922,416494874036 2,010155737118765 90,30118242476678 526,6851366881343 535,5785204618164 542,8776670196075 101,72803034065515 5,4521818193387475 0,24327825936875389 442,07446858572916 1,998650410600141 489799,9533087082 1
970,1931671247221 32621,46815575697 1,9917673209158933 90,09850690428597 526,1466192936123 533,9230817914977 544,4729011588956 100,97503743384966 5,498583766488346 0,24547502577221042 441,2562041881347 2,0219636112674424 485471,18413374363 1
966,8026558189661 32802,986346585174 1,9867158974016368 83,52960090592924 518,3933623200155 534,3141484633088 541,78477781613 102,58721103086224 5,457902868329591 0,24866724103585 443,5832316569688 2,0235848844310964 482338,54261007684 1
959,7673962974313 32901,71157261914 1,9991347679560154 82,97860355348463 519,3171213247107 539,0063465233723 539,6711186606924 101,56157435069063 5,529335534433094 0,25323322434666273 442,5092280292085 1,9892348974166205 480113,78235626145 1
971,864167114117 33190,87913356557 2,0042435565303376 113,2278269945948 571,695467099231 528,4486823664558 539,7499735400893 97,06022449569292 5,435220729687635 0,2527864725743089 446,7096937717 1,9906592204205198 483932,0092861667 1
975,045437294357 33176,46008180997 2,0045835152292115 112,00351996625818 567,8791713709031 535,4085758759045 536,7043803766176 96,6655050095889 5,464630720874501 0,2538761461189737 445,37419909329117 1,9930360954330126 477416,9244742804 1
978,9479567341932 32985,12763496863 2,009580247111685 86,40572750860363 567,5651712862223 529,239371236985 538,5891364694872 97,3382306030784 5,495732493902549 0,2572479533420115 450,15451785177555 2,0136548740068005 481336,90718206955 1
974,279665246099 32962,83783031953 2,0163957259008463 86,71556543927726 525,0994052014534 536,2162088546559 545,0393578192347 100,54266978416703 5,449209734076624 0,2613950509345051 445,7622392754165 1,9972801978633423 484965,0992767116 1
971,068365795491 32499,393238879165 2,021425283300694 87,17506685862813 524,7019214262809 530,9486041296428 541,1851324282171 101,32292174295023 5,419495456306479 0,2624608341663981 448,4564725079386 2,0091657535708025 485669,5965657504 1
974,2583412044502 33261,10360467811 1,9944819643257252 88,20915916822388 523,2307421216988 539,8078085898109 534,8772887074421 100,67159685939214 5,4933510556795015 0,2634174352342065 449,60122204331464 1,9896370584831835 483621,82258856046 1
970,3548179444144 33150,92848707255 1,9869063612283355 88,03031904655217 529,2434865553585 538,9899251980609 531,9133813625218 101,02526223378479 5,47992380769337 0,264313309585016 445,21058514728855 2,0003378584821294 476876,88560093497 1
971,312681295461 33251,97754677421 1,9964100920618144 84,41536160402141 520,3377198679655 527,677583726787 532,9096460190702 100,9753362478523 5,490316719418376 0,26495275966184295 445,6496626028461 1,9894522246038246 477044,93948488066 1
973,9580741853271 33108,92460511471 1,9925153609503694 84,1495137978633 521,5756762952251 522,9222896677886 527,6952438517422 100,99446221652865 5,509176188001512 0,27035944559761216 452,95443125659807 2,009838211986368 483066,2752263142 1
971,5482738613861 32745,715184915414 2,005995891798322 93,08605854801691 539,1296502679811 531,8683120427455 538,8988017237599 100,66103677045336 5,460163540481626 0,27017278217411844 448,20782284719445 2,0074396898483524 486114,48461796064 1
967,0600818282168 33102,376753276636 2,0084204929622334 93,39341067552611 537,5632515721854 533,4741032831257 528,7918959314203 100,9797508914581 5,466102238964035 0,2750654229996082 451,267648675052 1,9951466859374591 481295,7274691563 1
964,9653838470379 32960,52244879678 2,015467514893015 81,1274175692476 534,6816306511653 528,2710034118362 532,1486096552362 99,92936505178155 5,493773366396972 0,2760056878643427 448,0595669989933 2,010519925861807 484694,03811889613 1
972,1945425729355 33022,50264439508 1,9876041789179932 81,99110724186143 517,481503746687 539,8018748728574 528,9160945064139 101,87939010451596 5,455059330012518 0,2824259790566934 450,97190101913634 2,0037514241377057 481000,1840577216 1
971,3316855506242 33378,11000439288 2,005810112506381 82,53683482393515 518,7012578928045 537,4440414122247 532,3715144091396 101,58284318068793 5,476504073123166 0,27988702757467804 456,30256480679884 1,9947152197229003 477474,0022959107 1
979,1813400215626 33152,65095298437 1,9868364774260248 75,87377158177377 537,8572824939727 532,1889383882351 539,9300524006236 99,76466663080055 5,448063612989912 0,2803905335376336 457,8889073692596 1,9874525811311952 479278,05449718784 1
977,5839010916625 32940,848949913576 2,0088135353777834 76,31291319091522 533,8403394578417 531,8464469377412 532,4452424966282 100,62466298888947 5,454660162111113 0,2831641613268179 460,0134170142635 1,9924803283827661 476140,67144290166 1
975,5149473879335 32956,283155519974 2,0015451942831732 100,94857437936118 554,8174731196941 520,7240397279961 529,3947310222524 98,42881488533516 5,47580865651017 0,2845576286733917 452,2827979707029 1,9916034793074053 480211,2779422609 1
965,9931819821451 33107,85825176027 1,9948289699005979 101,96386109057195 556,827665386557 524,2226146387187 533,130737461446 99,34976168036005 5,438345333533248 0,28877023428468707 458,46091941732175 2,0070725249461128 479538,76741394337 1
964,9020012889049 32776,678046143694 1,9941986183103793 89,58210635576205 528,9841014512658 524,69406600059 527,3061098597209 99,83765429075162 5,453106683561857 0,28793765200610316 455,70917869483657 1,9894251694041203 481548,3348821023 1
975,1656706148398 32807,92550462856 1,9841889144864868 90,74880969612819 536,9113732144299 527,3032148874196 527,6972224054261 100,2270299625621 5,491831229839957 0,2938592355892941 460,1970633184113 2,002522606018219 482684,9688480943 1
970,3409387878118 33139,13499162864 1,9863680951536984 96,88107002028592 530,1575863296587 532,2865094687007 526,8600502469792 100,5710085623256 5,475615372731988 0,2924401776091232 460,38371686062834 1,9981627021874697 474473,0388468617 1
977,6420057537858 32959,54820338931 2,0098803480923957 97,09973616326317 535,1619929510521 527,3089096163968 537,7696576111547 99,25760657866056 5,459692612571099 0,29974859214877914 464,8826498898095 1,9986452030655684 475375,8378951771 1
980,4076385717053 32898,56669076453 1,980789727339652 97,45026691098757 538,9604797562465 524,7136146323508 541,1521403983135 99,65963110690701 5,511483401583906 0,2968867522671018 463,8004052734752 2,012985633516716 478645,562851596 1
974,3623228940663 32735,360315295016 1,9849714113445454 86,0200345069552 524,2320035857823 529,8231312690507 535,0455956110113 101,83602955305501 5,466647093551542 0,2960570070708435 457,4392366646029 2,0078792535766996 476535,4159291677 1
973,8133517313303 32985,509040230114 1,989750437303048 86,48062723005215 524,6804067562899 531,5061683274185 535,0559905146159 102,12609590674268 5,514425729975787 0,2988218153849007 463,8248073180537 1,9879916443339172 481562,84716901596 1
975,9782962622518 32769,7146829076 1,9981347760423973 100,9572921175844 545,9078533895882 521,1674955424378 528,4023903943777 99,58510391419057 5,404761159207695 0,3006357804192434 462,0703066144888 1,9898110555246618 478875,89749363915 1
973,6883990699183 32775,49743160558 1,9903988246562703 101,71900943677613 550,1307958164994 523,007013168541 529,3683940105042 98,91508288776258 5,491531196764743 0,30632971460458347 463,8791060906233 2,009740332524204 480975,979058319 1
975,1363755315494 33096,36040490541 2,005710009297359 100,79921419887275 548,9374755209126 522,7752449724364 516,6289950487327 98,44666319851332 5,483517488339617 0,3045286853490428 462,7697245212279 2,008157260442796 478344,74310966354 1
974,5186866719017 32813,00751981321 2,0046372478638714 100,64346997242359 553,3102036562101 525,3051729047257 520,0638278734481 98,55420603435208 5,444287688845946 0,30796036640728763 464,08505333987034 1,992164170640611 482094,3343257511 1
976,732608860733 32855,23889990386 2,0057532965580105 111,53201700417506 547,0697554608765 525,6989077852637 517,6592917428036 99,13983518462399 5,504742069670624 0,31068147885813224 462,92167386251845 2,019882903122873 481349,87738193007 1
973,241422859401 32970,8442490725 2,007117654015977 112,09374776840869 526,7710052641689 533,7148756703513 520,4779455451724 100,8471097296584 5,456348607181817 0,3131341367950355 466,72293306773776 1,997138087657329 480274,50416157563 1
974,0198511628709 33059,60711102067 2,006155411649709 111,76677541308118 529,1431006778421 531,6243559678171 519,4540744354425 101,42170413912217 5,451520555274246 0,3112272114245779 468,46197792551766 2,0049386672236578 475293,3067035756 1
976,9487878802529 32941,82423646771 2,0034034355125883 99,75956453845215 549,2969295938527 521,0737094894788 525,9854480069877 98,19471130736113 5,522972227978131 0,3108228541530569 465,51328072510904 2,00444522914644 475808,46336041944 1
970,9304035162796 33336,2802664437 2,002055184630974 100,62428235372177 556,3095028756063 524,6631234870721 525,7336215674268 98,23033776768374 5,409980636625982 0,3152188404364851 466,8054935385443 2,001246117498249 480995,3609296668 1
975,9489864096606 32900,37338110242 1,9947704956358236 114,49557503978005 574,0132766314013 519,2808609488197 509,6902228307333 97,36485492182229 5,451463203689491 0,31350631413490343 470,0062208103313 2,0068335949189477 481950,120219005 1
970,0229606908609 32818,06317595359 1,997531585009631 113,51113886218255 573,894846612992 521,3903942286344 518,0637257784356 96,93154449761164 5,524178887883086 0,3139371967903881 467,03388131788824 1,9801453590425524 471500,03000057733 1
977,2881793408108 32794,46366167439 1,9939355866312154 88,67535117247392 531,5571503181467 537,1766722631033 521,9808196497052 100,86653022523734 5,50453485801935 0,3182393347582113 465,2184514273375 2,001100433518622 469198,46675282443 1
977,3371664528325 33121,14477243368 1,9981399954750687 89,56872425922083 528,5813491465533 535,5326269420837 521,2515235219724 100,92726521756626 5,480327949971839 0,31753449205905276 474,91976986730566 1,977753546634301 473758,93676722026 1
967,8228071987184 32903,949187399485 2,012937538193414 107,13447160361864 530,6726527011548 540,229268734711 522,030163670103 100,33674446254548 5,458951627802708 0,3187744138830599 472,8141544031357 2,001732399006604 472912,9417150532 1
971,2213952700364 32802,314390935884 2,0060769753701595 106,34525849574602 532,1750589998907 530,143967756249 516,2313736694288 101,15652314468433 5,498004065888801 0,32281223698252354 472,8354552846204 1,9917972761495253 474753,8659215087 1
967,4223377095446 32865,97866686093 2,014446479555998 106,56484775324995 527,1530564671043 529,591677825084 520,4346424918472 99,85261249969192 5,426578232459123 0,3238121618673001 474,70359060426114 2,0029850126969877 476197,7163000514 1
974,8096470306707 32995,68023351683 2,0078083165865244 104,94434187959192 559,7826386044312 515,0912860742749 518,8345043475674 99,17236399953657 5,4718386424073975 0,3221584355946499 469,731919723573 1,99162947595552 477619,0943131127 1
974,6309925276367 33073,326332548066 1,9889622873293362 103,1382509723545 555,1573206917044 514,5451295600033 511,0576634448371 99,15482999904414 5,4673836210587945 0,325006126055026 470,2120358029038 1,9989003596872132 475582,4394304745 1
971,5721643996875 32931,99486905646 1,9787169754579745 86,97571174782158 529,2962737058408 515,8727500487366 525,3144970751839 101,2917676807759 5,459366032177067 0,32168769605404307 470,9098304520372 1,996222390687701 475953,89545195707 1
970,3494742150074 33176,38986261804 1,9984139659752973 86,18281790045863 523,5825463976371 518,907250910854 523,1145001113829 101,41691465686833 5,453501247886042 0,3311813845985734 474,3578043735779 1,9858924129280664 466913,888507864 1
974,9696220297994 32682,542371410833 2,0002302006034705 106,76020228305539 557,4589913773892 512,1298508963262 516,0060188419995 98,53266231734193 5,471691546071374 0,32754456055161685 475,73635668398384 1,994934415871251 466663,7147021401 1
972,6220709389497 33026,16503192493 1,982368621889805 106,99741651123833 561,0441516579873 510,54860421157997 514,206061627188 98,46915568888981 5,46072850227568 0,3288345949729839 479,7124754064422 2,005457402774645 464441,04758573254 1
972,2496552481335 33050,86901998918 2,00469539385623 92,48465663960062 557,3510116294693 516,0818915771556 514,2947830073385 97,25473202521654 5,465672149090567 0,333697726070927 476,42582230914815 2,003937445899296 474980,0726126253 1
958,7665470898262 33023,575860112636 1,9942743496823934 93,12497282522806 568,0627521396359 503,92713199602997 515,2414070508039 98,04557814124762 5,441671904821599 0,3338728115128999 477,63884543040973 2,0152889034388095 465330,91954929056 1
963,9078856225482 32872,06135895733 1,9739443266829624 93,93717975517971 568,504029278342 500,07522135828657 516,6608053244138 96,44934701045773 5,4974925651757385 0,33454691842071 478,10530415946397 1,998965084480821 469209,82091841055 1
976,2310487178149 32928,53386397681 1,989967502698118 102,10874397249795 551,654275710366 518,1191624641533 508,6822038824487 97,98230940664565 5,468033310871263 0,334048666134704 477,08893212757283 2,0285256785821164 468389,9526193773 1
974,1413268750425 33111,208216205916 1,987849783933961 102,31744532391174 551,8338363599464 514,2119806746183 508,3578325727573 99,15850630923077 5,410461096555176 0,3382601289686247 476,3923046007295 2,0037387213337956 464131,07753244386 1
970,274736002306 32805,719289785324 2,006717379581461 94,98637208219718 547,0056241300521 513,720978887237 522,6846879178482 99,86717025690736 5,4873994785422715 0,33602658074280656 476,5584366119461 1,9926700645848427 468755,5988635756 1
981,7247274633552 32947,784043057676 1,9971447698410767 94,97088863225267 538,5873000607229 510,31591192121067 518,0659932859063 99,82469273149728 5,462623938530372 0,3421611132633953 481,1706636684435 1,9780564949615909 469307,8196941398 1
976,3015778777584 32836,532203548144 2,0042322911330017 108,58160978350084 561,3749764298349 505,1967369115503 511,56512793262027 98,34677457548874 5,464276941481178 0,3427184956861266 477,2501090673918 1,9804211276344665 466312,37518460694 1
970,9223253770875 32855,61839006248 1,9958130213661702 108,34288448651199 565,3328193369115 502,68568212422815 511,9428441669248 98,31858104325825 5,457604098687455 0,34322232664400715 482,07157716081144 2,0149548854649977 469070,1842465161 1
972,238100222395 32970,555768349455 1,9772583134701573 103,00196373823309 565,9667940257492 509,9581603653481 509,79244229127113 97,49996015050847 5,439879150712138 0,3430196148814164 479,38000083109375 2,004590111634636 467243,2981469983 1
981,1173709304804 32951,794634937825 2,0001852936377036 102,64638588489704 528,6242182489243 505,63461401505884 512,7018052867206 100,1350715240728 5,511268787646487 0,3464499462718527 480,4601313439443 2,0185303500942418 470456,0717878388 1
976,9061053094434 32816,091787543344 1,9948713441400512 102,95512958562408 527,5914360314339 507,5868410817992 511,5189328194112 99,67253611239904 5,44682872553318 0,3429717493336545 480,92976236929326 2,0098025546135476 470228,3327617708 1
974,4324903748155 32927,0493531514 1,991656175281923 81,63113120198786 520,6522673845533 515,7998757228308 514,0134076389725 101,3667986050836 5,4990382755367095 0,3444009932060989 478,72153345833146 1,9959452261353767 466625,6865455614 1
967,979189564817 32832,68997519622 2,018635630189022 81,50500668798588 516,5554222247065 509,72290234400134 510,7960669562572 101,33227930200444 5,502658793036428 0,34974454796756954 481,9952072346352 2,006655814270113 466758,29835553025 1
975,3230766967124 32782,70487714929 2,0009212735225588 90,53858926306043 528,0651234935366 503,88626271914455 516,2992141170021 100,3014069562756 5,437522090595323 0,35368242774267333 480,14266244874165 1,9998917962957918 470732,9738075384 1
970,742618827384 32989,09480592512 1,9881634098315955 90,68305232088312 532,542838257883 500,2618359909808 509,02783619764466 99,63527197432674 5,427665064109815 0,3499217390127109 482,7048197209964 2,0054873331686998 459865,4492726792 1
966,9529152530579 32889,90416927102 1,988796354441543 97,22900338581448 543,8756363094597 502,03915110228365 510,2064122976222 100,53393692762933 5,480660941550678 0,3556335779729953 486,4239836418073 1,992780136294691 459646,27901265526 1
974,9804029341258 32757,503461600125 1,9966138465620495 96,06691122567793 545,6067613157934 501,14113426294466 506,3394951661816 99,24936961670483 5,512136670166451 0,35525881446193686 481,43672773910936 1,9937101586256931 463322,83034216723 1
