Co2(scd40) raw_signla(sgp40) aiq(ens160) tvoc(ens160) eco2(ens160) rs1(ens160) rs3(ens160) rs4(ens160) rmox(zmod4410) tvoc(zmod4410) eco2(zmod4410) iaq(zmod4410) resistencia(bme688) Aire/muestra
1231,4888475851806 32543,289030871725 2,968945500023137 225,05253993719884 761,2667119947434 480,63327483913815 475,4420554435699 81,18715202408671 5,405023395568013 0,026350434043269085 397,31546575416706 0,9974688432971691 443282,76787262614 1
1226,9304044310798 32496,00095985497 3,02751537454512 223,4470909669468 716,5442207319103 473,02640852969864 481,2568678040066 85,51993304724333 5,410229569041929 0,027492872034290697 402,3448005478984 0,9993533986711407 449616,40005581843 1
1212,8564899461821 32296,870103204492 3,0043527530113274 224,4269195154984 717,5877493723608 474,9613287894137 476,94463710347395 84,6082011711535 5,388556341056102 0,027528624698953327 399,5315558366877 1,0067048926570874 443370,3104533273 1
1232,580216391037 32482,854710091095 3,0154494431204095 230,13209601575372 729,3265420719363 476,5006570980099 457,5454049971793 83,6170435501979 5,358342826591037 0,02752505825496552 400,87336164867486 1,000574306825041 441523,7077113785 1
1238,4611958950406 32187,81227009874 3,0108939688126832 231,9304234341633 728,1166593471556 477,0613753558812 460,1459040406503 83,9563975729746 5,427358929112929 0,028113762018135743 401,19897454108207 0,9973613968098844 445324,60437804845 1
1230,2789809136727 32615,05968866754 2,9950144757673263 232,25391448196916 732,3671973897619 483,4332436606818 464,7186828901295 84,59590928850884 5,375644238845474 0,02818005269592342 399,44977620030375 0,9963070387835208 445582,6246490712 1
1229,8012022801606 31941,645064616023 3,0083119404680465 229,75789276588048 732,2107098617606 480,49262945627186 465,3901005897304 83,74717980204804 5,354124655464909 0,029336873273208292 400,2488168002643 1,00040245608771 448960,34238768945 1
1241,7253977577232 31936,184516732264 2,0052185664347015 211,13531770733817 710,0182994769939 469,57921966844003 466,41460695884075 85,01331818774236 5,412996203613212 0,029171199025821853 399,3955455008679 0,9994549286043862 445050,68195334624 1
1233,747020334113 32292,954292622497 2,0043886300552116 209,8223421291876 708,7217021458276 473,7407726699482 467,2322865127895 85,6974179607756 5,380680903612266 0,03029065928683316 399,59550115543334 0,994352309632196 445230,5554926639 1
1217,9604122989276 32181,314644823167 1,9834336131304222 213,64550761107728 704,0674239375128 469,71015290633034 466,0142012539646 85,35430206701405 5,364987293056249 0,030333522997281297 397,81642362409787 1,0065531827681093 449388,6101180187 1
1233,547652698644 32253,36398436794 1,9981641016901022 216,38382789499752 722,4171340033645 472,88419561894455 454,9235812164266 84,74101276689947 5,3903776099002325 0,03109623888584911 399,4617660628097 0,9980630650040794 442778,8050809485 1
1236,2311719531183 32430,80645764107 1,997405247298828 215,81845330648406 724,3168297643629 471,7852520643535 452,7674972780656 84,18342818110027 5,375445126251232 0,03124645916895639 400,17937634902853 1,0100722462101415 442086,9498883503 1
1231,574854442741 32474,605421461747 2,9950689682975487 213,36432801997276 702,394775447689 482,5184644233022 454,04059262981815 85,41049976868118 5,3492086966197645 0,03107839296638779 401,22390082340917 1,0030879339541234 442912,18676259404 1
1226,7064722992059 32313,547722616404 2,9837526685759146 208,1609258502305 711,560830202565 476,8956164519522 452,5735759620469 85,55064375752426 5,378525940874186 0,03163842793551425 405,3510357441876 0,9967627008224733 438637,7824441602 1
1230,832682902529 32256,16004638624 2,00314330591213 217,55464101950565 717,9079211386035 477,55503602709996 470,68878985301484 85,00747108540605 5,413647433900111 0,0318591998778302 401,61050613212757 1,0023598453957536 444798,36255393364 1
1215,4723690676683 32100,767832106903 1,9977547929381274 216,63807331166464 716,1588754549957 475,6912499057559 464,71554499846053 85,33946256599658 5,375524945469864 0,033476291110837116 400,21885176312713 0,9913133289972957 438587,6890730084 1
1228,4108927922646 32365,59353836962 2,9931560491400804 235,10641840719782 730,0669281793826 476,0161652714638 453,6852146788887 83,29061057890871 5,377406360944853 0,03302876335643418 401,52675621902483 0,9952750696737508 440557,5415009278 1
1221,512804426387 32413,888491788497 2,9843306828695733 230,27037981293137 731,7568103724946 476,0452301524898 457,3112386271231 83,46305780947843 5,413749039543769 0,03412509960929304 401,3868258252489 1,0089204035961035 440935,6135419146 1
1230,5439209225633 32090,245042729803 3,0074401703483638 219,99757449263308 731,7168415758545 477,26664530079745 451,659469318595 83,30190866011765 5,384135466812608 0,03419436498643984 402,1183157575507 0,9990615119167894 439453,8244850331 1
1220,656071021754 32531,996745125856 3,0242821536473024 222,1406376538792 705,5801262571271 478,87238842284836 451,2525941983856 86,7490291189714 5,413689897631602 0,03592768735849867 399,08841673548324 1,0051282782370716 439500,589988474 1
1217,780241278104 32354,589117016334 2,9710970305545814 221,7178169898718 704,3736789035672 471,7307664623861 455,1025562656145 86,01603079362238 5,399156953412918 0,03596687580507723 402,60060403386296 1,0019345370300297 436947,8072695971 1
1232,536071995615 32430,397406298904 3,013601997698487 224,1726522368178 721,4212544355456 480,24302836968235 458,0523230333165 84,37856900715282 5,411785188436747 0,03634482370657128 400,89560590819747 1,0006877896424375 440333,55749037996 1
1218,341277075968 32078,78517498197 3,0201223351304303 224,2965381646692 716,0119531833227 476,303284888007 460,012014881598 83,63556721173445 5,3615732559347675 0,0366003458415714 404,03477514614315 0,9932114540668816 437735,2208022557 1
1230,4203753576037 32160,482711661036 2,005638392990187 208,42550017246265 700,8222638627269 484,8052577489395 453,8178832175963 85,67427934347016 5,400397976627072 0,03659132923599396 403,69650358367403 1,0028093935517617 437102,5406344571 1
1224,6034221867974 32089,101029256566 2,004675744232261 208,41096111425597 697,1389921390805 486,3091648078718 455,1740646354019 86,16253042437445 5,326113375249876 0,03771957027398709 402,4208710362985 1,0083621412503445 433485,92686615995 1
1229,5964873681164 32258,324265486997 3,002010155871652 234,47527699796925 733,4274863064572 471,66284594017054 449,23981809839984 84,16245361567994 5,3959868651642 0,03763578953373404 402,7626436112944 1,0003803778011437 440933,48474302574 1
1224,7740280147311 32374,72779045308 2,9694525125565967 236,1235651120883 735,1365143855734 474,5158404437994 449,6540711966895 83,62165686295553 5,390271073850514 0,038573330131540545 400,45009289302004 0,9972593094741062 440416,63499417796 1
1227,3687996387343 32330,33148717287 3,0150735644358235 223,51154378352064 732,5845907486646 473,61524787344774 453,7460407015799 83,20732471647355 5,415493088755601 0,03834748138930834 401,7622194431045 1,0064030914842637 439806,59132959554 1
1227,0319025634699 32100,0598633653 2,998636868250528 221,27371811234744 709,8321270777309 475,5210972476032 458,2847685114011 85,42904052567893 5,434614744473819 0,039021219703871686 404,4764959096437 1,003642040783001 440888,3672854956 1
1226,868749706951 32233,89303326047 2,995781148151693 222,16365833559334 712,9590025500725 476,309854907245 453,58663814237315 85,18875103618758 5,409382458512944 0,03899165981823088 404,7803275823872 0,9973277291884237 437091,83540243725 1
1221,3292954894303 32094,742976711594 3,0168322224396547 241,65693590408966 742,866804249553 468,9050290141474 466,2933690200994 83,03264705576775 5,367157249897108 0,039230063873176846 402,2942756063923 0,9934954705600582 439500,9790326466 1
1219,1719590643181 32710,016915288747 3,002319640324302 241,54305089011976 738,9758293988299 470,54269917392236 463,007847956614 83,13195372918405 5,403803620291353 0,03979290848679549 402,79218295258886 1,0004609597853058 435879,04190032685 1
1224,7040860185903 32247,234266185136 1,9938237784124406 210,52650002328008 706,67238866199 464,7815714379675 445,755572840719 85,585566295247 5,407947802105527 0,0401047373092295 402,81419175127337 0,9964464831532481 434490,06144435314 1
1219,6710566640095 32778,507471181845 2,0048368903438645 210,3275176646649 707,4449208151561 462,59005333784546 443,03082973038795 84,69059952920412 5,349701755344326 0,04101990705527051 407,41404931809194 1,0045419001354259 438268,26994614664 1
1229,5545074395206 32436,22761061413 2,9715596224327214 233,75762072817957 732,7486217866449 482,40486463229627 441,92152420265194 84,28106208431478 5,334379378493096 0,04122791727031855 403,8469001801052 0,9943668109780059 441582,35401313537 1
1222,422547310993 32429,536409212764 3,012237475464552 230,43520748320378 734,931733635367 480,9755754207537 443,69004327652294 84,13566476672638 5,358696760691458 0,041286485333501606 404,71378153761543 0,9968132290468942 443434,93251361564 1
1227,2265635581311 31924,17264199621 3,0088851024698693 242,46658971309554 727,8500452093182 477,5348728483229 445,66529566071574 84,01021054511804 5,342244652733967 0,04133331567784293 403,11326026791664 0,9960791413300588 437098,42697673733 1
1223,4983101337057 32227,901164975756 2,9943566988221875 242,95651158819385 707,1713248099439 472,46999229228015 445,97234268208484 86,23333764303756 5,400897351717813 0,04219756109968172 404,8245422379864 1,0122471086177474 439457,66117459524 1
1210,4763392857863 32442,525484916096 3,029721855079041 244,34263180975807 697,6430389971878 473,2610231741766 445,372486891305 85,74513918805003 5,384570151437921 0,04244432474510885 400,8585665214576 1,0008713012106376 436464,39847176144 1
1211,181088869583 32194,702481565255 3,0106720045211004 260,7056875011349 756,3332500920585 479,8466016302926 444,01858955042525 81,44815654223727 5,368655343704264 0,04271395365743386 400,61992122489073 0,9968111565746425 436491,4168084489 1
1220,017991416419 32209,13988386215 2,998596521316291 259,6523877851943 764,9216275411777 484,5739501983572 442,3809825805906 81,5650795153307 5,371072166465314 0,04281257170557197 402,3029914011069 1,0024007550047103 436687,58770949923 1
1222,8977520025912 32389,648975169282 3,0009816325535716 227,6746628267265 723,285607484466 469,51484421283305 453,86095038074967 83,18295425607313 5,423495311571529 0,04317810751114137 403,2693584493208 0,997564057558356 436613,9143524111 1
1219,2967830594375 32131,677074687086 2,9982029152450305 227,61546206000466 725,7371060518857 468,0657135739466 454,7891161971935 85,10332220905029 5,386520523435082 0,04430950623402553 403,87390017641695 1,0036808263723271 436006,3896114385 1
1216,7192548328692 32158,75965808406 3,028163984935162 228,11919945289182 726,2374022182522 479,14350148942515 449,9001338879229 84,09039519065529 5,39381919578019 0,0439390818947683 404,7493235362862 1,0065005256862711 435021,8422694795 1
1229,669148852834 32000,924507539792 2,993909610038338 228,8164741823104 732,8387915510283 479,1182025619808 450,0499157859806 84,0596393289845 5,357764060849188 0,044339401089615815 403,1813862510842 0,9960421982712621 434061,75727120927 1
1221,5425664332856 32258,11450989809 2,972329016617796 242,52870012026895 729,0677660971999 477,6174361000541 446,91511840137514 84,53444583640486 5,397530546529317 0,04414533483865109 404,8458685124449 0,998089121142485 433763,4363426126 1
1219,4876296877355 32403,715042822914 3,0049691422900624 243,64791824724583 745,0397203700692 483,2592292053059 453,4513265496992 83,53452378462107 5,39253378440721 0,04461362419144284 407,44255567555246 1,0037060143296161 434567,74965914135 1
1218,556018439841 32081,5271177457 2,988941465336538 244,3631573281556 742,9084310054542 480,8435050023369 457,2440076362706 82,52720127450175 5,32487410114723 0,04476495543054475 404,67488343642884 0,9938567501233769 436842,7513591829 1
1221,700564732585 32387,606086914722 2,9962200498946756 223,76575299486575 717,8015814786776 463,1088825834727 444,2454679339686 84,20564516520867 5,422637341849349 0,044629890483168365 400,4158896068811 0,9990600358949417 433957,7220638903 1
1222,6182843104793 32642,982930229125 2,9992183733569493 224,82119705495091 717,802404412997 466,3700137469418 442,0638371612008 83,9491200828576 5,418238884100255 0,04556177424436075 408,6836892841889 1,0048306338830106 435892,5102554921 1
1214,2956892065374 32503,69615276188 2,99301039503741 244,0605319674567 749,5816188945944 475,8156853572439 442,3402897574848 82,79335408446336 5,318800558042857 0,045682644846552795 404,9753197783143 0,9865732576218522 436878,6625462193 1
1213,327895670466 32199,53169770627 3,0339139675318876 244,11429348495372 749,5295579712688 471,4136896288735 444,0531395473615 82,56897645093169 5,386232894771487 0,046126350197321336 402,59154739290096 0,9989465189128757 435369,293841609 1
1214,3915802690738 32172,333015809963 3,0113329176912567 232,414461758928 731,6981292355775 472,97620974576813 447,04958750889045 84,41616926179971 5,408146748453765 0,0460978355441778 406,23382180243334 0,9911028057928893 434848,88565027755 1
1219,0909011174945 32280,765704562513 3,011670034014532 231,76723875493548 737,6283928211806 471,08746224750627 446,12203671248574 84,56996848977033 5,388526992099274 0,046648783016536 405,4898821809831 1,0021345856075166 436529,5309142926 1
1215,05597714097 32260,056735080434 3,0069414409883946 221,1514264953427 731,4541186322683 466,6645420559746 444,82567721363324 84,71930140624745 5,383410330188149 0,04679025538624403 411,596703716077 0,9952293851033265 433239,6639847179 1
1216,7178072041766 32309,02066786309 2,985882835620943 224,00857278798438 727,0943093646932 480,75556441630016 440,7911046299388 83,91441096689623 5,417276816627553 0,0470902410243723 406,2452643208035 1,0045978562893676 438094,8179269036 1
1215,8587772544663 32270,204656453625 3,0064104141055896 222,42998163545775 727,0878018720061 477,6823689773573 438,3297236723356 84,75348698916922 5,386560785478907 0,04705877496734892 405,5260443791756 1,0018551742569082 441583,2788238236 1
1213,2814954862408 32364,74517703391 2,9978166110185116 257,03965471962255 761,1472041570953 472,8373350592909 440,37115742534746 80,68286014858666 5,388574965311584 0,047018377481772705 405,80065483523487 0,9878842353427728 439456,27595955355 1
1206,9259975508735 32313,881526013927 2,9908933070312758 258,75144808023134 754,0059533512857 468,5260907363205 439,31520615753254 81,37511170260771 5,399272653739093 0,04759836235476362 404,29521356336517 0,9974891128713185 435138,51704000164 1
1210,4781600430144 32602,79514855351 3,010898391467184 238,82149068763744 741,142176903399 467,18181463628787 440,22601072694283 82,98203259350959 5,40158219070165 0,04786106559140173 406,4966973562012 0,9958154759404695 431915,0609584612 1
1205,7996757000142 32292,392257901276 2,995654844503152 239,71621610282776 743,2439785477201 466,91211734376935 444,72743683550704 82,74795296837473 5,39575635456257 0,04838229283962126 406,4569050695322 1,0018932001728333 433478,0323187329 1
1213,1169843146156 32146,389821327153 2,9842700586221635 227,97338062859112 699,5100079429296 465,1014441510603 452,1242042461292 85,1534028066175 5,364008335630047 0,048577936617911224 406,2618184743482 0,9954385758309209 435302,0337957046 1
1210,5594375894293 32123,89747130255 2,9921561812671578 227,78975143315995 707,4874778731776 472,4515741178591 450,35701138540287 85,86577855733292 5,398404975868651 0,048475929247621244 407,1605846403453 1,012125807955153 433783,88092540903 1
1209,3312998455553 32209,040758787556 3,012576532709722 224,42829281063882 711,6395516830551 465,78069370581255 452,099814072991 85,48843935898987 5,4158513620506 0,04856797290461605 409,67082615544615 1,0026618248923735 433746,2908929954 1
1224,2753743938958 32376,156244680747 2,963793895617511 223,46160833619783 720,4450576005183 479,6676010789981 443,49095027185115 84,3434101151558 5,384614840331443 0,04882205479485117 404,07677312739145 1,0003860394897275 435374,3697495987 1
1212,525381768137 32254,36609469735 3,028647037105814 223,18551834513906 726,4145477361502 480,6643147746031 439,201644130954 85,05874155971196 5,323898773551688 0,048731185609307434 405,7661452703171 1,0048622444644932 437938,069966455 1
1210,387549253428 32434,172421830353 3,007152384212656 221,33485916860187 718,78624049262 466,0432124309527 448,3964477720081 84,63421996673885 5,3817352702950645 0,04859173683719357 406,32503032619 0,9978491838412331 433468,18550687644 1
1218,3220646792374 32480,552056742712 3,02287694073499 221,67196582106791 717,4524344969097 468,1452255298885 451,2903082218875 84,67809007953235 5,354127969335532 0,049265163949465486 406,5389916943049 0,9925542452525375 432255,0281423731 1
1221,2103844563396 32160,30194561939 3,0068325840451093 233,9028436251387 729,0841904529618 462,2232635264983 442,1097028108238 83,01277641180279 5,3538909044514 0,04865930107965129 404,94833308691574 0,995981673280868 432545,7908562831 1
1209,2107916218988 32212,19575618162 3,0005265464369613 236,99005049984788 733,7591598163297 465,18486199778897 442,0140299541798 83,5850255584045 5,333379833262822 0,04987518499357516 406,5152355751014 0,9983351627004335 432359,73901161307 1
1216,7288412877724 32332,57165447143 3,0137509601423185 220,55878791991174 759,1501054130401 459,0861346909141 445,17575787473595 81,7098992146472 5,29485596235395 0,049420051312976145 408,653534688469 0,9990397981281581 432796,05187347066 1
1210,9725147572078 32208,447503005304 3,0062343875237243 222,3373025357707 758,2046466297271 454,79134730833624 439,78956191525 82,60802274450694 5,352997671974142 0,05030060754113139 406,61747061637266 0,9976853240102799 430812,3039111971 1
1210,1543265803225 32268,485067241774 3,0214607175547497 242,2301653713628 751,6516377910306 457,73111805778694 442,52782629514854 81,965498801671 5,376256528123888 0,050402812400066874 407,9978993573906 1,005300061552612 431476,67090394406 1
1208,5764720903069 31850,69873869405 3,009160862847403 242,71556591773344 730,1750377202462 462,9789885397931 439,3955686661954 82,84351153490411 5,352336005769154 0,050486484737446845 410,2529653357434 0,9965397343876181 432217,91410791175 1
1216,571935339957 31905,325715651416 3,0093422130978613 244,5095659306538 734,378649105427 464,5888566289137 438,32384912717816 82,71257743462084 5,390748860306453 0,05077965591208619 408,6251358986642 0,9927340775930417 436515,7889695248 1
1223,2715733699363 32494,340067778987 2,9933535461329215 237,22037762492928 739,8283129479869 458,0304383052175 439,51540328879827 83,20703613166754 5,391932625143828 0,050818468893116496 410,70873592250757 0,9897742708462207 434904,7711097859 1
1214,5151516451865 32107,132475915398 2,985769930749669 237,89746016342232 735,5242349855525 459,99430107237697 443,0253211948329 83,13215711349989 5,3844238267234505 0,05082225619465252 405,6030156103111 1,0106895574776182 435928,49731405225 1
1214,711504114548 32061,830466512452 2,99154605600633 225,94413394487407 730,8784896195278 462,6108038917965 428,44658887495825 84,00135990236457 5,333275111164179 0,051242175143477446 407,3860354667093 1,0054846281946876 433743,07719296723 1
1207,3394539753378 31985,03392679624 2,9962912392808003 227,6005540216255 727,582691267625 457,99897562392937 432,0946932434105 83,30147432674941 5,434218564024405 0,05100172395881932 406,10771863370735 0,9952155920820751 434881,0431544081 1
1205,4553546295158 32171,213911301475 1,9935265809105767 206,00839304133538 727,8420434243186 459,3630540451979 438,07998670098476 84,09882966143158 5,379511914669452 0,05115849156857297 410,93556221689414 1,0042944135517804 432332,0357411089 1
1213,5501462634134 32042,060216688395 2,0013592153907083 208,16405520174106 727,264565756455 460,8301172273835 434,274311568451 84,0286909289133 5,3640826235017345 0,05116958529585524 408,4598327460725 0,9819808453175757 432563,0358953926 1
1210,9390268907637 32296,560317915584 1,991226971027955 222,10290377519524 723,5185682249778 459,264799008371 436,7822636413813 83,95292701340689 5,370699721830672 0,051817602434988085 409,63527369307775 1,0058042057315326 435121,46195838746 1
1204,182097653723 32252,596319585366 2,0275855497041855 224,32127016947868 719,3398553393451 466,89988673087254 437,07822578908633 83,833424892513 5,378193718790029 0,052628905736323235 404,7269528233893 0,9995498187634655 436816,55536156555 1
1197,8098497586197 32371,182019872205 2,0028639399467965 225,4454942172496 721,2008548114292 463,34027613867045 440,785035248072 84,43864740910489 5,41601150032663 0,05246073041208697 405,0390789128769 1,005689632897589 427093,0659991139 1
1205,6677056112023 32301,729736767924 3,0006465164523988 249,6200474403698 753,772569889953 458,790710110782 443,2841570259997 82,41854453369777 5,407577951712311 0,05210761422240247 406,711081174775 1,0003140916702529 435943,6080795211 1
1217,8402878263225 32187,4307578818 2,983810158217949 250,28605990265268 751,7955436550319 456,6057956272947 441,0454655723185 82,12213846316553 5,403667089279946 0,05236696539831802 407,33000220292047 1,0066387087016206 432390,2564234929 1
1209,7634167874473 32515,496355896455 3,0064482937126993 231,19928863991785 729,9743195031813 457,5490920209335 437,3441041087793 84,05260008265005 5,399526663949477 0,052446922391254015 408,18977733586695 1,003560330999725 434203,13194073446 1
1213,6865068352913 32332,676177312453 2,9977233824173597 231,5030820546412 737,2224913980765 457,8577800153544 436,37795445998717 82,75331876099517 5,390886219931898 0,052644847923869635 410,8906316128937 0,9971349066564694 429143,1394228562 1
1219,0658078508768 32298,756074114794 2,997429232548247 221,6326501872181 716,8922072714824 461,49229367433185 435,8261809949597 84,50396501203086 5,385756858206744 0,05269448484520057 409,1777456658305 1,0032841618862238 433591,1561036452 1
1215,7321086802508 32016,726981371765 3,0144447977627813 221,79371398545095 720,0457479473229 461,38127579839374 433,1260102912484 84,53630366291165 5,389399269880438 0,05295278747833887 412,71097475391394 0,9987541431802103 429763,4805549606 1
1215,0490970518665 32213,38524637858 3,0049552965820823 226,13190839528352 723,5028273265392 460,99358679453655 430,51912594271795 84,50855846159416 5,3530289442166 0,053322468378857506 408,2440477481519 1,0055473904945242 433184,87914356537 1
1209,545765840433 31795,39428468387 2,982155640439063 225,89895766464983 720,192135462441 463,82030707756957 437,2161515438802 85,10925990875322 5,374086744215761 0,053181524947527425 410,58576628244873 0,9912609436088521 430355,10787032923 1
1211,8472060627448 32439,024343124485 2,995336318266242 225,8869108571619 727,294355696886 463,57431534125635 435,1122471155032 84,28513310146435 5,374935066267276 0,05303083603520209 408,25949380766644 0,9972670739782119 430151,55175577506 1
1210,570383460261 32185,46601062023 2,001514567646167 206,60529117795778 705,5188623224522 458,737880254582 428,34377057531407 86,16779860291554 5,40426929470084 0,053287106246370425 410,7467528705554 1,0077115757771045 432082,58125759877 1
1221,5051784352704 32312,676174680677 2,0063812094463427 206,0035382020134 702,821012194098 453,7968950424673 431,5541998334734 85,55994998025537 5,352628243782631 0,05353782244246892 412,26496020037155 0,9925534970439107 427738,7406114641 1
1210,8683666708475 32229,534097429125 2,003780855500692 218,0057745386767 719,5082606242454 454,7263653492836 433,54781231067517 84,40112846465036 5,439281391108116 0,05369230980135436 409,03037528991416 0,9963838124468546 434498,02795284457 1
1212,1958160558722 32015,020837942677 1,9895436359244245 218,51496373519177 713,9916727243472 455,882302819331 436,85657722059835 85,1141386817118 5,408323514903817 0,053416766422574875 408,7513443294117 0,9917282115815104 426757,15842521866 1
1210,8742700673638 32145,403914014543 2,985298839101031 238,73746072318005 738,9724013667609 464,0110959420938 432,0042178539399 82,87226119649668 5,392400096667189 0,05372514863354534 409,4108316557205 1,0106297923577572 428001,45100153715 1
1222,0767602304459 32271,31674429944 3,0200886129897144 238,0989392253483 745,1552594648515 464,09858393823754 434,1274521517328 82,85474413617366 5,376708938494576 0,05386440980547415 409,04656235939217 0,9951317576900094 424964,9452283853 1
1212,3549415054558 32291,196859068154 2,980309591522027 223,4823041791735 743,0793665526443 465,7507510615381 433,4638491274534 82,33599417413068 5,362167367782492 0,054273289060344634 410,2264908881198 0,9967632649538408 432700,4746555228 1
