Co2(scd40) raw_signla(sgp40) aiq(ens160) tvoc(ens160) eco2(ens160) rs1(ens160) rs3(ens160) rs4(ens160) rmox(zmod4410) tvoc(zmod4410) eco2(zmod4410) iaq(zmod4410) resistencia(bme688) Aire/muestra
888,9075415076475 33415,2439073741 1,9959943042911408 64,96613999087353 485,4599934637655 572,2285050940869 581,7394809557 105,70849149914079 5,499580445180013 0,15681163049979402 425,7092409529998 2,004891465457978 502954,89493543986 1
884,0681870023888 33410,94105177648 2,00245490599277 65,01907910126414 484,5974138924905 573,0137476878757 586,7808207871313 105,443425040816 5,478037241170332 0,1652364739806876 429,54184917057063 1,996413921627264 497720,2910386956 1
896,1448383112828 33302,77135787541 2,0002183711101975 67,16331826721292 492,8787439346996 560,3816886829386 572,595397869073 104,77706937582994 5,498599576453321 0,16573620513093068 430,6109797571414 2,01696024625398 497385,1344839136 1
893,3081482220579 33363,616175290175 2,0075682875742764 67,1434904713815 487,2771489892159 562,3456277102449 577,2742092212076 105,26848430761284 5,466076057608864 0,17309303638944415 430,6571428028607 1,9819435223358584 497132,02865432174 1
886,6400607498715 33084,54063253854 2,010098279948504 64,97289433373423 486,949231711578 561,5028330133651 573,3034005344774 104,69926563897603 5,502453963722519 0,17218763465599599 429,38667181967827 2,0015317605863614 501515,5117359633 1
885,219563087348 33316,70981735279 2,0039110020656774 65,39352776723597 487,4469057914654 564,0716282063096 575,1091230309369 105,65876296870863 5,480818323243609 0,1824213296892948 433,962050953877 1,9873688886009544 497885,34379015747 1
896,0333808051345 33461,27944003153 2,005371090256369 64,78746938522617 481,66629914727486 561,3116072287063 571,2565486387897 104,87701117824979 5,458994039444301 0,18241849019101575 433,8558718649638 1,9967381152642105 501374,954163098 1
884,5950307750659 33488,75103487154 2,00111945819435 65,02173104011872 479,82254879497833 563,3138288465042 559,9056317880246 105,96333823066867 5,446954936461036 0,19263579853927268 432,1105464814835 1,9697575420763693 499420,21200463217 1
889,5724935082387 33196,54108699784 2,0042580937358654 65,06021442529362 476,46202197524434 555,310819702785 565,6567675918341 105,62815988722645 5,471154063107324 0,19258493606439403 431,049754660832 1,9913877592705822 498161,4796011084 1
892,6317817077498 33268,36209768508 2,0090460855201906 80,47005078360628 514,2833406588816 552,5649076200011 556,0128462696799 103,13307218133333 5,454762992001857 0,19136894423751222 436,41285447174437 1,9809063016843105 500622,55945213686 1
889,9868080896745 33529,762432072064 2,0121214841076642 79,47396695576172 515,052426715936 551,9998705234066 562,9979316637418 102,71677595476277 5,485005074880433 0,19883037298704476 432,80106175572433 2,000618351905187 496154,78141632944 1
886,2624950199765 33322,5133536601 1,9966098021335617 74,35841731913473 503,60503136366646 552,6251133892898 561,7370544035099 103,26813766256483 5,4916732197125215 0,2002084534537213 434,7972219026023 1,999013273729648 494602,2482634546 1
887,2195601565479 33535,98421030596 1,9999420152618557 74,1291250592246 503,4146823993776 554,2434094933606 553,9792464053597 104,20171647161317 5,473802193948904 0,21021901154202743 436,455560105387 1,988098144623216 499341,4557773207 1
889,7233493963333 33078,28136730996 1,9926245198382904 71,13278449598397 498,21361641620274 550,0262189978187 568,5269291203248 105,01033272140275 5,521907944867046 0,2084365757164896 437,194480536464 2,0002591247613557 496651,542699431 1
894,6770539522428 33387,60172208317 2,017532815421681 70,62995498856843 496,4269607881722 550,0730007049424 563,9749701297975 103,88861320861926 5,4636477785086965 0,21632758741563574 431,38595941011783 2,0020221497787056 498325,6835544977 1
895,936012099802 32624,698298254196 2,004868411048173 79,46733938442465 497,9312110912671 545,5847326074088 565,3068752826131 103,34480244477517 5,448646556735678 0,21594045626768427 433,6221868702121 1,991398274649169 493328,5025650297 1
889,1195309892313 33103,30953973535 1,9968636947486564 78,84288756759881 539,1912448093084 553,8961640898551 564,4864576955713 99,85478812269044 5,441058207859479 0,22486341016894237 437,7082110728451 1,9977779524462482 497136,40399128187 1
894,9595764172196 32849,07319570063 1,9926412887975358 79,38275188081334 540,8771671896866 557,2944220007969 559,9467881571952 101,05060150569403 5,48549762695063 0,2258441048926565 437,96013270269196 1,9959062790853097 492197,6819086621 1
898,7744672222807 33539,74252895879 1,98495396264241 72,22940139367097 498,9857573804701 547,1212238862234 557,1095435867569 104,792995999583 5,455795657856247 0,22619296600031882 437,37565221268574 2,019846525060995 486423,7069625916 1
891,0576118397009 33023,18390120791 2,0065158459605303 72,16112021899247 495,98557405160693 547,0259162918209 555,0541728454441 104,2766080169806 5,494372461719456 0,23593616599031086 438,8029244423065 2,001877748347538 497163,5069747584 1
896,5925078206595 33438,739421429935 1,9909424057604428 77,05231125959203 506,5605109312371 553,0809300078723 551,0302443802773 103,31073953095876 5,4800152170075584 0,23197475610605703 437,1150879620682 1,985047389747316 494640,1736697905 1
883,7610337294437 33352,24850737359 1,996623757723062 77,33818784992607 512,0735300121444 549,463200253668 554,169727779429 102,67288318449869 5,5098182817584584 0,24493262773842248 438,8122214519648 1,9901432053299901 491623,16716894304 1
889,0340618526151 33313,893058972746 2,0037289380363945 65,71669376820537 492,2808919152977 541,6279075344611 549,3852673170928 105,3226992882118 5,456874788320311 0,24472920934952067 442,45229158950616 2,013556824135523 485949,6767683234 1
889,6853953108038 33170,726399468134 1,9967415207640347 65,83348861181491 486,25267994366294 538,2544099180733 551,4966716500219 105,7556721097118 5,439049313345345 0,2527088514568775 441,5760687181537 1,9950773618684015 493199,3049885646 1
894,7215545031758 33265,60595563174 2,014394942534978 87,55601097557847 487,8772231886799 540,4102158975568 548,906122792298 105,5501868867556 5,528555620001873 0,2557151259133652 441,31203328782885 2,011971719373363 490877,4184109625 1
897,746618150016 33152,31214198041 1,995968151470867 87,50454829888389 528,8243463479304 548,1739392508603 550,2169806214538 101,34076289469404 5,450158632266296 0,26536330914260425 444,6504755658835 1,9844957943727097 491740,23284033925 1
897,2782204112073 33115,09951071792 2,0063156105881923 88,06455050676973 529,1358708236032 543,3792374209393 543,9316145468288 101,88378712371065 5,4214957611822765 0,26441562419609904 443,88391787188385 2,000137126919006 491299,94973424094 1
901,2370479458718 33193,60174991772 0,9966185242984649 60,078140757809614 476,43884573397133 534,3599888810954 540,5230791271408 106,93377844092512 5,452747837374632 0,26602798253965626 446,67862242075705 1,995511761327455 493435,3387523842 1
894,9747564653293 33252,63195195204 0,99921385343736 59,730492108675556 475,2340644237633 527,145849656219 539,6573566780046 106,2743596025371 5,443648120602605 0,27581389851857285 446,85696351551627 1,9896320252958446 492647,539729821 1
901,3407744211834 33151,14705375644 2,0008627840055953 76,23201085971381 512,521961621449 550,1846950318666 529,0004649075153 103,24333304847013 5,484745767937975 0,2769576720386546 445,1668682095054 2,003677316546184 492693,1061418897 1
894,5464503494022 33014,24981758501 1,982138950286985 75,86989763048172 507,8981532689703 547,1478924725271 534,4096736479644 103,39103341810035 5,485487675055677 0,28678581338727976 447,1130697305391 1,986831255555872 496461,1617633726 1
891,2234982492176 33131,73830980831 2,0045615118299303 70,43183457774518 521,2147102156247 536,3314008122707 524,8645057128844 102,34313969296558 5,478889422409269 0,2863005031489472 448,95787993637947 2,0012319736927515 494699,4914920305 1
894,9099314224127 33176,97579550973 1,9841430278951822 70,43363679515781 519,3522397083094 532,5214467653244 527,7360869223154 102,47759547237067 5,403207721774319 0,2934245715958717 450,94817275023263 1,9791839407275336 495862,6715833239 1
896,6185662130099 33202,09195501123 1,997337142084905 87,75731530101389 519,294773000088 535,0461144041017 524,7958317936901 102,90773167116835 5,497186853012079 0,29493265757114756 452,87505272483287 1,9953570195756936 487447,02438193857 1
898,6984423044568 33120,34173079433 2,000493703299194 88,50496943522174 528,3898079828803 531,9072194221509 526,6258974061936 101,0842307137447 5,423253653519807 0,3056985609233427 453,4736462491523 2,002217656678616 484226,28577026224 1
899,4890626385276 33512,63709866977 2,0058479071774706 87,85774119848013 535,5896396710259 537,4162067257743 528,0487715088539 100,52487085147848 5,512106994865153 0,30585284134886453 452,5706842531272 1,9984024981237682 487374,2984870433 1
897,2099919643604 33190,49880824164 2,0074793752395057 85,88365880033344 522,0185901739592 534,4410873990639 534,3081254845373 101,76302385270489 5,441429557907585 0,3082803371711953 453,28046616872086 2,005388896253789 490873,5292984948 1
895,0420837595912 33204,882684144875 1,9955932688269133 86,09516386367169 523,326731849512 532,4767812831778 531,8211484665819 101,34445436707722 5,529185193297779 0,315841221828226 453,1105391847831 1,9879893033201756 490305,51941127976 1
894,3020969720318 33127,12904062147 1,9971247873320488 88,61682402160987 533,4821488245141 531,9161643400521 521,1006520425947 101,1723166422325 5,4783067013666225 0,31455375231128563 451,72572602567783 2,002972210896796 487303,3203392469 1
898,1901737227255 33487,888283796834 2,004056136467302 88,55517619778958 529,7808065781587 529,2235938600531 520,1123697060476 100,79170956957383 5,510412357599497 0,3221825722931909 457,66862153290305 2,0195229276032776 483190,652912106 1
903,1709615959303 33118,10108394309 2,000581136871733 96,16703510164511 539,4110738742675 536,41702376312 526,6017809930718 101,27988214846086 5,471752774789681 0,32266914491914134 456,36781958691034 1,981815176777037 490083,1264160842 1
901,8205369599415 33504,45745725056 1,9950155178562552 94,95411027600316 535,214875286369 535,8575235841507 533,1365504621746 100,54863753635126 5,433685564059727 0,33156963533371303 457,42984992169863 1,970722453813085 485534,58296419005 1
900,3537255452836 32911,388446618956 1,9875368071079071 88,40849482070291 540,7919181674356 533,8462960520676 529,8083588808199 100,23676479359342 5,488259650060952 0,33266470179498425 462,3783679026657 1,9966490498235334 484453,87951194367 1
900,0477839792256 32898,096954628345 1,9742238389343656 87,7572572399076 528,3263646019194 532,7490687161176 521,0441787673144 101,41564838142573 5,40638333619551 0,34329805731789415 463,1105675695898 2,0109017113108987 487521,0480141633 1
898,8041148066305 33124,17763333516 2,0049378678656615 88,6243422935404 526,6690894879591 529,4798934451596 519,3111832523547 100,80895498659032 5,405948277336015 0,3422314747145203 464,25266490334644 1,9962052191540982 492165,76331543556 1
896,2842607840453 32957,67671145998 1,9894934733225489 79,73391853305908 518,3710652508038 538,5550317187225 523,2091450192846 103,14788949574226 5,519763756293232 0,342767066673066 456,0942401838371 1,9856870756889422 488530,7893625526 1
897,6946374963385 33271,03743988183 1,9854566182671318 80,21857995740032 514,0260204428457 533,9962300997333 523,2249205688945 102,98085174287851 5,458170298135524 0,35015065711424903 464,1494362546125 1,9963872196843981 488059,0171211629 1
899,7965428408438 33214,540211110536 2,0013402265484914 100,5736248659422 551,1306694215923 527,5999484200545 508,3052044257141 100,0134732960199 5,466362947767842 0,35044357178449304 461,63940164687773 1,9931637954928725 484397,3023620274 1
895,9125824798931 33310,063786100356 1,9884809029317458 100,29735091558774 552,2962106069778 522,7578472873845 510,07393410740605 99,20076242484919 5,470978638509146 0,3581089349441312 465,965591656854 2,0136517474908957 485118,30245317065 1
904,121588950013 33131,662237854805 2,0007147079756753 68,31610417493384 512,6642711701442 529,8514221137189 513,0087198708591 104,37398669122763 5,507140812186172 0,3596830276588829 462,8174472004581 2,0040173848592486 484430,9536892753 1
903,7213233905669 33263,77927651346 2,014378872021018 68,11811496515068 516,8641888629884 532,3471536978047 515,0323899246251 102,65738325911967 5,403495976835011 0,36700803937618875 466,53757536264027 1,9913903790685492 483667,8008184815 1
904,9411709402535 33365,99302257097 2,003856569939853 93,51577378693769 511,6269809201632 531,3598956420034 506,9156479616196 103,20489727450287 5,455859012204495 0,37188629841317855 467,06770421324177 1,9992568864953808 485410,30350071634 1
909,6858581198411 33133,41555859028 2,00839941303864 93,01941166682379 539,7288244818427 515,0717602848426 522,2443125693762 100,41122708092634 5,494151988620497 0,380818402552486 468,1304226720806 2,006320074226967 485551,746897539 1
899,7974382337759 33231,798469313086 2,0125169802333764 94,24477481548908 539,5504650545098 521,8029734590017 517,6333841386436 100,60418669967986 5,482153422793163 0,3822451683631445 468,3956417354148 2,01044021327194 481525,15707019996 1
901,3859259574458 33087,95924248665 2,0132922011078995 103,25574604039979 553,3066140527355 533,6997713986293 517,1186335287638 99,40411214610126 5,514358985847156 0,38007952455015387 467,7337046097775 1,9777976974563307 484210,44208189205 1
897,4428533655274 33152,99336216284 2,0100426946296874 103,25113542771152 555,3218638589386 541,3086270659423 517,0805773363232 98,98638590176702 5,482159065461006 0,38816934292580174 468,92231026553986 2,0093017601043717 486332,11163477285 1
898,2222066439003 33260,12032046734 2,0073248141281 95,41601042800337 540,6221618984174 519,627576287086 508,34755885699593 99,58532174773413 5,471576406916105 0,3882346111908312 470,96228822380533 1,9942124752716264 487685,4905130015 1
898,2380243790944 33122,18953845971 2,012212664798045 95,9881965429217 538,46533433878 522,0230549087536 517,2377791606401 100,424338201627 5,451232184164266 0,39311737373389233 473,82082182213486 1,995721714684887 484881,53801148146 1
898,995430263523 33230,73987023814 1,976855820486093 85,27840526816446 536,4176160895731 527,260821607619 510,79213747137567 101,46189121527951 5,482668104154954 0,3972921323266456 473,73031199153735 1,9995299745745883 479595,76477840333 1
895,9678814082772 33219,91989689159 1,991957463843058 84,74176722891339 535,7340730946322 525,9427463513566 511,62938454710724 101,56393509030357 5,455207375882655 0,40758335515841204 474,65402451499193 2,0052306894367593 482127,2712977234 1
904,7283868619643 33085,172540704705 1,9924720855458735 97,69670811797023 531,3634038969828 524,8495734086324 513,3310548009221 100,78691348344675 5,466463006644779 0,40567531001266394 477,039873301614 1,9996823605094793 479862,8233927088 1
905,2019859003353 33250,934310823686 1,983278268809764 97,69514197258225 549,5491845479163 526,9842213700842 511,8157638275956 100,04076690920479 5,520548675184156 0,4143340591559481 479,02785727505955 2,0046734467065193 477902,6235834451 1
899,8871981477588 33200,6425382455 2,005682734254144 97,66225762976195 547,1911827662067 518,7321441343914 506,05647205234806 100,01741019018951 5,48786448020946 0,41051245980236317 482,70472539275676 1,9958554002027813 481282,9071177416 1
901,6122317553385 33385,99386105834 2,001385671221854 86,80559552421047 521,9926952926068 519,9111626211815 505,8294963226549 102,24312056140799 5,439112397248313 0,4136032225710195 479,5948176522316 1,9892475063454993 483832,6054294843 1
908,8874941675606 33237,01566196676 2,001200836377928 85,8788457640752 524,7020392168566 514,9808304180043 505,2354917776609 101,67250916101854 5,5177437509129 0,4182590005381375 482,62422085550975 2,0087416891961505 478257,59372975375 1
907,8837272423307 33043,96526976207 2,0162728087454664 92,15927100506082 535,3179678809307 517,8564642537895 505,7674849116203 100,5791035572755 5,493971467595951 0,42311512524395894 484,6855467714702 1,989321310825287 475622,2529673315 1
896,7152401721196 33342,82763513751 2,012491251689386 91,77649847547218 532,1674858351037 518,9749458527341 505,98905161737724 100,91344184022358 5,46890233639034 0,4269653760217104 488,5830616854673 2,00137772547021 481077,09288490954 1
902,5146283965532 32899,101444331805 1,9981954015257595 96,57256097314331 517,1050921273628 527,2066595430903 502,9980465613967 103,01884930195169 5,474172853877577 0,4261987674866695 490,095852604859 1,9931491615789514 483557,6254424916 1
893,7931407628824 32820,55242579771 2,019069887560583 95,37032513159657 515,5076099154979 530,8138142863262 508,16689066707204 102,9921857218308 5,472381430454811 0,4322566756881484 488,0630753762914 2,002569397552737 477576,2936323869 1
901,6864438529874 33186,00443116799 1,9969287706015317 86,61642339610889 516,9183444397117 528,3493288535827 504,7973480548338 102,91489007175439 5,472047714129429 0,43418986955305394 486,65035405052714 1,9769551067108246 479744,0463306191 1
904,1960022894956 33076,441099962205 2,016092387027126 87,29613131226075 530,6991503264449 518,7814647017971 496,40540487478063 102,21465838900751 5,49004852378637 0,44073582000555106 493,3528539356938 1,9972486684247381 476803,486191342 1
894,0560509523277 33147,07278238798 1,9967361402481227 86,65060863647204 526,6130429114298 519,77614615593 495,0715829274541 101,72060779521846 5,4263958585879495 0,43727025443469 492,8230368388341 2,0008987448109017 482314,5167489372 1
901,2611640759643 33012,34459027721 2,006872702150543 104,87415992486221 552,5976799442483 507,0299962068269 488,2110659477729 98,39595084528627 5,451465943988797 0,4438072084058072 488,09323428409886 1,9901765788889847 478932,4100093029 1
897,9618723049992 33012,33984124964 1,9969835392422834 104,53314471822806 557,0286775306676 513,4786596817122 485,611568440479 98,22059187326425 5,486988438206549 0,4507756980739874 497,9905134690985 2,003177128646081 483449,4347939813 1
909,7740608148343 33449,834889192774 1,9863470552653097 82,93761107580508 518,8537956918235 520,2071993076925 497,03029832846767 103,7268183098899 5,424743376064034 0,4480192017548672 495,2872710056054 1,995511775539212 477624,4667086011 1
910,0750575257127 33573,64642953742 1,991378403375048 82,92678632360865 521,0544074103175 518,4191482073442 506,2581455718601 101,94649552671103 5,481051587701114 0,45423720593925143 491,6469350447852 2,011620312386201 483664,98121740075 1
908,5022396558793 33187,87476352977 2,017715970667763 84,74396958528726 557,806242054658 524,4536304397334 503,1792077805944 99,5808306956387 5,435537296091266 0,45460205159405614 495,63258516321787 2,007579611522943 480009,7527876831 1
909,2012400584389 33180,87259290607 2,001076068797835 83,29315070028291 553,7094879538836 523,7024204480648 505,7396215153542 98,56267100230534 5,50993995182545 0,4624633141110024 493,69918637460717 2,0019047117435806 485082,7012052536 1
904,7450041065135 33052,85122307713 2,0042935975405127 83,47487232416414 556,673805087662 528,2551976147217 505,84418999344854 98,73097207521927 5,475649844455977 0,4574605131388285 499,4687639196237 2,0088873430995022 482107,55074381887 1
900,3247096803334 32854,21660594121 2,0122664946618056 83,56197328080643 519,3659160557423 506,8204867707159 492,5304421372825 102,24363765671104 5,438517935296186 0,4669079690862172 498,95495865125156 1,9818675677105442 481032,73706701014 1
898,638919473675 33047,64744379162 1,98884812587739 83,59370661800035 518,0527820287955 503,9151675302059 494,8685436443918 102,07880574921933 5,44243947012704 0,4659160500417311 497,70239243117237 1,9946753779640973 475238,374145812 1
908,3888927777846 32914,86736439453 1,9847063715436466 107,11434391285074 560,8159462504765 514,1179877639378 497,43014553485705 98,88331253416968 5,48287672592942 0,46703489161322775 497,43544897576476 1,9888892722810076 476601,3680401761 1
902,987795736841 33109,74573830197 2,007178562702507 106,87468342601356 559,9742673471134 509,953104976084 495,3588087907526 98,39834978420257 5,4067030905255 0,4732901058525938 500,8811085424935 2,010314042780695 480011,33848964795 1
907,2855980576819 33468,96817100548 1,9966071608802791 89,1650969766921 526,8805329635172 506,1932558451432 488,6817786426286 100,46989671845856 5,449025289083569 0,47048454048774807 500,24719669372206 1,996547040966879 477973,4948919344 1
916,3223305310926 33291,44001814847 1,9964745612714205 88,48202021829744 531,0674464495735 514,662252522456 490,0939255913524 100,35368289753892 5,491896364994211 0,4769092151585841 505,0463098147433 1,9973556548112374 477042,35934919806 1
907,938951625223 32974,74833867099 2,0082351124762057 88,2809988016956 528,197113148481 506,33373466271934 491,9359156007964 100,75155955646701 5,536565153814796 0,4778448116844269 507,8166886126553 2,0084968074869978 470510,50342273415 1
901,9329363864852 32849,977486106305 1,9997351108510142 88,01292128403135 529,1158250494295 502,27243352223627 490,2304752896194 101,38084409087733 5,4403166966500365 0,4833752094931593 505,97188411153996 2,0014782385651095 476748,93393419357 1
913,5947815098214 33127,99879050656 2,0017311893486047 79,64627788126434 526,5179421490423 507,8873968166347 490,6961274552961 101,59462891515346 5,459955193857729 0,48418895813585255 506,73475477071764 1,9908956957305672 473179,548644338 1
894,7784917367092 32990,860962830986 1,9824230747847642 79,41637538796104 516,0637540872802 505,971878481919 484,27993988859356 103,49093081562776 5,461911603670547 0,48900067597847846 509,67076477017605 2,003641623981688 470969,12953591143 1
912,2989552701033 33207,87410878696 1,9936950802723556 80,02870586751428 519,8877697209027 507,9790155187124 486,3286015364489 102,89697146568916 5,437152152328775 0,4878552442772365 502,49774372812993 1,9854075577532677 470247,48575955257 1
899,6350854809273 33093,159479697046 1,9846091378365376 95,94535653719362 543,7643075023669 511,9322967393423 496,4889455020424 99,44487644447929 5,500725931341343 0,49400958291284597 507,338367842416 1,9932177874398072 472914,6362323829 1
898,1702002837966 32965,91615291551 1,999852737200109 95,402379996173 541,5561315897314 513,2461798537945 495,2303062384499 99,94545361084943 5,515923588496124 0,4966367719743601 506,1640786215599 2,001723653606429 468606,8860561128 1
909,3635040198749 33043,47198723691 1,9965352425299339 91,0324976833107 522,0010700588542 519,1253304749356 475,74910050827356 102,7801089764814 5,456565179472046 0,495167002287021 512,2953589264757 1,9804612360343874 468902,6530562187 1
907,8823999562686 33046,200884164224 1,9785345898255526 90,58527063459157 516,6544110243656 523,8417544284629 477,77320380651537 101,76385481397648 5,5081021711018145 0,5051388112510887 513,8458691183316 1,9812708051357508 475447,81393483863 1
908,9306973212871 33356,909441041214 1,992564457591552 105,69007673497863 561,8067927200802 502,53101845589435 482,03956597273947 97,9709144330471 5,454710362879226 0,5041205936470914 509,446197960316 1,9934227633703914 469058,9794058689 1
907,3789691463727 32906,517210015605 1,9899115565014058 106,21173910194915 558,6668332135226 502,8546629179609 486,12499384054337 98,02281824936298 5,452791699847838 0,5099595101357851 518,4299822931143 2,0130327026800106 469393,10278841207 1
908,5457889496973 33220,82579090306 1,9974615960824593 98,31119134814507 560,0916944897905 502,8327424927537 481,00923059433813 98,90737781644948 5,5025784704148935 0,5078655467241009 515,7211426677536 1,9866007579601668 468345,64374033833 1
910,0974400103684 33123,259739934205 1,998223409278979 98,01915760680052 546,8390767725933 507,9307514891629 485,7681071146336 99,71849396366464 5,451039236463215 0,5173006552146312 515,0540231411564 1,99618338375173 470500,70970948547 1
900,386963551704 33110,52869581265 2,0014058624162194 98,65045267433662 542,7368287084662 511,24769161937246 482,9925040783109 99,50644118540059 5,4388607469911925 0,5147415893429822 520,0325219260926 1,986955489051718 472560,7439076642 1
906,5305117257882 33244,77946677285 2,014270092974044 96,13292440748636 544,8138022393572 506,70370756226015 482,0504969877953 99,5873416054969 5,493849465506332 0,5170889747405198 519,4346494546548 1,9990796523469412 471211,9270281581 1
