Co2(scd40) raw_signla(sgp40) aiq(ens160) tvoc(ens160) eco2(ens160) rs1(ens160) rs3(ens160) rs4(ens160) rmox(zmod4410) tvoc(zmod4410) eco2(zmod4410) iaq(zmod4410) resistencia(bme688) Aire/muestra
856,8802833965574 33208,42842774613 2,0131374479170843 76,03570757190946 509,75591557528315 592,771207510593 649,2442199086183 104,47376004212941 5,464950058541114 0,13838665204898093 434,96765386423306 1,9869357226636561 514961,9512268458 1
844,2836240313026 33400,3293984049 1,996283044471457 75,51898434262759 505,0304638860363 589,2410419936857 651,5324402311295 104,13587009348221 5,426739140334074 0,1427997103632801 435,8163093287001 2,0004865225245947 516706,2357104443 1
846,2966143303623 33162,41413790158 1,9986931238703773 67,14655443288764 509,18310147355254 589,5208041470597 654,3644217524371 103,93186101750024 5,501310963482975 0,14211140728826702 436,972327119753 1,995190128491772 508156,33960811765 1
856,742013493044 33224,35222196218 2,012778970722852 67,23400913422567 490,7903157330524 584,7269672752885 649,9414564503548 106,57338843599281 5,552568986785773 0,14883429012139143 438,2250059987794 1,9918525831712768 509916,0003232664 1
857,9137763696903 33102,25423736299 1,9938745031492398 66,42389101853344 493,12351465846467 585,94963772792 645,9366293978038 105,9422355982799 5,483693592720065 0,14800192782903132 437,438937921457 1,9909899971916991 502651,1152029809 1
848,236555581008 33354,49653853057 1,9992188681077234 71,6413008880058 497,5847701695736 586,9428050350807 631,8123232963717 105,28490173469686 5,543187383412768 0,14825563979780523 434,9284471887564 2,002414571621087 507818,6432034823 1
852,5391340151174 33244,24664685448 1,985312607934636 71,67044283491597 499,766219239039 591,4073452702842 630,6662080924367 105,24823511975696 5,467265093170291 0,15547846627734163 439,8077795767662 2,019771475030532 507923,607410942 1
850,0933002908123 33260,04153494759 1,9917276627214866 68,080899813944 492,0531298599437 573,0467710342681 628,2316093933503 105,49056948192681 5,4179761299784595 0,15398634767530733 436,6202556362435 2,0003036928334286 507568,41168336204 1
862,8786590926783 33287,00861650339 1,9924004908342428 67,97529747885038 493,36390611760146 581,8788076328142 621,1978288679999 105,3070029994748 5,45895929692641 0,16215559875017488 435,0757845334199 2,0107581576036 501186,5189514321 1
854,9101219280897 33619,83556483111 2,0013588608147566 87,11367543537541 531,3129705900886 579,3498811584367 625,2384264653026 102,35066138452235 5,463639555217051 0,16085255139960125 437,41669985836734 1,9984475947823168 505968,19485590886 1
862,1808755419389 32972,36978366636 2,011807629630305 87,2991843996674 528,7361522684997 579,0940605627634 626,4893860713253 101,83132616706649 5,529970157893153 0,17006133580648194 436,88966857166776 2,000804383621091 500312,25912001467 1
857,084273157538 33350,77038984905 2,0000350750195834 72,0304271342449 526,7544584706803 585,4626462004591 622,1086147285316 102,6770295050808 5,441160679533945 0,1698979007753148 435,1375158549474 1,987874882960423 505279,3361862562 1
862,9844662694952 33489,81988695851 2,008875177787371 71,7548299113719 501,50482479420145 594,0915312267241 636,2086401350315 104,52275250788382 5,448548911876029 0,1782448515998432 434,58250019197027 2,0057937795958027 506987,1190092087 1
857,1856510522023 33314,61292694372 2,021946232557619 71,72604587087791 505,6737754568057 590,607798683291 633,8963516882357 104,91226286486572 5,472329326661119 0,1798724092365511 435,7917783765978 1,9825281733978986 504452,0308528732 1
869,089423026496 33223,04996347392 2,0226678617356004 73,40199154696599 513,7500486689273 586,1961473968754 612,2828433755399 102,90030683335783 5,455298822268318 0,1796088534135647 436,3225136151044 2,012119279539097 503322,74459924886 1
866,0801242938666 33016,877635107805 1,984911432306937 73,53924172430654 512,7274243179286 585,6796348747852 615,7903474647475 103,8647700054234 5,468036314336649 0,18736641226202816 435,8552342429763 1,9982985100942325 504699,19986389764 1
871,7932710053607 33320,466568757445 1,9971796851936428 66,24435579335412 482,02703057577304 574,1334662649657 609,3705703658816 105,97985163215718 5,484269450597235 0,18797134790892042 437,8165451070796 1,9798014266736808 504422,7648815362 1
869,3689075438991 33187,87164952384 2,0198133282587225 66,32757190673226 489,2228006328632 569,5226073197091 609,1219547962739 106,60364867479852 5,461447372424153 0,197634715922546 442,2675275548333 1,993750945358471 498056,0699891261 1
871,5740714609155 33267,79729364523 2,0035934556403885 77,67135373951173 509,5002559595969 574,1740583449417 605,7481530733553 104,00013752683058 5,450908233930921 0,1982436350914581 436,82114443546726 2,009313143047223 500215,5054929862 1
866,2814684424567 33092,835174766646 2,0026189570955832 77,50114014541673 510,41383096986 566,475191331843 603,9202671810918 104,21277467996586 5,487857278448005 0,2070552152512822 437,1119953323384 2,0082281263312147 498075,4038960001 1
874,4073770078667 33280,22420318843 1,994897124164152 83,38385648032933 508,84990091762126 574,5047550868255 603,2111216185058 104,08399520909012 5,472033939709848 0,2080709455615959 441,1166540524467 1,998316583310804 502685,08818043483 1
869,7770996575814 33422,52303182157 2,0090429996172148 85,31185607718749 517,585309904913 582,5053014237359 593,918979318229 103,24035572577657 5,493991241706291 0,21735878249462193 438,5268994982035 1,9891454322152535 497765,8378498146 1
879,9465078682144 33527,3537289813 1,9934171861253496 84,16067506519165 521,2319235037913 581,510311383505 599,4159827142496 102,38107801696009 5,454048717784675 0,21610248065671187 436,8373318612988 2,004584109032574 502767,4868886244 1
863,0198686215216 33197,64236230242 1,9977148316463185 72,22479704248241 501,6248773690904 589,3504981304201 590,1811103352079 104,41956750559466 5,484620209682285 0,21754914773623518 438,52723988162967 1,992936918825511 499816,2245391251 1
873,2796968948063 33295,94918041061 1,986290637368137 71,83185474452826 498,34794835147477 596,4260910894797 589,1560269136703 103,79509531655847 5,429590096443024 0,22559395200423735 443,38494131671536 1,9970365586154386 495684,2586392204 1
877,956811554406 33430,81893808369 1,9984669182005517 83,14361220641784 517,7795336942893 566,3683739488151 578,8937271493191 102,80963468225265 5,469499472451451 0,22674090776641853 441,8421546320114 2,0057948607905343 493636,4933845871 1
873,149017972653 33313,486572751935 2,0000283511282593 82,18154488851192 519,3319338222641 566,2806489008262 573,6319367898218 102,99315496488609 5,487304988461135 0,23622164941709864 441,5899321627584 1,9943882820228098 501025,489787619 1
877,701985382151 33144,60065803129 1,9922327488192877 70,55150651528893 497,1485817120141 576,6350131168768 588,9823026775955 105,08302180292614 5,471488419190841 0,2383226100538154 443,68676599739996 2,0095583403267017 502760,46782144485 1
876,219371631104 33418,284319417464 2,009477686062327 69,68558328546831 499,04878795424975 570,120203139388 581,9251821581597 104,59307374421506 5,4883739175456 0,2481407027251706 444,7131378960708 1,9930794830198113 501673,9232993648 1
876,6843273771772 33043,85715575358 1,984803227429923 95,71353871025305 498,1959359549548 571,0274193235657 588,5100962680826 105,97837520701007 5,4865372697242245 0,24771306705578897 443,9877406997827 2,0067997389607726 501074,27835493436 1
865,4879250070769 33350,39600877377 2,015677963861288 95,08682005999204 540,502437045765 580,4298008710247 587,9995005892287 99,72336569178442 5,486929273068358 0,26031452994720167 443,35657261092746 2,0187190502319354 501891,91199390544 1
885,1473406396003 33374,29785679029 1,9958926181380756 94,59153639406384 539,4536192947888 583,4693698373236 591,1783830720262 100,59227667723849 5,485527358358947 0,25942545189553046 445,37693762876904 1,9921576458466477 499272,08166198916 1
870,5138022672401 33296,96213761889 2,0115326440077013 79,13606316148531 520,9254889375865 568,222584260072 580,3768174632031 102,9250549062088 5,509496930393503 0,257837261244832 445,685491112203 1,9931475995419632 496726,99372064846 1
876,8031304570235 33233,33382488106 2,0019183759175045 79,72894596752023 521,6297980102757 560,6419805681287 579,5395308515612 103,30466300980105 5,5274390941418625 0,26919972153416144 450,8079266463953 1,9964068088837559 491633,1172594188 1
870,1909981477716 33242,86994950032 0,9974704108107106 90,19219620218118 530,7234689515052 561,7890323206307 576,5187953101834 101,56930510365356 5,43639807908649 0,27062256927129397 446,7629930910128 1,9983298674609942 496914,8795794003 1
875,147339031664 33162,56929242695 1,0000688409499117 90,11608081146514 532,2417367177973 562,7199677802967 576,6596057739696 102,7471506920905 5,47167584274122 0,2807823019595822 450,45791580716906 1,9835270016509527 498433,00182972354 1
881,4335337403373 33229,96770982912 1,9979746557054912 84,28557210133408 524,5037867136352 565,445041417232 569,8044388313124 102,90457917817234 5,4739359434173736 0,2818605034175369 449,21533251386586 1,9887589660132075 501205,2379302102 1
878,7018143725561 33228,78366705724 1,9964070255957387 84,253672487163 520,9524050771166 564,5389065513585 566,5589688614803 102,91109384375659 5,480041960819618 0,2930665322813776 450,561693425539 1,9862908514605981 498844,67084883305 1
888,8801244227268 33333,901573421346 2,013854898548768 84,45468048500305 517,7158706325166 569,1352913778329 569,7794667778796 104,03087978832303 5,457335693894024 0,290829214491145 451,82084947492274 1,99821221886158 497127,0094445002 1
878,9719459606031 33187,97580294044 2,0013994558945827 83,74296390248401 520,7607731799054 565,1184935669085 572,4910737566581 102,4183304196172 5,509373960632352 0,30230366286774224 451,5156457860495 1,998535534420702 494718,42511007725 1
886,40617915142 33485,4124906025 1,9833597979152469 83,60110118804832 518,32359022533 569,1611129237617 571,6482607052501 102,80847515036254 5,468484149851259 0,3039868015373081 456,8074038343771 2,002523501879603 498473,2107196295 1
881,6986468599481 33522,42531414627 1,9940473014341444 84,18952602726998 522,377159804437 557,7607073341176 559,1743423557962 102,99563656075925 5,478951644910395 0,3028146943344267 453,2238571323698 2,0141653655511638 496720,153241138 1
876,3806273886273 33455,637667240626 2,003808447737495 83,79615396266567 519,1973680956299 551,4324540475151 564,7765475386963 103,98403598887263 5,428876767657196 0,31472554135910574 455,1836925495408 2,005309094500293 490824,65054802434 1
890,2819252058268 33216,27892694208 2,007039345575173 82,1152901119877 519,0608967450285 564,3583682780497 566,5636114254652 103,02265485502542 5,468938099328803 0,31500363419052685 456,7417482612003 2,017492395677895 495330,61824863247 1
881,1339234620356 33294,24506281519 1,996747584258634 81,88683715375377 522,2175882221549 565,1905946272431 563,6414067198137 102,93151582376268 5,4908767414898065 0,3250717928643328 454,7921091757514 1,9923709359630117 496492,1386728055 1
885,5260818137759 33103,08061479094 2,0082421210152708 87,41946650157715 524,9403761732499 548,9845725906163 562,4765812526283 101,95958996088088 5,50143463552482 0,32666535739047214 460,5478435155959 1,994879563467827 493334,96415246604 1
881,9308090535195 33275,915224426484 2,0102528729370954 87,82666955469189 522,3326219638549 555,8889979597192 557,7246047363733 102,42818750624086 5,4526549949612235 0,3349484610058625 455,49085913313047 2,008289333325219 496147,38956559205 1
880,5339583671528 33033,35504670778 2,001595577329629 92,37151423906438 524,7144120768565 557,0475060458131 562,7107677819407 102,45243984745632 5,50414934161378 0,3363785362480545 456,534624630163 1,9998758144887634 488537,9959142731 1
881,6621161971605 32755,667727170337 1,994655889309563 91,26558942255795 530,4329800878766 553,4701916356728 559,5521777131755 101,73526274535288 5,470990567039693 0,34740022258435804 460,7480496018309 2,0107604137365205 495108,11778692296 1
889,8336527811285 33561,06258712792 2,0155560058185666 92,83791834103381 533,5124810766031 552,9194142517508 563,6763949694945 101,0936653098805 5,458047697194056 0,3471074769474421 463,75149217195724 1,9870864017877268 493522,4785192446 1
893,8401683666157 33161,578589473196 2,0096314962933253 91,76062941828312 514,4454296709561 554,6260636615949 550,5985193968429 103,87818942662469 5,409327440842809 0,34687251992455714 463,19001831618573 1,9969399712674052 490800,9105249859 1
893,9463775984957 33631,26318418074 1,9937254961063697 91,93645156654829 518,8814061193328 550,9619120958005 545,5306279146789 104,36602635800269 5,449833171937262 0,35845101413925207 457,8589785413737 2,0063734709509893 494330,7927005339 1
887,3351160162548 32985,18602993571 2,000962419632292 82,54162751462252 519,0622416432229 550,6864890040273 552,5198272465897 103,41959089229715 5,491654099662952 0,35748598913334884 460,78840813973943 2,003039240656959 493675,38661379326 1
877,736440207042 32991,336775262556 2,001657319501728 82,48293069642929 516,8431113232041 550,7030099344238 557,2621300673538 103,18607364858563 5,476555951616712 0,370646460599643 465,8765786339586 2,0063083938022186 486711,0089515304 1
883,9733765608662 33164,490907136715 2,0013316925719415 96,19099221067114 544,5211423842596 548,2394269736541 543,6913110403291 100,36404983673533 5,515835782547663 0,3700112323955719 460,29642684476266 2,012057798265648 482905,2489854842 1
888,2037847172701 33375,14014537959 1,9959855339010197 94,75586665868086 538,9496479436518 549,3873815907496 542,7684981287949 101,13207399087462 5,465469901591373 0,37956195983506885 471,25691642221005 1,9837641986951675 487045,1478740262 1
892,3171332150675 33016,858243771065 1,9991592210551774 82,74277817589775 542,6284807682636 547,2636491595148 546,9650143038308 100,47438668478743 5,492925818089966 0,384061991251803 469,25179928051404 1,9900695957494539 489932,3065627423 1
887,1145436171898 33256,99270225104 2,0162979021457113 82,34574282032592 516,8913418284208 546,4723232480137 545,7983197821405 105,05788543697699 5,457032505217036 0,38428318902253394 470,64599460418003 1,9805079437387745 490275,1045539171 1
878,3252337104861 33433,94165424072 2,007551926864367 82,44622094811132 517,470373253566 547,2045248616836 541,6000301296033 104,44740398035985 5,495035473214666 0,3889716039908816 471,52402478933925 2,014826277676009 492658,7999712571 1
880,963644304409 32879,50433890053 2,0069224989237453 86,2506856322227 531,0521869083458 544,0927801322111 539,3856414055689 102,19587481762873 5,488069740766992 0,38847894657414417 469,0775221207938 2,0175103278573965 489701,5723976182 1
898,344787585484 33026,16396414 1,9985713672572454 86,74478206528612 527,5600781696193 543,933738628551 546,8910449539493 102,90805660664986 5,4597521541580045 0,3995305191011116 474,6748844065861 2,02890628626226 488349,8200645624 1
888,47771112478 33170,39353767581 2,001073062383844 70,12096016178825 502,43762487845447 552,1869361544495 534,6141681402389 105,870431631834 5,4989145535477055 0,3938466635913084 473,97925565608955 2,0028586162682176 490794,5034446098 1
894,5277130421541 33401,887179915655 1,9973856734022017 70,13396614670194 501,65108228328097 547,3802667355753 536,155645628603 106,10053935413052 5,508074424446304 0,4076994549283149 473,0707124997975 2,003219774433177 489375,19023242657 1
884,6649329715533 33360,915364383625 2,013228215639727 103,49907971386787 557,1473985917027 542,0598183468029 538,8393861610505 99,71283207191908 5,475110164410355 0,40341698193461334 474,2970344252052 2,000011671331381 487086,7250210296 1
885,4200500212094 33243,688899032706 2,007485487470643 103,42822365923801 562,0225377647447 542,8123378545015 534,8140274098178 99,41953440136373 5,4823040559252565 0,41680563881780963 476,25392404170606 2,009198289175421 486791,3316517322 1
884,9388921086295 33256,54514003888 2,0054616462763537 99,52181885186425 553,7404057173825 543,9874636383556 536,0775128758276 99,94758063531799 5,462595216016266 0,41308011566457964 476,2737892121085 2,0006209827773116 487158,9189921841 1
888,354146432234 33178,176341393766 2,0034605396288745 99,37737472727243 516,0607606131429 543,1445280917042 539,8214993876629 103,53634685676941 5,440447126096611 0,42122033079506915 480,38145198354107 1,9970707324450476 482398,82713924965 1
886,2964353969122 33277,97023924585 2,0101571280397894 99,95532495619418 514,1654377228496 543,8914533739111 539,0218130540206 104,21670093613331 5,508450792861669 0,42327474588359065 487,1157223522456 2,016484723174098 483579,2850964178 1
887,6618690352582 33164,888942609956 2,010103765045243 85,9699754333369 529,1398896882208 544,2705842693514 539,7604002764554 102,01470318446476 5,433347203176916 0,42208678658017623 476,4510032150292 1,9971068186890772 486580,92368758726 1
889,9543228393701 32995,71239179669 1,9910006905895736 86,17357327852267 525,3082445555054 543,8325379420646 543,3125606968694 101,32044133859193 5,476888176699106 0,432261344543359 481,069168412168 2,0203191171717028 485505,19865944725 1
895,5205487890023 33241,56253958654 1,9858427005474615 105,60994623138846 559,0335807296793 543,7800326005262 530,2764761308019 99,72089096542607 5,466309296535694 0,4333335305334101 481,41150887252974 1,9976856662181397 479569,5128941305 1
891,9876697926752 33300,0112801641 2,022642752146337 106,45312254954658 556,1710192627623 540,6188532669553 535,7812179983265 98,90248524305666 5,458655600773417 0,4445431044568861 486,00463593462644 2,013940505782991 486766,7500606015 1
897,9446431911615 33091,60448898487 1,9979957290856032 86,59499849913782 524,9808064040236 540,013171606758 527,7097698691969 102,4533639433167 5,4549422481997505 0,44291825905960236 483,8711049089198 1,9936518127000658 483478,29794890224 1
894,2918559605479 33374,11762148952 1,9929638060160755 85,76853465571183 523,4257807641284 545,1517838397745 526,6072192844214 102,68872848209244 5,463254975272364 0,4527723765190543 486,14697573745445 1,9876847382140495 481376,47923696466 1
894,1845321975492 32936,417422559076 1,986035351820952 88,94916450313669 521,1736844295032 540,9415809230359 529,4374727573927 101,79444899643754 5,495931607815684 0,45398195041764805 488,1474190631513 1,9964650620181417 486427,3090416662 1
886,5035129334702 33428,4487258667 1,9992829114962118 90,34231284425263 521,5959767937472 548,1232473543498 540,3473588227853 102,76874767051518 5,464854227821191 0,45970850374362443 488,972478727213 1,9925286713068793 484808,3791575348 1
888,239989836853 33177,93458195917 2,005419916101355 89,31357990964844 522,8765023620235 545,4411209624028 540,06424973969 101,95346051714144 5,485834821708352 0,4603018017217083 485,30030330854345 1,994989004738902 489799,93762747606 1
886,4052792260155 33238,31646328395 2,0081788832093364 103,5398685126769 554,0346787871881 531,9053440497265 520,4558178100017 98,99314626275111 5,486563141332524 0,4584827597354692 490,76818375934835 2,010089218426791 482432,2498876092 1
876,0467399803989 33305,54335066417 1,9958441191889855 102,98861516086676 558,1047798816411 537,896732136439 522,3943836260587 98,99945962539886 5,491806465871422 0,46569933408403064 494,65976707374097 1,999797069475567 484669,21928283485 1
888,8568306143459 33234,060294039264 2,0056814146619315 84,09767199170315 522,8747703613242 533,1112832156989 521,0175838594483 102,99328925243583 5,416500283443808 0,46735503276769924 492,32596512294964 1,9907654297354225 480245,4389267185 1
880,3248432095529 33069,77196396453 1,99401054245837 84,04930387349411 520,6331085014714 535,8712105362774 519,0837000554615 102,93392896400164 5,492867629145882 0,4733891305066203 495,99898162837417 2,010464405657292 479410,0186484576 1
880,6022296807317 33106,00761710351 1,9879153448451172 87,96626444147695 524,4101786588691 552,9021091881611 523,4629917149532 101,38899228420453 5,427105697259175 0,4703045114339052 495,68808723828414 1,994626272221196 485051,9054125727 1
883,044939973965 33363,24751282741 2,0019021449169334 88,16812305177405 524,8473893187905 553,48455368246 524,7383602101148 102,8173178686005 5,441369645518341 0,48335680564921557 501,9128836234885 1,999867390404437 481719,79612131254 1
879,0921898887226 33098,63146013097 2,002181982753458 98,05602246398499 530,6860054140335 554,0994250802246 528,4701488392828 102,02181978174436 5,467867517975677 0,4848593981660696 496,42015886904886 2,0022112297236627 481211,663670087 1
880,0641972205522 33402,64509936131 1,9955951931255491 99,21706445639495 554,5195944322913 535,5334813289949 522,7369466383925 99,44726892074256 5,463015859419382 0,49066177347680845 502,1740795702183 2,00486816610554 484778,4467410077 1
883,6174650626558 33301,743042785376 1,985491649763851 98,74042445098416 559,4139810065669 535,1816192733887 525,0457227316454 99,49512243815352 5,449608689424759 0,49377715315428394 503,3080777421766 1,993876315081027 482733,20032025775 1
893,7783591872641 33198,75112698127 1,9966990225324308 98,43481478163359 549,3432153258018 522,7099224836079 522,7109478139517 99,7306417681402 5,454711415242407 0,49208752608170275 500,05493378967617 1,9938480539522514 482955,9444538373 1
887,4303503624293 33216,048574586945 2,002415825201251 98,94927788618838 548,8710433610512 521,7933229001828 519,6031297479577 101,03359946712773 5,4844766708364165 0,49419567773108447 505,7613283142863 2,0112920590329786 480563,0917130061 1
888,6850597861251 33138,746390652545 2,0099543441128214 102,43306507106651 551,1795798080702 535,8635957368068 520,8596241369574 100,13254470298354 5,512764681346981 0,4993199324156085 499,6571328937116 2,00285479431216 481387,17515598756 1
892,5837887340801 33079,649563028004 2,0028912969845027 103,55583900962884 555,2711804760368 534,3854062256817 517,9743340715601 98,82756774498765 5,415796883583467 0,5048792689289586 506,4928417453914 2,006264113940239 479782,7826861643 1
891,8491374668195 33579,3993580593 1,98483431320343 108,02256174576377 560,035898336016 522,7793729560105 534,665103058967 98,39255282901141 5,450535045492026 0,5056347157585445 508,979406194311 1,997597232313991 480076,1211088591 1
884,9410191796511 33026,593302451925 1,9791976142556689 108,78333210087033 564,7274010439781 527,0074852522879 537,2736268968195 98,86433663843162 5,461503965646503 0,5086751548646872 509,64853763847947 2,0088509304984483 476795,3158185591 1
891,7686146804525 32770,77005812007 2,0051005140292166 96,95847346381575 557,771920217166 525,0669087774296 535,1661951710134 99,08611967036516 5,4395096946810915 0,512904268889555 512,1650057082087 2,0020298911343373 475606,21034128283 1
891,0116747591503 33358,62101635475 2,002821121085186 96,48192539656867 544,2893606344968 529,2371021408693 512,644790604069 100,53587658577996 5,450995533281956 0,5160819212901667 508,2041868034276 1,991706719143925 480877,181016746 1
895,0292315802022 33202,68783431523 2,009452949760207 95,21439404066797 543,255187105432 524,9468186498917 508,5498167011384 100,41735398980119 5,4935567924910735 0,5181245826862326 514,4229151386261 1,9925455990054333 478762,7594652591 1
885,664671968211 33114,50805554393 2,0068928652629534 93,95725496665717 536,8086615424543 528,0889755714696 515,5573198378015 101,07992025569663 5,458615471359855 0,5163892329356724 512,1074989731211 1,9993882177649913 477726,5126069193 1
886,3080803841842 32898,43472109379 2,0107950240757058 93,37583474485706 540,6014500014476 529,720438074152 518,2470263921776 100,7313286896429 5,4586363384260235 0,5211362692043124 512,8598103723167 2,00280836878761 473571,83444154693 1
892,3684403721094 32998,49015428843 1,9874042331416981 98,52772439171473 544,7357698904319 525,658175394193 506,15724428140686 99,70052715487479 5,466190062514313 0,5240722590934367 513,3188565515251 1,9907546821491013 480678,8332401679 1
891,2475698609799 33085,466407956555 1,9909280623939944 98,49766309484265 544,1177748636115 526,8011669399 512,901016004865 100,79254603969636 5,464779253418189 0,5240238795266698 516,9999684627938 2,029715755114402 482500,48208698764 1
883,5253960842034 33089,37541173269 1,9936097759468567 98,57088708476714 545,1756609179987 516,3431114556229 524,9707193691227 100,7299862324161 5,462989785660778 0,53000781647845 519,8422177785006 1,9842160119073953 477753,26294957276 1
