Co2(scd40) raw_signla(sgp40) aiq(ens160) tvoc(ens160) eco2(ens160) rs1(ens160) rs3(ens160) rs4(ens160) rmox(zmod4410) tvoc(zmod4410) eco2(zmod4410) iaq(zmod4410) resistencia(bme688) Aire/muestra
830,5919454764232 33372,66599824509 0,9998679294620202 31,099842116562836 419,230418875141 652,8481829246791 705,4792615360543 110,93576739027324 5,436296600202603 0,015981872453134115 403,96953212052074 0,9971809609839856 591170,3278707888 1
827,6078184052608 33065,7109600339 0,9986462437634965 31,173955506318688 415,4878347333205 653,4330130054808 701,6691661172009 111,9595411242054 5,522241592870771 0,015982440539474965 401,88774625930665 0,9962272961359524 600210,1260920415 1
835,0947245801385 33142,568362361206 0,9998482186952315 36,33494490476613 423,87224149766337 648,2886671696077 698,9363174119368 112,47519815753618 5,457398696870335 0,01607833936200164 399,8909776672815 1,0017364271679374 592901,9745371797 1
833,7551204104485 32972,66376508519 1,000703906772542 36,07379054282252 431,06517512638675 652,7592754422958 704,9660210609696 112,06461057041557 5,456886066281791 0,01583982149322287 399,0196096796247 1,009124741449551 591137,7850321082 1
829,0387460497709 33354,973838952996 1,000690069928971 40,685674125580924 430,22935688730274 646,2913339327291 705,2476371645841 112,0169745715199 5,472388370969426 0,016151843407126137 399,0655981238998 0,9987946812801564 601374,1910338595 1
827,8030416316843 33295,4997108499 0,9998129244239432 41,019662702971225 438,2253996036524 640,1879133971661 699,4229522922867 111,13060158789717 5,4107593687667155 0,016253090504850326 400,3775793153568 1,004032342632623 596476,0232559085 1
836,0851442252342 33495,22791376043 0,9987055827753264 40,771753535030264 439,6099317919318 647,7788374529822 700,3109153527708 110,40156781147688 5,475718727604191 0,016075155463403268 398,2040884806209 0,9986209693267482 595597,2733182969 1
823,3958313429673 33288,45090277839 0,9973482200934387 30,806687023827394 416,91017063121535 646,6100856061679 704,1045836546426 113,34208209149531 5,50422923325606 0,016179077919347886 400,74967128045336 1,0012010366561452 592354,1775487117 1
831,5210777039694 33079,822444290076 1,0043032567815335 30,61363620191328 412,3433390707822 641,3157026035037 703,3016179887185 112,81646496325 5,439221496832745 0,016690706444407274 397,55241448566807 0,9982079922846965 588098,2209035062 1
832,4148877978117 33176,53719584227 0,9881289912124153 29,822362156543715 446,7026156899295 638,7484882727483 687,7490768962042 111,1680643478324 5,470224383322971 0,016539817319201996 397,64055654399016 0,9944830882424271 592698,2100243103 1
826,6653245152984 33290,91781620309 1,0017934497776908 29,916235252930484 444,08792149358436 641,3009284674458 698,3691821371079 111,02479133665703 5,417901016103053 0,01729303272271834 399,99210131102166 1,0007349454428252 595839,6931854646 1
836,1328662141198 33491,969032983565 1,0010641950200507 33,057026177335594 422,1242581640148 638,7375562860117 691,5460621560479 112,89050015714986 5,484670355376357 0,017157641670043116 398,95473439806335 1,0068102596267574 595253,0793032825 1
834,2989279995602 33332,69338505767 1,001885598414236 32,98584930221954 419,4298764774348 633,9491997890021 694,4855793758974 113,6624230602296 5,371016589020313 0,01740763962583893 402,3910455177357 1,0057901535443439 596887,9686547915 1
829,9275263437929 32981,94958145006 1,000976778268578 43,099660343235485 424,0140998362377 631,8990538211094 695,6212161449894 113,20693406208376 5,472669463944233 0,017167515710401576 402,5093478638709 0,9916447568430083 590586,7567878744 1
834,5794557105986 33047,3069878734 1,0076831296313806 42,78162809382327 445,1488999292478 624,3386832597395 691,2952488626648 111,77364816497504 5,439405650505493 0,017534175352980602 400,08410779720725 1,0011134009051137 595773,201136431 1
827,1853502756094 33276,858102744925 1,00209039703214 42,89263567320724 443,48429739543496 621,2561227138823 690,2827652660717 110,59842217491602 5,42726257069346 0,017765501876007585 401,10186255280337 1,0024852837777902 596614,9970133185 1
831,1403042971879 32969,899918749164 1,0024780020945316 47,00667157216365 452,3600359249032 627,8672126886548 687,9810053377906 110,5850177415429 5,4803187765341335 0,01778645070857597 399,30646225156534 0,9979133937970699 597781,5961803786 1
839,0458700108584 33239,90780010244 0,9980511873976017 46,69545707710282 449,31014212362635 635,7661949470083 687,423000011433 109,47377567872367 5,437684580748706 0,01828231346783936 401,30462268261925 1,0063640372636564 589947,2267652157 1
845,2906717326928 33187,31781938821 1,0045542493554167 48,188368140284425 408,93363028652846 650,1490247855321 695,2897158925382 114,00140464458298 5,439113643094018 0,018227541126102885 396,8262461947009 0,9987087854677447 589573,7413831378 1
840,5044564824924 33156,167968189504 0,9984636843283207 48,322559541012765 414,6383998670432 650,4840950191948 700,5862002420954 113,58416436879048 5,453847809780592 0,018821393520133137 400,48898790269567 0,999180108591416 591096,1697761107 1
833,1662805474609 33132,37060243126 1,0049722128441796 47,90191997726468 456,2009815184313 628,4049359740329 681,8317411324903 110,32017854488447 5,450973056411815 0,018800961565767365 400,75723600870236 0,9942272006650308 600265,6577384424 1
834,1442112095456 33088,1039561863 1,0033303759023287 47,664808405744466 449,72571114301655 635,1566973686093 690,8575601532943 110,42399324139264 5,444750852949526 0,019145235720411585 400,8933126231212 0,9984908136418286 594105,4911144554 1
833,4567164228495 33309,67434907893 0,9982298274845818 37,849909435964925 457,4298493411203 634,6732044919464 681,4792254433796 109,7316795955537 5,447920026254135 0,01919629604787157 399,1959512889568 0,9931958013456882 591524,714795217 1
834,1951955073218 33061,42653042438 1,0020938543499895 37,98204546575785 432,04456377009143 636,1381360100467 695,315171286892 111,9521427888229 5,464190665638369 0,019622032627452938 403,09327712308357 0,9945986270965306 594415,8273777532 1
839,6277773155447 33125,48725260734 1,0003881628754288 38,33651788045434 431,6242812278144 645,011889436581 689,2623190126933 112,11999918661563 5,4968705967313785 0,019578837199577148 401,7406866717456 0,9932495445979649 595290,6435140157 1
840,2336112777319 33171,218247226956 1,0035372580343693 35,11389583075663 421,28190173623585 630,5738887377115 688,0645403227485 112,61744380501065 5,459870267619417 0,019721615243973072 400,6916750773565 0,9995465251818848 593172,519024051 1
826,3350546525353 33534,05976935708 1,0041633472385876 35,12685521922102 426,88335377856646 633,1360026959773 688,0282417044191 111,61520560550129 5,4180674883749536 0,020586354781692264 398,52237697336807 0,9966405851477818 594542,5279343368 1
837,9712015493465 33176,27742312284 1,0025171276547549 31,915965433039368 421,6602964456522 641,719561604115 673,6041691148873 113,36685059997518 5,424432800634509 0,020451190171493064 397,2799026533407 0,9900100137851491 588663,4036272852 1
840,2124569524126 33096,712137588904 0,9963273985720584 32,083147585013705 420,3218910400382 640,3888295160502 670,9769628717934 113,97559357862131 5,464461657758277 0,021033112411881615 401,20614170882163 0,9878830019789678 597262,1508196451 1
830,5596933653823 33319,027677163765 1,0075107882067205 50,834019514958904 459,96520163151354 633,7002857422443 683,609360158195 108,41828582088269 5,4534773608443174 0,021031279172347376 395,9739026644243 0,9988483617620006 601068,4182914246 1
834,1024026989578 33127,039709276374 0,9973475949695015 51,04818415366501 461,3846791726415 634,7203650787067 685,7952298828623 108,90549224812177 5,46084569585462 0,021290623868655736 400,34241550707554 1,0069871195709768 595451,5133711572 1
833,1706515671168 33545,868598906985 1,0028865638754334 35,93538105308442 457,2441589462606 639,1982887540329 678,5979973282774 109,13090815711345 5,4329647904643785 0,02160786791222357 402,09220786942507 1,003111811293833 599065,0528540459 1
841,8429908873293 33161,42213225393 0,9924918277137765 36,15998227513904 429,75266603962854 636,612589825615 689,9051963222155 113,0173765387257 5,486603627417427 0,02187786504047667 398,52770246693166 1,0039970265035703 598727,1844918139 1
840,0467089572771 33151,59382536161 1,003034259404977 36,163933259812396 426,6534971229461 638,8526363870533 683,7072988481476 113,01243577713974 5,439942659380388 0,022069907042616778 401,86495782088167 0,9999826584187037 585381,593614792 1
843,4993605864514 33445,592735441256 0,9997528110448296 38,806737248237 433,7230716799732 626,4528583276369 672,0469034633879 111,76474400073593 5,486926756879181 0,02194928336236811 398,8030981730766 0,9982326215448285 594199,1022434051 1
840,6815417791187 33044,88327926599 1,0039015106736995 39,00869659420977 436,8872412767806 636,212665760136 675,3418442319346 111,74254914230276 5,455687628109018 0,02235466894975863 401,0441201218331 1,003189785156744 594600,6387391458 1
838,4699201741545 33203,30232503721 0,9955023221319401 47,14832503697595 443,99228517839236 625,3994684780367 672,7524346425214 110,38500911137356 5,401981817193864 0,022560367436353625 398,93297275221875 0,9905201337292707 588118,3357853172 1
834,6163258886243 33259,88440691056 1,0024814222620797 47,12491070117219 445,9588119572904 621,3723205124085 669,2380135153492 111,74757723614252 5,50871550249324 0,02283207270462641 402,58117138867414 1,0023488870303092 591753,6190720729 1
841,3161783555502 33036,263048783694 1,0034139992273803 46,26969418409845 446,5321989615133 641,4740881767359 669,5339531692927 110,23624199496618 5,472237514978114 0,022853724351236646 401,82129893116587 1,0011074507440416 590390,4730795318 1
843,5287637100811 33381,199428002874 0,9999948088393397 46,15246973529032 447,59144184189694 649,4437646587849 665,5293454211078 110,90985417351813 5,444740735418932 0,023252395186091634 404,021193483802 0,9921133597142782 595202,337535553 1
835,2149619824146 33279,04868258437 1,0029690265864653 40,03285890012201 443,2505280925652 641,8478103962749 661,952844828603 110,35265125687728 5,457317290905911 0,023165284026775177 401,7071778990618 0,9943075884770447 588150,0487988958 1
837,0853896369141 33316,55067902273 1,0061268662027805 40,080311130580164 436,79670745214975 639,617379532847 677,389220143932 111,08120078877953 5,431579648226235 0,02353982702812668 399,7736019028791 1,0041963612351947 591647,479273868 1
840,9492928301412 33399,07660864207 0,9940070842292409 40,27672547366028 436,44737782786126 642,5078818106799 680,9751266795002 112,17062164437922 5,461042956650163 0,023520123704686514 400,9704300862887 0,9873815461126852 594940,9423179122 1
845,2666553906164 33531,50360961254 0,9986375989297264 40,998901199288284 437,3902312466048 630,8010313269808 663,2864536712912 112,1891173171985 5,451470677095808 0,023394710741493657 401,03095587115473 1,000756903749346 592815,0149164731 1
841,0356469579763 33238,903133109 0,9983240685691583 41,11396853758862 436,0053248224495 626,3995452328666 661,8877926709314 111,34868576104174 5,476070953503167 0,02407887429846944 400,7692173670476 0,9951810086800689 590461,299130212 1
841,5909823893014 33382,22627970219 1,002628811476015 46,04311702464038 437,08277161535625 638,4012614941817 674,6510482356981 111,55956946970473 5,442050678341832 0,024043306279061167 402,62318437769517 1,0058635232434638 597346,5158616762 1
841,0911266312509 32977,53793789678 1,0019290591185555 45,92652446585636 437,9078933063402 641,8564069566689 669,8195293329649 111,02104196640883 5,461766628310251 0,02449538964478596 397,6979909527297 0,995042736696837 594458,5924846666 1
825,5358804721368 33100,6761902818 0,9946989313504399 33,58209695878265 419,50213502657346 638,0573751877868 667,1613415877232 112,98722299446807 5,464843761537969 0,024109192572619023 400,3396308700855 1,0012731556212142 595657,5833900961 1
841,4392063920255 33455,92106574934 1,004763136807202 33,91283331164925 423,5066445708938 629,4362564935926 670,3506418350108 112,96404856463013 5,49435237284408 0,024706269004874645 400,39674758586415 0,9931594179986363 596970,3709180278 1
842,2939107721476 33327,26902152472 0,9997484255969633 36,98685096666893 424,8896408776703 629,7410433301607 669,9251353340919 114,37679942716072 5,424523646545314 0,024720555902520674 400,75485898441855 0,9995657416280742 586609,6936008686 1
845,7086470519199 33619,97743862374 0,9973514812488704 37,15162518714274 427,9194871731028 634,562020930657 677,7748466077758 112,35277089731048 5,461061152035906 0,025366277727372637 400,0985728720009 1,005041365456597 592885,9587552551 1
836,948922300239 33147,10490487783 1,0005889337596763 36,90189196626947 428,1318391873975 637,897560980242 673,7406811381995 113,09589929618652 5,459824470540517 0,025370408976864257 398,5272696725758 1,0035435977016212 587280,0319889935 1
835,1901465625241 33196,075260999176 0,9908205465862346 31,08149894234954 417,61484374460747 629,2507047779458 673,6912942349156 114,39093830095273 5,43904108147255 0,025387481917354224 404,06645375456964 1,0053225362335523 590090,3341338193 1
844,880441463234 33269,5218855396 1,001059577331642 31,08331868353988 416,43526416918155 632,4260115070748 676,4971342306316 113,37607465971216 5,477278636549523 0,025755027525325207 398,3988897087278 0,9946463138046813 594086,9797749444 1
834,0590810468235 33341,57303317765 0,9987298485470013 30,05893523005614 414,77679713518063 636,9008363732471 662,7873521055474 112,4588011360907 5,480585458915545 0,025636445083675536 400,2493183016297 0,9990964167662 595484,7728179984 1
841,151961959361 33089,15415655755 1,0007231680439734 29,950022031162355 415,58451729606924 625,7692573379089 662,9393490766989 114,95750946410249 5,439945424843312 0,02643391569887072 402,1917195596404 0,9989061215109099 595524,2010857 1
839,5095962165286 33089,27185407398 1,006637591975624 47,034638078074074 451,44745172646475 621,379791107314 662,7204196996927 110,51817343809165 5,419023478288583 0,026252592357249284 402,40083759716003 0,9928006541510898 594985,626342442 1
844,3736624302967 33434,068168722435 1,0005109919252553 47,21725283237848 450,94631994894263 627,0630658758381 666,0635642369659 109,4193015943705 5,434011146364306 0,026920487525362958 399,6800134531662 1,008574337727624 594818,1658028751 1
833,223197817909 33211,82514017943 1,003189647463881 37,42282225454371 448,98009519537516 631,4911915572378 674,0310508137652 109,42263440504307 5,478877396304269 0,027044780450319095 400,7139084796524 0,9967701170421892 593646,0961997234 1
844,2656313899706 33212,43552785161 1,0010601590065324 37,124281219113314 431,6287534961075 640,1719594157314 652,6252871779386 111,57867965461492 5,46382350919367 0,0276539515005497 401,2151809559208 0,9922118406464703 591417,2378703743 1
831,8834144547426 33066,54117485146 1,0012461681278455 37,18579437234072 431,2579208619046 631,5470817164465 656,494410077122 112,2187861651004 5,4834580728293885 0,027373838862451563 403,3312857245153 1,002083905074564 591248,3920806849 1
840,4126631130172 32981,30156373767 1,0009783737269 42,34003385288075 439,089162049254 636,2607897425502 657,92320110228 111,2924608248283 5,398613111576373 0,027396551711745935 401,44528836558715 0,9998550105760845 591393,2522957505 1
841,8671193403578 33296,680610592266 1,0041157750160694 42,04205434955966 438,64086868395566 623,6066047979022 660,4845467634141 111,1781431466828 5,503537174447848 0,028304286579641215 403,14355453068174 1,0046372247270048 591261,3627353864 1
838,132171412919 33020,28003863349 0,9940156445839247 44,00442414647492 445,4324171940752 617,2853391770489 657,8039000912628 110,12701968193286 5,49680240215915 0,02838776442169212 399,0702629446713 0,9995212870339398 590054,7462082205 1
842,1611713494526 33240,438776136805 0,9956353625546381 43,94865604772736 447,222281871671 621,8669568990465 658,0009492311517 109,71385638232827 5,448250135219125 0,02820354158026917 407,0963428816396 0,9975044092617927 590118,8568625259 1
834,7438123944489 33113,057499635164 0,9927002003880481 44,14203418627912 445,2135434538411 624,9888652885369 668,3460556086535 111,21812457489844 5,477705092208457 0,02871828044405288 401,8384935753504 1,0006139934899236 590654,4803607354 1
844,0396213247551 33269,63757954777 0,986439810564831 44,107689474587694 443,31439750776093 631,768071195534 671,5232557861631 110,60566456698635 5,4447453359268945 0,028392514187930918 403,09190820168203 0,9961698724242056 586982,1250520566 1
847,3340060103976 33348,78596426378 0,9916874697363657 44,923312952892154 443,90001049843164 631,6693679805462 669,7102533306282 110,56803528965597 5,421253864900759 0,028758405382368776 402,39876705051734 0,9984011483829917 593813,5904101271 1
835,0766483738246 33032,601396480924 1,0026130597907856 44,647461237720236 445,6204138127637 626,1780005694535 673,3794742945506 110,11138288005189 5,43989132005346 0,029251651316969 401,23796295139795 0,9915258604654609 594609,357341319 1
842,7166106087003 33086,71280013942 1,0060879609397604 44,739150700755296 447,6679152404004 623,0438753896694 673,9824129108512 110,1727978277368 5,443021830236137 0,029222175351015258 404,2808627647961 1,0014219374399447 593031,4467697922 1
842,1382528377687 33163,38258233028 0,995991445389208 40,30359159246707 455,4600594712573 640,1645045883539 675,2957419733073 109,76255955250062 5,4952596744876825 0,029259740168352852 403,6133676166489 0,9965454105890866 592579,84574157 1
839,2072752230155 33079,83068452693 1,001859383471326 40,065347282816504 446,6859985606212 632,051400020849 681,4483484392015 108,78269693677704 5,463548786445366 0,0296158350685955 401,98675375940434 0,9961736705161729 591274,7955127689 1
847,4421165342386 33298,66398594191 1,014519519559751 36,71966407609307 430,7949846274663 623,1423639894522 663,7939338238454 111,41616570629355 5,431994622732485 0,029315123808272777 402,8861114568313 1,0055681005470427 588861,1340115392 1
837,1903360857773 33009,56434447608 1,0062533647872514 37,007698911254046 425,55437982574057 620,2261041533745 659,0646832304586 112,21814500684637 5,510457195912775 0,030123012436099463 404,252609940231 0,9947976398557747 585564,2698409143 1
843,5803199483435 32978,15967439186 1,0006915751784053 28,77865454914592 414,4495933652226 620,9827325739737 670,0168669018146 113,8795767179769 5,498578287591401 0,030200478802194623 402,78750982253365 1,001153948567571 582535,800162789 1
846,8017142311118 33356,08215775861 0,9972120468339775 29,14110459982452 417,6699063692082 628,367074446583 667,8611712712749 113,84785070426176 5,426374200002181 0,02988227171312477 405,70849816372316 1,0070187275217057 591393,65593874 1
839,0522819582203 33098,3020353724 0,9920506264855181 57,63104690464813 410,1050947487152 628,6140327781878 667,3055630159087 113,80189667978806 5,4480875315790875 0,029967420958763164 404,5172360608869 0,9977837934124751 593629,4489421801 1
843,190855701868 33326,053131306224 0,9959232482958477 57,43497738147985 468,51385127962914 619,4570693485891 665,5580497908758 108,24018372026023 5,422378264905622 0,03033794910075435 400,35780252736276 0,9979298928685771 588650,7794326735 1
841,7522220731325 32979,49416452881 0,9991181118226027 56,84699423624294 472,7405343320219 623,22447115293 663,7008051816034 108,81714839747467 5,445743646198894 0,03047755626873916 401,62978201587316 1,0031125130361307 589263,4493514098 1
837,2205535856307 33129,61712406246 1,003777661929485 37,97172678583504 452,3970831731477 626,4084696868155 656,860315170126 109,96415440035193 5,445765802785178 0,030149278532401597 404,3725362035321 0,9907285511891647 589992,077475553 1
833,9020586460645 33119,315288297155 0,9914606424686521 38,02073306620735 452,78028678648246 634,4516373295492 664,4609549447471 109,2561617744667 5,471596313262145 0,030473701132053346 405,26203493533274 0,9999875270770726 588281,2515245003 1
843,8337741710845 33231,97000590895 0,9979299655819774 33,96216413508967 424,09349036811176 625,7686669825387 662,5731864048246 112,63639121238135 5,519213955948009 0,0306058029783267 406,1327046940407 0,9976789822027378 586190,3125623186 1
840,9051547436561 33221,488347839186 1,0009577614208842 33,8899555950381 424,65349601177917 622,9476315129009 670,2166275382119 113,74281699933185 5,474410282818751 0,031133457858416796 403,9195721519291 0,9951153423107435 587885,6939167082 1
847,2025290697317 33173,5574536681 1,000555774786372 46,738170070739955 450,23621970077744 617,7979476912886 660,4111616781703 110,10726154728228 5,430949523310121 0,03102509947097921 398,98248126963847 1,0055879026007362 588438,0911115009 1
837,5564234337005 33180,274235059056 1,0042140060868103 47,05383896607096 455,09999607686893 622,5294883289206 658,1297766572502 109,90614195202268 5,424853857596996 0,03189234164407225 403,30125789375415 1,0066937414837207 587755,1055205486 1
840,0263567502684 33293,6489408072 1,0006912988408527 48,00631994053512 450,6376370675439 624,4231233482362 663,1383757476231 110,05463493903082 5,453807430057046 0,03144508142523568 404,2570130168989 1,004075804484055 590383,2483096916 1
844,3197523593198 33060,16062421768 1,0018235892804965 47,72696794588512 456,0273499622657 619,9896840477612 678,2177045107385 108,80125322750456 5,453377091801415 0,03162004802422015 400,550321912263 0,9962577409113005 583445,9015279294 1
847,31585418247 33283,195573180696 1,0008662417740382 48,1966804977843 450,2178305409511 617,6803888843875 681,4641740663546 109,06865228546724 5,420294138725444 0,031654250770754025 403,2427665914288 1,000229361306297 584156,9417738327 1
837,0149325897534 33303,23819576676 0,9924822462941596 36,04020920445987 437,28044417699647 613,3056252678932 664,1176877765733 111,34743611415057 5,488907677923336 0,03176349288933455 401,1459108348752 1,002305736352204 584080,6356254526 1
853,5422510902814 32998,551354310395 1,0065319605883858 35,9938870944559 432,67542297008856 617,1906446798148 657,7902383079197 112,18973412943697 5,462257418312995 0,031863006453334 402,82824265209894 1,0095510967592074 590660,4227866885 1
841,6524681114732 33357,91315497429 0,9948044711555014 41,75573390302575 443,78154246674785 617,7272366790781 650,0082983373286 110,41474355954732 5,474771901658163 0,03170738658490557 402,5764790963232 1,0003279846436084 586442,6754394537 1
841,1903326688042 33528,534810289486 1,0004032860703622 41,82533444693482 437,70458376389087 625,3287074068091 653,5719397022949 111,71561434255709 5,46577228911959 0,03251494040723006 398,35142586162374 0,9981669560105825 596662,0603826891 1
846,3028963830945 33212,78843166835 0,9971289394522643 37,98050106783562 433,810717082082 628,9443991411159 660,3693686411065 112,52403908330302 5,497823143920617 0,03247231088465669 404,2030213435718 1,0031709316236064 599447,6516857119 1
840,8559868615456 33173,113859085104 0,9996439175784291 38,23701569398807 436,4374634217365 627,8054592244268 655,265450465375 111,156188798147 5,454910553924162 0,0323937381709379 404,50002238096664 1,0051117819445803 602966,9662144163 1
841,7445726654635 33075,6995460741 1,0013735111319864 32,11533882541545 431,6413998600398 630,9066982336105 654,0773221940398 111,03162499300456 5,468388349947202 0,03225752637051765 401,69854441626507 0,9956553533787879 590707,6147131786 1
846,7546667238441 32791,41830270074 0,9962284946091083 32,01732378075878 418,86817815115234 624,7994468488929 666,6492712478309 112,89667904869644 5,461632187372268 0,0329564028226957 402,5742510148725 0,9991189508000126 587786,7271923602 1
844,1903628577469 32968,68855817924 0,9929911058996438 32,072403511164175 421,73553765052304 630,2512945208206 660,526608560602 113,13012055244698 5,501781120690976 0,0331101898187169 400,50573997746216 0,9990580981898353 593316,4536166532 1
832,624956157538 33116,59061592577 0,9986135938289503 44,96672796421532 450,1127352880997 627,1108136088847 667,2402187593374 110,161561845483 5,458076561261799 0,03314057179172908 400,7982785106362 0,9948832773614027 591321,5774706815 1
852,8483952545471 33471,20606137196 0,9987763667873392 44,8850715302409 452,9171331079256 629,2689348272593 665,4681689728523 109,90096663006028 5,438709693502287 0,03265089932188419 404,76813008567177 0,9997145719560678 588562,8046924396 1
847,0049283432475 33264,59348294228 0,9956626378288801 30,243966596908052 413,49301044473407 617,3677632386829 670,7022727115257 114,25142035323977 5,461864188431951 0,03257023727668132 400,7778747132157 0,9982022032404061 592129,9989440056 1
