Co2(scd40) raw_signla(sgp40) aiq(ens160) tvoc(ens160) eco2(ens160) rs1(ens160) rs3(ens160) rs4(ens160) rmox(zmod4410) tvoc(zmod4410) eco2(zmod4410) iaq(zmod4410) resistencia(bme688) Aire/muestra
946,4188360631729 32298,708874422897 3,0183231638413237 240,0513424536027 742,5502854155333 422,7520312638051 388,39119290861476 83,81919722232587 5,343204025109069 0,10555386229036003 415,0709858541984 1,9944760677862345 414552,6793370847 1
937,1896044544314 32310,736127148364 2,0170960633038555 207,29949164592094 699,3529905354918 414,2636629466466 382,97017711595623 86,24269908068248 5,360187819505435 0,10498610275400856 418,06885947410103 2,0224918093812807 416245,0107815847 1
941,9799514646422 32181,9890145032 2,0067742489496814 206,56990337154977 702,794120912319 418,5462585788307 383,78553111954886 86,4390943416769 5,418104787122747 0,10850870502758132 412,0220179510079 2,0161152853175075 410355,07525843737 1
934,3052780190575 32375,26864266919 2,0011863866133717 211,90147412848304 711,0513622606269 408,6576229995155 388,4066773604796 84,99297278771385 5,349353542626556 0,10883145148138813 416,7889914175969 2,0256389534376322 416265,28063689155 1
936,60863623708 32213,278019920293 2,004445590892859 212,76744262921167 707,3488583947935 405,207581443679 390,45251430801227 85,32901548903415 5,409375847149805 0,11181322227131925 416,0360100718514 1,9849474904191446 419045,16140402656 1
940,6686531754617 32097,864713424642 3,0044269681873335 242,6021563638496 741,1311664046368 406,0414610795324 392,1617338488052 82,61920527145357 5,41494565155407 0,11408251126080186 414,2749646838697 1,9991868811289708 415111,77206261735 1
935,4996362029884 32417,772141282803 3,0155394642888877 243,0891522020014 747,7150151745026 403,4250146842608 389,97936657916614 83,32450058332792 5,391250064687073 0,11466457735044633 418,45888153818765 2,0131449002200545 418406,1243592953 1
940,3652310443475 32275,65746272074 2,997387417750281 237,79210026520514 742,0446838327749 403,4400718554343 392,0092539698061 82,38386989448166 5,3587744526907315 0,11570623762039929 418,1301304546065 2,001184982928078 416901,2962611997 1
944,5217247419565 32394,599758684195 3,007656246196349 239,77462453763076 743,7835569318954 408,8957583167066 394,1467757401298 82,54164479101713 5,35707596428935 0,1183162630828099 416,8761445992647 1,9983328920041976 414088,3211576036 1
939,1129518267157 32263,002509425827 2,9947540185674106 237,63665187917147 731,7657906227756 402,6825216285985 396,0499659788145 82,84851561901085 5,386018632616927 0,1177876897791339 415,7302038437993 2,0114754235246726 414827,8742360197 1
944,400397703581 32332,937812182496 3,0092166330165693 241,46478665511344 746,7162479811539 409,4680699716533 384,8714302072335 82,32999110327414 5,42005334184401 0,11804319518941345 418,84990692612956 1,9889199036125378 416407,84470067953 1
948,5803237567746 32290,586640868347 3,0079045345514173 241,29011179714263 736,6611328628537 409,1403365703558 384,4959685571486 83,50604567108249 5,388378935419939 0,12075898215929082 416,0520430946443 2,0035646706327292 413851,8168069387 1
935,733866247343 32189,04514102922 3,0073841564797323 241,86045603548445 738,0237762152938 398,4886589212544 385,0879506685119 83,16715788201726 5,384411184471986 0,12099390434395968 418,2218657819005 2,009592224811978 415724,71280631603 1
946,2281623639617 31963,780882223557 3,0212218098974075 240,7053406029944 737,7909619033304 398,1037093814494 381,27699076013613 82,79652063242067 5,379121203865577 0,1233629779910584 418,7834689535722 2,009391513389074 417237,2700964234 1
939,7263715068118 32234,03195993503 3,016028791665839 225,78138384695717 719,0454599153649 422,2378564765813 374,13724868706373 84,37383801246791 5,417260190004446 0,1244691431782883 420,14585525078405 1,9816274320416185 415896,66040371277 1
940,720160841754 32198,484655490756 2,976228601381826 224,2423992921359 719,9909580784448 420,44646764087753 377,0666702394231 84,90566764096467 5,387796208097249 0,12482299817539488 421,92506444168635 1,994184306353208 411497,5381829091 1
936,3413177367356 32393,727990241638 2,0108607495374504 197,39511779068621 723,7129145617338 422,5686013439436 376,17293095849294 85,28330706821784 5,384851172000927 0,12674201846839558 418,02166496660925 2,017377978162217 418331,27583843464 1
937,9876469169208 32141,57666219062 2,0007198844339342 197,66084194051237 689,3461583967799 407,7165274589476 388,45288355789717 86,70524211148825 5,392195390626959 0,1272391665657842 422,3405599127997 2,0087021801817033 413946,60582553264 1
939,3974531729652 32258,25580496105 1,999306780626914 197,46345594296196 690,407260674267 409,44443504221084 384,3928024131364 87,57304252136827 5,376760393970529 0,12862792565442194 423,1259689128208 1,9979188149698206 415905,6063211457 1
945,6151117543383 32334,158084678547 3,0169584602843447 233,11994259521109 733,605686088927 404,2110658017531 382,5000715976307 83,92220809207984 5,342302203344829 0,12746330751083995 422,9302783484515 2,014681716981441 415749,73210092884 1
943,0428365861164 32093,421545351935 2,990461267047094 228,69140308109579 726,9434609251759 405,87080949073123 383,4112515767921 83,04465701576795 5,379399336456446 0,13032180225075926 419,8527657097755 2,0034462550016374 414037,1283542745 1
943,0278221495845 32110,290192201173 3,017803591979757 241,91663867378315 745,9283594233999 399,18960782117864 387,4606336519342 82,95100689358394 5,42551531479611 0,1307340121119984 422,6824264010976 1,992548714698144 413603,4712508986 1
944,4476853398254 32465,859594026493 3,029265826331736 243,03425125163264 743,6084816636109 400,8678191997588 387,21264171091116 83,1974684615791 5,39557014307871 0,133984580224435 422,29804384816924 2,0008180149473085 414009,3298474136 1
954,3677952702496 32046,53937586371 1,9993620505945815 200,90098991785365 695,3280656340349 395,27668637380395 371,76399161348627 86,90384616202931 5,38667438071659 0,13439712308451326 423,88358227780253 2,014197889971549 413159,70546648325 1
944,9371835201946 32435,82262521265 1,9997273853228656 203,16019593988054 697,4839686957332 394,6456623700275 372,06317206333 85,86095850457102 5,363462725867645 0,13605436822261413 425,11896539012565 1,9974284564918163 416441,43868291983 1
951,4274655914903 31843,759801446202 2,004372577567802 208,90308618473014 693,6989251085837 400,92521081934393 370,8411975461292 86,98846983695242 5,422129949974396 0,13725962857197024 425,4810562676576 2,020648511979774 410463,1907201333 1
950,2467437376316 32244,41646415564 1,995267848414316 208,090448780582 704,2469361598496 395,92029198365975 382,90251736908556 86,73998544081915 5,407972937505423 0,13958223293497574 423,4724137482006 1,9996189014033174 414792,50067641976 1
939,6281176907098 32169,0446616018 2,003255707691853 209,6506605232663 706,9622140626857 396,08016977103296 385,3090704149394 86,2059702985168 5,390559337867312 0,14005652279602446 426,0816113568508 1,9788091577196338 409576,0868153291 1
950,0159658894854 32206,596149781624 3,015175827520931 223,96096388399963 727,8309383277915 400,3430769188882 379,1529725367827 83,69000569489536 5,392389404278909 0,14097023353361857 423,82931472528395 2,0018144640381874 409434,65077977476 1
946,2432888002913 31945,15676651381 2,989090210337948 224,59643162596853 724,6416975811684 402,31622886181884 376,77296662268054 84,29564089019681 5,33596134839431 0,1433800650078642 426,02609141196575 2,002970171607888 408324,0883687509 1
937,058990785188 32220,004585678667 2,9924181222689707 218,05245658415976 713,759650910072 395,11841883805 365,85651423715865 85,21893522726793 5,388569469740712 0,14376885678152015 423,95823262071383 2,0197156381102594 409520,32410725846 1
945,7253043316758 32299,848941750228 2,9997640581721443 218,05647711159676 717,9476792662482 395,25314418693034 367,6425029026856 85,10103529275507 5,349501262286337 0,14798182718201883 427,60428712200775 2,001683596731494 409630,58212387265 1
940,7608015901912 32156,953330421053 2,00007298820259 201,6124604808756 691,316678389291 399,890464045235 380,5674299947784 87,31272320122356 5,397808825340696 0,14614375733518484 423,2880393283351 1,9982599371271579 410977,78513507487 1
946,5521465868514 32065,266028227215 2,006895039383636 199,8442178608648 693,0412956874095 399,75994456054383 377,0003247263136 87,8821695617005 5,418189873572471 0,1488740882462409 429,7616636469798 2,018795974074628 412031,1059058214 1
941,664064036083 32121,65140231682 3,0110630260662274 237,00783048024644 691,2672346423155 400,0616611070652 380,81781883391676 86,4748878218438 5,406488522018931 0,1488011458956812 425,10836375612485 2,020608106023059 410250,6436548336 1
940,5537787828868 32463,988827155215 2,9966982608409647 233,9054288341737 731,1976926710624 392,6086304328389 379,02751261628 84,32123750448532 5,39614080637402 0,14986789592513108 428,6215819498714 1,9855468053766798 411266,9989707853 1
948,6197869056077 31800,139889528 2,987843535437513 236,30120281268788 733,7577739350996 397,17368322733086 377,80480847909524 83,69343396826316 5,4708913872430776 0,14955251394820032 426,4392313320398 1,9955061181673734 410140,8278704185 1
938,3283647676124 32246,840519005174 2,007778935270402 217,23565460421452 721,9735728224609 402,7987284828739 376,4363948308265 84,86026306181022 5,362101956817237 0,14926942622815478 426,406379286581 1,994396974600785 406416,2282330358 1
944,0537991774869 32114,804315116937 1,9978663021187113 218,87440995229667 721,2375187401117 403,11953035724287 373,1821116351741 84,07430139704336 5,372813710613866 0,1523303044277543 430,8873016525638 2,0070628685790552 412420,70159412036 1
937,3812872233852 32148,352567255817 2,0029258507670065 231,8375952312936 730,7494853657291 400,21767182340085 370,7424046159982 83,95617852378129 5,39655025016283 0,15221248822974875 425,9069021563287 1,9992634121387045 412438,94847022387 1
935,2948750157017 32056,465863549565 1,9947938118015665 231,45949591894754 731,2659945687885 402,8704119126328 370,6145822170448 83,16011326100482 5,41165761709218 0,1526589350700496 431,0316827152374 2,0041670139665637 410184,7970040694 1
943,5751053379614 32007,583459652058 1,9809520743135223 210,33075622174186 707,6738190281918 404,19741547576444 374,91280302682446 86,60620206472508 5,454856417314091 0,15196652244947711 431,14190620294846 1,990689570121345 408170,71690601826 1
946,9962837077034 31813,787903537373 1,9876444383950995 211,5141554412463 704,272806173725 401,8370310367485 374,6147196185135 86,39148459375161 5,360491570259193 0,15140856976626638 432,20891348234335 1,9894049439398385 409271,3611432449 1
947,5307057038239 32105,704066769078 2,9803935189598234 247,49104816390255 702,6461165097415 405,67463876692045 374,08256302791574 85,98689876556291 5,410498311609748 0,15301340078434247 428,94482966686473 2,003371287620107 409032,56432156055 1
944,8437787287967 32072,464489171998 2,9958657468507073 248,66827101181642 748,4890935449066 401,9732991827064 378,5088796152447 82,83722295449242 5,35143819834225 0,15324561715180746 430,56997655546434 1,9864620445904464 408300,4307808289 1
951,603415934331 32341,6151205735 2,9910819552031436 247,7317454389207 751,9689358951384 399,3391460807903 383,9460310918235 82,36056265154666 5,36951034418102 0,154866597816518 432,81374993204275 1,9933757495552498 410650,7891678783 1
938,1340308882019 32106,901506971342 3,0050561502767983 227,01329313500835 725,674780507935 393,07931276252907 368,370445258306 84,5398912282453 5,346558857013597 0,15491993937465842 434,5713622722295 2,0002563249447625 409189,5320594904 1
950,6293695083672 32097,467675035965 2,994177276859054 228,35916783563408 728,9489850115972 397,11226511210464 371,90227130918356 84,56694227356498 5,3716236312232555 0,15561838416751034 428,92610674679014 1,983873981189293 409420,72423870413 1
943,7319003076881 32174,202438102435 2,9995421147286327 211,13074214575227 706,3281943478246 404,33955767066044 380,3040062899 86,05897637113878 5,422691530693251 0,15546016055694847 428,29770595396417 1,9938977369681246 410206,6044752237 1
944,0947323869437 32306,8406131407 3,0052488880794606 211,32647637102147 706,8006626012838 407,35248500100226 378,05299863324814 86,70548221817928 5,386500628537168 0,15749168451722653 431,73713752172023 2,0207782302505137 408821,3620702247 1
937,0022933986934 32234,55554532882 2,9625157601970633 240,1500708019164 746,7045693789573 403,95786658659404 372,72032499021435 83,04926783650838 5,36738625644122 0,1568811573330986 432,36614602761114 2,0256105792284194 412297,11522719596 1
939,7735868570531 31957,430174011748 2,9944547805777524 239,7942206875838 735,9142586972413 403,08549429096166 371,94998246156683 83,41221950824124 5,469313090199451 0,1575985284786138 429,52592495533895 2,008605487711029 410413,6589107028 1
941,7147359267916 32069,14720285515 2,9874154651149283 221,5569938626405 744,2519632605826 408,49387795117366 373,5461513541029 83,72042134020744 5,396943824981356 0,15876164680770205 433,5800783404203 2,003574259595472 410182,8014035392 1
950,4201490457006 32180,394851660996 3,0255405090035747 222,07370342075322 718,1854708276695 396,41368931624737 371,2795036239787 84,41198535707974 5,401202242748854 0,15779515436560412 434,6192722326303 2,0060030622551994 410416,78073618346 1
941,1969311684051 32336,875113473783 3,001587027044465 222,37437581770487 725,2832650499706 392,62609148220616 370,13033425331133 84,91017964468075 5,359458673991574 0,1593352179215068 429,58529600957644 2,000149248932187 410278,5344880842 1
937,1095471748827 32169,47469675885 2,998013983185925 223,87321681890268 723,0026272429296 389,6332989659877 370,0078958204509 83,97672892311715 5,324632410994339 0,1606027125088723 438,5036043949296 1,9937594478915242 412196,9535095641 1
945,8774285143297 31998,779879989972 2,9953246023279902 222,1478623267834 715,9044787214577 395,0667295459855 372,871678578942 84,80107872350015 5,414748245827464 0,15924781153056194 436,0135954375231 2,0032382970723375 406678,9552558554 1
943,501945018656 31979,464581296066 3,0262235862635762 229,3421680057169 732,3983343146365 399,04531184751994 372,97233487450416 84,35272809807768 5,448361872446286 0,15984404200080213 433,9079897027303 2,0057030143868024 407048,73379101953 1
942,4773276465362 32133,55533996976 2,992633406650529 228,4330246566377 732,1690008988722 404,1872166173662 375,2711308734161 84,38137064336141 5,378745684305575 0,15958923269827965 436,45391623097584 2,002571227275482 412228,02938552067 1
937,8481594356089 32123,448637037283 1,986808717057702 207,45588908873316 702,6642528991856 385,65093757050124 370,3868365098059 86,78169243438192 5,415019386489819 0,16008092678121563 439,56232861679354 2,0021057277665983 414550,61426823656 1
944,31998335477 32206,333067047573 1,9869394572736503 209,2694995953295 699,4760527573305 385,20911051070647 365,4303396081396 86,65414782366298 5,457589425646739 0,15992054589209714 438,2784410467304 2,000257279673887 409113,9108175726 1
938,4067223529415 32452,52020361642 2,0277503625122546 197,8577717850429 701,3205240571776 385,8749012266203 372,5362349169355 86,53161406897051 5,39143244658942 0,16124337261573565 437,4042438597169 1,9854884714072154 411092,64950964384 1
935,074628239346 31859,945996010007 2,0088347422884194 198,8653945885799 691,3546543801203 397,7981337146883 372,5025940828894 86,6644261051348 5,388199268307648 0,16206471462122937 435,5002578752837 2,000490562798383 409562,92186554323 1
937,5316069671676 32113,373450148752 2,0111979561768316 198,11060399070462 687,7383847836394 395,137103677527 371,4706254782602 86,90679608512096 5,369674336640491 0,15984862298676833 436,04822816436837 2,001164877882632 410623,3256638312 1
940,2616677832262 32525,105814523748 1,9948856164577076 204,2904799145759 713,2095279173326 400,0496608709893 372,618146199645 84,79545107413784 5,38973668557708 0,16038992071338357 439,4415272245038 2,007434440615999 409684,8435329964 1
934,4762327412913 32455,884250256888 2,0142068742378343 205,42444022408242 709,2741965411964 400,0676798364696 372,8111237939826 85,13674952975258 5,369289327313596 0,16043917021674997 440,4272904866078 2,0017107835654495 407710,95913460717 1
939,5881960382736 31906,252489753246 1,985723938680098 207,0344018054011 703,5523565141135 397,2624912465572 367,2459500469123 86,59610463306927 5,333758389079964 0,16109620757884435 437,8111745298341 2,0111365789257802 408119,3616657508 1
947,3908431695967 32152,096576382926 2,0116669730843753 203,3228914029196 706,6068585151728 395,36112906395374 361,66319200948277 86,99215043827128 5,387265902772189 0,15879338711625587 439,57652169413495 1,9947835723268583 408339,658302026 1
944,5950015208542 32135,945584487665 2,0022957744956384 203,36869520526002 694,1412508860665 389,8422867862023 369,73419491148013 86,77209123566269 5,386990146033809 0,15971061593951297 439,9210972750364 2,004954245146176 409744,03255367925 1
945,2603544308321 32191,81070031699 2,0016264898952745 205,0211538045897 695,0447168100192 390,47554567024173 369,4650223797789 86,8252927459017 5,399343744084584 0,15886845446906564 436,7328611249959 2,0090562038123307 408342,58950137754 1
943,0145136788685 32311,198643210053 2,0006351188413976 211,80661327034005 697,2571159706135 392,9029801134759 371,58176555795393 86,68687552173797 5,397938891133422 0,15921514528445943 437,3855944993612 2,012571122932785 408215,5762933667 1
938,1655424856558 32048,070106128715 2,015541979438323 212,63415947028528 705,1762464726207 399,8737541955435 371,35849890075 85,1532700082106 5,419540453139947 0,15858575442034603 442,12161291386224 2,0021502448000676 412682,2711257722 1
942,4303791459467 32220,82547206392 1,9770851581660582 212,49720686306156 700,6000065302572 400,99229986005514 375,78862284545085 86,62644741581798 5,417377419052263 0,15838219735316808 437,038057182629 1,9968049978093463 408024,2343691639 1
945,6750785589501 31911,793631801593 1,9924218928888857 223,33174150241112 724,5468525171168 401,0178476733837 371,1559348918769 84,58487852600643 5,371653314291561 0,15887278079984946 440,3597228313846 2,019874973868542 410013,05907694745 1
944,2568163546151 32132,095736487932 1,987903483829727 221,45346795179282 719,375490682814 398,98477379969194 371,6837666638817 84,91396079687632 5,414843250458318 0,1602855833185143 439,1826259505963 1,995784151018441 413838,58060642047 1
944,1147580725415 32309,552585825924 2,9591591682845912 243,04567095973846 745,1655712866512 387,3996943652605 372,32885889652437 82,53893527384727 5,385515751394559 0,15938081517843689 443,4386526271569 2,0177575173924502 410040,1999026825 1
948,1598033446031 32114,48676337388 3,0072511745320787 244,04495636392252 740,3589394394435 388,94222684261587 370,9316426343062 83,04580334812898 5,405355041158491 0,16084869516850459 437,75769593649875 1,9999682448157081 409327,17976809794 1
943,3227784587978 32122,637770828416 3,0115470032371245 227,95745913537885 726,8791713977412 398,2295533139295 375,02339921377063 84,21883605226782 5,369679530487499 0,15810609653530217 438,456204197131 2,0072917923634113 406013,2028044976 1
936,9506773539548 32103,23051722679 3,0014787492289443 231,0876314926159 731,0401197042637 398,2467945032685 375,7096451701711 83,99317007936334 5,395643034270926 0,15919417443512285 441,6486499043713 1,9817511728714179 406954,34422086633 1
944,3512920175525 32341,379161594596 2,997065706522699 225,65910229989336 727,3641276422462 398,83464127242155 374,444495441143 84,63300396070098 5,387562771056293 0,16007611935585092 439,4155641033367 2,001877840840615 407224,83504034544 1
948,6607696792515 32195,806451617707 3,0236067529905357 226,7758326265503 730,7830191839128 396,1674006222784 372,093974261914 84,801495381373 5,420743454288891 0,16071157924671417 442,75985757021914 1,9795216701051916 409946,66259987926 1
943,8458048003321 31749,656469318194 3,0019527631256238 226,6188810423735 726,6948270804371 396,82383553728715 371,3376075541248 83,59094911256462 5,417685624254268 0,15994768539675333 438,07659002745504 1,9908815655878416 406120,39334493555 1
942,941384811766 31937,124731549684 2,0026478534657075 223,6288495218166 723,7163774096746 384,40557883862454 368,45784091828773 84,4939706131743 5,363720085434325 0,15902877167974347 439,06602018241693 1,9939502827291755 407474,0474471675 1
941,9839144699157 32133,727361939025 2,0105747391874864 224,71574986156475 720,7127846001367 388,3346157348938 364,56034191738746 84,87865287507711 5,377441791725784 0,15865231505273064 441,55181921970114 2,0068605801805974 407197,6447243159 1
938,6858496360231 32021,259697099053 2,0087353361723457 206,53980374975768 701,3368724372713 389,81362598888114 370,05582261356017 85,97040403316777 5,397055791128555 0,16147445977150932 439,4341384690451 2,0217222896737854 403240,8775057735 1
951,7277384529916 31783,70598065358 1,9951745250438835 206,59664118568165 701,1972585130467 393,5143767631463 370,1705409068899 86,40257258428032 5,43188946241937 0,15968394019473994 436,8156084685388 2,018162895254629 407111,23408236064 1
939,3165914801103 32014,2416120234 2,0104875243333336 184,2220892885403 675,07710119245 398,24146327520657 370,2648677479061 88,13084785653274 5,401985559592881 0,1603147924380459 439,26726475403007 1,9876758740684644 408505,56131384615 1
937,1060431957267 32217,93246889128 1,9942389196227035 183,75749750347052 675,1412328531574 401,9041703263883 372,0953954322441 88,89662113140622 5,396757082804312 0,15853006627113891 438,2915896682789 2,0048545193014555 406049,9452951938 1
948,4831232947157 32162,020766695572 2,000823863734375 213,01827294068224 670,2582828078154 395,577611589018 372,3650108454194 89,61325908281542 5,430325378465655 0,158786857481247 439,66541663710643 2,011691817634683 407997,5410705401 1
940,1106186672116 32068,91152161388 2,0021326652334315 213,10248423286635 715,9708713164254 396,51675484609234 375,97517834673965 85,06347526722767 5,387551062099804 0,16104953140410014 439,7741894753653 1,9891714593481142 408783,8462777062 1
951,5410645480735 32410,98644522297 1,994646460330097 213,04116567733448 723,1817394196057 400,0014050084005 372,67093103561206 84,07295406578774 5,416357011116882 0,15910472704516218 440,99068834395456 1,9995702268946174 404076,26594526484 1
940,5501337494956 31968,78049570195 2,0041078397232024 238,05543709765354 740,666758932579 387,76742309474685 375,28115150746646 83,50260219975077 5,430609054856927 0,1580605317125974 438,5807545084533 2,0011082066427175 408325,87593281036 1
947,5930179462428 32429,505706642485 1,9925644345510707 238,516074141957 737,9151829427034 387,7207673759322 371,070283197099 82,85492597638678 5,383500786379118 0,1569217504551089 440,4875564577992 2,0097187827713765 410077,2511225266 1
944,2504845550711 32030,560930944455 2,001981765214359 204,19256649030396 697,1927965495094 390,4447587164497 369,56201231541536 86,12389155151335 5,40728744830784 0,15763601590527374 435,9793098074551 1,9821862192447472 413801,55646649905 1
941,3629243192921 31976,906804959468 2,011998474929612 204,36404275134163 702,5153683769471 389,26992358967647 367,7797125284032 86,2129870034667 5,319833065358399 0,15711180551002513 442,7063495965907 2,002941207384518 409516,5620149522 1
936,7605481583875 32264,129385307602 2,008365335503706 184,33857717130297 674,1630194908442 391,7455022890579 379,9538649768066 88,7324803158974 5,343566648501425 0,1571329024904305 443,64959169969734 2,0187652034456587 412535,685595262 1
939,8297777193288 31869,98223892125 2,004414178203995 185,6432184751411 670,7391756627501 387,39204019094296 378,78041149023187 88,53227491003761 5,4137255580443675 0,15682541368474673 440,42654938924306 1,9953252353977007 406397,6668156703 1
944,0234172392989 32244,461023334028 3,0116806257189213 226,01872564991402 664,5405034588648 389,93429952703747 378,7999075299026 89,43272722606552 5,385383066970104 0,15746585865759546 441,45460318773667 1,9856080551186175 407091,9012876276 1
943,6455466710383 32086,810834589687 2,993901296361167 226,20060833199062 720,8360814202591 394,9365243071057 373,3610563067791 85,03727068833334 5,3868802243077845 0,15600957052111147 442,0162097214597 1,9933251409816402 411454,71819532564 1
941,8615153547488 32219,512818122123 3,0069459442230406 223,9586075245205 720,3154311383632 391,5963825075 371,7664777606516 85,85320728813959 5,383500747953876 0,15706996718016103 438,60955856925455 2,0048802068633274 405719,89150260884 1
