Co2(scd40) raw_signla(sgp40) aiq(ens160) tvoc(ens160) eco2(ens160) rs1(ens160) rs3(ens160) rs4(ens160) rmox(zmod4410) tvoc(zmod4410) eco2(zmod4410) iaq(zmod4410) resistencia(bme688) Aire/muestra
824,9398330531275 33126,747366309726 1,0006839817183977 36,73502631718441 429,25929599193194 653,2914169772172 715,7804508897772 112,16730200992424 5,4752527089087115 0,015888003025590444 399,71233268663264 0,9948511544101704 593749,4475394145 1
826,0351476334439 32988,13017477674 0,9960941044184228 36,17424187149432 436,2083162560722 653,2020015878454 708,1383253258864 111,2348783939897 5,451830495263897 0,015909957483862893 399,44641548563374 1,0032157295515856 589472,7482243822 1
828,6339405886999 33279,67604806015 0,9943654531208833 36,06592344634775 434,70259820854574 657,2430648101193 718,4196455459441 111,06494057280777 5,458482311691792 0,01591201902573853 399,6299128018182 0,9949488144561595 593420,1191383698 1
818,4040083527337 33281,59441137229 1,007744752536781 39,214717570731544 438,3710348203243 653,8666106167303 718,829985003856 111,71290198696444 5,492576134369091 0,015971931180527008 401,25294635566036 1,0042418616133517 598143,3882715338 1
824,9204636457857 32944,66128905922 0,9941964601613039 38,97328326963348 433,50195209497514 655,0558858491263 725,3108747236092 111,48104165539806 5,452310762126939 0,015933429620705312 399,9982785690296 1,002783995588755 602028,547664281 1
828,9058418454907 32981,930260528505 1,0012661036193717 39,28557802595793 432,5551623074946 653,6986019542551 718,7818758331725 112,50622776773106 5,4896313886803 0,015806038650771882 401,44794856271295 0,9939573944252326 598699,495368098 1
830,2313269023523 32995,88278168437 1,0047226120496646 46,96450344151089 456,0446926379535 645,5352654663454 712,0520495364459 109,457437116674 5,428645961689091 0,01579780402016912 401,1859263379832 0,9942602812264357 594397,1939577553 1
833,6059025552762 33271,295047059604 0,9908497511574733 47,271830554483465 455,1097799652948 644,8831195351395 700,5247249229517 109,7967086303356 5,399137178503412 0,01587449059582578 400,21627738862577 0,996550715384004 599137,8795533528 1
821,5171443301632 33503,45340569901 0,9925117225401435 30,90030609204486 417,17416313041457 655,4294520034737 708,4252076730392 111,69479445316672 5,4591000354797465 0,01602437666143919 403,7002702390228 0,9990070524393323 594974,4976075734 1
832,2205664947151 33085,11756818074 1,0056592538572706 31,177650541312815 413,0904694085659 656,890460003776 706,4224598080473 110,90002314401993 5,462316556063755 0,016036241742106615 399,26822757858224 1,0049742990004502 595777,3276011299 1
823,9366323216002 33092,11534291156 1,004648298809709 36,07286884283519 429,35015930492045 655,8402529809165 703,056243091201 112,33991283288005 5,489097126662018 0,01601403343470054 402,8505473313203 0,9977680662506585 588203,9366671838 1
827,8514630701648 33523,405807591036 1,0041342974626373 36,292179081844125 428,2816225414156 646,6431293499934 702,4857366614233 112,39088063893429 5,478142205230939 0,01611494563388387 401,7494923813305 1,0016825419195587 593570,8759807266 1
826,6660078594759 33150,8550805171 1,0020410372104935 41,34526484732597 429,16654323397574 650,4039341492438 700,5542160875228 111,66730822735605 5,481596111110274 0,016063086844434096 399,94477141081757 0,9853243615333778 600850,8825564306 1
828,9922198139851 33291,79997785791 0,9927167185404576 41,25734482952207 440,80507435763406 646,7704921893182 702,8213180195744 111,1709399587295 5,481620520904071 0,01633899775104726 398,6232461567835 1,0062271603556412 607359,6235299649 1
826,2390997875013 33341,7847664921 0,9986580254385683 40,93044883782128 441,7316247684733 645,8170013797574 701,3767545789322 111,34086458558698 5,474431137446122 0,01621491710755726 398,8568669063816 1,0000139395043965 599582,9873996696 1
828,9019647397164 33183,10287037633 0,9950752518652397 31,16386630440521 418,17268872325974 645,0535120827752 709,9570839001469 113,5353418111531 5,435009801371397 0,016103430544442368 400,46895191677515 1,006562449703124 597080,1330794645 1
826,9129288108943 33309,697893810575 1,0040891616162646 30,97092760977622 415,00589951254284 645,5033750343363 699,345250592441 113,38989438584755 5,450152022389849 0,016696320915873347 401,4145745334015 0,9978961029312069 593652,0771156375 1
832,6678733783867 32950,81426982601 1,0015612510924596 30,057067651199322 445,1103666743716 642,4634520384083 698,7368323454119 110,96990135999478 5,443323054991164 0,016830605680938852 400,96561571631435 0,9948551974274817 590545,4789345466 1
835,6462855216736 33198,90048108664 1,0014893061717547 29,876347958519723 441,0163741453038 637,4055798234423 695,7756314110641 110,17094815881532 5,451496124652546 0,017091385574309507 396,89349748041536 1,003617310276413 597750,9487495979 1
835,0816360653433 33108,79877929015 1,0045719587896886 32,86364349168844 425,51427797059466 640,38605083653 693,860105147661 114,22371600607039 5,461462625109048 0,017039986378189105 401,00524039054244 1,0053355570277949 592369,0959405152 1
832,391870517277 33269,95349162667 1,0077155738609196 33,05580719311155 424,36960052221434 637,6223278737143 698,0304229158891 113,80921314321625 5,472347107453306 0,017323162192558916 401,73609204555964 0,9983067320112766 593498,2327795904 1
832,8123405039227 33018,27062576569 0,9952272924116807 43,26748750400872 418,9720825785127 637,5658381541468 699,7176991833451 112,52697724429689 5,412812532247002 0,01729479262223977 397,2358930374481 1,0012876814327352 593355,3413843355 1
830,9039149668768 33253,825068190716 0,9906985348712947 42,95163480990811 446,1949209119141 615,9319204992609 688,1347233110256 110,47691160849465 5,489508031100061 0,017826449296575578 401,97416373591403 0,9923093249691456 588202,5558186187 1
836,7536540636755 33357,51302501417 0,9934396761831237 42,73477287473545 443,32535541064595 616,8944524663927 688,4787623231448 110,97330175151934 5,420590924708298 0,017669473895068465 398,976603831715 1,0019477267790147 598861,9426328317 1
829,1515274965979 33353,736063265016 1,0005965757203015 46,834783444501994 456,1719348863397 630,9418500151193 683,9975692872438 109,23498355350776 5,473313356503616 0,017848950477421972 398,2036811612416 1,0078680053749696 600780,6775863639 1
829,70185499681 33316,22015331226 0,9945995957530303 47,0074696810445 450,89031145347036 634,8199917684105 688,6083610669024 110,17757826765205 5,453737152698165 0,01823688335749947 400,9662310315675 1,0032009499390606 585452,6431000788 1
831,4691008015537 33446,069454995224 0,9957519713650147 47,95824848868725 413,47261888760573 651,7442980379877 691,9951120067041 113,78387345316621 5,478848618930369 0,018348335711678654 403,23653729304533 0,9962323913412526 586701,7568973685 1
832,0124260299638 33207,123804018105 0,9961125987532444 48,24310175512229 414,2843291011141 653,4518198330553 692,3222759505817 113,24312440629095 5,478705988177193 0,018727357466847953 400,4113468176153 0,998816634692902 593059,0253574315 1
843,5326878884534 33267,245841607146 0,9863802433495963 47,763953405317494 452,85470349252245 638,0790833498005 689,4907790626357 109,50145231168236 5,433914221134125 0,018876303608083633 399,8781175387818 1,0014859422942997 591024,8207959034 1
834,5737139967993 33649,52077148456 1,0043623594483437 47,67619344637164 453,0880494340581 632,8914708682291 682,9311374626895 110,11338684027407 5,445581866188997 0,01895775449088868 397,5357531004109 1,00287578516745 598921,6498957174 1
829,7035212469957 33284,47684759653 0,9960683326786898 38,408450361486715 455,67427357295225 629,8792426491809 687,85186430633 109,52256287315541 5,431597965131919 0,019256568126021514 399,30373148978754 0,9995992711294539 592914,7345940049 1
836,8922532634032 33248,96983402701 0,9997018063092953 37,928048573771676 430,9879311167874 644,2149118760301 685,9411687404961 111,92228316714305 5,4802897500475085 0,01975401547618485 399,8286032011757 1,0027992182816765 598392,1046868707 1
839,7699393804762 32920,28161618186 1,0009133113767263 37,67982098440986 427,77869135746363 642,923222242278 691,3183895623208 112,67628306648875 5,413069713592637 0,01969588720285753 399,46300043315915 0,9997130309594685 588965,584843059 1
839,0475070339621 33308,640199136345 0,9976564721023187 34,679594360255344 427,6069755348149 634,6011820337409 692,4662396660269 113,87994582716675 5,422244453390361 0,019661860882660497 398,36110986834893 1,0079876795634573 590758,360524879 1
829,2346426526825 33064,249000549884 1,0048231150107663 34,731743814701304 425,9231814420844 632,0636239567253 687,6370640110014 112,78773810578504 5,505423924354684 0,020557116201526022 400,35470874983946 0,9989427475773782 600277,3831591588 1
842,1492723789863 32972,96822040271 1,004524801522093 32,24785969774392 420,6475708865498 642,0445293036904 675,8983483257562 114,41468070309543 5,487533696945665 0,02048754901820884 399,55585635902025 0,9955192492461163 594070,8560798827 1
845,3631848200426 33506,44815254931 1,0023394785792996 32,274422623501614 420,6873052358443 638,1397064427127 671,7325313754249 113,00922389288743 5,429575084329539 0,021159740941649137 402,64367442616555 0,992879619833709 594930,2828174016 1
843,2059486444999 33308,217974644926 1,001218372690147 50,886619708180426 457,6200672983486 635,507108226305 675,7204298134099 108,96124279523383 5,466235563945299 0,020983314229223143 401,5239310689097 1,0053872996286464 603437,963481411 1
835,1221584526305 33006,63408275963 1,0040856294111056 50,86441913268993 453,34958424112176 633,6740152596175 682,0826636363616 109,51995785818671 5,499042837469142 0,02146467658544203 400,3955318110145 1,000865501530568 596682,1750595898 1
843,4906292966891 33282,27646975603 1,004779642765929 35,9472507005377 457,79312541876516 641,0239017200543 681,8702942722281 108,27128701146727 5,428336378581685 0,02128812348999444 403,99217986688336 0,9967302293469097 600245,9953658694 1
841,5471697059452 33157,81859513239 0,9970727973114293 35,90490531234094 426,29980894991013 635,2380073724515 696,2966266314132 111,7543793109194 5,43615621338311 0,02196628419618938 403,224637093318 0,9890430689377663 596864,1112803721 1
835,8263749133554 33264,134769475844 0,9998091786565261 35,9130249339022 428,44767921610475 636,2189414844505 687,9248284511025 110,86197115425125 5,487977669521998 0,02162539971952862 400,7514392572385 1,0029766620903582 595645,7601602287 1
847,7662046581991 33206,78225473472 0,9961113256878021 39,01411615339046 431,4239581791204 634,1264621431043 670,5506241168367 111,60736745263931 5,454281052672905 0,021853792732554698 398,15554605798 1,0012214091224203 595050,2376067619 1
840,7191667290091 33332,16968397668 1,0005238875520375 38,81285168660826 435,1928459318356 639,1834689013774 672,8817787905828 111,34741469483558 5,465063794295029 0,022449680978977656 397,8065464211918 0,9970893049792401 592141,1452619354 1
835,0091317921308 33197,437025125415 0,992671814745055 46,95964242550854 444,17432961286113 621,923092022769 672,0344747484405 111,03435700236943 5,44100830220419 0,02261081229514872 400,1894372011054 0,9996495067187567 589779,0055311858 1
837,2842368583478 33237,855616914545 1,0009380653076638 47,39885447668813 441,95457965756975 629,6122328013386 672,9568723275906 110,99183617960762 5,466328130334401 0,02284175966168433 402,3999748628786 0,9996392713924954 593334,0305553867 1
837,5868763993398 33390,89781927425 1,0011476713782743 45,545502714534926 448,68495170412996 640,3705074172998 665,726947902809 109,43195745734451 5,449401577868027 0,02279771680445468 400,2719508810811 1,0082032752345989 591854,1369914874 1
841,9430960851493 33405,3197588991 1,0039698394433854 45,93074981902148 449,70691560313367 641,1307569024423 665,0515669782243 109,80427301041244 5,448383078998463 0,023030997662027767 399,8750513385157 0,9971921006721042 593921,1448752377 1
831,7031357536868 33115,95388928881 0,9977873568700382 39,79549582117529 446,64388410463073 645,5921204417256 664,7582743444566 110,44105856904156 5,44562015675718 0,023145379744080454 397,5772571247794 0,9979836131468768 595145,9555540325 1
843,6416820174384 33401,08092184421 0,9959887512670361 39,79743410166387 439,4144386132952 641,0856060051873 683,6910373941288 111,90453875442074 5,4821595243789 0,02341735917008865 401,52519415189835 0,998507658745725 588503,317157121 1
840,9780153025346 33569,81535844492 1,0061939544251106 39,877539943383276 439,6706117689683 642,6832474310764 679,4134830876994 112,31101863907631 5,459667162118583 0,023498312148685828 400,41970862992633 1,005221494028753 589661,5230581058 1
839,9378442469939 33026,07841664897 1,0113025614007969 41,040016691254195 436,00570786051355 632,7116994545297 667,8654483098071 111,92100065056233 5,449483563219734 0,023688271987433004 397,7509805518743 1,0039695180335033 596978,7765165162 1
838,3160608917362 33341,21346371021 1,0070046600234577 40,731599366428824 437,9307939152479 633,6603087004671 666,7975609621813 110,77147739225316 5,413238848051459 0,023923183316057698 399,2535498113399 0,9988868321520564 588555,1723235733 1
832,3605531198286 32933,95600742496 0,9884069805095385 46,38176882627996 441,5535292573602 633,7451711697645 670,1957867933061 111,09913488370077 5,391906693693628 0,023874469137212185 400,13786856851294 0,9995292016377394 589819,7685662104 1
840,5601732258317 33144,3146406042 1,003740324465282 46,314289315991516 438,7732483214425 634,9955971237058 673,0236360653187 112,15415782111302 5,469938354925286 0,024543469636398217 405,28128290002536 1,0046561964719782 594575,8232965139 1
842,0349999504215 33169,7418991294 0,9957229244235968 33,83221793643703 421,2965379976377 632,5899434618618 665,5469902226059 112,38485837276767 5,467524377545035 0,024281947881363813 401,73331617372276 0,9971628411379764 590849,7361237082 1
838,8369544825822 33133,1523685791 0,9913010708029094 33,733309110893366 422,4808504499718 634,6735270806108 674,5587478324252 112,76965552401164 5,490099597128489 0,024711826645808833 404,8256044871952 1,0057726556194313 592681,7864193149 1
838,3481196753166 33102,333008427835 1,0044866070869762 36,962620696029 420,30019201313263 634,4911510238563 668,6471342428716 113,33612939978455 5,426016542931177 0,024717932353286495 400,0814059195454 0,9946703086184145 591180,9838169576 1
845,5485988563996 33064,13767028413 0,9974474618696001 37,07114728471838 430,0180254126157 636,7456652824053 678,4826078280141 112,78059300263418 5,454076421529782 0,025248615357584304 400,0232138801849 0,9988287023265252 591123,4367002147 1
836,16455817685 33132,21608501759 0,9975722828959263 36,79328099806347 433,4191577104778 631,7930948312621 676,33629342969 112,85176894449098 5,457148965992002 0,025543798103776147 398,8880998815964 0,9965406600495718 589819,4208041674 1
845,4532439760785 33152,66656778076 1,0032950763526787 31,237919852942 415,8440028789186 639,2724176346221 680,2941702298589 112,05220535031711 5,506035400556101 0,025560277083365418 402,88248455668173 1,0037832015338364 589772,005318289 1
835,8393219897079 33173,34854549251 0,9938082131678653 30,971144643258416 413,7586398088826 632,6247385364667 675,5082434005575 114,37219448674739 5,476629093579006 0,02594368331465925 403,57491805555395 0,9965277383637128 592702,5338765584 1
847,5429761853302 33454,3928027291 0,9996222946508797 30,076385795009138 412,76765941177405 631,3053330991138 667,2449988534726 114,53538866219756 5,4671156739088005 0,02587108316798419 403,9949727961476 1,006862472603095 590563,6879042829 1
841,0776626413198 32940,72758240699 1,0057246262463615 29,97901804212854 413,1644833329386 630,6733167072663 662,963727874326 112,94342008838854 5,458488888005188 0,02611424690878679 399,3472877131312 1,0005767409040291 592594,398539309 1
835,7562781146689 33543,742407599115 0,9958745238433789 46,96780964273687 451,9898220242352 623,2214634626398 674,2849256555443 108,84423171170707 5,452862855473958 0,026355056535613507 401,2044650773956 1,0055890937881646 596861,5934465328 1
848,1637086116548 33170,49159509282 1,0000404024692688 46,677822090545405 447,0230269438356 622,6827986099462 666,3495568484682 109,11195686888058 5,453731775102353 0,026971371445997483 401,4426478988737 0,9957029101671364 590851,0124485489 1
837,1020425228264 33235,734254579016 0,9940137993648945 37,152345501945724 454,73764817168455 621,1925010963016 669,2340156520744 110,43584644726026 5,480411419478205 0,02684979382409114 401,2905158767999 0,9993259857078359 587261,1396732458 1
840,4311323973228 33228,686993861724 1,0015103549894524 36,966579870774694 430,5167906692297 635,0795164673594 659,5639466194855 112,25826933115151 5,47582614744699 0,027378074378035848 398,7387524779373 1,0072286668338972 590864,6873773191 1
844,1017670770816 33100,44816215037 1,0004296226040015 37,27370636189755 429,7088237307256 632,6600173766592 658,942484284947 111,68329502844604 5,452959193102748 0,0273629745049046 405,0724171258716 0,9913815484585847 592252,4801158257 1
830,6123159242543 33371,01601112381 0,9998654928535087 41,48876042874967 440,54595762665326 627,7506617140072 659,2198143482357 110,45585561598216 5,4436278608116915 0,027663986462563506 398,6895334387577 0,9986286287602592 596128,5154206462 1
843,144789938138 33250,756280932444 1,00061532161601 42,01756705418872 439,7894735037399 629,5103278118019 655,5566685738496 111,09401935693765 5,460963744306051 0,028240004641771867 406,0925881687904 0,996601637965971 588442,0728430733 1
832,7243091010979 33121,91890176362 1,0002777375112 44,20955287629706 445,7032455110959 622,4062255806341 661,1870430763491 111,37825324120976 5,477765134924336 0,02823189866678363 400,6141817104401 1,005869026093629 593316,3298943917 1
838,9611805584038 33249,78193681886 1,0004564616525238 43,8852876536114 447,86102598724676 616,415062135244 657,8533923482673 110,96457859474799 5,439517357792918 0,028361973458616758 404,66954056855445 0,9875313492858067 587704,9623989519 1
841,1895577138415 33254,91268183801 1,0015399143061545 43,9514560162443 447,10304492855937 620,1159732708475 667,5627609041572 110,2657571860007 5,49955158634546 0,028410876029548573 400,069795837487 1,0056223679243401 590744,6336167811 1
842,0966442029104 33356,03107424098 1,0007291417895283 44,05011435330274 437,619590472063 627,954968242616 660,6227456342325 110,75560296711254 5,4551916649075585 0,02866668368598545 399,0322909705792 1,0029033760016677 588125,529643273 1
847,1000591163357 33210,46478112778 1,008255019541001 44,6805163485803 443,68090248397556 627,0167671979173 670,0840425885749 110,58048795820451 5,486008544732331 0,0286971839056537 398,37226280676225 1,0024488184113993 594879,1635837789 1
839,9124872208363 33089,75439587364 1,0026008023482806 44,88761409635783 449,66751753452684 624,0205186053475 667,2114767267734 110,79812714808862 5,450388249269312 0,029237093371219876 398,3204997971266 0,9932706694819186 584559,5555069733 1
834,5245382209208 33299,88277660603 0,999178639781904 45,045383619205076 446,11908394106865 619,3674663320019 669,3969622175514 111,06082117542302 5,452993707841467 0,02932543482598719 403,8141523265221 1,0036621575256977 592190,0050270774 1
844,2372492234914 33168,90235088867 0,9984740328729684 39,77912807815889 450,3960567275652 627,1431953896455 676,9893923850921 109,88370652036144 5,422736080534242 0,029146674209849684 400,1192042550443 1,001507006718514 594514,191590143 1
846,1759881596256 33309,76617971934 0,9988461982841127 39,913685119867836 449,495307799618 632,9094725159151 674,7198977897832 110,5821739680296 5,411335510622606 0,02960782652317931 403,0917653734948 1,0014717947256375 587076,4928693757 1
841,1029331603986 33232,21500753547 0,9970235971979375 36,95198880209188 425,3125122203525 621,3387164105544 663,6499035306143 112,54911537221491 5,466611729417984 0,029524184810732754 404,0816496682944 1,0008462237904978 590628,0198089983 1
846,7682573523421 33165,031234801 0,9988314832162316 36,869016003583255 433,06605646753303 620,6220825282575 660,8721593349777 112,76307873900164 5,511600713885371 0,02991576516930398 405,3632964279369 0,9877487397256272 586371,2833261547 1
837,6094030089698 33151,241535588175 1,0020884031189132 28,828631999690387 413,2826142677115 624,196804122141 673,5018917684199 113,26767580214667 5,478464314678157 0,030383430095144142 403,58812449356185 1,0116831405216598 585712,402090187 1
845,8489187523593 33050,46434232427 1,0038505779359697 28,955282727808935 415,3795277311106 623,3946972886281 666,1310977052062 114,29536037042998 5,427981498687019 0,029886214379155313 402,11594258939624 0,990491485550109 590198,572361805 1
845,2048325623563 32922,21781623896 1,005723778992091 57,464213581642504 414,82136267535935 622,2085000213111 670,5015545746837 113,86488752672618 5,44202557156218 0,02993904002763082 398,4172991542994 0,993228476613969 593359,429420978 1
841,9221129122204 33457,6962505787 0,9951624528090978 56,91571494625859 472,80176712928557 623,5119998590795 663,2945008516388 108,5124345690999 5,477401443059403 0,030323357952953958 402,2949717123577 0,9965848668624911 587771,3858682828 1
843,5798653163755 33378,16771091711 0,9952949234871584 56,93922387467461 470,50417793191406 622,3181169589983 665,1996727314939 107,67986898413666 5,4161748275652375 0,03031753988557313 399,8477238587378 0,9963426496458893 590472,4011287685 1
840,4287105936164 33098,82574836116 1,0086059865877373 37,872003521479584 455,5035195282391 628,7823494379265 667,3938171412683 109,72226432815425 5,449220970031457 0,03043771448777268 400,8183307686054 0,9956559175740728 586346,4778253488 1
847,8921219063214 33581,9970043843 1,0061645476754018 37,713417038538736 452,0973671006669 630,240156553476 662,755132922452 111,15685874078083 5,492718415344506 0,030569195039899834 402,3613659016822 0,9915675006674012 585211,8206364645 1
842,8334553095372 33275,589224479954 0,9950969775641288 34,138718212517816 421,51508309452237 614,2785515222665 666,189498876733 113,24360676299834 5,406643428909014 0,030667399670722725 402,4706363131199 1,0017711657505788 586540,7567169755 1
833,244181994106 33244,207519642536 0,9967996829113095 34,18973176070848 426,92598833650356 620,7992291230809 666,1797456121909 113,06733166469965 5,467060160103616 0,031091352505756814 405,71334938584624 0,9956855985034421 587039,7869351591 1
842,8665143696539 33135,998970858294 1,0028492714999175 46,39548551503763 445,2699842478933 626,0835956838696 655,2377186415949 110,73374250100724 5,474901183334882 0,031005800562037805 404,53069296017946 0,992845288742066 587713,7434569515 1
844,5471622570274 33302,90106094958 0,9960241501189071 47,127525138414725 449,08846630751526 622,133337049688 668,6730460186396 110,36068835872767 5,469447139760547 0,031851225910972156 399,49699754280044 1,0077011600615065 591239,5099515986 1
839,1142512538883 33115,52710807085 0,9981461527459843 47,94743527522595 448,33622976714963 623,3443785371127 661,3762564107551 110,17502248604211 5,43551675045355 0,0316560232915789 402,1747720971726 0,9979329686991708 592052,0015468351 1
844,0809145902689 33126,06074012997 1,002514872068187 47,69693700691131 452,3382719149011 615,9360801928104 680,4929989915705 109,92801676063394 5,43511746298977 0,03174158462864691 405,3981418462698 0,9978647513991711 589029,350650354 1
844,8053395033423 33192,21705339005 1,002292682172291 47,96184043395189 453,82631018698294 617,2735778939245 678,3498798624518 109,65365707878419 5,467922899567096 0,031707898553084604 404,0103055660189 1,001447561933989 587027,8295533856 1
838,4530594455881 32769,246663572594 1,0001803785657353 35,72662247526965 437,45890602884776 618,753969275812 663,2259740489492 111,38372177304473 5,446402930878517 0,031705238805305215 402,51946877931334 0,9950916752018901 591344,5326281753 1
840,9918528073456 33176,14092365086 0,9925939468854551 36,13525900339259 435,7452789113317 620,7642485065638 663,3501537356968 110,89703687276095 5,448857981842506 0,03147117642333946 405,72682008282516 0,9961078290275541 593069,6820463374 1
836,8446461931271 33471,70835460211 0,9962124406399283 41,62262265896472 439,4832102972093 620,9604105980577 649,0735400803436 111,08927606957319 5,452129828170352 0,031488257714846216 402,68044246850786 1,0046927611893228 589327,4189277113 1
835,4913156236797 33291,40770459716 0,9955826824443694 41,93671815282358 437,9155300170025 629,3524723641627 648,802757953327 111,44529101285448 5,462449921074168 0,03231623726479363 401,4359717953663 1,0036014805319469 593134,8180531258 1
