Co2(scd40) raw_signla(sgp40) aiq(ens160) tvoc(ens160) eco2(ens160) rs1(ens160) rs3(ens160) rs4(ens160) rmox(zmod4410) tvoc(zmod4410) eco2(zmod4410) iaq(zmod4410) resistencia(bme688) Aire/muestra
1403,8745990462257 30591,69279749351 3,9572083861097624 777,3591731363377 938,6657721000958 152,2786063284128 95,50750115338923 57,678486673642645 5,382177716323033 1,1186743022752097 395,0252412707294 3,0214872422228995 326401,6870411278 1
1412,0370083382038 30610,479043752875 4,000300371438329 779,2740372350203 943,5039190895747 153,1439343397956 95,12927777706047 57,493726829341135 5,420475005675777 1,1284647768804907 399,05371351593624 2,983877976380283 327390,03736341954 1
1404,380850411741 30582,536637141995 3,997642906440417 853,0121332122792 955,7005677982893 152,61993514480264 91,4936798287485 55,70267974705305 5,389555448611403 1,1398886603966916 397,536163706707 2,977506090946627 326069,8061442661 1
1395,7376293368159 30819,16069264086 4,021455686631545 843,1323604329433 963,7444369226216 152,51758869366316 92,12159684043301 55,494182486214285 5,401523743960523 1,1484288998035617 401,2000618180709 2,970594667726769 323989,5455638474 1
1407,3825989087682 30361,340730882814 3,991143345779241 844,3160514898261 964,6807941737787 152,46160729539335 91,72287957609642 55,851312252221604 5,382775579015239 1,1384820921404448 399,65863548689197 2,9901155372790766 323334,238538627 1
1421,3126259639089 30576,998072721693 4,028132474041028 842,1386146019108 965,6595980521638 152,36149519046174 85,53022831340574 56,03169675825088 5,403157017651909 1,1624477979089096 397,52571258556685 3,010586993453676 323141,4951276787 1
1409,7477217676549 30622,53349741524 4,019980644175095 848,2442238480515 968,37463559001 150,92030966851846 86,19061772808342 55,84743572788952 5,390403953942756 1,1701960619655485 402,63167745474846 2,988730756186458 322093,53587956884 1
1416,745095019683 30373,54726526128 3,983074564260121 847,3506497966704 958,1314026999927 143,11131595881358 82,51739015575174 55,64727899326041 5,402067725036094 1,1659717805552172 398,6970067067352 2,967537763691602 322921,7254869213 1
1403,0684067337945 30432,08741425848 3,9833594903082514 843,0693030058748 967,3757064401789 144,5440984175913 82,03751367195821 55,51745736732637 5,409112501301132 1,1927019427833252 402,56553784290395 3,020848924675427 322051,59140295646 1
1423,5326169768657 30287,926985464546 4,000995572840254 936,3607542772454 987,2572725465325 138,37626249929477 81,26585024258449 53,4970827042785 5,422826843718013 1,182213428308075 396,5782782441339 2,972488752988376 318501,73948572454 1
1416,913935569727 30353,029343451988 4,0051327097637035 933,460203891374 987,6763071006517 139,3647988411497 80,95118339251226 53,28115609863148 5,4371647323147805 1,1998787898567695 399,0551427439756 3,014901219165975 324479,6030802185 1
1418,3906598791507 30692,560582011978 4,005833440244429 969,8611970732212 989,9015918498627 135,87081612911268 77,78358969338076 52,55110859352489 5,41168693262036 1,196350032215416 402,06428726438327 3,0014178574328225 322580,1472815831 1
1411,7800280634326 30608,487969448102 4,00198288083932 971,9336736291602 1000,6528225899639 135,69819971709603 77,33508072618147 52,726646689545404 5,425858135947038 1,214376416287533 403,5239122838467 3,0191348769985598 321368,90889195 1
1416,4038269384328 30414,04671008383 4,004629042139564 931,4386087841312 992,1833486723392 134,91587155074816 77,64361634865547 52,4623263981626 5,422014819440681 1,2176066296840038 403,7559877306398 2,9831900774166353 318249,7936659195 1
1411,0399840171387 30218,13098255774 4,040482525328565 939,2919977463505 987,5709907340422 132,92876410887004 77,01793816925374 53,33420313755844 5,382575219096247 1,242987832921638 403,2828747283465 2,989784215495001 318022,5375509873 1
1418,3837795415172 30174,269389448753 3,982387969178444 939,6351766121131 980,6849227624101 134,26077395247853 76,9195381689573 53,70429509224622 5,390507292924765 1,2440473415293332 398,27845389083757 2,9829967140288693 316742,85981719784 1
1414,2201141954235 30453,631490971526 3,9678697726635654 932,6366609196165 992,4172473486818 133,5674080357613 73,27309988385859 53,51060120690642 5,408426087353201 1,2259654038551207 400,41020880109977 3,005429770924132 315873,5223479438 1
1427,3991237903456 30293,00650838267 3,9627665619401036 938,7221767105132 984,5757547128212 133,9817477161666 73,92062652101379 53,85274955821478 5,389183746717707 1,2644449472280737 403,1057925797023 2,9973017739781125 320428,46528994007 1
1417,5431251771588 30301,554874013505 3,9929675692506588 985,3711832597508 994,6804187546622 128,43681866563873 71,8112905469678 52,82658209471801 5,351792943921144 1,2542137725517035 402,7852332788273 2,9923244770412785 316907,55789719184 1
1431,530166198192 30358,388111816308 3,9915079982887423 984,1473508563353 1004,5678936377748 128,4819319316928 71,97967913967423 52,451525109597256 5,370734802463591 1,274263526392169 405,15087810501745 3,0005100387119565 317249,9720334284 1
1426,7188477304155 30129,99237532649 4,018021268046154 1037,906332339452 1017,8023376956319 130,7624179057659 71,91255832175898 51,63001136549304 5,394739746315384 1,2655349405432024 412,5776348658791 3,020453891070586 315168,55839652946 1
1422,7367884848243 30377,72513304407 4,035036244545053 1045,6464693412777 1004,0284726113131 128,16084555274983 72,43389090637135 51,9684060169718 5,368936909986553 1,2884254814541867 407,41459335936895 2,9909075216502394 316428,7867452539 1
1425,998928756291 30262,038484452252 4,001601592161323 997,7702491154793 1010,0425760682735 130,04305106532476 71,43506396183986 51,55668378648851 5,417458573266109 1,2967250717602878 405,90575366281854 3,000545224432013 317502,6123165042 1
1423,1283800161316 30201,891190885945 4,002445460969327 1001,934457337312 993,9002067792188 124,12869451164856 68,45074444341185 52,21643079211724 5,35448937862584 1,337306255626241 407,5106681942098 3,015288270045809 314024,12261340034 1
1425,982211385101 29862,52630527678 3,9704024686555313 1006,5524929290257 1005,9820297389017 123,92653925021679 69,12720048244162 52,026884378377545 5,373334478188799 1,307350352011248 407,9936804834826 3,023062167894483 313534,6733291082 1
1427,5183718397248 30077,669321416626 4,035060875183042 1084,088847100321 1000,6643636224763 122,45452298332523 67,84108491659634 51,84352114026943 5,407992137942072 1,3126266297929507 407,1165362064669 2,990871287485396 312061,7201112125 1
1439,3759788367183 29991,176515606505 3,987549806906925 1093,2631825983576 995,613807865403 123,33228555459523 68,27759782134682 51,939208851157844 5,407940792034424 1,337724148125837 409,087465171026 2,994265616507449 314881,4916669678 1
1444,325682102433 30201,719678651687 3,970554581546062 1016,3545556748654 997,3499596004473 121,40268903663195 69,7471825356148 51,95998500260585 5,41427830174509 1,3260453519783306 406,9431439106159 2,9888307434468087 311764,8663576799 1
1433,7022110533292 30012,42105486352 4,018677510686199 1013,5629379915487 1002,5591077862985 121,02830258700817 69,49849118392656 51,86453283532763 5,38699111417112 1,3426539382002443 412,48026336267185 3,001013985646705 312172,91453123686 1
1450,4929462728612 29962,932848333287 3,9810264820880263 1042,5400635473586 1014,0917642453007 124,09963072357706 68,98593650026103 51,681988853886 5,399842168537164 1,3533783211701855 412,4648818936524 3,02575350958661 313231,90014422464 1
1451,2319864527217 30051,19088174971 3,981928873853468 1043,65007861897 1001,8715771889559 124,09572722234277 69,00550977989822 51,576793309804806 5,395645227506553 1,3566727751667662 417,2718134043624 3,0078327932078417 311620,70474242844 1
1441,7061909731412 30089,84947252078 3,97531891446733 1085,8542380447752 1006,9451397389539 123,53983076127061 69,29384524280452 51,55336180925018 5,440186248736849 1,3571908289384487 413,7146236123558 3,0066971205445174 313645,51651819964 1
1434,0735301074835 30279,8396834106 4,005378948216211 1088,0483507810197 1013,6677672524926 123,78618651900537 67,2889781544485 51,190010878899585 5,417757898429895 1,3894798739076548 416,70531851123246 3,0074239144064423 313277,82883476943 1
1446,5456206913002 30218,57657876344 3,9854509688562003 1076,8499881775958 1012,6648115380518 122,61469518260802 66,13473451381492 50,80598503346591 5,404529992168377 1,3699507719879331 418,8204704515748 3,0173550738163604 313685,0852504074 1
1448,802116037445 30261,41037312155 4,000777704401749 1030,5233681200864 1010,1298039419625 116,62548411484448 65,37820829180251 51,85776036348128 5,400108692774459 1,379272651121095 419,51879070814834 3,0060989578299377 310812,8888221562 1
1452,3829831578244 30023,828865731077 3,993875009592763 1031,9465763174235 1006,9590929259468 115,62255439687922 66,56493363953652 51,796785629471685 5,392556079397987 1,3888015655815338 421,32636207602576 3,0154520103404776 312085,1928778968 1
1447,9764895979727 29943,356638073015 3,9943904972561524 1095,3026150787714 1015,436020365273 118,83416035781657 66,22424898419371 50,896673863652346 5,3683979996776845 1,387856425139433 421,7306317697824 3,011237948739965 312266,37287507835 1
1457,2932995477684 29968,65214460718 4,0142503215439715 1091,4537139206454 1023,2156570279291 119,64440170268526 65,91737662710229 50,18431070728276 5,421563398132694 1,3938476441836436 424,08859279128194 3,004717433165098 310516,0286172351 1
1449,1789850419368 30063,74575973369 3,9882238599913955 1095,9944386623013 1025,4719279291996 118,99806836420865 64,81646067280892 49,794884364400914 5,463414197589795 1,4119973066740534 427,9962397648774 2,990480257924725 310971,8764239171 1
1447,0921279502918 29972,216900779178 3,9548735955095204 1105,6262036649644 1018,8471063623256 119,1765681358066 65,24513900516483 50,52697308221198 5,431100199575831 1,4217399328607108 429,3681524212321 2,986309738050731 311379,8023125739 1
1450,2117023449505 30181,66124353832 3,9706012122674226 1011,1233755907814 1031,0542578164413 119,35243707423975 65,3448866580817 50,4291868948158 5,391413247131325 1,413118401864635 423,0055660962173 2,990069362465863 312001,2707646074 1
1467,5228193617313 30109,964342604704 3,9758253848425285 1021,3794277988102 1012,734450113836 114,3148199420121 64,95598336363581 51,51609781422004 5,410110063162126 1,4358288424060253 427,7217320552313 2,9821955362110244 311186,76425300876 1
1463,4842720235647 30109,862890379376 3,97265044656302 1028,8642733162724 1009,9546297775908 115,50476029755319 65,60783538645306 51,73923973077576 5,418745412423438 1,4396435456749437 430,9416554077584 2,985437242371387 309070,2434706174 1
1458,914781996104 30308,708301282022 4,023276269698502 1103,4883443860913 1005,2305638613526 113,69418071982103 63,77234664732069 50,46655746174721 5,403300320363978 1,426811410553111 433,0469437342226 3,0027214596858176 310605,0072396096 1
1448,395855237806 30252,46996991776 4,018093689102223 1095,6440701351007 1026,4076667240383 114,21944910873954 63,752436199123586 50,80007975131134 5,387299192466341 1,4319191246672043 434,1050594257523 3,003695295257843 306339,9624390746 1
1468,3191777446068 30089,96498475799 3,951301570689767 1212,5334779886464 1055,9021292583425 112,61969501359677 63,060136047740365 48,361209564788254 5,428062864395543 1,446617499978243 432,7289258375421 2,9844236982325825 307167,8267355466 1
1461,0780423949777 29965,245400610343 4,007684962072597 1223,1852675809935 1059,1782508135188 113,32910552580047 63,8115080003338 48,44330344307911 5,433268423753823 1,45698935786464 434,66082413393497 3,00742326580416 306892,9593738799 1
1470,8062429247093 30070,908161599527 4,003200971866236 1084,1506263052154 1018,7944635132037 110,67010473756766 62,38832991060719 51,15041665663326 5,399035624801411 1,4588551380755264 437,9891887845723 2,9999649402806203 306588,5814377986 1
1465,3382536853549 29930,051720370702 3,9924712880361457 1079,3320153937732 1017,2767311327468 110,65816320674377 62,379902515806776 50,82807666570116 5,411171481883616 1,4600213924995646 441,7629481079267 2,991324675088841 309564,2055713765 1
1474,7504382354389 30129,017528632536 3,988119331798848 1153,6237846737372 1024,9638268290673 110,89703472949844 62,32368967402868 50,750612834486276 5,399405888849337 1,4661775433811624 439,6669279015352 3,0079451655478646 304854,6680035915 1
1475,1088147378198 30109,437130016635 3,9756751725393067 1156,7964451154367 1038,467584395687 112,30676172065813 62,869867496140714 49,51748723760912 5,41477334675548 1,4716495468309159 443,524596686977 3,0118037879330313 308980,19034183654 1
1473,5351524398163 30249,691534465706 3,980080962836417 1154,3279698161032 1035,6359984492594 113,04284308297433 63,33368435498963 49,63594311089202 5,424219774002301 1,4577468059693124 440,35189376036783 2,985182672448613 306454,03914428735 1
1469,6089091577762 30055,239354706813 4,018570191855512 1148,6514652123917 1043,2341951674816 110,41300436458837 61,112989313215486 49,97669022542038 5,35091626323876 1,4585235987701068 438,6623313888786 2,9881128705349322 304005,771470093 1
1463,8377060710154 30041,90654499969 3,978129579694696 1169,0788063169427 1025,360001341073 110,98803600399806 62,0348880504255 50,127351162661775 5,400021736779505 1,4803392253804286 444,9288542851707 2,992566765343078 301981,5445706422 1
1479,205197424368 29982,27928933389 4,0005444994653026 1129,7540349948722 1032,349685879147 108,18135987661996 61,46819096629458 50,240712950328 5,429219070641066 1,4733248587429335 446,3978309022557 3,005278105269229 306964,9272403078 1
1478,232962603525 30076,67353691824 3,9765773726991545 1124,7393926545076 1034,2400802065997 107,52281414359301 62,01262510780172 49,75768159601118 5,413715040838444 1,488776928001775 449,2003628887506 2,9753900255111434 303293,13559374673 1
1480,4248063910334 30118,177017688955 4,017864781991419 1087,2802180772874 1024,6133829196704 109,98434134749122 61,097696595630836 50,52807696226388 5,395748304959528 1,4850428481137354 451,38325066405537 3,0034356147926697 304012,50005838735 1
1460,326375467728 30084,35343183927 3,977244249641477 1105,2156028772574 1031,3435149221489 109,08786480656202 60,46305296619885 50,829037346066364 5,460462750639136 1,4971983952321364 450,4533604099023 3,0048701613267506 302674,9574135302 1
1474,1238234734365 30006,070019378487 4,021515374718225 1113,8437255347674 1024,1232467845998 108,51574739623979 61,31334941578924 50,57758236262294 5,354231384550907 1,504354126528163 449,27994266678047 3,00000599934369 309647,19969072996 1
1482,7422584161175 30190,937516176058 4,009535736890721 1111,9694993914297 1023,1873256745627 110,7813013994203 60,63491782393011 50,08657889386553 5,375226360400768 1,5012668746486673 453,9403765993766 3,006013879747041 307279,2961511257 1
1469,100101415625 30136,47540763666 3,9794653643028597 1112,6920904025558 1036,199137914269 110,89390248715893 60,89231535861024 50,05332158911461 5,349808386625426 1,511036065169752 451,7488967672149 2,975874660816527 304361,29727683164 1
1482,5455067193018 30174,842553902028 4,013433351137795 1102,809599626605 1043,5832528363824 111,01035147199427 60,92229947014885 48,47815602520944 5,445722428939631 1,4966147877825702 455,4279086960427 2,9866766423735207 303837,1851397849 1
1478,8492830835528 30118,473402527212 4,008877085368967 1098,7601575713074 1047,2725156481126 110,45379289928127 60,77525378717297 49,08671752874969 5,3768803934461475 1,5086572634146866 456,07467190618706 2,994103911594693 305831,9150273178 1
1469,3234314667404 29824,365162075963 4,0075700533468845 1122,102241674429 1026,9893565345365 106,71296435432413 60,052256946699316 49,67117026164461 5,406768602578748 1,5091912064878792 457,49375461669837 3,028837763688271 303389,79256975313 1
1474,5890796885597 30032,325685995365 3,991278430584473 1119,4662269089827 1034,0955690805688 107,13724444097076 59,74846352615941 50,33040789889385 5,367343649227347 1,5098242148009984 464,92972346426563 2,9857622499341283 299735,607359426 1
1488,3062573943937 30143,666210531348 4,0084467725624595 1126,3073669564044 1026,9888368547265 109,34416093651826 60,670617925439 50,38787085468299 5,39576082584189 1,5231023584808885 461,2595811703242 2,9958487348170775 303942,66216592875 1
1459,9245421304383 29965,860849008823 4,004256245812284 1112,811471256515 1030,9009308872558 109,64733739709827 61,186934778493324 50,381040184586745 5,404159847187774 1,5304116765088485 466,44655664591056 2,9935201179105073 304486,8917032873 1
1476,4005751556188 30306,463863659894 3,97392398741993 1129,3688464067584 1031,8856825388814 109,49652965039054 61,21994351635717 50,35472629275236 5,451989592516483 1,542912981627851 468,6999754842122 3,010090611479919 300728,79612742225 1
1456,3284985591552 30001,667063550078 4,006647546409714 1132,2776317495957 1038,0318828207535 107,14727688158034 60,66444021813802 50,029479074700944 5,360231916578098 1,5340884758806264 471,52304664772356 2,996887205829501 301698,2219315745 1
1471,740210704902 29955,526776782517 3,9896821392174218 1129,8337446538178 1030,3401647339451 107,20963258658891 60,767064769773704 49,731439175748086 5,393566951931168 1,5320835536121418 465,4961990184467 2,9951585580419255 302469,6697355114 1
1478,428242802621 30387,17872435663 4,021853299031228 1166,0266093589796 1049,5214575120199 105,96580983290694 61,340858011613406 49,45174948850229 5,424742448020569 1,5322503930106854 463,9697022023266 3,0174465460864184 301832,9721729978 1
1462,0154842992783 30188,3576398979 4,021822416856225 1173,4558608843033 1036,859085064391 105,33597836473847 61,03842325597731 48,766408371544074 5,448654216745881 1,5336157092711058 474,070976017906 2,9737838272204264 300062,1874965624 1
1477,9945810433474 30132,74095826964 3,993670980810997 1172,1454794109877 1045,529769477481 104,67128099689828 59,7812567837677 49,17149087873989 5,411486815717287 1,5319928870809711 468,0538378668473 2,9811820294370968 301098,08260332904 1
1475,7211180582233 29880,22723124836 4,0163827390468825 1163,7774674170435 1050,5206110555503 104,5482130898529 59,811835296125615 49,23332482903754 5,399940644337194 1,541268083851 476,0672876689026 3,008880435155233 302860,6702110387 1
1465,4330514447336 30027,719404909676 4,015141854852713 1160,1419687002233 1034,268442637192 104,04565045352953 59,37033565870361 49,16874387587225 5,418824198598561 1,5511448017362826 476,29083980716246 3,0013675739129813 301188,5541498687 1
1466,195951002286 30272,725291418694 3,9942795673551066 1162,0425177411805 1038,575700429097 103,72111752136986 59,763903682773126 49,18264710518757 5,404414082043534 1,549208956192876 477,9722758260506 3,020569340522156 301060,44088036404 1
1472,8943752548716 30058,02517008619 4,028107129930635 1134,2828908587044 1050,0935943418697 104,56206309422396 58,964445485365886 49,44382385265807 5,426097050595437 1,5485240073272928 478,33128990083515 3,0086436119942923 301512,4329603079 1
1476,4036386112534 29936,70533135984 3,9885871399321844 1138,149220940341 1033,7042827169057 104,30830495870757 57,62820387289428 49,732015313424654 5,427208052937723 1,55659214679688 477,4834738709576 2,9761245984737625 302902,5969700256 1
1479,991511523182 30008,471844028078 4,016264630052989 1136,265981058781 1036,1359407503137 105,10027656551472 57,89700034271606 50,003701168545334 5,390056361236132 1,549983920325683 481,0989386414761 3,006276369118431 302301,8780223762 1
1477,88973488526 29912,135893822007 3,9925861104614957 1233,7352026793978 1040,7087939353391 103,20438550109017 58,563524543702385 49,819690611873206 5,416929759037403 1,5563913319325013 472,64724844917953 3,0065416038211685 300630,8982286653 1
1482,7885838699328 30245,626451925258 3,9929499667880957 1242,2043700291701 1040,1420411590643 101,89102140877701 57,983705082361325 49,44715598286028 5,407180657695491 1,5608300047191663 484,7437520661052 2,9859264605931735 301751,30754638254 1
1468,957415889501 30091,176483362255 4,013823183900618 1199,86461110021 1055,3971273189568 103,97858798137288 58,4453866880357 48,819417893279144 5,386508960540553 1,5663708203779674 481,40355370434685 2,998630364153107 302961,3579543264 1
1464,4868777535014 30184,248231656562 3,960493542136256 1196,3980395894494 1037,0441980092833 104,17005995385126 57,47973070319344 48,896420594256156 5,334442569776379 1,5537324810189115 490,37965649279016 3,00780945768343 302264,545961629 1
1464,2497414568766 30212,447846129908 3,97493386884723 1146,6828232640091 1032,8141236091249 105,39047254847216 58,705889580198296 49,8629446017304 5,430425232782651 1,5506635855873279 483,23493829470476 3,0072692050142686 299884,55733711936 1
1485,2867649874413 30347,82781780951 3,9938781711647096 1140,336268729958 1047,2831977313672 105,27583974040174 58,21328975600893 49,8646236071602 5,417958423650998 1,5606929038233366 489,3304723327121 2,9809813278227346 297753,3388941938 1
1480,8729499849921 30085,441071266236 4,032026556533774 1212,378519287934 1043,945840595405 105,63030286423626 57,79852678763518 49,6486896659162 5,43387630086884 1,5741330646959881 486,43045568224954 3,0146034317220884 299532,1711254268 1
1471,2419651628188 30156,82598024728 3,9821581708549774 1229,6875165680085 1057,7162548994363 102,65538962063079 59,41442698069378 47,27684818331961 5,360804280543792 1,5730641301912993 495,32828840192366 3,055429741463115 297684,36852055776 1
1467,9943551244792 30025,841035150537 3,9731864476665333 1219,5879262610792 1046,980145439394 102,61667662677415 58,834466127882955 47,39435285345676 5,371371705314754 1,5752804683684598 488,97661358707103 3,0134097698004894 297170,682014641 1
1471,1976188435228 29972,329929507676 4,0124218592555945 1132,325394587813 1036,3255208881478 102,51467000273311 58,21096680711693 49,790903349531554 5,41563154462667 1,565527193633125 492,6500143215821 2,9960860239568614 300540,60716896463 1
1471,6690060903159 29796,912035818706 4,028864517160238 1156,4328050479521 1035,771336341985 102,97139217183523 57,15009885958989 49,509651779442756 5,383602217928668 1,5799527367679096 492,90638116094436 2,9778378777598835 296852,0239766117 1
1471,0644104905907 30108,20143786165 4,011340491043524 1173,9108167377647 1044,0474203182418 102,2626715416241 58,260326773428325 49,342124293942874 5,364460911431392 1,5846846808931523 494,42013254607076 3,0045435677452748 297589,1823549244 1
1479,2222497080993 30228,610840219317 4,017130019635557 1182,1601380283175 1048,3418463890132 102,18229806660543 58,41926061254963 49,20680669382811 5,416868746862222 1,5809197308928549 496,9517513972108 3,0036683988019712 295581,08026880125 1
1467,3023158171654 30035,842645044802 4,008395379354931 1236,1488492647154 1056,848597013145 99,57012888420893 57,86545623658785 48,22708244791953 5,411766037181111 1,5698395856376728 492,76823819098394 2,992947204887558 298506,69870770635 1
1470,9435015623194 30001,017064071388 3,9872598337801892 1238,9217470344588 1061,7039124096339 100,52953798257954 57,62550286068952 47,968183396241436 5,430915469456326 1,5891306810127779 496,32328194711897 2,9780737975630966 298771,1923364389 1
1475,916227744534 30098,688565129287 4,0443617073370435 1190,6237808990413 1062,3550122550862 100,70604175963767 57,94630828164201 48,26576768126681 5,365935056256258 1,5815653856093224 497,64856869480025 2,9972319625114334 300081,45997471176 1
1462,229696269261 30238,819627736975 3,979370038278176 1193,175023523055 1061,2079621943667 100,12734995223222 58,06773940564741 48,608296811509646 5,408113737251083 1,593721122543159 499,0879150349044 2,9839857974787356 296814,9824268607 1
1471,6174374609711 30060,86570343526 4,017214775730486 1203,864220457788 1062,4279961124194 100,6646503676238 58,241060263780696 48,54222432349899 5,354728138111892 1,5971409857521999 499,5052964141985 3,016144956605388 298675,5158512236 1
1466,463910335738 29815,632376626854 4,006096218064868 1159,0444670157538 1045,5837527385 101,30421474012829 58,00890424006281 49,319785018199774 5,420958523766759 1,6021172208286165 500,3023775184389 3,0237784168386304 295744,59290452197 1
1484,693348930801 29941,047801321132 3,980118900756976 1172,776168779255 1037,7762478735808 100,86350420424698 56,92944902376141 48,95509347046897 5,416949446204458 1,5988643276153909 499,0580625797815 2,9899829918966865 295726,5003156047 1
1473,8945796501007 30034,135175465795 3,967793120399804 1189,8013525563401 1046,6254812868656 102,41698623518175 57,52497439222005 48,8547842881941 5,391145303443498 1,6047639439720742 502,65941011372166 3,0043366392992548 296262,3412626826 1
