Co2(scd40) raw_signla(sgp40) aiq(ens160) tvoc(ens160) eco2(ens160) rs1(ens160) rs3(ens160) rs4(ens160) rmox(zmod4410) tvoc(zmod4410) eco2(zmod4410) iaq(zmod4410) resistencia(bme688) Aire/muestra
891,785970880113 32779,95579367312 1,985474202386723 88,97591059679361 529,4506405837242 533,5513944708339 569,0768285038209 105,38931987219634 5,421895973282177 0,016078741956967055 400,6419198111958 0,9845023950653702 472859,7764570761 1
875,4231887286984 32819,74345579866 1,9969890461210147 89,06275351523132 526,0682026916184 532,7267015408273 579,1868558571751 106,14340241978043 5,347091439459395 0,01609357513484895 399,38013401512734 0,9973720265136546 471557,5967684218 1
894,8392130627217 32826,246369159104 2,002041924226004 99,78711563417764 548,35418575034 541,5068062928717 576,2386870032926 102,95347350590662 5,381533890719865 0,016161571595229164 400,8403356690211 1,0078211773978802 475812,04516898765 1
889,4320621341507 33014,431187461356 1,9992187227824558 101,25888362285795 549,2289516025222 538,9884724577946 579,6888886304492 103,18156241399197 5,387007746699358 0,016081832580621774 403,6773271290379 0,994074184620083 482221,71209963434 1
875,7625879852604 32941,09712520649 2,0052610543935505 104,19323994442075 554,4484944377272 534,5722398819227 568,1920752319088 101,24346961367372 5,431222043573333 0,01605908569493288 395,6130177884814 0,9970375808613081 483112,64003191405 1
885,7993494085313 32850,88073907302 1,9933632186277415 105,72172020191904 555,6708162604946 530,5376055498994 576,708808823927 101,86713417098989 5,399130815065937 0,01623454546708358 403,7481243589441 1,0008083417374851 472411,2124439396 1
878,914738942825 32781,33820636768 1,9961621680049135 100,7883633969331 547,9567469122242 539,8087953049327 577,6756192191076 102,68343562790238 5,41676044445054 0,016138721403118714 403,54040369844154 0,9952407665407149 476706,1892242322 1
880,7998269456185 32418,298329216334 2,0068204619475085 101,75995809317018 556,2239210351222 544,3649428200671 578,7961671218417 102,2199370274058 5,367734493308484 0,016110209685492535 399,8467173252712 0,9988340240977598 470308,2702327258 1
879,3683212296348 32593,049573781704 2,005033306270681 103,17060947290959 549,2306147492175 552,8224390616169 577,6831145389568 102,95514182447565 5,384247881792773 0,01625689863100986 401,26490874019595 1,003025367374553 472488,02958473645 1
877,1258513726187 32891,6122791724 1,9978904505908563 102,13919156339239 564,0085025818812 544,2658014900669 572,8784463551594 101,42135622745063 5,446709333906451 0,016110559698070903 402,34282383391786 0,9939696486121337 476952,2290816947 1
876,6547488594655 32870,479750296 2,0106472816426333 101,91876674149174 559,3138878193199 546,4594575762427 570,1927763057118 102,2573498456134 5,382400779820636 0,01603817580873355 401,22215108419584 1,0022037297459023 477150,3077102792 1
873,2101026392985 32848,20347945004 1,980033921483141 91,35173955046201 528,7384157157935 540,6128094118878 565,1174753723218 103,99812539483652 5,4041665478234 0,01621329216449757 399,3951037891379 0,9978310960950048 473558,7684365261 1
874,0175939292968 32848,4071088133 2,0031765702399786 91,34845544003153 538,6797535713487 536,7539958586021 571,5243015472698 104,04316946882646 5,396682144793278 0,01624587127179329 399,3738083330193 1,0126178453317052 470927,7032036428 1
876,339174419794 32489,07203396866 1,98757621101029 86,09425365876879 522,098619296794 539,1192748680446 576,230592271586 105,42830245726886 5,395964316035795 0,016376768784072505 398,06929508169435 1,0040085922964526 470553,13745226676 1
881,5812491889268 32951,797335771545 2,002031251142161 86,2371477396089 526,9556667073036 539,8727101028175 576,3013196614443 105,41721295151675 5,378429746927249 0,016371345603237445 400,3453903577611 1,0022539413701121 471327,1989605963 1
876,2086847973573 32796,47381974694 2,0133333852911672 95,83533378576425 538,9008072000523 539,212810375447 571,95352606459 103,86406417336373 5,336076261460697 0,016252136633136294 400,068043995701 1,0014417277174454 467377,10646816983 1
879,8708347176093 32860,002371753275 1,9883157301244403 96,09558840515203 545,4188964633386 540,3546595751834 566,4657751460403 103,09720321809773 5,41525504577551 0,016357319553315312 397,89643973566746 0,9965387546878438 464712,4300297888 1
867,2758551182276 32818,462424683334 2,028298406071629 68,41503704549184 541,1262500495512 541,4949208025133 576,6436180277402 104,02972979459706 5,429560550091181 0,016404069105202215 397,1504972235874 0,9944292790562557 466681,75761395664 1
878,8180786969649 32810,5310135082 2,012572034080171 68,35762314454412 556,7378848013578 528,4794090883295 572,4744115677044 102,21928831475458 5,411047753843639 0,01654028882781863 397,5236788745672 1,003854745337557 473975,835515236 1
879,9739017336634 32799,47337481439 2,0033956784332227 68,1625089097467 560,2287486290504 525,8170809179795 568,2193567855376 102,28762429582082 5,389833301876597 0,01676739095813042 399,6975310623406 1,0094583505630133 472615,3152845714 1
875,8413287495406 32700,22547853986 2,0199614981853644 103,25745917485627 556,0091938900033 545,32154111253 563,9959976840464 102,60455565946717 5,372835129801383 0,016566234659107757 399,6027296578044 0,9989549073522288 474595,6335502458 1
867,8837980513407 32999,02610391619 2,006310463679097 102,96119131290081 553,1979675357022 542,3410349176294 560,262861335587 102,19904082458099 5,395716969037264 0,01689085817994357 403,4980112682054 1,001745634900657 472542,74714404735 1
875,1466079316393 32918,577282153885 2,0066117508162478 112,16939750280795 573,5489619621155 532,6029104462481 565,430821371063 100,27809021556884 5,390188311046353 0,016933397674919786 399,1518084357747 0,9992315983111922 471458,8291121943 1
876,7339205340596 33131,12481242429 1,99864043649249 112,6062192652535 569,5790513864931 533,5446000874268 566,3198954260449 100,31030162320286 5,417390120737755 0,017348492918594447 403,3940268308595 0,9974886610687144 472625,3505849319 1
873,6049295027894 32980,51493867627 1,9984535645091581 93,5125836848323 536,5588267815795 544,4565983068248 569,8914060648964 103,85412593585669 5,355551020647575 0,017519225273537293 402,4994081302009 1,000387041808967 470149,5330786988 1
877,5420147492965 32834,52511206428 1,9873571670716612 94,1739002380419 535,2529050560698 543,4497075206956 567,2400070357987 104,63415533551833 5,402530153264468 0,017961452887796252 401,77829975878035 0,9984322336709022 476621,54198660277 1
875,1299756357541 33003,87218519976 1,9963153979839323 107,55939921890608 535,81548873718 541,3956690062669 573,1416679551372 104,40573493092796 5,427271813389926 0,017954256075350408 399,6045602424447 0,9919428839245036 473933,91240550525 1
879,2111652623094 33026,510018892484 2,0143900471318243 107,75952172842801 561,2749959703283 531,3058147625476 553,7409658768107 101,6293147981919 5,429258969740904 0,018177036518861576 400,1038865255074 1,0015459137289706 474250,6909554555 1
876,8069540992775 33019,66499410051 1,9999647022457556 108,8063948359163 561,296968951662 529,7780755672968 557,3747511766719 101,62332140812205 5,418088959549287 0,018457831861104567 400,7756704570357 0,9934442344729172 464539,58453555533 1
881,7259178056295 32828,69935456327 2,011859304863082 113,94509549526717 574,3459102476742 553,8662259146257 553,825968805614 100,8236691783577 5,4143005528020005 0,0183907606676088 400,9129569169219 0,9908815691785915 465919,5523751622 1
878,7103575999856 32920,0795188136 1,9962246237700254 114,6149639293364 572,7404368704243 549,0651579922634 557,357196762595 101,35643723300646 5,427329783823771 0,019035107741325087 400,2324296209456 1,0088870187531924 467690,8129952015 1
878,6277910535298 32650,343881273657 2,006031754668532 103,05828959530321 552,1654379440421 533,4169880135661 554,5798400791034 102,14389086561347 5,384426434830896 0,019329211341953857 397,7908956095892 1,0022736822007277 468970,2950193097 1
879,6186135713377 32596,512403324192 2,0029581836980923 102,94405113008511 552,9599660708561 531,6976177339393 554,476851656999 102,38344320407842 5,429992285455162 0,019925774412892262 401,88446285565755 0,9958322510551223 472496,5217446917 1
879,3451281350908 33097,018210135284 1,996224877296712 103,51607957903573 551,8625152751836 530,8767173809335 551,0850164478422 106,64109334723982 5,386342315982972 0,02013924764722212 402,73309891508154 1,0141592024613053 471154,93286533066 1
876,4484054929519 33073,72938874937 1,9997074640119985 101,94803289956856 557,5156422941818 527,8662530949786 549,2085902951853 108,54956613998823 5,368112209505993 0,020366200838095348 402,5201162737643 1,0028066367845474 473260,0541979176 1
877,4103452139144 32772,03183277041 2,0078614367535508 99,22799444895853 556,9117248019438 532,3000462434582 554,655673789976 106,12054623142022 5,412287062757007 0,02041745252187014 402,22240733881256 0,9924266125265572 473971,43861019285 1
873,5461178491345 33024,22105898225 2,0064998246210854 98,76492231823532 549,4847769900954 537,3742566939508 567,3497307681915 103,01744225824523 5,386419737563587 0,021166970465834704 398,4025672592973 0,9980551182619202 465192,01795967866 1
866,7975409680587 33005,1754041326 2,0002732599581137 98,50238508837275 549,6774569981029 540,354914618195 568,7953221748237 101,60732248000295 5,414419853706457 0,021144780370559207 397,4495482596861 1,0046957138080121 471731,2368234513 1
876,2049983323988 32845,181976173844 2,009619634356482 103,73596759590656 556,6048435542367 530,1618283366789 553,429827874845 101,68046404221687 5,410431498747779 0,020993055756005376 404,62806906637786 0,9970370009561855 469875,8917570895 1
876,0434294666871 32544,878307321396 2,0064544057229576 103,59096682973062 561,7332199032815 533,0393828121446 555,56390284586 102,58145333328464 5,3792612677275065 0,02202670092138313 403,0008909413932 0,9990728248983691 469165,2423111388 1
882,0812101597372 32937,71014472741 2,0138728268722113 96,29131136801865 544,822882976811 531,3792823641181 554,4072224343832 104,56031114739092 5,37861342550271 0,021547081394092928 403,19091048095345 0,999189424378493 468564,7423025829 1
878,8613168842032 32848,013283296365 2,006995020105158 97,75582294998641 544,9825430612262 526,4728475381503 554,7011144913891 103,0342320332549 5,385579624543942 0,022047340440212043 399,1367694429631 1,0032622448341266 466866,10710149823 1
874,935851842261 32743,294191063098 2,020883137110191 109,71057755372212 556,9285820724784 532,0899763481857 551,9521649536119 101,7978532564298 5,36329935668782 0,022389504146979603 399,3457552137172 1,0042626178628629 475654,01733831776 1
882,1703175353366 32793,72347263021 1,9996527431870568 110,2049550357564 554,4427031892226 531,4849898035981 550,6343563900581 102,13624054296386 5,44819525406988 0,023009938592600795 399,36417763880013 0,9979187678924607 472393,9502811823 1
864,4276386487694 32836,224964454865 2,009157120953797 108,46434063212489 549,9257013651938 530,2703266427346 554,5901072738303 101,30860808573117 5,348253606208264 0,022779982450508638 401,5433034028284 1,0032304338128677 472129,57698779 1
880,9645264647005 33096,47050326338 1,9969449979732505 108,96093788829207 565,6587584084091 534,9169719274456 547,3062028569192 101,85235156198952 5,396573620221838 0,02390957697612888 400,4017405267899 1,0053327107066141 469971,5707624829 1
875,487117109311 32536,224494431375 1,991225478108846 108,69109335192941 563,5860216973557 543,8913190838224 549,4786329550803 101,77189940469273 5,4427010611695295 0,024053969121878356 401,1755561483864 0,9980848635614025 467358,6621528291 1
873,7410087808188 33009,28958355909 2,007089205808669 111,49445292372103 572,6273906552319 534,6125741111256 548,8477749572395 101,56430285603906 5,399186441016523 0,023939122380400274 397,3393936434163 0,9978062737961589 467484,2531324769 1
877,3674734901568 33036,192566431164 1,9861072992900564 111,6019776477879 562,651524927286 539,3808525359625 552,3188461410933 100,6674927044306 5,399668185317692 0,02435965933580423 401,4621701579269 1,0008063829828027 468267,4700887318 1
879,433936713355 32980,951989094225 1,999992367206757 94,71031368626969 540,8861107167249 532,6492601786459 539,7157344022936 104,78002400554247 5,349205059712068 0,024433202241706947 402,2312669456871 1,003211778674734 472319,7696373749 1
869,248709574857 32970,18359394675 2,0005523666666276 93,68358717404595 542,8224727900281 536,9567372449253 543,8364508000843 104,39858495691043 5,389730713025374 0,025041530092372463 400,92181790928674 0,9973235087039285 469336,3543540551 1
873,802372724449 32876,22476479763 1,9796298632449876 115,38747797898762 565,6437716190852 532,4228227834931 547,196702682733 102,09287112505727 5,376104777245934 0,02494796982100309 402,7742684409074 1,0022091092062397 468875,5841193342 1
878,8649936849167 32742,3665336015 2,0008484655886143 114,56674789539122 566,5630729186144 538,0615316943962 549,652754790744 102,02040992383309 5,386143297291572 0,025433085845438793 400,0960664734498 0,9955441354558384 467771,21191779274 1
871,6430177897134 32585,99291489981 2,0060388499137343 100,06408303947191 565,7923807733039 531,3722521860666 539,8993013765831 101,97929644815733 5,428645696496044 0,025411002295147093 401,9772323072884 0,9997488748389178 465371,79838652234 1
872,5417026606856 33142,071245952066 1,9928994086496266 100,19827015862899 553,2979548925704 521,7539619718514 551,9685834886745 103,84841305904173 5,406796574786583 0,025822338214442356 399,40306998585623 0,9967224383715668 461634,4460232523 1
872,1655536633864 32697,584775280084 2,008121254389313 101,05915987756748 555,9933779546436 522,5352891285579 551,6311876421405 102,25776178811259 5,360071436843233 0,026122353596536845 400,2346875112613 0,9979911138260694 468131,2419564759 1
872,0651538892041 32686,15723318262 2,0050540733803186 104,96558332194556 557,8925621498296 540,6765846320131 545,7469986753191 102,47626966643739 5,3971151535375865 0,026161002878545725 400,7227673970187 0,9973131810917923 472762,1319471627 1
881,8348721960373 32689,228179569476 1,9960698041806975 106,1038571448754 561,5049045884849 531,9590062724468 547,9408062297955 101,45463565429142 5,458086855723059 0,02677636949369418 403,49385235572146 1,0030464956398921 467239,3685991599 1
879,7596577813422 32720,73282126055 1,9988751942435707 97,17572835692962 544,000975380047 529,6140598425548 539,7193515069472 102,17652319683009 5,3668118148673924 0,026631513744773617 402,68596072773397 1,0034341949178738 465327,031881825 1
869,8715567355503 32693,67117553345 1,9996185439971441 96,84677602636562 542,9244815362767 529,5907201238846 534,0896023455858 102,80715927391937 5,411925036327097 0,027176430393806322 402,16315582384783 1,0071484520919411 460045,9902025257 1
878,2215109377652 32415,550299055725 1,9903939731899034 98,34155023754403 564,5289746023251 525,0644874296362 547,2469792985839 100,93946713050038 5,351481894318056 0,027098781302020557 399,9117006012711 1,0012010572831584 463635,3532947183 1
873,7438667417209 33040,86570357696 2,022503113536154 98,56587916282749 571,4632624824616 525,1022059653591 552,5554791693064 100,41722206524632 5,415002632504065 0,027310059270137195 399,0186531014588 0,990748628408184 465613,780131561 1
872,0629242865612 32769,27779389603 1,993529743735187 111,17891345940124 570,9651691680159 524,6408512987407 541,5953987521923 100,52382519012474 5,418325232648779 0,027456271827668376 403,26576460259685 1,0067866933070033 464586,64294007845 1
882,0322909086211 33010,52716468065 1,9907440598358186 109,6309948664697 568,1323364105666 527,7263978042773 542,5519708298889 100,8989800161814 5,426323482461557 0,02827755030097103 402,2763774129484 0,9974919592276782 466594,9696221071 1
876,961881593286 32861,186797773094 2,004555095991402 110,7182362782412 571,6404217927485 524,7404904123182 539,1472514262456 101,2330657938739 5,379840261133908 0,028392048183810716 401,8227323838449 0,9988145307583604 466742,44857849216 1
876,6873503484219 32839,593481810145 1,9903247229950134 119,6471770153658 575,5255754344847 522,883750880072 542,6171541814989 99,4277267849082 5,347489157430592 0,028132944667674287 399,21652983939595 0,9983649385616117 469382,560179256 1
884,5353480276299 32850,36801802415 2,007821116775582 119,35602594605227 580,9319547128816 528,5792030928187 546,3204976630392 99,72701659346765 5,365194562542284 0,028390262475536453 401,318632447259 1,005466978430907 456296,7022268446 1
866,947657947857 32642,569924296622 1,9686928739878495 100,71609879049153 545,7950656879433 528,7443034275476 539,7035105672145 102,73557119808817 5,391842798409363 0,02839128697164997 401,8483294748427 0,9995638030259525 459980,08730866195 1
875,5544004393403 33049,889900009366 1,999358104670598 101,52941114457495 548,5250848787366 531,0237210919739 538,0353603347464 102,51970282353868 5,388145707072139 0,028969649835913366 400,12608090830287 0,9995497573534494 463924,0733662179 1
873,6394578392326 32810,72671949183 2,003490612745878 102,52088198330239 537,3376146748491 528,3874222389948 544,635859736263 103,14824873422386 5,412977501993503 0,028735756789821924 400,75602478368666 1,0018829685279393 468460,1410195237 1
870,5241834841755 32712,070277993564 1,9997467386972239 101,8664441107287 538,7400282501181 525,2257830473433 542,4017775234736 103,93005845786989 5,425018047574483 0,02913329979825936 403,57025606926084 0,9981020146375098 465564,22128844913 1
877,4674637989826 33255,44503996219 2,0032622020240343 101,4251983022519 539,8982000904102 520,7519712978495 540,0229737815605 104,12149767929962 5,459769701820443 0,02937342864119993 403,14767045644123 1,0051174742022246 461151,3719054265 1
874,7311395476993 32927,71647078938 2,006291195335406 101,3903687049747 553,2448127861512 525,0965215225293 534,668730238476 102,98622886400348 5,413370438314028 0,02977308933742801 400,4526429645982 0,9998065410646154 466093,6413195388 1
873,5802293932667 32785,10654137912 2,007711222934743 100,70101039255898 544,1740755869756 523,408120923573 542,3368229681724 102,99800722404615 5,392034385181817 0,03001065631217976 401,7072883691245 1,007200654800399 464481,01425713504 1
871,2406668004764 32918,56611894752 2,0034516250354764 93,74572713958494 536,7567064553737 543,4444265493302 535,7428465401631 103,38450406929404 5,396216358626593 0,029753735116234824 404,4179076736327 0,9919837286670996 460445,10765615536 1
871,7305412236083 32630,122202199902 1,9832996108760679 93,75350878662718 539,472817154145 546,4316067358939 535,5505468239796 104,4806845333289 5,362469508727241 0,030173247135204875 401,5615783013377 1,0014621120183493 463599,97654298926 1
879,1749959469423 32614,28483572649 2,0005995982343197 115,51183391132037 577,011536974656 528,4980479249331 535,4755831759127 100,35315948688901 5,386195675946217 0,030568699535035854 402,87354267987166 1,0009316687615444 460901,31393508567 1
877,625267117867 32696,0578404662 1,979838953921679 114,95392861816245 576,3787910668293 523,0055250997882 538,2383789987717 100,92683774621666 5,433844572192317 0,030963003817507436 403,04222577326516 0,9997946261760292 458057,30189542606 1
886,3405228091615 32746,537887304155 1,994389974223268 109,66435855654122 527,8353904679423 522,8083466722975 530,8761601644145 104,39199420879524 5,373484677172608 0,031076557038730013 404,3761720835867 1,0052392409186452 458335,9426014565 1
873,7479510226891 32851,719357732145 2,006105119840827 109,5187341559771 531,7617457911236 523,13397645172 532,0101632391902 104,97776171042649 5,397478316056144 0,03092906696086065 404,42589508852575 0,997080145922048 460572,9179545789 1
870,5258166781492 32901,81656486646 2,003530754050481 94,50696111116764 530,0058032145126 528,9438373611575 531,5861800628257 104,00554533271219 5,3625671176778145 0,03132499033564408 401,1823118080374 0,994680333649232 458052,3399113368 1
873,0222919678909 32972,336111030825 2,0132701374965074 94,24548420184776 543,8316807763616 530,428283599596 523,8810824325456 104,78812680510396 5,372021500819629 0,03207431077281132 404,85565602998037 1,0007765143294078 458744,34715213266 1
871,7319286865694 32902,96624327229 1,996657247327886 94,32666008919145 545,6619775693858 532,2650914839222 527,4323660448988 103,8922947956315 5,435694293258199 0,03210311569705168 403,089177196159 0,9942502797533022 459345,03666814725 1
887,1602488284386 32737,044050281977 2,0136901940686522 109,54493356957512 559,2405581945105 527,6613010616486 528,7583670297972 101,91019366967362 5,423343764968026 0,03177335231422505 400,2655909143311 1,0074330526378283 463526,93432766484 1
872,3974367169928 32865,56027697579 2,000915120712954 109,15040606137936 568,8471222114985 529,9824533748013 536,4455973223754 100,32076526144992 5,4769996728165555 0,0322343197591575 402,8791123236649 1,0014433687302304 457165,86445268494 1
872,1764507833016 33028,7196993625 1,9919029980384997 88,25217067815883 543,6407507196585 523,1221578247593 534,1317712134377 103,3444421956055 5,419183838374682 0,03229214359964843 405,8904999079711 0,9955516761820772 462520,85538769333 1
879,4368401394897 32707,489554082287 2,0083787785205045 88,31416981301233 542,8845832945815 519,1507419721074 529,9851470770349 102,47570842764563 5,3580344188789955 0,03232952784686372 401,9877662920758 1,0093311548673334 459421,0122426931 1
872,7677034608458 32777,26025520024 2,013253186435512 103,94506528695337 554,4185199621193 514,8856314184259 527,5501182397206 102,78418268158863 5,450061412728896 0,03236313702309727 400,89945180966254 0,9993719462142858 460434,53413864993 1
867,2433666258727 32740,3204275649 2,005898607129263 104,17284989055278 555,9183892569873 517,3546447323481 527,6433322273734 102,54522670242264 5,437392564138358 0,032649680382751727 404,943080506045 1,0100029026850812 458904,04654298327 1
864,713380135028 32538,283324723438 1,9911978347870196 112,18858730720002 556,1696606468604 516,8643498987153 530,1384260295276 101,9215105762743 5,42281373065626 0,032357989432453584 404,7502795069259 0,9960456758089385 455732,842816458 1
877,301223788936 32856,49015479523 1,9974345479435955 111,22369358402041 570,2970767376798 534,9536419373362 536,4585635385621 101,4263215812809 5,376063463251528 0,03283012248294749 408,0922602752598 1,0047672404467516 457844,3636293004 1
873,6245517124431 32778,66327450274 1,999340586622589 112,08076157791741 570,2372736469729 530,3941931222226 530,5754215839663 100,88715963623461 5,4309002875177965 0,03296539463509169 405,6220546089084 1,006366124826305 460473,76158722397 1
879,2194237612379 32262,083787000032 2,0103601423927207 117,05347657060025 576,832590839756 530,1240773371937 528,8060056628374 100,1792642761701 5,408283038655979 0,03311328915431041 404,34663553591156 1,0007315706066655 458622,8240862504 1
871,3811093807798 33000,14195318459 1,9919087025939304 119,15079363853226 576,186563894838 528,8922385883486 526,1691295269047 99,51094410032837 5,430004473940734 0,03298611319393344 398,92600546383477 1,0000903372517675 457246,6241062171 1
874,0553103076335 32994,28313169228 1,9936771409710852 99,29306965521603 563,5573122800769 536,2371568967417 525,0225774669389 101,2382271563674 5,3842477105319215 0,03291369098891438 404,8279989297051 0,9972673511662008 456442,06261437904 1
865,69228645598 32837,2421676086 2,0042104200651085 101,0742659749545 562,4376607823416 532,536202124358 519,4097990026353 101,3753487150341 5,376392635126719 0,03372526286469457 401,3827867928366 0,9911366318228835 464114,46437772334 1
883,2366713034698 33054,71007159528 1,9963319047125043 115,38592103263083 576,1054671318306 526,4186809111968 538,2876220682512 100,80373228494845 5,387244692624652 0,03371949594948784 403,547302210685 1,002629684348168 459540,1712072743 1
876,9705591562021 32680,826259835314 2,0047857317419506 116,18794740458019 577,2561517846855 525,125665403801 534,4262166586907 99,95000409486744 5,368112105477113 0,03417287242315988 403,77747294737975 0,9957416336251634 459700,97571933817 1
875,0756696876466 32675,377756792226 1,9965667662119466 98,66220095608703 569,2807549390892 527,3514536270758 531,5584936492716 100,82376437704957 5,460003694186019 0,03415755684606694 400,95937337062367 1,000123035227564 454371,98834445287 1
872,2745653612628 32615,190987103084 2,0142985879772404 98,5667355752513 546,3701501553767 516,2144943975633 526,4010197563904 103,22281350489236 5,408784794846966 0,03481364068119941 401,5917129205404 0,9915060536148806 457077,3486050741 1
