Co2(scd40) raw_signla(sgp40) aiq(ens160) tvoc(ens160) eco2(ens160) rs1(ens160) rs3(ens160) rs4(ens160) rmox(zmod4410) tvoc(zmod4410) eco2(zmod4410) iaq(zmod4410) resistencia(bme688) Aire/muestra
838,7013622350685 32990,88673016874 2,0069464416685596 138,49433369494483 609,4589735093235 375,7563898620404 401,24597136750333 92,75478772317409 5,447985749703795 0,311046859879556 405,0812802630257 2,0008210922588487 395618,4016790388 1
832,4593713747189 32920,61553841983 1,9780339498223365 138,00069808784932 603,4713870906778 374,90737154145404 399,3573639745109 92,97079043624726 5,457753124570605 0,3269040435022401 408,116123702787 1,9891505437801729 394796,56731084525 1
833,7796351789667 32695,227875009583 2,003714772416731 145,5297668017106 641,8061968554358 358,30487286434374 393,5449712254067 90,5420339479053 5,496208092957614 0,3265472317752064 402,6668036927577 1,9943565646209152 393631,7875558671 1
829,1821282293768 32556,341180614778 1,9860814914536793 145,6089718968863 643,5266009361869 352,96181148688544 391,08338793173897 91,15838414568304 5,418796914136424 0,3438376159763044 405,90606207995893 2,01555166518351 389608,7603879518 1
837,1223142898974 32618,09527128489 2,0158031745844776 179,89694534068127 667,8957183166168 353,90714284677387 375,4344136765796 88,89992186865045 5,4268129156803635 0,3467579070085351 405,4971653084097 1,99372980366232 387489,0571560998 1
838,6034871115202 33058,950084696866 2,002215636706836 178,54183284231715 667,3486999140671 353,9865405835712 377,43535034597045 87,5154423926022 5,3987680551673085 0,3676466261434346 404,38322853911023 2,0004949827370404 388659,1339798618 1
831,8296188459584 32897,94658775666 1,9894201715717381 169,02631242797762 672,8327948552144 355,1285240188469 377,7980257656191 88,53597218040613 5,436681569906403 0,3701574019590328 402,4913758053272 2,0045090363109526 389295,9547254936 1
838,4641335233115 32770,634044225946 2,008523206941842 167,63409154439373 656,7441808896956 347,5049491958142 371,39893424453805 89,66468109214628 5,396861403697454 0,393006066366683 399,55057047250284 1,9846163480993761 388370,8723549257 1
840,0094219690332 32725,363930622807 1,9968790374395167 168,0877632961767 654,9084673971723 353,919746924315 371,3851614933131 90,1138473155079 5,427247714827543 0,3971758953441272 402,56119723213726 2,0055248641915098 387034,9723277415 1
839,0302670037931 32807,23237644434 1,9881745390098786 203,6476010580488 701,976654566731 354,74467310013176 364,5397933260614 85,2111256000333 5,4810735885119675 0,3926221843919123 403,87019158572616 1,998757219695123 386619,8877615501 1
834,3035116881117 32689,493345335468 2,001181566710636 206,0450347587541 703,2646110311396 356,4654860137939 365,20607739807934 85,50775955471832 5,478887831926772 0,418327018961649 397,839556182397 2,0075630934574944 384999,04343780276 1
835,3305025522723 32966,571519049074 1,9837666247887538 175,8390831425653 697,3165440956902 345,30875024756904 364,25796999626067 85,35588159450691 5,4607603177518165 0,41653276978949155 399,13606723252275 1,9921674524580333 386285,8479066196 1
831,5981650551183 32730,481146217815 1,9950278503517171 174,43779973496805 700,4837426273377 342,892700040805 364,12044174084247 85,27015391578313 5,419779114568706 0,4412418414424091 401,91040403629876 2,0216972031968976 380353,2918953554 1
835,2671406164563 33183,85863678225 1,9932093006681362 202,57219749392283 698,6495366037374 351,0124350859879 350,79435322260076 85,56373653844719 5,466674999806088 0,44114385973647935 402,17533119710123 1,9937636140914987 382132,7214534905 1
840,0219745022466 32862,019198823196 1,9845187464627632 204,0065909593602 697,0797658119307 346,18893550873446 351,1331278019849 86,11209582959815 5,428529981207361 0,46723165184046217 402,3605709275869 1,9884966139656703 381150,290359997 1
830,3318122458552 33415,88524034658 2,002000677129936 196,43357655537807 698,9690000573755 347,148448440022 349,1370095030053 86,00601717532699 5,464030737333115 0,468779321254704 401,7521695510509 2,0187434204933483 378628,78353243374 1
834,7313267678423 32934,72410666676 1,9736258551779555 195,568915235634 687,9266975393456 338,86901311814785 348,8385993188526 87,00790455780512 5,45943144546667 0,4906717434817496 403,923621463216 1,9890834278715537 378119,5326525493 1
836,8619107010263 32860,86368059179 1,987884497591192 195,115191454948 688,5243241362522 341,89876694901875 348,61177591758894 87,17828988947758 5,407108864637737 0,4940038760701094 402,9304504004773 2,008570471194151 373372,161252777 1
833,0588272061957 32761,496752365332 2,9927351983586035 223,5191187285704 728,8822886435302 335,4097592088432 340,99642904255677 83,79659289384149 5,391987784332305 0,49067845562630663 398,97270426975183 1,9869649112601382 374819,4488906837 1
833,646236311427 32703,600293961343 3,0057104101177186 225,46089979414296 723,392728063997 337,7872107502006 343,726656302844 83,8918620949964 5,43544612963272 0,5131829642237927 403,93155608955556 1,9900495746817204 368960,43295460794 1
836,5491455738522 32402,225486375282 1,9870922261349393 194,45520429010762 702,0454875514771 324,8178459146999 335,9823487001768 84,8980582281001 5,402832981627932 0,5120143972023646 405,0884470569815 2,00606179780744 368756,66097386676 1
833,758144962815 32479,537798948444 2,0003033689958993 195,39953399041562 699,6644258660153 326,9314302416868 335,0496760854949 85,19391982672575 5,504142799451675 0,5356118866749521 403,73018417744953 1,9963190672342095 370081,60528962006 1
836,8887669629975 32631,617347178897 1,9986263719786697 208,30087662699873 694,7441156894214 337,22329106348735 338,87793641981244 86,04728601745074 5,420157674386468 0,5342636121373923 411,3878091231104 2,006102597305291 366103,07099990285 1
840,2107352863968 32538,281717985305 2,002139145886119 208,77959877123277 699,0845792680841 333,64070080428223 340,8348551136807 86,27138695999483 5,444459506125453 0,5561892140417086 408,3945801855401 1,989051299462765 368928,5531580588 1
837,7208270140021 32714,450188479772 3,0269430722621453 225,82567701702268 701,9894340913099 333,1890686869031 340,12652361557303 85,65971918873736 5,46283987967031 0,5609074300777 405,99273012024895 1,9822482960434673 364312,7454407554 1
839,5496690756206 32494,17043837172 3,006418954867206 225,17433808417672 720,2265242192941 326,5932619100106 337,6331457805673 84,64627347763982 5,493065355896743 0,5833596155633332 409,7590031694014 2,011671460141275 363482,8965059692 1
834,2144647037685 33061,569189252485 2,983687101730463 228,0155776412288 728,7108522310563 327,8956705678536 334,5187250478405 83,740421979862 5,39856918596623 0,57684988727551 413,73474651761677 1,9980801860262545 357957,6126556993 1
844,3067952240579 33005,813675879384 2,9802894879193707 252,8342923469437 752,0495522679594 326,60946737856756 330,56006480654816 81,82522425417062 5,429319873283165 0,5728138255932987 406,5562082327353 1,9941145915528062 357785,2637330578 1
835,876974747593 32500,226278456612 2,9938896945800444 252,6900723507708 759,3239736436286 327,40218957871576 336,32243429776815 81,25591013897585 5,449820642189517 0,5967620122406458 408,8493849038502 2,02341789167494 359176,54577070044 1
840,9992033278912 32856,79391605828 2,9950973226886957 248,482344052162 745,4092695326742 319,52139162427187 328,1505610842361 81,83251144539956 5,445448361765107 0,5959343660538844 411,41814922592965 2,0034829093145876 357039,9202607996 1
842,352030136945 32779,279050626676 2,9793690728471214 245,78139420443406 747,6660768889888 319,8816015709397 331,07256404990466 82,66302361687713 5,4213878759667775 0,6181819878282527 411,8488789561114 1,991143567981528 360708,0829216325 1
833,7669166777621 32585,22831588222 2,9867690276187133 243,54703512244663 743,6799645053246 324,45705690593866 325,581953529648 82,11315031608716 5,421787325123606 0,6146698279796902 415,1238206180686 2,0006823590326217 355856,8129050055 1
840,2900377276235 32977,024875750634 3,017078652695221 238,56296790190473 743,7602334661174 325,09698447160645 328,5455958035496 82,53889378711006 5,440735588786411 0,6310510738581663 416,82713708801305 2,0021380625317295 358183,8270439532 1
839,8748999655176 32793,06910385308 2,9833601932941294 254,95112889133594 741,8115352688208 322,3057619141581 328,51146262664065 82,3941836778666 5,451158486355519 0,627561263382682 417,38321755478773 2,0109446864429925 354748,62538972875 1
834,9930552014471 32890,93568383695 3,0238325380768165 256,7920442618017 756,2064217719767 318,12597112302103 324,276123292791 80,82409994810281 5,444841854124092 0,6449480392986179 420,44323177376094 1,99514744155397 355799,475586749 1
839,9546535124902 32537,07120836805 3,0020103267827825 256,9354732265468 757,2204412948203 314,29100643729606 322,4223790365336 81,08856396689663 5,471849913801677 0,649052435899071 419,65067900073086 1,985724321236045 355221,62058696995 1
843,6473105711657 33077,39139775297 3,0095151688103723 248,91624818173594 750,6693113411009 323,43470989261965 315,48727252010997 81,64426681679656 5,444098622648671 0,645699973665233 425,48638787705676 1,9982326287960424 354462,80035137496 1
832,8448278189244 32681,507590903533 2,993212736214536 248,57006646065796 751,7096279053643 321,0396041898995 315,34351221168646 81,62581184117286 5,440779450073692 0,6574791692080879 424,7119148661527 2,9875823036487557 348195,1776829512 1
836,5430001338481 32586,77695538113 2,995320995793037 241,67859601863205 740,6221849443 319,9398473891493 316,2852834615483 82,36544228687723 5,43784856318864 0,6552664972406679 425,88404917364824 2,990338408150077 349736,83527475584 1
841,0524398628949 32703,529393366825 3,0133142030291507 241,42752818269236 743,8445201396293 318,9052375745695 318,63853816424063 82,4808345502962 5,467458567602368 0,6685076665269234 429,0833440261856 3,017619361555779 353794,0692403484 1
848,7969315564379 33060,40881389453 2,9791102081574747 241,78115066528514 744,7885885101034 308,74760706689074 316,3066359310111 82,10729793109262 5,45055309998057 0,6733978218144447 425,8603071488631 2,971591279210092 350606,28920163034 1
840,172098092706 32715,925494217194 2,974367035943479 241,61729877413026 746,1913158695388 311,6483798618447 314,7249581368646 82,74711867004189 5,460904844181887 0,6862713459407603 427,5492703561354 3,004303129538597 354604,0395179202 1
844,2737420892114 32475,217423901966 3,005144252892769 248,60913991583493 743,1486903970492 310,594041244028 317,07250692413197 82,77085370362265 5,430324408881811 0,6810141270094736 431,30861749541884 3,007069926802888 350288,1603738382 1
839,7884138170705 32724,44456986462 2,9924100142920054 250,36192521803108 750,6579053898199 315,3884331683503 312,23054193617736 81,2895760820071 5,473245512721072 0,701030286782793 435,03006651422993 2,9738693142286943 349028,46603893867 1
837,7017683203574 32762,330820403473 2,980456687777613 251,4224567853342 752,0277691186872 315,1899065058456 312,20241129349887 81,45382415573746 5,4561673991418935 0,6937777939812224 432,1041911144594 3,011905098979038 345398,20533786854 1
841,1350151360291 32582,588216836444 3,008633494517111 258,13846878326905 776,7564773107043 309,7196527193437 307,228703113207 79,467014535227 5,493472989002529 0,6997571662368748 435,56365489612165 3,047966720990228 348371,0906267786 1
844,0626225190265 32915,60994175328 3,002568470748445 259,77062007501416 779,4570226194514 309,6440435772984 308,66803484302727 79,5292644930191 5,457686514930517 0,7065532372568637 439,46059274206624 3,025892372702767 345390,37383679574 1
833,4954468923502 32505,96545547727 3,015507368252239 253,4996968834403 751,5782109601433 300,6734760162769 314,5850477399236 80,6652961964421 5,465583090186437 0,7107436340122998 438,8822782819063 2,9995583565155206 346409,35661249474 1
839,7897817959957 32584,872940240224 2,9889795848348326 252,31263958818877 758,4609248482973 302,28235117942546 314,17232532082784 81,90101629091005 5,4065721718431625 0,7218530585951503 441,7723653820085 3,018385178989471 347232,2584644144 1
838,7836658052807 32474,749225725333 3,0271119983130728 247,91528833937443 748,5999097772423 313,4760180543192 305,81466471366815 82,17561626605604 5,43624164395686 0,7162053350691248 439,9461570733785 3,0055548739357048 344218,46008677845 1
834,0748575327901 32931,06919323088 3,0069290729483154 249,6675129866857 748,8620059884669 315,3447374997363 307,721334712469 82,0673649284922 5,4246707700649255 0,7217501233306128 444,78250075890975 2,9733915308871035 346010,5135802712 1
832,9178068338763 32718,73850793677 2,9899525198554318 229,25910718250856 751,2564919815343 314,37235862378856 306,00362651217813 82,07437404245111 5,484450989360853 0,7333368551450015 446,64485091938843 3,0020320193837904 345061,96989165334 1
834,5588487412192 32821,994940177356 2,9826054192394373 232,21010449104844 733,6335407834453 316,5593792149737 309,96099064788024 83,21078212050126 5,438217810440076 0,7439316635760509 444,9063465924159 2,995810559034577 343608,4978026447 1
840,4707069087535 32852,67971963846 3,0013926502101755 228,2659871096043 722,5137180598053 317,4627660277931 308,21806629471513 83,73167746436967 5,435971832285834 0,7348378275641828 450,4268928664681 3,009292425776848 345442,3739820184 1
830,3263130575283 32629,340709279786 2,998948538042054 256,07567395608385 785,0263610046106 307,10479200161393 305,27653476738107 80,01974152425835 5,444402817019955 0,7416664309025454 445,75084277796066 2,9827084316402748 342040,617845769 1
836,8413535390922 32886,81100709745 3,01049550648687 257,25988721167624 790,7492171993566 307,6730409946962 304,1649675026032 79,90569174957338 5,509235496416616 0,7403564286587118 452,9291959704551 2,9831766158120407 341587,63885780936 1
842,7133873820269 32879,58443724253 3,0125843730681794 276,5042822207898 782,8651276559203 307,3805223530451 303,2822161732816 80,14978592318978 5,450141458119506 0,7515011342680273 453,2991069345963 2,9896397943259805 342147,08998633345 1
843,5759483371824 32834,93480198844 3,0154840357207044 275,0113777940925 781,1458608095169 304,4971376352754 300,0042405582299 79,3690416815268 5,409345855364201 0,7498806482899762 452,0924606760209 3,0303660458472983 339306,97110717115 1
830,7885895610473 32518,65680609577 2,998676249407823 260,8800268841212 765,9665997839669 296,5600281756433 311,25556135825326 80,33582850085831 5,484607744006831 0,7491943795373855 452,72051723176713 2,998297104250408 339332,6594961817 1
834,3479410469789 32759,247392669622 3,002834153631668 261,5809797568893 764,7780791985033 302,3050319040131 312,64300580493864 80,28523176186886 5,367272720633949 0,7616357789739675 462,99727713245 3,0009927673760814 340669,42481825047 1
828,0610920541114 32823,179848865344 2,9994374423375136 288,78629906886613 761,981230247074 299,8366787259333 311,74447827490667 81,04536588781049 5,364014411269571 0,7660801148451758 456,8078810314151 3,0144835317618863 338280,53718188324 1
838,5162016823404 32606,122360527086 3,0253401289467377 287,6988984231465 793,5023193410274 304,78772834905817 308,1463323383523 77,99694825878775 5,343299186631647 0,770771799176068 466,432662246945 3,0044436773868997 339735,67054245283 1
835,1382913229412 32748,931033276767 2,994958601918629 286,867859273042 791,9049184951609 304,228179949405 305,79676656771835 78,85246562606426 5,451054977845589 0,7730422431682407 460,27131879226624 2,9859768842984535 332990,0762553268 1
841,2166534814888 32493,127977784006 2,9899970114025436 272,5863427093121 789,3825681270206 304,2730003085315 302,83845883320976 79,23611432191348 5,431325374282032 0,7686122541000908 460,2941888078919 3,000425660003325 338692,3214478228 1
833,8080306203406 32605,05238382152 2,98345303597824 274,12565390744805 786,0600216337363 306,49497212072356 302,70742748052834 79,2978939668387 5,409705497074997 0,7755668848586035 464,15283016668263 2,9721885349521777 340523,4270146188 1
831,60364927942 32540,20728750391 3,001310187319787 274,16959092347236 776,8708974950105 299,7672377573829 299,34059715444556 79,70133980078883 5,408778899150123 0,7705939016481396 464,9871199702653 2,9919350145679036 335840,46450082114 1
833,8102385970094 32780,5998865433 2,989482820528172 273,9464005788361 778,96124306197 299,6510627678524 300,8316746005848 80,09154117103321 5,438923909763836 0,7771313022595888 467,03304112245684 2,9836002996146274 337461,83446667524 1
837,8254720634885 32619,407140634168 3,001397755027227 265,8554312502679 762,8628965149264 311,01231462444673 296,77873737769966 80,37388356625854 5,402909077869596 0,7762435347020348 471,62618168527416 2,9735603376258197 337164,770537686 1
833,7273566068279 32584,16874431072 3,0099567492250707 267,76084677740164 773,9350851011955 310,60955918966084 298,15517190521985 79,72027055302694 5,435706531467801 0,7797025783918516 475,20889380563045 3,0028035522034235 337977,420722297 1
835,6687066496511 32673,296591805796 2,992158094172571 264,43518338336503 770,2038136208 312,54537210296866 298,8088800126992 80,19722452364434 5,450959911804222 0,7771033560345328 473,1933604310375 2,9763025366773834 337294,3570843599 1
835,3564660047856 32587,44661624641 2,98860677963179 263,9326818629377 769,664331855271 291,86806242833705 301,8987221548229 80,72102534844666 5,473772775017092 0,7870136937816152 477,14928955341117 2,971010115223364 335689,2093618339 1
841,3558941285014 32662,96515943571 2,993119254775715 263,920148086416 765,2080768421033 292,70646589633714 297,91915891197584 80,65854975207971 5,443715288167668 0,7888728334061187 476,0360274142515 3,0321463996615545 333851,33583527204 1
842,4559185856391 32629,045080757696 3,002095951545521 259,41665594872995 781,8367574717387 297,53092279341485 299,6682898744985 78,38506582105056 5,411955655886574 0,7918880931506797 476,6767248169196 2,9995487514873087 332307,4071986604 1
832,5403292508337 32463,318103459795 2,9820182569236784 256,6003060322225 779,510163795539 298,31430033091067 301,79981554211537 79,22293583246021 5,435257994243085 0,7880151857561107 475,72104181114156 2,9795510135787966 334225,38376087404 1
828,4933010673559 32975,36723685857 2,9870769302027256 273,6009012353013 770,5390740217617 298,24242529380746 296,4307156329714 80,04412944348772 5,466884681598648 0,7894748643325767 473,2298130042697 3,008844838898346 333788,30228032306 1
835,5554550672382 32724,382887344676 3,002231911163763 271,8373881494922 776,6154632780614 298,65711565967575 298,55592796288914 80,18597146176984 5,450993532824594 0,7931970166408009 476,5749287648088 3,0033866311209367 334268,90005487605 1
827,3075068989629 32432,681045110305 2,994713827666548 271,2658074535587 771,8360898646591 303,73165477782334 301,03258853082946 79,99588439482885 5,4623257610791125 0,7984454498178626 475,00659015053395 2,9999084256976 333998,92648205144 1
835,7300912656383 32536,035949973088 3,0140565040871263 273,11778581623616 775,3427298443779 302,35689308162813 301,6360092013183 79,6465455257948 5,4002019070307306 0,7995721213459469 479,0725697309724 3,018731401853512 334305,7396568532 1
837,4016885046907 32674,119480525045 2,99459112677059 305,79688326551604 771,8104662081878 302,9164997035429 303,50382070333575 79,77473882979763 5,478763009728769 0,8067103574149104 483,55040193813016 2,973314634630464 335301,975640012 1
830,0194255403561 32641,521204165765 2,984512661377065 302,6555075400654 798,9255650128383 289,5279797552615 301,4372496618814 77,81966913961297 5,456983177109471 0,7983860241822673 487,888550908818 3,0226566044094714 335444,66028666677 1
832,3447561160405 32681,686012840884 3,025233002215086 303,09812565980593 802,2373655087899 292,3573823341303 298,8044816539308 77,34431647898928 5,4194498602055905 0,807390347064086 486,21639261763136 3,0264919017872054 326826,4914320657 1
831,496022670253 32502,14227721096 3,007606074748945 275,90408899384556 770,4194917696648 298,8395693642988 292,3467728161226 81,04597594654999 5,487895820498614 0,8072539137953283 483,0875963478504 2,9981572629260773 331461,41214934463 1
832,9287273956056 32829,25231863334 2,992584594489825 277,2478586197642 766,3707590064597 298,3966704612815 293,7326582523842 80,55909937867862 5,476251707077546 0,8110131818409514 487,7578371034537 3,009612023809259 328092,11131889495 1
831,6638414657172 32886,466661905964 2,976400419631453 277,4468227225363 773,7014421198427 290,13320111957665 295,9766850219554 80,0742976220277 5,4948482475310785 0,8111874231772055 488,67577160194395 3,0036971042319873 331873,61366142065 1
833,928171843052 32617,184400615322 3,0137244222069492 273,8530941118665 785,3665503752612 290,8275159229456 295,54196998350733 80,16855230496196 5,456842453749096 0,807559690031495 489,20832166515993 3,0107521021371006 329218,2949582541 1
836,8885758535507 32367,998817744916 3,0045438142985805 282,13129759904655 793,7946311984593 286,9338712618321 295,42206591879847 79,16014194339988 5,390377487226115 0,8143233529305521 489,45158044967206 3,014313421460433 328151,10042877373 1
836,1519469140318 32742,13583277452 2,998925404250322 284,120724403485 778,001413179562 284,7305867036049 298,3157122890224 79,16305253684816 5,466563975683192 0,8156477591948547 488,30230958134456 3,0010114663547167 330345,256443021 1
828,0398913436043 32670,543409506365 2,9941888878141993 326,76901412217927 788,4527426087218 286,72362468597476 295,89492268374556 78,96507160195081 5,474396890484663 0,8137426872146466 491,6115621739921 2,9948916895468374 329154,52818732057 1
832,0090960460005 32815,2846281836 3,0112019070993106 320,38928825118404 817,0527157827064 290,0057089554683 296,8263634438794 76,24989980519527 5,375977889717289 0,8163617532937845 497,0112844179824 2,995228214657031 331251,70897422434 1
832,8796243136119 32826,00736350605 3,0003948861290706 322,7519008225902 811,0728370464471 289,97323167073785 302,4454258327757 76,04430190322249 5,430780460322315 0,810499781543135 493,8578102176322 3,005397791993129 329632,06889121485 1
832,0986036247416 32567,3821141094 2,98362119250599 288,16159765139537 783,9633823895582 288,36652814700835 292,22421241274594 78,94901431281582 5,4496687350648525 0,8241573124384671 499,1576923668085 3,0421715235722155 331665,2488586109 1
835,1827375235202 32625,293491914024 3,0046719621541857 288,5990354309171 770,995029408803 286,85460566909734 295,4778938908034 79,39231464675203 5,4541651687099915 0,8205359702203849 498,7220089600295 3,015462360677074 325978,299497278 1
830,3635263009841 32725,11375198972 3,0046280157205363 282,45037632396793 792,090031601387 283,42366603664624 288,2930841821966 79,0748678187956 5,455578431769134 0,8151278840039721 499,9731530178896 2,983990272331159 327770,7505429902 1
834,886948067946 32210,305283450496 3,0103728782675594 282,9340683248932 787,5028942342436 284,2981605196077 290,7354445604651 78,92761590091193 5,417054766692452 0,8227093229735654 502,34843901074487 3,026938967153135 328025,09389683953 1
829,6038795906379 32860,171792258945 2,9974989605335556 285,1804605160204 780,3889782820494 285,4121223702651 288,56040367952573 78,34377277747434 5,475726368475265 0,8235096612764571 502,4060503870208 3,006128187519141 329032,59240847814 1
834,5165271341373 32566,791177662315 3,0137072435714582 285,5231741060286 790,2322875212183 284,9555070792672 292,4740229541839 78,73599715225502 5,4222836862631425 0,82820711575397 498,0476563007684 2,9770666094269496 327334,96215729776 1
836,5307738889514 32770,00103634039 2,994658353817258 280,35937764544485 786,7652155871609 283,1970149262227 291,4152190955924 78,273100257863 5,432906913744816 0,8275866213992699 502,570393649511 3,0203533612948155 323507,82188744395 1
831,675924334148 32671,28940845718 3,0055284463608984 278,5889973475667 780,3395448048863 283,5894769503491 290,3484777184231 77,97526014118239 5,461454747480897 0,816548606083616 504,50502720694124 2,9941825819877783 327827,7148012898 1
836,0148900098409 32629,03240530463 2,998590301627278 279,1960016302622 786,0357552517761 283,4287937142008 289,92659050219817 78,18968590954856 5,477486204669408 0,8255688845264314 506,05044454560027 3,018666966644914 324483,20890784217 1
825,7100639254663 32823,73778461502 3,01136605087222 274,6977089776727 781,6645745129799 287,35705722589483 292,8311008720863 79,50190666977534 5,486691772242427 0,8294998718864331 500,35902554753125 3,006044090965453 324411,4161665123 1
