Co2(scd40) raw_signla(sgp40) aiq(ens160) tvoc(ens160) eco2(ens160) rs1(ens160) rs3(ens160) rs4(ens160) rmox(zmod4410) tvoc(zmod4410) eco2(zmod4410) iaq(zmod4410) resistencia(bme688) Aire/muestra
1229,4833976251798 29796,631710824324 4,010102377156442 924,1352383316133 974,2106878489454 309,3973685478557 256,9855082476735 54,38910992633462 5,419559323281441 0,6497407170714836 425,86841006692975 2,0082210166651957 380049,7357727212 1
1229,3679102444323 29864,43826429795 3,957076295506056 949,8526165362968 975,2230421469905 315,33779192259675 253,3751797511048 54,501989863834304 5,409398626834262 0,6517122036647334 425,31697940373044 2,001086446015509 378076,5956653651 1
1236,638391456591 29728,79156963618 4,0091717665496285 951,871404401817 972,8384357952934 314,2169819411835 252,92978141374658 54,609937258200524 5,446688278352427 0,683496362847949 434,5100935663738 2,9993993325251576 367623,3516160217 1
1230,4016189863348 29694,77384137345 4,011243404994122 885,7316324289422 975,9474406961706 301,5791870312081 252,50574457727404 55,2017962388954 5,371951823655707 0,6843825455053618 430,46264355171974 3,020962753364386 368732,46603117726 1
1241,8206305215706 29896,34545359602 3,933691669239909 877,9732682440318 964,2623076988922 303,4374183716647 252,1874037510148 55,293600417546195 5,406080791867205 0,703795431551011 434,3598287627478 3,01207885042763 367726,4167033219 1
1238,0092488971611 29760,86431241522 3,978389870600862 945,7011109941961 974,4715514837488 305,37001133571243 253,2714063055068 55,13509154843176 5,4486866315440246 0,7084822869130242 430,93222116483406 3,0170605250748057 375407,52882183064 1
1238,2232876992105 29804,434512796368 3,9932705330692775 931,0302093923796 982,4546097008779 299,1908870361077 251,8146871328214 53,53304030100438 5,458240611912158 0,7296507343810649 434,8879042068808 3,0221613848099684 378211,6248343689 1
1241,619029706094 29665,91961577333 4,02428510526661 935,6112934928393 992,5715083364422 296,43116054645117 252,00391455383726 53,74214300458095 5,404813403447573 0,725020979683724 434,5011254403096 3,0004717333029705 363852,6290275119 1
1240,1767283183003 29667,211133783847 4,01764602381702 892,6617878945518 979,5332374328858 304,94040224926806 243,4017744241898 54,61978918347117 5,4527472168587 0,729189703509782 433,46516531829957 2,991682339093415 364881,1417238177 1
1241,85227601865 29799,48351707377 3,979400435902022 896,6568188570106 970,3610817444371 304,1531415916744 242,8213776079976 54,54192223190264 5,392816725973218 0,7436138351459325 434,84829060647735 2,9815542310683916 367612,1867216774 1
1232,472042047475 29907,475358790187 3,9918915094674534 823,3836409735768 955,046852098496 301,1721162479212 246,4091384383636 56,247857144247746 5,466444694091848 0,7461516757759513 436,67011321222174 2,997695139412206 364017,8934854892 1
1246,2787512064465 29513,11895264391 4,001006536188448 820,5745684085995 960,044707212879 298,6027094378441 244,88788658242711 57,024650709862414 5,3866391339245325 0,7636595353770955 434,1366762002905 3,0023353718975394 362583,67230131436 1
1236,692038741095 29682,870305604865 4,012524108839727 882,8923225021578 976,270218416306 295,33550788535604 247,25936681313735 54,761651861665634 5,4175705609595255 0,765048071069394 430,9241047094048 2,9861282749874967 363787,50492367474 1
1240,4921526798485 29949,499515632695 4,009086632592224 888,6835041579499 979,3642430191023 293,83240543676715 244,82409097495784 55,32562970998174 5,4132017566556065 0,7816748796032146 437,406131505395 2,9903054220646452 362934,078657858 1
1243,7773877234533 29844,413894868954 3,988147261177852 809,0627805171122 969,4533027006972 292,476734131706 247,79715060076967 55,26723966342804 5,405798231479647 0,7753303541283219 435,431689118272 2,9902912133941406 364380,9282596011 1
1240,159257826473 29859,45940193151 4,023203361436616 799,8482701273482 944,4271578944333 293,5656142115986 245,2764800077615 57,3269777888533 5,411366324418086 0,7926920611153001 433,5345464942374 2,9694346176348207 360304,58280996734 1
1247,9338543464476 29925,077082009688 3,993663896440426 811,6767129567868 950,4935327039989 294,7799626317789 245,84210553119152 57,15866417703288 5,400752466374893 0,7964517663618186 431,98389450934195 2,992747618579927 360854,50078441564 1
1239,452264897231 29777,506873562932 4,013092627657802 757,5196697053291 931,7757511873194 296,9405018278322 242,73756065573147 58,44502351101567 5,452658841178908 0,7985985240002463 434,5230076054883 3,0132446283190055 361300,4477515901 1
1247,1703008813067 29984,524007804626 3,989552241610502 750,869706923519 945,9230466973438 295,7588155320478 242,9617090049144 57,85361201663354 5,3752621849050275 0,8161364642998019 441,43981725277496 3,0064288420216663 361188,2365298566 1
1241,7001779449622 29656,055644065396 3,9966102942496433 872,2304367997444 968,7794189285521 292,26886907320875 245,64920185263483 55,4823520021021 5,4465782626775185 0,8037084739629802 436,6752667733599 2,9944136448531227 363558,30218450236 1
1245,60462872931 29874,110725725932 4,009495516462531 876,7241582887555 976,2066611948809 292,80482129558715 246,87426435068122 54,842699096714355 5,447081778842847 0,8281201620293462 432,7134010959729 2,978369352436139 361454,488776882 1
1237,8611253005413 29903,54314111718 4,021129900734413 818,6029039266489 947,0116063497632 290,8829300436942 246,9272252826708 56,84367846160018 5,463157636075856 0,8212181559851107 434,1687806489919 2,9951637539066933 360734,7203109444 1
1240,391691186518 29901,376407410702 3,980602590407448 826,637179013922 960,8388312080762 291,3083703304749 248,79914004431976 56,669424183815025 5,467338178991525 0,8392203911068375 437,9386648132309 3,006495024410367 356376,37287489563 1
1252,451440124864 29977,734622060092 3,989752548828527 789,4917732532143 949,9241755579013 291,20973789718215 246,15581344251336 56,93408665417771 5,379980552257177 0,8365671263212175 435,0724631286001 2,994249963443207 362065,08139764325 1
1248,9768583370726 29899,764465358574 4,003095226516531 784,0458639962314 945,3861758562915 294,0743006919019 239,98700025191204 57,85353626222073 5,385191701935106 0,8454018769036794 436,86340359503197 3,0048099369655015 360010,0392425175 1
1253,4469858655698 29515,711287013408 3,9761492825393323 780,8197642331921 938,2711638235827 292,98670689515967 240,807178718727 57,68720608370852 5,421460889220111 0,8545442164643867 432,25619629027653 2,9885446619977416 354078,30356205866 1
1241,6663951882065 29639,623962255428 3,992095805715569 815,3985632547121 946,1939712518058 289,2523261354307 243,4611676269153 57,457397016326766 5,406814202243311 0,8452708550402434 436,01117540020016 2,9981450204371276 354158,90338504355 1
1240,3649396156234 29989,701646291218 4,019325804111826 812,6374840146376 943,301400808144 289,20108652946976 243,58523147164186 57,83106241405559 5,418019311854765 0,8468397763865183 432,4793069419338 3,024321284676791 355728,26210955484 1
1251,2897500028157 29978,288321954282 3,9943585445889127 879,2902986609641 981,2047842267116 293,3034106684689 247,88067300421082 55,3101767914081 5,404340587196363 0,8530265856107996 433,4841871017112 3,006913719691067 356522,8239367541 1
1242,45881281421 29776,602578548387 3,9932337248959464 873,9333181613541 963,6150917420792 292,8773951084036 244,02236243568956 55,16237973212241 5,417391357006911 0,8710853152101238 437,3805555636768 3,0064967783267798 359716,0187351361 1
1257,0838358980416 29731,31065947916 4,005851697946065 804,3848258094802 951,3485876405271 286,2763418649632 237,70732994759817 56,76448012782313 5,38016974148627 0,8613512334555349 438,1270398301229 3,0181953102684016 354918,63401997485 1
1245,7182343710592 29568,590336188994 3,981325405279983 810,1724632999851 947,9069477885623 289,8610812440437 238,75903482415748 57,24087660613601 5,382715081873717 0,878839763901804 436,5915087095828 3,023626184284553 354620,81006750104 1
1242,052272447293 29869,609017027946 4,008702995918002 836,203385978175 955,5428958854959 290,16074848501586 238,15480585263674 56,63142747675334 5,399923301490727 0,8781489274089733 437,70516455545464 3,0002389784679915 356841,460995939 1
1252,6973777739233 29773,773832093786 3,9832790388372756 839,6701695436703 953,1610718380496 293,6378323584365 241,8297099276296 56,44980119341084 5,418492324136887 0,884196444069649 435,82366703962543 2,995825582276412 357250,65474797436 1
1256,5517710304675 29813,787044959954 4,0185864593876595 838,3438047180132 957,4130404599459 293,4906176628424 241,22611058515773 56,201415425133995 5,418220450876964 0,8788529087197473 435,6829355369913 3,0052659518190294 350962,2550418114 1
1252,104429463991 29858,8790047641 3,998259817257428 870,263639960936 971,2855446377068 289,5577059168755 241,77638600392336 56,27053548675953 5,444660157897471 0,876321275284737 434,66782510944256 3,012673795606318 350877,0134976429 1
1253,8768691750292 29946,11208228841 3,9886244784836404 865,9595041128038 970,5081785122717 288,22840773273145 241,22236920740485 56,042959723037846 5,419852673606747 0,8884766327146105 438,61919418256457 3,022849951625896 351826,07370185974 1
1251,008517583955 29745,889538603074 4,034537699190802 820,5640944609055 964,7116159989515 286,1025094574991 241,30328740504305 56,142870646465056 5,430731815879516 0,8905114478839676 438,94788520614713 2,9840157821014257 352758,0455201782 1
1259,0069804076775 29699,657017611564 4,022889731364187 816,5116692958096 958,6775887245223 283,88151645148554 243,36643704412765 56,06011868835556 5,441751630225224 0,8989850631064027 436,58127599888525 3,017902059128925 351214,2292866211 1
1253,9906477938525 29726,05353071208 4,002490554880907 821,5492573424616 961,8145719269793 284,64748389008923 245,38129740136543 56,153279457703604 5,393252496442269 0,8872594793516029 438,9870761417356 2,984571332716867 352288,1523301831 1
1245,5576595558489 29753,461333351344 4,027748900070655 826,3007729867492 955,6085431660099 287,3461237536627 241,44671456707584 56,47297679782875 5,396327797567231 0,9001488178833376 440,0326042617599 3,0144492571091632 350722,9066605175 1
1243,9851752341413 29784,211526655014 3,98847452032747 818,0277451739975 953,5300653833116 284,3972631993248 244,17047895768852 56,54187905851828 5,450322294303473 0,8959743500702207 438,45498334454135 3,00060660028445 352262,5410625883 1
1261,6275223986597 29850,643557766434 3,9910478007353265 816,6701484580185 951,0965257925787 284,2853534510827 245,51516817738357 57,13415613331038 5,400056309416245 0,9054074623411988 440,4712723037918 2,979449126322761 353764,20238827245 1
1251,0159152985934 29775,642865437083 3,9800804502152083 822,145889810772 963,8441318146006 280,3815411695311 243,9693459997246 56,90265253014358 5,420676603145311 0,9095925897771547 439,94686709968835 3,028566663429112 354117,4707314764 1
1255,892642130793 29849,044282661263 4,008755967315371 788,836046626818 956,5512987458653 288,8388342484293 246,17903636589722 56,976033682944305 5,41874181071069 0,9019341359463586 438,3086334985186 3,008481214766113 354164,58588836115 1
1247,7125201802157 29964,15733025401 3,947462552697317 792,9541584902184 958,3740093008014 289,38062086296867 247,33165441441253 56,93000510892635 5,392405796948376 0,9123388780275727 441,7308335123859 3,0057491940173335 348769,0182593464 1
1248,951103450108 29770,916160555564 4,008588485421717 823,2014966143539 961,1845161186333 283,49036426228946 246,5620378603535 56,70639484518286 5,36433515750931 0,9056743316831976 446,53158020927657 3,01136846858646 348435,90230823815 1
1246,7462070002807 29814,716628041864 4,0018483791407125 821,6803823480927 959,0543365386102 286,5557522960797 246,17614636452242 56,31671410846758 5,427782068751292 0,9077018449396185 443,9156757738929 3,0087594182986575 351293,37387768965 1
1246,6346710541725 29811,758696139 4,002505087730988 713,2358137820519 934,3552478841292 282,15318268327553 240,6481256579308 59,50075113410142 5,400394066448993 0,916926751558316 444,3279968212651 2,9800284146572373 352293,38767078967 1
1252,607319645464 29750,136851809806 4,011835406550025 710,7006879385762 927,6010803025156 284,7872228128819 241,56354554728654 59,66922367192054 5,465981658549827 0,9172228672961334 448,8608011321047 2,992638450391053 352906,22383991326 1
1257,9668266858648 29450,764688750456 3,9881452894942084 811,714363192926 933,2534072420677 284,2252452439186 239,80450205653278 58,70898830440854 5,400592929503207 0,9119453143914998 455,6965366515812 3,0074668349873677 351449,5817906712 1
1248,9455922672435 29949,36455645432 4,012105602397784 808,8734646288634 960,5934883456541 281,85950903878796 239,86918445471127 57,12496114479564 5,4922883519429915 0,9231517645543865 455,13707900473275 3,011143367446639 346779,85223991907 1
1254,3886543826763 29686,84028579955 3,9739995300280375 812,6002861825629 949,3556763579312 282,3287174567431 242,4514905333729 57,063491360932844 5,434445350595703 0,9238041529370233 453,96967815366247 3,00011452837225 349300,7786568811 1
1249,7544158862443 29918,29089717608 4,008968238065996 843,5554342496529 949,6460825911221 279,80261852033493 243,09786397564892 56,91013372786655 5,4044788306857905 0,9262001393634952 449,11654134254746 2,9737131612972876 350200,59411648475 1
1261,866084285201 29865,427745956662 4,011485476440145 853,7823895765789 955,1920513661989 282,14784914916135 244,19870228029086 57,080119828813714 5,4471413188985744 0,9293229761308196 452,672570147159 3,0232833507735224 351865,7646863583 1
1248,7549242110042 29888,7811387986 4,038379164474439 826,1332695164452 962,1283098389416 285,7197812004431 241,12305620518885 56,41593904678816 5,4398874238094175 0,9292820674224022 451,05266242957816 3,0072227983409516 353123,6748355418 1
1262,670716589879 29690,70837295346 4,004884667282889 815,8235777300848 962,5767524142873 281,8545662626301 239,8141222684561 56,42443768377246 5,482596807649252 0,9315733552477549 454,4907162985609 2,992418548594447 349113,6164337135 1
1258,7179274424166 29799,375320200004 3,9639953674831614 758,415146178854 934,1804082288376 279,8239204238624 243,27220426664505 57,78348681434764 5,455521045977062 0,9276206115004154 455,5144045217364 2,9972724754025752 351012,06926665554 1
1253,7690305036867 29869,390427795992 4,001487510942539 757,4899825375239 940,9286200037016 277,4091460071529 240,37511894600388 58,17072260900362 5,392336806969956 0,9309380253665365 462,3087128632432 2,9853340256677146 349196,77448015014 1
1245,806563979267 30027,014504002575 3,9875973083118263 787,7534399857818 944,7227150878489 277,37472550332103 243,0098804551251 57,82068377996105 5,433645494841439 0,9352433654773007 459,973696069507 3,004518599322692 349239,4157818018 1
1260,9391512917641 29924,733777494446 3,9837351921016997 792,7033309912276 948,6190719040567 277,48252068340366 240,07654106548804 57,37744113326078 5,423380693777504 0,9308191121379955 465,6651765364526 2,9927976335670556 347186,51440238976 1
1252,5063950219512 29679,753639367824 3,9709207752198727 795,8184720897615 945,591465337028 277,3105242627557 240,95369556832588 57,328033944798015 5,461354672611031 0,9306619034709017 461,1791429429633 3,0052504317621276 349733,1998614305 1
1255,2796157858916 29682,950319631233 3,986708771782923 779,2800154325971 951,9582093959824 278,42582363469114 240,20448394036 57,19860480006619 5,464040693405984 0,9352543031696443 464,8957465171895 2,9994310630658862 350792,83291303157 1
1246,4321384121129 29835,19789225001 4,0004466919497546 780,4601124093574 947,5039707657658 277,3250274858079 239,57752780217749 57,21325319425127 5,4059285955771434 0,9411755090086209 466,2231689782599 2,9724219752296266 345299,2808295237 1
1263,5806208372294 30046,000707058694 4,0179456303509635 743,1753324613736 933,4152452129632 285,01286129533906 247,44194635741272 58,84068609271261 5,430016689109578 0,9292703908986842 466,39522885209044 2,983960161240573 347252,0079059313 1
1247,9201791593277 29850,73720605482 3,9623734296584505 743,1185637947233 937,2265439023057 285,6054927179466 244,307833512705 58,88513830704736 5,376018339385096 0,9370615518530643 471,769101629645 3,0004270634951187 347314,5382289163 1
1251,5478902267998 29595,311668401275 4,005079979711871 792,4288999510081 940,8824797382956 289,6880188308877 244,54828206587936 57,63795822893199 5,4205606556376935 0,9364950466395016 466,6138684188914 2,9893456790665534 346060,9844110218 1
1259,1206207665125 29789,49755452273 3,968010363943541 785,0984300779762 947,8443075738671 289,8143448445681 240,58980694958535 57,79072173348123 5,400407171178299 0,9512472259688646 474,83448551179094 2,9863318490360857 344031,643818402 1
1250,8339555588677 29743,380596776064 3,9847436654330726 792,6934523989039 947,3606201478839 289,11070509388276 242,72044778789603 57,26746661376053 5,394116877481081 0,9466400793897047 476,1186199900101 2,993863352272054 352332,9749207977 1
1258,044446970656 29808,360434514612 4,021204309714399 793,0248708295519 942,9651843358948 281,8303643690501 239,6927000748422 57,65631377362334 5,4293445407987875 0,9412627913938932 474,7651501148583 3,002416521377315 347080,11585049744 1
1269,4442595332018 29735,6670024566 4,006261447842228 784,5749549732517 952,4973629283447 285,0107890932952 237,58489168522203 57,141338103194286 5,425726076096394 0,941507006617498 476,7971501533983 3,028223449110751 351082,39119102247 1
1258,869324835397 29769,856009293784 3,9893894188468 796,0709675068279 956,8644338239324 278,1630913333087 241,37004395235175 56,51842511912208 5,435710616608041 0,9466619801781102 475,8545546326347 3,0013888225925363 347129,02342151257 1
1255,7431374186144 29623,953299078683 4,026767332708617 788,9695543677282 954,733440132199 281,23430813201503 240,09207969359255 56,74000108932154 5,4540018185260495 0,9458290208348434 475,6544870599396 2,981556123686826 347370,9848879041 1
1258,2684550769852 29804,795977431368 3,9759116252931745 797,4158518710282 945,8360973005434 284,1194530571337 242,79044846979306 57,13560329986438 5,384733843338218 0,941209519731462 477,4371283886009 2,9974678980133276 346773,0904114117 1
1251,80635758597 29811,859370096932 4,0298099323498775 791,0389545951184 950,465603635589 280,8908393993252 242,41475886823554 56,936154687134355 5,387339833040872 0,9442726077596331 480,4683916275415 3,0094134477439924 344082,1071107464 1
1257,970487442065 29965,36140706428 3,976303813508735 723,5082497955925 932,6721187766117 279,0009169663835 243,07383145190917 59,22737859841586 5,394102568238529 0,9463942029110295 477,7646547850718 2,9842408997023426 347544,1888934588 1
1267,0770380547517 29739,003063784137 4,002695391229997 732,1073361058411 937,912716194562 277,6894181611241 242,66473215360836 59,25257903764221 5,446271898903048 0,9440169311611343 482,10299437537947 3,0178617068619804 350075,15532907774 1
1253,491278030949 29670,95308668316 4,012721574451244 766,4458390898411 936,9137112578585 278,22490120626196 239,68385670670617 58,85719833912648 5,426426394851808 0,9512610954853663 480,9659960026737 2,988003559295408 351005,90850818495 1
1262,3747290142194 29597,273563740226 4,026548396102612 763,9245657758172 940,5582501775336 279,6504192438112 238,56975802730864 57,81866503538755 5,4487605975885405 0,9507433734179414 482,458504880832 3,007867773361066 350538,37421988277 1
1265,2459521618466 29993,686590984868 4,013552059720518 762,5110396892022 935,1111487267699 277,5700871434198 239,13776616263695 58,28887907503408 5,414402214617182 0,9485284062408562 481,499795381307 2,99952862371124 349186,1769470853 1
1259,8747954784944 29972,38882139363 3,996277415359291 773,9166587230425 933,0402426526092 279,9360620348596 240,53112490904024 58,65686464757473 5,408783138481678 0,957564661416304 482,89642818169887 3,0047224334112013 346954,6388244697 1
1263,2279054442927 29875,481506171996 4,009677010989865 767,7055831570935 934,1630084900512 281,62373183040404 241,07943166373914 58,64890927408538 5,449307230720296 0,9434225657171501 483,19458009883044 2,9796129668352545 349840,9331050283 1
1266,609635994676 29756,431053154967 3,981549397214502 774,2286525343299 941,3554432247472 277,01265524718804 239,89755064461522 57,822059014019885 5,379727135347418 0,9498536647056919 483,6747244284559 3,011111611766024 347812,5926044805 1
1262,3381591353384 29845,7890301793 4,002192341216877 778,3725741258836 949,3351975432432 279,264610260179 238,44319464457175 57,809217785236676 5,432980841923537 0,9488153866846447 486,9049750461804 3,0088866216856296 347808,130650135 1
1271,1023146909683 29958,508228523195 3,989563872157007 798,038875919811 955,60164373988 282,56042738672085 242,14136662262734 57,220711616521754 5,462706393347895 0,9503353214405915 485,4410220924281 3,0101307919590394 346070,6885664309 1
1257,7119292206112 29738,534481384093 3,981686334234778 807,1974079951934 952,2181418977693 282,17139191043424 242,9939836596181 56,70948376824825 5,402118751630927 0,9407994910338681 488,38198672375347 2,972814700229707 347457,9679897237 1
1263,0278991728326 29553,063043142476 3,9901396649820793 794,8854532054304 953,5179618526141 278,94434548534525 242,78192862271092 57,06865622725732 5,417506594330317 0,9456979025900527 487,1026066621604 3,0041507362964026 344851,411841285 1
1266,9901843411983 29827,561205350125 3,987604096226506 794,1961263112132 947,6691764509355 281,8569551293259 239,90063146157428 56,9627709940888 5,443592955134865 0,9496170773280772 488,41179636750024 3,0097012696921257 346642,8503933288 1
1274,034491671672 29788,143563023466 3,9972041709183377 791,8127703029681 949,5048386916491 281,7831527389822 238,64896683790113 57,12941019826478 5,4196950282833525 0,9465195161876736 488,73177668676294 3,0099600762802368 347054,66894812236 1
1272,2492692504363 29674,98007699048 3,9885396614817408 789,6606309293226 946,707591502695 286,3643935449358 237,70705494743865 57,09744931450412 5,438165099711882 0,9484587744919374 491,5854323278179 2,9887849804974653 344677,0333222499 1
1257,2190698760767 30137,23510133385 4,006935234592945 796,6037307553555 959,4464376088083 283,1733421463946 240,7191666776941 57,30105948180203 5,420016178652541 0,9523993563865678 488,7682411707741 2,978685953828001 344279,6938188005 1
1264,6039080618339 29802,070655697866 3,9430812743813677 782,8342740481942 955,6212461548627 279,53168328826575 235,23409104705237 58,263445455149245 5,4091355406249235 0,9422914840169695 490,2315288439721 2,986546859575271 342846,210833715 1
1269,7743127999574 29974,34829593781 4,018679027771587 775,2110165896851 945,2244104268502 281,1470650354569 234,92877914201904 57,62734611574085 5,418677823188941 0,9550561583670207 491,2775379036809 2,953195270377826 345931,7941503421 1
1262,3861897609174 29743,61671784086 4,013141936791087 761,4650926409911 938,9567743846166 280,44922543813243 245,07893069452604 57,886509260410875 5,444667321222814 0,951037781112441 493,55884419277896 3,0154292768018878 347822,8098850012 1
1274,1297516691327 29941,695506897504 3,9924761258851875 765,4566628835918 943,2958903671437 280,9062796260341 245,4790579951387 58,350080808108835 5,390543240136701 0,949332235441233 490,75573610765264 3,0221296442260064 348193,67551599577 1
1276,713155898736 29754,898070690466 4,013993560829059 775,5328638055346 936,1728497137939 280,4375039271758 243,03523410018212 58,46524396120478 5,419050263031011 0,9374387183902678 490,6808501547248 2,9999038528303177 346124,019883309 1
1267,2041401605836 29837,639783645 3,981879391599086 780,361383492661 943,9807847284742 276,28785448833185 241,55391395338688 57,554267815362024 5,420828689366141 0,9466540876292049 492,38675296388305 2,9846320980336256 345836,3800919685 1
1280,377790072803 29566,606487636287 4,000202283425867 775,3835910883954 951,8854694257234 274,6022522260636 243,06390644097752 57,38755597014335 5,419409242258189 0,9544276136888176 491,65942886035197 2,9967895341912874 343957,4665790194 1
1274,4659703508448 29906,028365167782 4,010834735565531 712,6620152917126 926,6360135194286 274,0874565690946 240,77675959558712 59,6667078147228 5,439376363975814 0,9469125909452212 497,47121171083705 3,0047900917032657 344189,3796450387 1
1267,556459245006 29806,316595085762 3,987730933498902 719,838939071033 922,8933396125599 277,003590066292 243,13391374983672 59,20635854398734 5,388724631275692 0,9509162950002298 494,29460691798494 3,004527155349424 349599,37829862477 1
