Co2(scd40) raw_signla(sgp40) aiq(ens160) tvoc(ens160) eco2(ens160) rs1(ens160) rs3(ens160) rs4(ens160) rmox(zmod4410) tvoc(zmod4410) eco2(zmod4410) iaq(zmod4410) resistencia(bme688) Aire/muestra
1052,8662595319565 28098,86825262939 4,027966018948074 1727,4096046327418 1165,9229139151755 244,2905710991373 169,9305512257566 41,81978912141706 5,3051167962508305 0,20054073936158628 418,05428820355536 1,9971755758416134 321706,66108656133 1
1055,6551572909877 28001,70463635766 4,0048128353502594 1730,4844378270086 1165,6299408052298 244,9268035793091 169,45609771399205 42,05268761485411 5,383977456483647 0,208296115049336 421,06880845105843 1,9922321871158517 325441,5019520586 1
1051,205244667051 28027,4994124904 4,022961699175232 1724,0585344906885 1167,3098165320134 245,75430152808843 169,3716729272625 41,54893657131744 5,31784394788505 0,20767423146516417 417,3051478566548 2,018652377438632 320426,049056454 1
1047,322373674852 28125,697746856196 4,011195336297741 1710,5539277747007 1150,7796945399773 251,05882834661801 171,16860186819648 41,53170959067247 5,368025322427815 0,21463657732007332 419,69392664835874 2,002983164920829 320084,2011088176 1
1043,7498470299267 28005,447160619715 3,970090737771313 1723,080579877716 1161,1891409853074 251,12470190560808 170,17860870346223 41,49488792843435 5,3059231987798405 0,21603505832356948 423,56124586881685 1,9942819755271712 319704,3143247456 1
1034,5220279381347 28080,49997868848 3,985694669786912 1797,152032450854 1172,5554358370548 248,00290098355896 171,74460044433397 40,862789537174585 5,323686345623283 0,2146943415110452 419,83028640676235 1,978835907473582 322987,10049757635 1
1046,1198154432088 28071,56605681317 3,9970647182824512 1791,1350733008417 1180,3918541889711 250,10784403265131 170,84094893757896 40,93702331235298 5,365562372787697 0,2236599839127122 421,82183152911045 2,005628501014162 326496,19304089545 1
1037,469338296542 28076,993390843018 4,00705125883987 1701,8123014965227 1160,2577527015733 246,4736861905809 172,58836814881477 41,76176485289757 5,3557231294985055 0,22438854858392854 422,27414054650325 2,0042290817663266 323673,03244223056 1
1036,7174945178863 28235,847334014918 4,014965841583918 1687,8516171043395 1157,3396078487315 248,05051154652713 173,41195322571423 41,942908791564825 5,331081594761694 0,23072091513160697 423,6286959515881 2,010351231752764 325107,1544404859 1
1029,3996590875583 27629,820308359936 4,009782840999592 1659,3249004553343 1149,2750626442364 251,17365648460188 172,41415265270487 42,055939911098605 5,304543163648457 0,2292936739598722 427,5019914837981 1,9878538795388436 323058,84226011107 1
1035,3323101459846 27888,82217478181 4,017130527499453 1646,1662079913622 1146,964510497293 250,44301120643195 172,45488978365873 42,795814080069746 5,327387396606503 0,2337678646853495 431,6075112057864 1,9794396897423872 324433,40810250706 1
1032,4053101569891 28152,64827851021 3,9998213920567145 1566,0797994760105 1157,5989825535062 250,369885030356 172,1330855183734 42,43633597602097 5,329411009911238 0,23251713229177706 429,2061034964523 1,9987647082355613 325397,0808250982 1
1031,3009912362124 28256,74388292344 3,9961129830915025 1568,822389834105 1161,2836935607204 253,67636551853371 172,7323390005372 41,742024820869794 5,363445115588284 0,239017874956142 430,92900475574277 2,004395480556825 323006,4938989213 1
1023,7753367831459 28340,87638061973 3,9934018831279303 1574,6423251987792 1162,3842085876702 252,33521268833334 171,41835612695755 41,51924935954426 5,303002152371364 0,24156462886025062 431,7834778587812 1,9897115684772224 323700,08771702345 1
1023,046310619297 27899,794488575008 3,9901477930563125 1793,327592518903 1179,492893193412 248,15541989144546 172,8672187629655 41,050914057523755 5,326739183626821 0,23737073451654944 428,5592189956722 2,01655809729877 325416,38996874157 1
1029,840601871641 27777,448118738306 4,0034610040630625 1799,1223479346222 1167,4633267317622 251,84697503848508 171,21978224841845 40,97472433941891 5,315206721904611 0,2477974173669872 433,6507436972341 2,009797993732272 323535,17668284295 1
1023,1115144242123 27881,30311311423 4,026770365612148 1684,5988943067002 1152,3304944435247 252,03329006752708 172,90341118272036 42,181329967807635 5,326428419298884 0,24654044114083293 432,1321083105721 2,008329012680152 323833,1731827545 1
1006,1827637718872 27902,817540768123 3,9946008214034623 1688,2480880490411 1155,2257967040023 253,0397032046354 173,48007487953686 41,992767457207 5,300222800264293 0,25043481783852284 437,1083477874201 2,0090476377476616 323909,92698260496 1
1008,8080242761716 27702,90493257205 4,004284138776478 1719,522754319462 1162,1466771831174 252,03919781116625 174,09367948564287 41,774632868578685 5,322564840694872 0,2503823520067603 436,1366063046278 2,0085866328258675 322819,0253374487 1
1008,0215143198826 27703,395281666813 4,011389219158813 1716,6702260325446 1163,6785348385247 250,60187579916794 173,72159261546878 41,56567907238607 5,325726985969066 0,2556183695993138 438,4412689776305 1,98894342815656 324227,2339433782 1
1006,2129509282105 28033,14680202233 4,022925903903516 1679,729070091368 1162,2492770992624 250,67596651655518 172,1427349117299 41,74621152366415 5,336724061429928 0,2548359400389276 435,85761121515515 2,0100170335282566 323095,88204651943 1
1004,9343547614067 27896,405234720067 4,023561456717192 1679,3495241975036 1171,6202804318068 253,06307829917574 171,95133017606025 41,74433091657791 5,356738962870975 0,2605039512496302 434,63027591479545 2,0030202253030627 320191,154610644 1
999,9259204721493 27831,83009526356 3,9861585537710282 1680,885764333437 1166,2311764313956 253,56689894993983 172,6816167244627 41,394899159382106 5,329596091908748 0,2611356255754676 441,02762113155904 1,987562898158161 324170,8757773448 1
996,7717956652241 27929,87877308463 4,031006336135502 1604,480495401543 1140,9926851483337 258,340822154406 173,95716650578026 42,76888827933597 5,36047717839303 0,2599672566444126 444,2893094021092 2,0012310067535766 325183,9612288167 1
1006,0637732771015 27895,69823306534 4,003269388621371 1620,197277095215 1137,236485859785 256,83479045877306 174,82581082174784 42,83980096818711 5,352661580252165 0,2695472013817396 443,7046355706076 1,9929728827219866 322789,1676425941 1
999,192367904688 27840,30903726794 4,00168407062534 1700,2694378712392 1156,6029476577194 253,0984848800898 174,60360828608782 42,210798867080015 5,357139205906259 0,2683133489583803 445,072431618166 2,0007527208644285 324382,68623059784 1
999,0859920011492 27949,59617691405 4,014108455065521 1716,7580306250288 1170,5827112059178 253,0353171074722 175,02522288701053 42,071494972113484 5,332203960512723 0,27278011198960467 448,3364570554333 2,0133663466069844 321820,77573773847 1
996,4666384106257 27884,823227129422 4,028518638679616 1791,6334841674934 1171,4410159415522 246,36718540079673 172,5133250154047 41,24073662085698 5,35713559356088 0,27439040748485993 442,43355519636066 2,0143034665190043 321325,6938122832 1
994,3193538035077 28076,960281295516 3,970755864839005 1770,449762270484 1185,412721769914 246,467628758745 171,46285694529226 40,988033667501604 5,350371407841781 0,28262764091928894 443,36011188122114 2,0081937928276448 319381,87319319596 1
992,5155362586461 28190,059701447386 4,008221304749337 1630,932275199319 1176,9087416065167 248,57425806454683 172,67668815888555 41,25201985837277 5,336991848054689 0,28639647216502334 446,11986202440886 1,9900552252351933 321930,89661525004 1
992,8319854295519 27935,19239152825 4,021803418086052 1640,4358322730075 1137,1640879007136 257,37392634396787 170,63502893959418 42,669660064137794 5,338832963403343 0,28605851961694656 446,69045448734755 2,008170758259278 320663,0457745515 1
996,7751225586655 27942,853495562846 3,9973213238431153 1628,9452041624138 1142,1787216724747 255,10036638419487 170,18326445329956 42,824208337664494 5,375669481443939 0,28589362672281426 447,39608537467575 1,9929772550528126 319628,2963255466 1
988,8432213047913 27981,492522148692 4,000910677940953 1635,9558278351387 1141,672724988315 252,64784974579888 171,48831741337284 42,32126247524296 5,318129332457203 0,2846118491471049 447,94451847027585 2,006738402690084 318719,9283158135 1
988,4695046968917 28143,359436424496 4,012662253666285 1647,7726343943375 1140,6684499080152 252,1711152213741 170,33353982885262 42,26660379032186 5,293212318478139 0,2868679952811321 453,56933390051466 2,002977695294032 322073,1010016478 1
991,2353901236405 28224,94393814769 4,043704205130888 1560,2908596549078 1123,9006269587605 258,9127140458425 170,5218163408816 43,24114909000942 5,354394391692448 0,2888812036069236 454,91876120253744 2,00608676609621 322641,0488758893 1
991,2434827371032 28372,8343668053 3,9869101071078905 1552,7041115849024 1121,48889240705 259,9676101670275 169,58843287805092 43,36348482001166 5,348477305009176 0,29151393368910455 451,9065135921497 1,9935522523727012 322567,2640427924 1
985,0169827971823 28008,850994547425 3,9994693505754797 1583,1855215279063 1138,5094275692388 256,01604816293406 173,90162995982175 42,770085469347826 5,30964199625412 0,29050727184934355 451,37957279628694 2,005954714371382 325526,6594208865 1
989,1076551797826 28267,862359628052 3,9793355672645068 1580,399833092501 1135,9761511953675 258,4745912586567 174,97996973440567 43,47682697179447 5,326246393047483 0,29019827036118906 454,1618956950149 1,9950250138164838 321902,4369880786 1
990,912591836431 27895,108292762226 4,015482911072091 1714,2158759272272 1131,180113162895 259,27200438324877 174,74243215706423 42,72357883761206 5,3632830576606345 0,29267330765979976 457,3236266386855 2,004517954934058 322400,09275932604 1
983,5756037369395 27966,154101303746 4,012824193937978 1684,6044171741598 1129,152091128974 253,2017917968132 170,80366535949486 43,01882285252532 5,315233043116259 0,29577549902231876 455,7533051668815 1,9904757857127182 322951,17806386814 1
982,1959504925944 27791,570694435755 4,003948235947409 1687,7523463482885 1133,2190072398973 253,27117200854192 172,6964993330458 43,097505799920455 5,359331871187366 0,2925863083229945 456,65621255011376 2,000601888849958 321376,9253320311 1
980,6907341180208 28010,76450501886 4,008924730276749 1685,305265594426 1150,2307303311643 252,9942043880708 172,62572256162966 42,36619967254368 5,361023232054504 0,29526033831445037 458,9205894469775 1,994800043285835 321468,42880004074 1
991,3631593521847 28024,429914366738 3,9972043202567025 1668,9115967173964 1152,5260182483732 252,53223254291296 173,7431285618336 42,30917785288265 5,356936122864788 0,29594165530324107 460,55959316409945 2,0081642536949236 318711,701770134 1
993,6093150059532 27861,814592383555 4,003427032680959 1672,5154507830966 1156,69272520596 257,12963254678357 175,30105326771047 41,64867546248443 5,336857715891076 0,29349010407535436 454,9435003801238 2,0013406754129277 320075,1905660878 1
988,022712260499 27717,756779841384 3,9973020112488125 1687,2431878552306 1162,6283339254583 259,23603046582 174,14856548321598 42,2804426504859 5,35814941765691 0,29894881181846983 456,31854789062936 2,0158808037916396 319040,5510233612 1
981,3779912756916 27621,35775147824 4,002144041251012 1780,506253513119 1180,723266883937 255,91526075236396 174,37726160033117 41,2176811147567 5,330838402624399 0,29573249560286874 463,61123575691386 1,9821387774430472 322239,61134595994 1
986,2093888039453 28186,96052883248 4,03391264118539 1792,3486926815542 1180,0211960415093 255,04359320184844 173,43915201760646 41,24078800576146 5,278430623969516 0,29921900521776373 464,37755275288396 1,9970838819602754 321825,2692856588 1
976,081066482091 27987,746037563535 4,0019975209186915 1703,4515602052963 1179,015992252202 254,5482860226803 172,62061722547813 41,0029052905106 5,341492929195041 0,3008718633883607 460,6584339722937 2,001645719906995 319169,53303088824 1
990,1442835700057 27635,657196293894 4,020606322411215 1714,5729153721306 1175,5061724860284 256,80027520411136 172,75281361387223 41,370506896672765 5,372362860237083 0,3018705317090659 462,66105829663974 1,9966735105081845 319548,926959728 1
978,3325305534088 27870,332998103662 4,0072457032113125 1690,9082149569986 1169,8430420646744 255,4786123572661 171,95947200804432 41,0612183628913 5,331474483048258 0,3036871196111181 462,2349400899199 2,0150910498316414 323892,9921196344 1
979,0243771270552 27940,57113160646 3,994034642758883 1673,2224334701605 1150,2475257075394 258,2542505785566 169,90747423451023 42,495816540918284 5,316262956730826 0,29981475833919924 465,1006779647416 1,9914781607136827 318792,65112402564 1
987,5364397722947 27897,615102550004 4,010123993387705 1649,2338446356298 1151,1511027111171 259,85432975742634 171,2478752020641 42,83435027193499 5,294628236192797 0,3046879386913929 463,2605261294435 2,0174362221066278 320483,2520255155 1
986,6808556923667 27702,340334895303 4,034091325999783 1692,240001614043 1161,3938989528313 261,808874216068 172,43163060229833 42,459970140557836 5,324923236948142 0,3073545087834636 463,8476070945296 1,997417046932003 321628,6391226395 1
982,351370171192 28032,98027135593 4,020831807117906 1708,3824173509138 1152,4744629353524 262,1237101330475 171,60929831129664 41,90724136599845 5,3427291075537 0,30828639361282223 463,99928597240535 1,997158763304655 321756,68264358985 1
983,4292572795872 27944,70868887227 3,999615414521418 1621,1853148156792 1141,3980772181505 259,60250949902 170,86531597130713 42,6129600050677 5,34663493370787 0,30567637959677846 465,6324396156626 2,0076546851370014 323146,0930362752 1
981,1173336601307 27896,9720396363 3,986612566481109 1617,1476087182386 1138,2409420598863 256,9819580067255 169,57445487024842 42,958704104319 5,345666112768731 0,3124806235997849 466,7944450129016 2,0091575438413543 321363,77236719156 1
973,4959812270516 27875,848171699017 3,956145769634784 1631,3383195390686 1131,0061424946489 259,6247582094599 172,81634924509456 42,552209376816904 5,318462740242318 0,3120388910890018 470,27363923320445 2,020817870172244 320853,960995216 1
973,8438235827291 28012,773758842275 4,0129733224781505 1638,197156933322 1136,2787569044526 255,99878530904874 172,0291964637873 43,18291068512542 5,35537741814855 0,30922757749033875 471,8376168338425 1,990216586597484 317249,21558451484 1
982,9178199860171 27693,714773462336 3,981469646173566 1634,6298877773077 1119,4828950428457 255,01435253911632 171,89293215733628 43,57699148519028 5,3282963280958215 0,3134393717338971 468,92884001881356 1,9922630410339006 320594,2173898939 1
977,2740102034893 27941,610084890388 3,971474504124166 1726,2149355524057 1179,7351000915446 256,0405366875318 172,15920229074578 41,52336490469545 5,309574286829822 0,3104152841983416 465,8801255027934 1,97023495735717 319404,61859125167 1
974,2374879791115 27530,613621177752 4,013796967772268 1707,5738643130394 1163,1415822943845 254,17386447697848 174,48727583390308 41,38174177913535 5,30479542885896 0,3141864032364398 473,2569176949133 1,9957076041686934 317650,6931452846 1
981,5514642794059 27994,851561085296 3,9968447028911913 1573,9069199584135 1142,350334015379 260,2515211418085 172,84621493183448 43,19265021501902 5,3357399069356335 0,31333157792641253 468,6460108535837 1,9963981605400491 319820,90006542637 1
977,1497465885284 27858,224744294468 3,9798196436036957 1561,0325182955519 1132,2242359245095 263,1330055461341 172,60514994670046 43,60459000256708 5,3263278025555 0,3187288380743506 469,939313612113 2,0033374646466866 320842,1583323747 1
980,699647155976 27896,07156781422 4,021640875437905 1722,462957051124 1165,8654887474133 263,9190550439526 169,68275763206827 41,69143139199905 5,3312958418563055 0,31617846844918945 473,0128694774512 2,0071031823211904 316767,1370709325 1
978,4081034734651 27659,868995688867 4,010243213219385 1723,350559639746 1166,4007287498596 265,24166338778963 168,60312373859435 41,94367997623441 5,3847827749521455 0,32222171294885427 470,4533116687711 1,9930206584471657 316547,46941421117 1
967,7155161036678 27715,966433001464 4,0154594085493285 1621,2518196780832 1170,6257561017856 263,45643249243625 168,7472353378347 41,48022732291467 5,338094456120586 0,32272986818303356 470,7175166788094 1,9903298068524897 318368,2681691062 1
970,2192635519561 27810,57409188795 4,012611265969731 1625,9760119745056 1136,9428410821793 258,21405622424305 173,06785725694914 42,90894181768169 5,304206865249644 0,32290157757192756 474,5822517670193 1,9868574056138473 318413,0791338067 1
975,3971449814377 27933,492108896062 3,997417674962753 1626,9427282255983 1143,710707970738 259,23733305156037 174,4870756850325 42,45247811954951 5,2930510619532525 0,32114395176479754 472,4326331969732 1,9953497835719312 318430,1300167711 1
966,7689363833616 27726,592054358804 4,008056990700285 1665,6145487182102 1151,6215877197012 253,78316000146376 171,6765826630234 42,25472181162133 5,3890727340498525 0,3221545455316658 470,6879231600259 2,0042798250204847 315503,230314171 1
973,4791086136321 27889,501320279203 3,9921883601749557 1676,640037102546 1151,6465361896694 255,92298733725517 171,3109564551633 42,16184741230471 5,343881103329279 0,3205436736987999 477,1629480660285 2,0119735678183686 318524,82175542525 1
960,7696046107766 28025,590904952307 4,0161197482983155 1589,077101121313 1125,675223578439 261,93450839262846 168,6301440517486 43,08988821705451 5,306680352636427 0,32395473237398315 471,92638111590094 1,973838024317789 319772,5739445014 1
971,3889592483281 27859,96704022907 3,9997807732074575 1575,4242394219907 1129,340684875297 259,65150202003247 168,95598271028646 43,182233565659594 5,292707991279457 0,3197764399350053 474,3314525936848 2,025369334864254 318315,8001371452 1
971,363627011515 27785,017569569056 4,013156571528489 1552,4202357447787 1129,3607889204357 259,14399559753804 173,77058284243603 42,72999718037741 5,33654265701008 0,323652013229638 479,3665425527676 1,9810217156427723 317630,75471562735 1
969,9561450163195 27677,5731009665 3,9907426455830413 1561,7017570734045 1128,6352920712768 258,7134782472858 172,10014489483476 42,30922258727215 5,294869356426704 0,3246340818685506 476,3594744251354 1,9992988358098096 315179,4084021069 1
968,6251791081874 27986,408548157342 4,010536155210129 1472,083587007115 1133,042374299797 261,20506062258306 173,36149436071813 42,433970010480984 5,282844910100717 0,3202615704914501 482,94858939631706 1,9867968085267713 319653,5163785126 1
975,2841514284936 28014,463673774604 3,9991203632091903 1471,6409285796558 1102,608908424612 261,0060542617477 171,52989072000062 44,22848986818071 5,360467026385526 0,3205249180924956 480,590501260655 2,005895616069273 319978,38540052937 1
966,9734415073128 27885,802178856295 3,9890300908902314 1474,291781895482 1107,6507930772532 263,1124836835669 171,73300527232183 44,44174122982757 5,330622050977703 0,3196593970978066 478,61446158798486 2,0186371652187 319246,68872423994 1
968,2398752583849 27891,247809580087 3,9829081768513186 1615,443557197119 1132,9562981699985 257,35643350796647 169,44047577779054 42,7203585942057 5,330068380029282 0,3195693479772346 478,0934586412624 1,9927838757937417 318810,952690852 1
964,0439384274385 27749,29406583548 4,0209022639001555 1603,5814304700402 1129,7326946977576 256,5204776523998 170,30906530692494 42,74896362388519 5,333376282524657 0,31760266665228454 483,1476709770621 2,0180835792984593 320797,00426746457 1
965,5005936857854 28197,97784184774 3,9904689965227895 1435,3029131217734 1089,0429563493553 264,84464901363157 174,5842375176407 44,55157714216372 5,334454539683288 0,31837552851719214 479,647299328553 1,9994626659244785 323394,04587178794 1
965,4098448540844 28067,129491704127 4,0132449021826835 1441,3967247004216 1102,1939372769052 261,1183471011284 174,31226723687652 44,19051195503024 5,36033532931625 0,31429974404650074 477,4108150251331 1,996363581322014 320119,38650151883 1
964,3657856505587 27930,38743951677 4,028417216132158 1579,6344529762466 1110,1530726028022 261,8254147499564 177,40127955553044 44,08706471447606 5,377194847901756 0,3161617975265767 479,573611858025 2,0051647091032487 319941,21637241606 1
971,82215014998 27862,70585296118 3,9941408711830424 1584,9938230317607 1099,8888827726892 261,58104006243326 177,30416799733385 44,619791249595536 5,31427081124775 0,31673564540073595 481,507565416285 2,001751147068644 319797,7420821299 1
967,1834730791809 27646,316234772818 3,9804529398107937 1395,8858314358981 1109,7124804289285 262,43410410830444 177,0372066254227 44,412022185577584 5,3171450899996975 0,3130986992289524 481,2872664859629 1,99624722075517 318663,3692122622 1
963,1230417353667 27973,07144897549 3,996872452536732 1389,5170867236586 1093,7748007803075 262,3573496941188 173,75182701486085 45,3836937893074 5,323795280926601 0,31313191864388745 483,05372236117444 1,98580210194598 323580,8228816969 1
965,1409245833971 27628,844103224586 3,999221893948621 1401,2453815350013 1091,037460998016 261,1989344013211 175,90296122279693 45,144035444158305 5,30205023179349 0,31153947683159006 476,5309295099226 1,9971813208963742 319517,078400673 1
970,8694389103999 27740,6959615453 4,00280037074501 1441,5743658343858 1111,12345432233 261,8181839236683 176,57389052262388 44,3458449748104 5,325811306382376 0,31019367342132725 481,21680586135614 1,9955688840654406 321747,2887696638 1
973,6515570089862 27669,776720397935 4,003027707423983 1429,6622547616248 1106,4872023324756 262,66495261075636 175,53470628711113 44,239329002533715 5,363219775458656 0,30665643137931653 485,35717494984084 2,013460665816428 320378,9350177134 1
967,3711504850443 27936,69215545639 4,021248958515702 1528,2277145492467 1123,5378103638873 258,39010507816596 176,24322771829625 43,985991371399926 5,326573057661674 0,30986709828664305 484,5923069126094 2,007192608800423 320327,67844639666 1
972,4683693071498 27883,53868129404 4,007095997934147 1526,180005645716 1117,0850182059014 258,7213404925317 175,42001401559037 43,461623242668786 5,3731274025903515 0,30056307401219623 485,8226921126248 2,0114184547569143 319811,6791585826 1
967,9393475337214 27864,82632762073 4,024933558682766 1406,832624842678 1108,7759850148066 261,71335306702736 176,4198944645694 44,17909366312206 5,314519073782788 0,3020287326843809 483,9228456572896 2,003160930311059 321848,63770715456 1
969,5923605644155 27913,699292797202 3,988579986922065 1416,62922826238 1108,5042770980206 261,0892487105031 177,37768256491643 44,686521516502175 5,3090525316992565 0,2981316651079439 487,4646621714378 1,9983173397079568 320059,2681497392 1
961,8247210934467 27745,06872324319 4,0024571034277265 1334,3595197055977 1105,0780310882758 257,0242219623746 176,12677185800473 44,3534148992553 5,309173144589518 0,29837621872319503 481,9794430561348 2,018633536404888 320637,4312452971 1
962,8304606371875 27833,49386284413 3,991297600305805 1330,376767251663 1088,5793312611265 260,6154390883416 174,0080675540869 46,436048783410165 5,309603282176529 0,29256600339499406 482,01453495404587 1,9824941600411001 324222,86934709165 1
959,3962311018171 27831,630721005513 4,044002076945955 1350,6238540144182 1087,3768956184688 260,8135384698717 176,04272073231303 45,812338170371014 5,348170842248981 0,2948742709441738 485,2296775375547 2,003158934565489 317709,4971851886 1
973,055672017835 27890,83052921161 3,98485612137672 1500,0358592783296 1124,5611731696783 266,3032978518789 175,95055361411886 43,7579974523753 5,361404514897377 0,2948696943874813 482,652604163486 1,9909090395452969 318974,0089787563 1
959,3620541255578 27953,390693071713 3,9691318768785546 1504,0525394519332 1118,8488025555694 267,30894255547423 175,0952815044666 43,74123547816383 5,294034032528144 0,2895029762188565 484,74491392379906 2,0006432063835518 317564,48478360573 1
962,4986788103823 27667,781204180625 3,9485736818183432 1529,9375138287776 1120,7557161409234 262,99273688919834 175,88660096583584 43,3637886759194 5,322665270915974 0,290956062216732 485,9043213700342 1,9969662370504362 318564,08198555384 1
956,5384714189504 28013,3364580972 3,9731230632857697 1532,5302370484549 1120,5335161854227 257,92768338320224 178,6006763598364 43,40301163188016 5,342646890988597 0,29189709647099327 487,3474162389916 1,9836435166829782 320339,5452373399 1
962,7162203329758 28262,700133923012 3,9821479677405645 1545,6101518765254 1120,507449320396 258,0745102989266 176,87066816890578 43,642281892903156 5,286966781065865 0,29267704513364934 482,33019759270184 1,9881286056380223 318036,19760930864 1
