Co2(scd40) raw_signla(sgp40) aiq(ens160) tvoc(ens160) eco2(ens160) rs1(ens160) rs3(ens160) rs4(ens160) rmox(zmod4410) tvoc(zmod4410) eco2(zmod4410) iaq(zmod4410) resistencia(bme688) Aire/muestra
960,5820748559496 33151,15894264669 1,99167619499987 89,81461364064452 529,6053662971541 548,1022600937467 588,6513011327546 101,03318567618874 5,461945766114243 0,15953470579876006 432,0399703514502 1,9861821862916655 484075,5638970266 1
960,8352692397683 32909,83075805683 2,0041118496290524 89,72499572009518 531,4259438475481 548,4493602578931 594,2321495834378 101,12908452167643 5,450448857347327 0,165589462807252 432,62290775149995 1,9901688129151138 486820,875375229 1
961,6786626747398 32855,357532730464 2,0059896706347544 99,50122870045017 549,6644094693024 546,8141883540968 571,6331450985979 98,62195551029683 5,48940497202177 0,16437766040631147 432,65350354789894 1,9950358098173664 487001,5579844552 1
966,8433722309367 32816,33945807606 2,0052372393216946 100,98865298815667 549,1236415360553 552,965402423704 566,4757440668983 98,82724676894789 5,469552301900473 0,17138588548798644 434,081980327011 1,9996762271190434 484019,95526872145 1
964,5358307341205 33026,72375572103 2,009709855222526 85,14245089160484 522,0611620764604 547,0604013716837 577,3392259657692 101,42902343668712 5,4841328324736605 0,1721444227348324 433,4199583432969 1,9991004642540877 482343,2570918638 1
963,0075571438208 32750,591274026523 2,0127586598140588 85,20669005125391 522,3595266990876 549,9365845399373 576,142757665633 101,48407665985923 5,448317431839613 0,17721417618065802 435,68124419660575 2,0053770807471167 482331,6463764451 1
967,7734219706742 32975,09976571585 2,001465738713021 79,92933714266643 522,982872238488 545,3378648295275 575,5550052380747 102,31711191189017 5,454330393726884 0,1790011561930109 434,01078471146064 2,0100647787896793 491136,2720097658 1
964,3586301292086 32878,79343687538 1,9862720786707364 80,73073708309563 514,4284590347294 537,637220000625 562,4339689929461 102,57377916142025 5,499163599315559 0,18439977048280626 436,93255008930703 1,995502308484652 489342,8171784564 1
959,4260243355372 33091,21944311156 2,0013599127182515 80,12798268458717 516,6122552395483 542,0315963506787 571,726120602839 101,8542083167364 5,508575366579993 0,18524170948950391 434,5083141915761 1,9891667110597002 479088,0591690337 1
967,0969315452447 33002,075863939 1,999695329995 83,04140238239042 518,9691330838267 541,5753744942607 560,5729542828516 102,42299377471684 5,4102042554418235 0,18510092127138403 437,61909636742246 2,011951716983276 481873,3590737681 1
958,7506018713243 32840,7080189778 2,0048697953445003 82,92269587491879 515,6857629112501 542,1631279182985 558,8502056610674 101,74643705094329 5,511409761938832 0,18961714998652615 432,7469037913629 2,002290566883269 482437,4981211038 1
968,8395158573392 33048,06333998129 2,004283317873198 84,95054819830474 526,3175195129104 536,0363917836614 553,765845793882 101,03644568927982 5,529210792005398 0,19184544149213728 435,21092608574185 1,987743464913241 479259,44254934293 1
960,2855315831847 33343,11035358259 2,00992504544262 83,82810630128571 520,3213011532692 534,91107293111 554,0610985988019 101,22073115170683 5,428968121061347 0,19712647935453728 440,3113256843776 2,0049094969322 482151,06820892915 1
960,7041887039387 33141,53135833618 1,9941128145161098 79,503379035065 515,8292885649248 541,5088039127368 570,5616773847237 100,18996152166156 5,4463013919783565 0,1964695896541205 437,50299196588804 2,003270760681491 479383,331799204 1
963,6874909675233 33070,35767456191 2,0067644714371657 80,89852503273926 516,1178627969963 536,2290089061876 566,8632654438068 99,72366646873745 5,440081611771023 0,20439349913715854 438,2609360442676 1,9906254959549354 482711,9534104832 1
962,7400248279954 32911,730532032954 2,0021368372298745 89,05449448936625 512,249307107578 537,985593827178 568,3215988818658 100,1525046900033 5,442478343829044 0,20149728542099607 438,38420283042325 1,9926193905076592 482664,479531446 1
956,5438238976398 33294,17533478566 1,977913976446789 89,56200060333654 528,581585506209 555,7768475512655 550,874139797813 100,46097927473022 5,48880552691608 0,20926288512761676 439,7725187292252 2,002254620139103 486570,3944701786 1
970,9033224116768 33193,1132843799 1,976832948782694 88,82805750841064 531,319904433163 553,6357908732087 551,9408788565992 101,06000369195323 5,413743285645614 0,20964898582672034 438,81073918841435 2,0118076057565393 475082,7516691882 1
971,0969540980407 33123,36958510292 1,9968113652534463 89,04467158537564 531,3146977043115 537,7291488447324 547,0485751094895 101,45232317393227 5,494884408599798 0,20853571441213278 435,3924109021953 2,004367324405807 478608,8823310169 1
965,9381349551895 33216,69054746572 1,9959071661362462 89,53044513938633 533,6130741473615 539,4331351910687 549,0859147522867 101,58377516173996 5,538124809171822 0,21475507284125753 438,58259063017385 1,9996759644222482 476413,0532843479 1
956,58094229335 32809,39511972096 2,0031840655386386 81,67794156690645 516,3833891389138 538,4834699058075 548,6015216351739 101,10970409904523 5,481592257672512 0,21636531480754254 445,7414622816805 1,9956472657861506 477478,5013362936 1
957,4338072009228 33003,760943735615 2,0015901139545234 81,96273387880828 515,3859227272964 541,6411300286774 551,4734017781915 101,67688033514625 5,438427897519844 0,22155180882970918 442,70494361044933 1,9900309999557027 475499,18963779625 1
970,6815226386648 33310,36117732654 2,009079826948174 86,63000554158316 541,6632722392781 529,8063088889488 540,4870541487652 99,45189473250973 5,431878318550427 0,21970136557419498 439,5617371609594 1,996669973835593 482865,6720261133 1
972,6800825051239 33386,18005528336 2,005998410441076 85,56508223260688 535,1057893950745 529,8832011298599 546,8983913023629 99,59671543370241 5,37817113504581 0,22782365210608455 443,5919945397979 2,012136213428853 475862,8230990337 1
962,7149966592926 32690,419436613007 2,0031616202285925 78,53930726968589 534,3434983157417 531,1269344148159 547,3566962868615 100,57445853368395 5,452827436282269 0,22740300253134715 443,98968437280496 1,9889108756763527 483018,4510706368 1
964,4429379983405 32798,22453662547 2,0060711574505343 78,28514307790442 511,98021938655194 528,1579200780915 553,6776566928672 102,51648966226419 5,51731127877888 0,23263884235300886 438,63953492778046 1,9960431412265391 483447,4510993992 1
961,0358908449664 33104,894934134354 2,0065059711718978 78,46852723957937 510,31059437645797 529,5908369070962 547,4816964924759 103,56608401265386 5,497464090786518 0,23192773674371567 439,86940494702554 1,9973473273394589 476963,41156773927 1
960,2646802812677 32924,0154517547 2,015471864963421 106,01178119120486 562,2274692077463 537,182724332314 550,1486147889976 98,34240030928946 5,49172971028291 0,23165038278612887 445,5618465689009 2,010549478874121 475826,07272627327 1
955,3383442806836 32770,52034264906 2,0091980945692702 105,87636725397469 558,0627749928972 542,7691591432003 547,7980358820641 98,52238437244439 5,518135726518914 0,23960143523374244 443,22446550401696 1,9848732964830293 476451,14532813197 1
967,9520180714893 33102,82121878079 1,998552923092612 92,89462996792277 536,4620023785419 528,3744508034054 545,1174821807488 100,74729902931777 5,475204771457768 0,2391859518825424 442,65804505978133 2,008294037304348 479784,30371770804 1
963,5626094721675 33055,5806747212 2,012788102358658 93,17310151015019 536,4918370284113 529,3865552282108 543,2993745757459 101,0684641298176 5,416059819046341 0,24255560986880764 444,61036738619964 1,994084656122908 480282,32411396527 1
962,6373880205099 33265,93070634249 1,9947041548581241 93,55724878342104 533,9889296616007 529,6619673602859 533,823359440725 101,79250503453486 5,472809634520246 0,24742106388612214 444,6267324008509 1,9849796059343416 479501,3254844636 1
961,0154172265411 33252,50356601879 2,0053339835568327 91,98797852949698 539,1824919362102 532,2027446096354 541,6346087445419 100,48035724216003 5,460950030754554 0,24995589710615781 443,8585174006057 2,0027061690390884 478402,2210152792 1
977,2715096739747 32724,65376941918 1,9964783583383945 101,26725339501256 541,1634052145947 527,2591162164754 535,8118832375168 100,06138645522412 5,468114913165201 0,24861558752940383 446,27313576417157 2,0148842255467536 475201,2310875054 1
968,113902109249 33077,40079669741 1,9996336366225582 101,25464688262126 556,4101770320667 531,8564100840251 537,5205889835653 99,17625155531539 5,459346889467211 0,2509736511324412 449,193449008696 1,9842212735702554 475726,45784807205 1
964,7997785881174 32991,45625670385 1,9875045528078055 101,66601145402227 550,9613319167828 533,4996223364609 537,3215508554024 99,7472838333832 5,476457158786034 0,25436376712710546 445,0518140108206 1,9957204194638973 472176,0858278701 1
965,8951930017721 32973,241107663634 1,9984043169946961 89,39729711890692 525,8137643039713 528,3198820333672 532,8191055156196 101,09941940191919 5,488654775992925 0,2525380043129795 447,56200274194236 2,0041885397221946 474274,1179525424 1
969,1396876125021 33027,827480772175 1,9975094004491243 88,66699799290836 533,0378831167334 528,9263025897012 534,9531407717674 101,09260328724226 5,525927315352582 0,25894201739126543 450,40031652708956 2,013664559875711 471444,62672370987 1
965,8203893924158 32817,36296940743 1,9945875511855118 99,28008853947902 552,2478948396525 523,6393868490194 537,8999535723307 99,79359063506985 5,436149141922944 0,2593893217999139 446,10190293712424 2,0009021743761237 473704,95280416793 1
953,4181894100717 32868,515627673594 2,003708953528415 97,80053769412977 542,9445257229681 518,4110488363053 538,9267040124911 98,54143339949576 5,47243614154859 0,2611775203040065 450,30335609165553 1,9919692923168137 472507,90920390206 1
965,807863820974 32652,902919096225 1,9953850784034421 85,65981638619652 533,644019439831 511,5396051574926 536,2924138246465 100,05789498179672 5,494654740322537 0,26220794745295 452,83859133440416 2,0094285724107355 475303,20912616455 1
967,8924431679301 32926,48273662487 1,9867768567210702 86,10794270485943 540,1786545523063 516,5533904381639 534,808363315741 100,06390309485919 5,479741539761873 0,2689209350326425 447,0878803045802 2,00105970613844 473709,5073337814 1
964,6143897829579 32908,452789291405 1,9959590978759674 103,10666296073042 533,8806110021184 518,7378780145195 531,9306053056905 100,39290928060598 5,437265552097367 0,26725330256566154 451,71889096697475 2,0002242257970027 475460,36644212797 1
970,3605174580998 32959,39987647214 1,9887082592104974 102,46428525091403 553,9742586539054 519,2697465780873 526,4139257465781 99,00387902565483 5,47937367308264 0,27392001935832866 453,60011487174955 2,0063980239952994 470928,01032994135 1
963,0156381132762 32945,41903916686 1,9830451206443322 102,8125909820159 556,3509436346721 526,5434218490117 532,1812416786677 99,22449628779691 5,461945898521751 0,27311868034654696 456,63584487289734 2,023050116509308 472056,4550776121 1
960,1095849740062 33237,46590855916 1,9858875977581694 94,31442095309164 543,4691187821804 533,499145700894 530,8333964784356 100,44600630741559 5,476515515120088 0,2750510566376919 456,993756032092 1,9976642968223657 470128,53133182257 1
962,8451145209107 33003,17628438448 1,9990173996685927 94,29490920459874 545,5680557921087 530,981966759395 531,839399876361 99,34849575742133 5,4962536775237645 0,28164814321870324 453,92311995942396 2,0173782897497 472054,2541521516 1
952,0950517638215 33143,58769949466 1,9849848742612077 99,98564131100645 549,5801925505772 514,6549849144072 529,0984949163771 98,48249222616961 5,5027624444358985 0,28219047978688205 458,9278993189012 2,0053374726321143 470399,8048072803 1
968,6743906102058 32847,64543767143 1,994529141287547 101,04425828040301 548,9672994383885 513,4689857270023 532,0280061285945 99,0074926285375 5,496211661512135 0,28318203661954383 457,8537098696092 2,0193527748776607 471996,09883821814 1
967,0134210621212 32658,04057655001 1,9884870250168711 99,71730812656769 555,584125009104 517,777202477218 527,5654751317591 99,22120823935707 5,4694365699847625 0,2839767837142862 455,6986117313974 1,999089272040808 471727,0510673208 1
959,2641609684795 32999,323291670094 2,021537773911258 98,62877743419912 551,2343668300615 521,6263270110408 529,2513231798569 98,06216650962764 5,495847457168876 0,29051060241649873 459,65188256231204 2,00502067920886 473997,9229380031 1
964,5214283903739 32741,93537145483 2,0011175372241277 96,70524247865113 558,1473371541751 516,0918279948232 524,8580210286387 98,1136024898407 5,47456570022028 0,2891431461414583 464,12449222284124 1,9939101757791877 468032,58621251537 1
965,00424662177 33018,88350790161 1,992287329698397 96,36486966277195 547,4147327082308 521,7225129334192 515,9848647235847 99,70088212870765 5,447810564924441 0,29264450731221975 461,4746049720209 1,9876029425259576 470944,91641942196 1
967,4494002863964 32829,651789402524 2,002688662534374 96,83757334490954 544,8071445768201 520,7680546577271 522,0223199078032 100,58083178608634 5,444635189040191 0,29156541392205476 458,825215294669 2,003284023819501 469091,935269128 1
967,4626776712169 32880,63526603108 2,00456811493048 91,73169632107157 534,4658629334432 519,9160863744889 517,5561111073911 101,46329158325089 5,438251247029996 0,29518855827359125 459,7122676195272 1,9936363955316632 469500,2916385227 1
959,4480729491029 33154,09185549849 2,0178402801822606 90,5337722448078 535,7772622014572 517,3967972047931 515,767283091425 100,51339996041969 5,50626984931316 0,29866887704444844 460,57250604126773 1,9848786313063698 464972,873058237 1
960,5146784131355 32814,11893767509 1,973395603426109 86,29898543958777 528,1354498296333 510,0200304201139 516,5955367171405 101,82065892372694 5,47177085057814 0,2980533272669345 461,93230034589567 1,9922163699671254 467581,70922056516 1
969,9847819750526 33199,22839421971 2,0136202528564806 85,20794597360782 523,5460719396839 509,7682685248294 520,4893018719987 101,8478530589587 5,4517666409405745 0,3005470791968971 460,5518316740132 1,9957862580402361 470444,7595350638 1
972,9481035942158 32825,7640409789 1,9980514535004483 101,70085768941365 509,06622465621734 516,8956699269497 524,8858139502915 102,13069193069748 5,444935224432199 0,30197745035542367 462,467162711937 1,9820417123084615 467075,76878674823 1
969,0284054198206 33163,62786707051 1,9897642378123641 102,11432932982882 509,40807775752666 514,7899261623791 527,3039524085455 103,23315448534684 5,504904787448829 0,30516580765566104 464,8331977967054 2,0224261912000423 467939,6285971613 1
964,3161270146709 32584,961706142225 1,9890777168833562 92,17881956245996 508,1365684545792 517,888561787616 523,5888437798362 102,92052363285868 5,46407159704899 0,3074302537898255 466,91259177581435 1,9932918230855659 460641,9309172059 1
961,7027862874322 32976,03056639663 2,0088202776119193 91,65806758615867 534,010296935034 502,0949679176756 518,8360983794076 99,76858749551428 5,438389364804485 0,31016529032650164 464,97954038337105 1,9885409124993636 463982,01861156704 1
970,5281221098054 33106,27587798058 2,010334440622673 91,95040562699064 533,7416349822423 502,76101828166355 522,5780388067359 100,99800904034743 5,41269269988165 0,30994752234520134 463,3726884308932 2,00804571018378 464403,97287603543 1
969,3654917476907 33020,71746188716 1,9839606716777742 116,2430911190872 575,6063045816536 514,5870493915912 523,8716168036726 96,00719077013665 5,4332602523268525 0,3112009189313139 466,0132175989016 1,9993072450818785 464689,4790839982 1
963,2227653367379 32910,054955461026 1,9942269073624235 115,1044462450027 576,0327894379319 518,2653674446813 521,8328422932371 97,51158378684501 5,48464390752577 0,31579674681916126 470,38511118109807 2,009028420535493 465498,58901109366 1
960,3573506203404 32815,72307942063 1,991418916225126 103,3749408507027 555,9421578269437 510,8198923674355 511,5336685307575 97,54399378301275 5,46490226842318 0,31541855994145684 468,6669406785128 2,0046141135127784 465143,89210332156 1
962,7658128826206 32996,61581325775 2,004308374830832 102,39063824841597 558,4607431079767 507,7623581200334 515,3697688596131 97,8190625609418 5,470670805894189 0,3198307017558576 470,18662192633485 2,000459286682173 461880,31727838767 1
960,7967157377428 33056,43931958362 2,0199630909900934 92,7462207370806 536,5276246497295 520,0966856725975 516,4345064379579 100,29431649175486 5,484063209907906 0,3198933316760936 469,9204530356376 2,017246252675762 467898,1720673246 1
973,4903518978631 32778,92089935636 1,9992321176836472 92,67652912148182 534,8280013989546 522,4568358812933 513,8197965480483 100,87818909857998 5,46332461403409 0,3216271918486278 468,2140300889393 2,0005190075468633 471795,5434753935 1
962,5443121383533 32980,97548658598 1,9937412199157842 118,264237628496 538,8385805602866 521,7692989194535 515,3069635345624 100,55354023565872 5,503432437785829 0,32233415554089867 467,33448823806395 2,0093821905685783 460832,14541896683 1
969,2586151071375 32943,07734380377 2,0030689601241396 117,94071429217729 576,4234980365712 508,90301002414225 516,250690442637 95,72163839592731 5,537148317328676 0,3270579273393011 468,44223581540206 2,0017980635070987 465173,0222041149 1
978,3311268383165 33086,34632287995 1,9857552037147053 118,07801603611706 578,8675308770097 507,90072620625074 513,8230951705839 95,76958038154888 5,4538909603834185 0,3245056853630637 471,258987614135 2,0039566538267657 467570,750633523 1
966,3468338464486 33098,660429985 1,9839621010028547 106,86554448938261 562,6114939527466 517,1553835747425 509,95904637361264 97,82692700907778 5,491492091304414 0,3268217199018767 471,885664251959 2,0103321347990204 465016,32016019674 1
968,4730960380673 32849,27120857632 2,006620411181435 107,66924534022257 571,5534077043266 512,5773232054154 509,68837080534144 97,72449993841016 5,458347417994184 0,33467566688717754 469,31019254213265 2,0046166069172706 461661,81031763024 1
963,5740832386282 33034,77617449579 1,9693737852058526 98,8626274953236 542,5204346651415 501,8918203242755 514,2559018005846 100,27505962635142 5,471939802150567 0,33072323636258033 465,9599652133475 1,9743814111715698 462102,0810109626 1
957,4427706537786 32853,356737554015 2,007076890663901 98,11391140696851 542,409943764725 510,7001195540627 510,5870605825393 99,96961523949223 5,445037498195668 0,3343614860388777 473,26257277352994 2,003337793629608 464847,3314963951 1
968,8617827280235 32896,395850130415 2,0077881661710784 90,15222025952067 531,8408413078224 518,0397979792273 507,9001195151656 101,33492612959074 5,487434574081301 0,33437681484003295 473,91361852890816 2,0163515507287517 461325,47839882626 1
967,1310944257906 32580,081088587456 2,0086815374823415 90,87779186116268 533,979027430859 522,7791337204072 509,5287158917294 101,20981062439233 5,521265909079584 0,3358498329719498 477,14467798924454 1,9866928424545904 461725,58065247856 1
952,9108963994448 32695,779918814584 1,98094624397094 109,34723731667523 534,5256327488255 518,3720248312832 511,9508611748479 100,89811772184822 5,415730293608686 0,3354559835357309 476,1335158897821 1,97819278494865 459136,5387419716 1
960,5122536471242 33049,04300990455 2,0086018139431254 109,36703181013951 564,4245900276804 501,8546274700613 508,6436659305288 98,6320990532852 5,442806118899406 0,33918038240820075 479,6254599764526 2,0024045538989097 460682,4935170952 1
964,6741072758228 32965,77552586583 2,0115777472326837 108,86890683449427 561,213930099614 504,7875350127163 512,1335554977817 97,02568467758945 5,453144434203226 0,3413091822912898 477,0177923234515 2,0008296424539878 463575,2299907056 1
958,0022749623563 32874,37129730065 1,999286469736677 91,25795103926835 536,6056083855934 513,8361921739695 513,5098486222438 100,02099849053455 5,479398188909367 0,3391014941820668 478,2961926158561 2,00231421310534 461895,59728725033 1
964,9510145487172 33131,384381573385 2,010332649191662 91,0298551706963 536,5946917464817 505,44216348241764 509,2279799311409 100,23722599794158 5,518728806623607 0,3413174620968809 478,72133353768953 1,9937642706696643 462592,75901812076 1
963,1589454288109 32857,57061120148 1,989238903280146 113,48185174288385 550,0813096221289 505,7039024176062 501,5397814285875 99,53271462380137 5,4478674012392565 0,34385818949361974 478,62157154670405 2,005075171278649 461556,57383018854 1
959,3189747684695 33012,75222991889 1,9998344260818337 113,66626004085046 541,98941549884 503,5236882203306 499,7174446790784 100,0590641133302 5,440969311570876 0,349947442091649 477,189428985459 2,0152017060659495 459299,0648776443 1
957,9652742220925 32660,065226868963 1,9744452550594742 94,96890006869536 536,7389500115269 502,4566860299646 510,31494438785745 99,34601418550054 5,49873834810475 0,3503134553405156 483,81914528915536 2,0036769223543893 460162,8186186427 1
960,1518645668442 32922,37417192692 2,0162819413802833 94,70748092968178 540,3562071529599 500,6855671457835 508,65157920506584 99,75595204227366 5,421366255198143 0,3515144332568531 485,03794224622874 1,9952726183089011 459467,7347478941 1
954,8281780400876 33279,11430204009 1,9993639092288693 114,25013236691841 536,4324819294292 500,8589970532815 510,9336381324088 100,26238901001351 5,4741567483396345 0,3531401117289307 480,03239207826886 2,003041819011608 453470,2285790925 1
965,3781779711755 33114,34394069253 1,9955937442451273 113,53606641610018 574,6749178091064 506,5545677273974 514,8704370613141 96,82116452374672 5,451410151027915 0,35286814045604953 485,5578614124115 2,0064480886809934 458846,8050262223 1
954,5765278609975 32660,41489401429 2,002030107313524 113,78425346757277 574,1127543917627 505,9403967745249 519,9245665106345 96,47060985402945 5,462683155805476 0,35525854869197226 479,8439770249937 1,995749800043996 463700,1322038099 1
959,50431343644 32699,71806181806 2,0130422279834432 110,12195613891667 565,55967433552 505,02943166084697 516,240861713304 97,77624005025149 5,466835492215552 0,34847144510383915 479,98305117841323 2,0239357800288906 459610,1823783595 1
962,7921353005446 33062,9439234887 1,988684942434112 108,68199102379266 570,2283164142847 508,8697875885071 511,1936565208927 97,41571816908296 5,5317315605024815 0,35447552265619714 489,0969370603531 2,00065609642266 461288,9373337595 1
970,7425883884279 32574,102844576446 1,985290672396094 113,54612689123807 540,634748890435 508,0155799872324 508,7808097077301 99,64766572786837 5,482979798955098 0,3533922252114689 482,42034089012355 2,0036205401723013 458940,15519075195 1
966,7565910211156 33079,57329844379 2,0203934991741233 113,80172699613323 539,9288040622561 513,2643443545954 505,2699173015291 100,44400371743816 5,45009410383646 0,3578949320875923 488,7544470278519 1,9873170874066897 461380,2063447852 1
960,8627772318895 32941,73699579993 2,011177317623261 95,86669578462914 539,2473901707962 503,4015508316516 498,72687707376696 99,29650491226688 5,406568659331509 0,35854615862867834 484,593460811179 2,0043702849971585 460002,68414996826 1
970,9297146548327 33038,33464647992 2,004706147392222 96,38291625545816 539,7463584203231 505,8479944248742 499,6578845203078 98,73540364275021 5,422310733936178 0,3595201500859139 486,09439373251513 2,010331099232078 461792,1128205387 1
966,3482214584909 32731,19661405845 2,0115090600431023 98,76877974431802 538,7724771943988 504,18721851581677 501,925806975119 99,41979723338336 5,472225138193033 0,3560157249397132 482,1526303480821 1,981953320695524 450577,1367917921 1
955,8901124581168 32650,683055789465 2,0003597896609286 98,0478918668704 543,6703841497706 529,4582311564179 506,5272815040982 100,68247976326667 5,464732811563599 0,36242068114047216 487,11981941162895 1,9935847029819016 456058,1050733369 1
966,0553195665289 33034,739455718794 2,007977184650393 98,79144628459137 542,7946732557855 530,5779036038376 501,4105605719659 99,72467041118261 5,494386877149234 0,3616271065591334 487,8695832250827 1,9949356556815492 456292,29779853474 1
974,6318030407424 33043,187439302026 2,006532592457159 110,29902908780744 567,2090494447466 504,0210730861856 503,27935770575573 97,22125466798988 5,5112773894174865 0,3618087678925177 486,7055147213606 1,9987582483059787 450749,1378294522 1
