Co2(scd40) raw_signla(sgp40) aiq(ens160) tvoc(ens160) eco2(ens160) rs1(ens160) rs3(ens160) rs4(ens160) rmox(zmod4410) tvoc(zmod4410) eco2(zmod4410) iaq(zmod4410) resistencia(bme688) Aire/muestra
1083,9632209213758 31083,710030914586 4,014471300667933 1712,426818044343 1169,4315583288085 99,95740654123883 46,54244975514464 41,63158980317286 5,115332885357277 0,5680176572918822 410,4817405534501 2,0227444244915875 267923,22005572583 1
1085,0025807177321 31042,0284844485 4,023325643328029 1721,787193225321 1177,7692208671135 101,38217344598245 46,511614888949474 41,617837034291085 5,05336275214744 0,5926791590021506 416,1856096452198 1,9990534273524558 269444,4459656813 1
1088,8375349467303 30691,826409491227 4,004976334102782 1946,1312161488413 1200,8595406305374 98,71564342389071 46,211000106836735 39,80804171439161 5,0905499618332435 0,5925999152266082 414,2698170571479 1,9876787421230109 267171,19252476335 1
1091,1616684409503 31092,45668261753 3,9849672319939136 1970,4424004548905 1210,3946868758744 98,77290391910488 45,93210274414157 40,13984148944285 5,081327817115695 0,6163042447286808 414,3127555585776 1,9961776470575332 265592,318712111 1
1088,7608017790249 31110,72838943758 4,000640740521683 1851,0296882160483 1200,9469922255971 99,13597627175204 46,392099823060086 39,94360320727079 5,033431603034975 0,6219559121408388 418,19297590353716 1,979214117075763 271231,375244727 1
1094,31106919397 31061,621985503145 4,023194284115754 1853,1556725721769 1195,0196083279 97,49216127143869 44,568687248632195 41,180721100836834 5,076815655968934 0,64329239632513 413,82441896574096 1,9947747990866318 268728,04656347114 1
1091,4277646169407 30937,063924733437 4,002504648096864 1845,5095906939143 1192,1831916687768 96,73692077176797 45,068841666980006 40,75485259210333 5,032876006925584 0,651339332515893 419,64315432901935 1,9974656923704117 268091,55091187754 1
1089,0959141052194 30930,737042342007 4,0223792890640295 1927,945130366513 1208,3378246323314 96,78845197868657 43,24773421652965 40,30571866769944 5,056195643406104 0,6418167512836771 414,82616436023187 1,9901628968099168 265250,6551512584 1
1081,1160895527266 30888,356240689493 3,9937885283298233 1935,454718041122 1207,041088332068 96,85872934953174 43,062873059476736 40,4036225638025 5,0454522094230745 0,66415307111593 416,7964963046074 2,0026557609534863 267463,94253105076 1
1085,411888453499 30643,902906712792 4,010570320619179 1894,8912664775219 1206,0510813747294 94,65742241275296 42,417772073106676 39,68278070651501 5,090044082975322 0,6674823527366538 414,599054384989 2,018046377341891 265497,7277312011 1
1093,199012502355 30686,77455612319 4,006959335871911 1906,6586517144233 1213,2690583633953 94,25159750252051 42,3482681034549 39,58244397912329 5,066120528212393 0,6937799007576021 416,5652687645324 2,005936272345231 266902,44557017257 1
1090,16311821118 30859,73028800854 3,9966517596984357 2086,9683484788466 1239,7711841946802 92,20886047062997 43,26174711999815 39,17728068556662 5,059553270418794 0,6918143805871642 414,84867606039927 1,9954304620381411 266645,22053928534 1
1077,8749445425083 30971,239037446998 4,019155133470829 2079,9831499512893 1223,8272027013163 92,56893721321171 43,42799380057569 39,25993090080191 5,1033532210697805 0,7042441919458946 418,5405269285184 1,9846623437924416 265549,0625514492 1
1085,225504437052 31005,046265287558 4,0113866500953925 1915,243362778821 1236,918799005206 92,7343725502223 43,528327578614416 39,12021927565391 5,06112915766158 0,712427508906759 416,9125269973272 1,9907987933027056 262830,39131423156 1
1082,7526055032836 30749,08653359606 4,013665097097474 1928,7957689637703 1196,4227745709795 95,26760399994062 43,727776288420635 40,38366680447505 5,065301544536934 0,7324076485925506 416,4080961522343 2,0017741153874304 265608,61663178005 1
1078,448718099938 31072,161506501725 3,998329087804141 1903,8495596470423 1201,2090393047358 95,6270931013282 43,81427617657113 40,48210516601309 5,020133726042974 0,7264830605298581 419,31141768730254 2,0024198474845436 265191,4414040188 1
1077,3956358888115 30926,750803707688 3,978314465867617 1935,3057298978608 1202,5373933594503 93,27988184852134 43,17169334680559 40,08496967383823 5,084393759746541 0,7208170730684306 416,09803284679276 1,9913466331310525 262065,56834406956 1
1077,0469011037565 30608,779240756263 3,974267698403694 1929,4500411033746 1211,7506617305469 92,84082396427218 42,92412934853652 39,78532096744625 5,101606765967283 0,7447436977560956 414,16944089156044 2,001554575752545 267772,48125618004 1
1082,5003037857043 30914,01348206873 4,012064971059481 1835,0399323325935 1170,4871159446918 93,36503964055119 43,800541120028115 41,41040773482319 5,068999519042072 0,7450339295760748 416,24129614388596 1,9885371885558083 263417,44603314693 1
1073,060956053629 31003,19910039808 4,0276000565685655 1815,7120456722048 1168,099777552745 94,15942927249219 43,22451011506868 41,676475865327056 5,042452579841516 0,7514271809296271 420,1768428412519 3,0064978327199645 268677,3333644313 1
1071,6618155955982 31200,128364388074 4,034075672338374 1817,8682141440506 1173,8359718794804 93,17956323137228 44,85036993753676 41,03130805733894 5,036275121405468 0,751316762262648 414,1882477735385 3,015457091258122 267882,1827369712 1
1079,8271154790025 30961,073049948158 4,0269591541914895 1837,3499655553721 1177,3510940872766 93,70252931208036 44,838433019069555 41,0512582032904 5,082685480842233 0,7692132254594902 417,4877261738663 3,003226731244006 266897,42135786696 1
1068,8825450236975 30820,275143674797 4,00060504463376 1778,2681300853471 1180,9128789316649 93,83423569185686 44,23308432485914 41,11615789953597 5,055427398674688 0,7699798806707303 417,00891724255655 2,9953118039744413 266730,6424718924 1
1076,5329526955893 30833,985830537473 3,9675041162592914 1770,9648105935669 1173,7699548903292 93,12048882233093 44,51642997828734 41,270254033199315 5,097211063051347 0,7716806367814767 419,9509099907168 3,0275075873080244 266157,4508416734 1
1080,8209129120403 31009,36676373277 4,003075378179306 1789,777710323326 1166,7111482838377 93,06964333413362 44,18593006087557 41,649955990312776 5,061219637898042 0,7683811958963155 416,1352768773263 2,9883427559953777 269177,8587175357 1
1066,2984250190973 30664,19390423435 4,007180649564435 1688,388688885217 1156,1111584595121 95,11880474977895 45,500205358797636 42,344180184452696 5,055600225076426 0,7740362162578597 415,9740495383054 2,9886395165767876 269737,7099946943 1
1071,3101469657374 30972,691367064923 3,9712847639983684 1678,2836660295463 1152,4377915149644 94,02545812899369 45,6784356328947 42,48944133740926 5,067750095915196 0,7886708028628944 415,3131015491915 3,008384243105878 264773,0101525992 1
1065,9197067997295 30840,017293396922 4,009976956092324 1734,065934633511 1183,9567792065714 93,0071191593442 43,93767758271192 40,78834323088154 5,069049129281725 0,7877516769680469 416,0313514625965 3,0019715451168647 266054,7073140677 1
1074,9675264817938 30995,355882779633 4,006860015903849 1713,7372248166528 1182,7331926805175 94,11801873202342 44,06667936963531 41,07943718475119 5,096711879188431 0,7954695530523266 416,6822731048274 2,9755343787416404 267097,36715753353 1
1066,4423610983474 30937,026930787888 3,981118525055486 1694,557668861707 1139,3640193055178 92,73533901901652 44,338733810261004 41,868086886948404 5,073674064951763 0,7926859703688836 417,20665722554537 3,0022634222169176 270633,5367241456 1
1071,212603623287 30856,35022136092 4,0062578086960885 1667,6505271516894 1148,7264066959913 93,10945325095116 44,78232699653707 42,67789001396142 5,071952097399534 0,7993937264636382 411,28393358774537 2,9858635693076003 271321,4060528029 1
1066,6941648074112 30865,45430632863 3,989452593067841 1831,9536712563427 1151,7333435816884 93,89467514346893 44,18744689710048 42,294678401885804 5,072116178618536 0,8047896678592945 418,44693950517194 3,0082262521828733 268877,3674737099 1
1068,7527343050876 30833,00284713002 4,002171432118888 1839,6660365857197 1186,6216453186707 93,09809078548116 45,744304750531114 41,22410527923507 5,13025161963129 0,8096360019873281 414,0330246597615 2,9693358512628767 268210,7990451504 1
1058,66897406185 31071,95876663718 4,0340426973158525 1828,7229287183413 1179,4326114496748 92,29269823900509 45,94070558826847 40,91401819095149 5,0586222790200965 0,8073476681394994 417,7019102349808 3,005644653654639 269236,5054337559 1
1072,51565028918 31085,64322654411 4,049317241251855 1665,2223846977963 1152,8597565041505 92,59750614979426 45,457854458312056 42,48096322036196 5,112923467968862 0,804439589124527 416,38314425743954 2,99814013951794 269108,38917027717 1
1071,4176438370619 30738,81004327827 3,9900260081969687 1665,0880675206383 1141,4764955821965 92,67753523417844 45,22258817512198 42,67145144386456 5,09317041856813 0,8222965555519401 415,1100550293158 2,987296536592535 266180,4120304071 1
1058,2646992549446 30841,291686446624 4,0086917940818445 1840,5746862808141 1173,9391049277972 92,02380267157548 44,296305309479834 41,370372934982925 5,056672513486401 0,8136308853763968 412,4968716601732 2,987859649361505 267328,8435987496 1
1059,819069299053 30926,755465138023 3,977716746886446 1856,9189015288339 1170,0551899039087 92,58395568388507 44,21419702309039 41,41150789714025 5,082315561820267 0,8204424071854698 416,1635664964873 2,9857440273668243 267644,5283756784 1
1066,9524886814859 30791,189850403447 3,9867158647438967 2055,0515943201503 1223,312907011538 89,21159823733935 42,31412236417875 39,13744967563841 5,072808866649691 0,8248126424628431 414,93845512962355 3,0244920378036646 266948,5345169048 1
1058,9791954658433 31063,71687774263 4,017455691729804 2067,2309417199253 1228,0798805426186 89,53581379219715 42,36342017641223 39,47453190561459 5,076465331169821 0,8342834640542591 415,0481296977313 2,981263749904776 264847,9169231948 1
1053,893851096223 30950,171974043158 4,017221113453129 1898,287089464652 1222,6422505960152 89,02064701139287 42,67638691527574 38,890644284976936 5,1223322539791 0,8264840313078777 413,58777844106504 2,9788819478305335 268536,57907640084 1
1071,4079481329454 30962,212825474315 4,001519078846543 1900,470082267861 1197,5310861465869 90,34924416583395 43,25316948410344 40,405414243522266 5,048832511532775 0,8377581359264549 412,40080245309883 3,0332136929890847 268121,265824012 1
1062,6743933599346 31052,909640674854 4,003218023366182 1923,7522340472453 1182,0819238584102 90,94294634383647 43,39005425756964 40,10374521948588 5,0611662009909795 0,8324584138416571 415,74014464208665 3,0086405825627227 263476,8845904756 1
1059,4747877603907 31003,666578049757 4,004796278749165 2067,2867709183156 1225,4002739341197 88,24415372273187 41,78721094696395 39,12950028059267 5,029718753348407 0,8356006728852141 416,5134150774207 2,991283200768772 265704,9693983966 1
1061,3675752823556 31098,84248919156 3,9928880057944776 2066,4050554351124 1228,218965084417 88,24977874507778 41,87580077505551 39,203300002552425 5,069102076825827 0,8378009789592916 418,6023473282018 2,988497096970626 265629,41387563426 1
1064,553217903303 30894,542042684876 3,989628975264788 2147,2466755533005 1239,8493765830422 90,00776115084307 41,67222630618416 38,68945680496883 5,117097426740253 0,8377890773362128 413,5853671364433 2,986368066113347 263551,8881305469 1
1058,848639520317 30812,56768688397 3,9660644542720798 2133,6753493403844 1224,9102166158034 88,89799936648132 41,74590899310952 39,13690585320195 5,083880793073049 0,844522156072269 417,82312592664664 2,9988738882160972 263344,9335778327 1
1053,9831721395478 30914,16040230643 4,003301710115469 2112,9827989292776 1246,1897169654987 87,97369691559577 42,53865953305334 38,78297065371262 5,04505116479707 0,8461139022738808 417,54088427479195 3,030229826000162 263827,81730865204 1
1058,0870108749266 30795,126073869837 4,011869888968298 2117,8160055276994 1237,685530304338 87,36994860639547 42,53292462728265 39,13434839070281 5,091730360715449 0,8541306212639103 418,48929297033715 3,004804126285606 262992,8127004014 1
1056,2800338864054 30667,44849753055 3,962076821824265 2195,42574335282 1241,8089117071272 88,5964373713525 42,6206743574071 38,91620516198132 5,06876417738189 0,84829977900637 412,97146283121754 2,994707622919889 264072,8980203436 1
1052,4587149976678 30948,362757070463 4,004936196684312 2200,46342006433 1245,79014898133 87,64222921097871 41,85994195593522 37,98456250802005 5,040726077545312 0,8557410636127457 422,0624928181049 3,0011762402207394 262915,9095551954 1
1051,0924032013086 30966,354650808502 4,004859418094087 2199,6253909358775 1249,7570948456807 88,33541780174603 41,569352280493185 38,38503963240953 5,070080880960337 0,8575627305195261 420,56991542497144 2,998911345249139 260005,3059326619 1
1053,673372916842 30995,20871585454 3,9914129363857294 2072,5348659029073 1227,7912194190658 88,04094963705248 42,484988938872284 39,44879239627874 5,066292660390084 0,8639789337224998 422,7315248430311 2,9720551768458052 262068,71092329358 1
1052,7705386792243 30790,25609052137 4,018236217990169 2047,0904393277458 1226,653915054176 87,89717671879995 42,22611769791624 38,978076021777966 5,107317480606684 0,8679296208451183 424,45763301878515 3,0152512057394034 262989,3248011237 1
1045,0143671928088 30554,70787508464 5,002167661074534 2280,11050589921 1233,8149036264622 84,91781753290431 40,918770906920685 38,96346526950642 5,068358908984107 0,856653813333816 419,52073537499956 2,997532527320457 262317,63051780587 1
1041,6481244630195 30769,748825075676 4,982441441013503 2266,9612333496675 1240,5898841319313 84,95877728200067 41,22545771188727 39,53209970539544 5,06951009985748 0,8658592176683267 424,2734059322473 2,999180841232968 260513,13916083873 1
1052,070522173887 30387,01224482825 4,009639622600822 2050,450034910201 1230,3557968014054 87,05345196778956 41,348694089668896 39,31831730094762 5,084935406249252 0,8659062916850093 426,7928868712722 2,9797179350740453 261749,2802866883 1
1059,2514032266508 30878,128460873657 4,002519241961348 2046,7045665962573 1225,5177591135366 87,86134175679622 41,80293981918748 39,238238003170785 5,040803219537192 0,8684912857607283 432,1505083803924 3,000251567163337 261209,02229691687 1
1045,9573380726383 31071,565882127117 4,966635325091181 2251,9937515863544 1226,3256149915387 87,93588389939153 41,6037416501843 38,97414004414987 5,091447354994699 0,8773563336831871 427,970318688679 3,002668180290062 261023,93114793143 1
1049,6893015223256 30923,555340903786 5,017328913650733 2291,2809693830304 1275,9502676438226 85,78575510763547 41,22146859722528 37,68952283166671 5,046020713325872 0,87276933727216 431,198819838417 2,97685814459056 262237,2187284319 1
1044,2017711985181 30737,869136912228 4,961868651894109 2278,6870996686375 1267,8178037735017 84,76251204434158 41,1062620034577 37,53491463524717 5,094910214854944 0,8778877700748875 429,29054702522825 3,016889349602519 265269,4764905818 1
1051,1155752486557 30991,820382084807 5,001716566568168 2230,2362495398015 1272,390060907324 85,61930056849337 40,46401974289775 37,77671096799094 5,053816477301122 0,8677272284171053 428,1149711219515 3,0129908591567798 263432,0453694542 1
1057,8546418851518 30705,920406778172 4,983836338696208 2217,582565248368 1249,9086061920632 85,0346162339091 40,43455844052598 38,09469492398777 5,041627726045773 0,8771784328985527 435,0298725259097 2,99197421551756 261809,0215566087 1
1036,6725877611743 30603,152950851618 4,996071599110302 2384,4882608890034 1285,4516960909823 84,69139518035387 39,727820660358 37,019412677281075 5,032000900275462 0,8743252426997936 433,85986821076796 2,980576925171605 262705,20989673 1
1045,0571004607655 30958,80898455017 5,00423814810715 2380,566310864815 1286,3229224194015 85,11907524786196 39,85639132476018 36,46819079671496 5,09444076158297 0,8790705814620754 441,39927603037967 2,999000234631767 258945,68513002704 1
1047,1196630061315 30675,80341083122 4,993977663226098 2267,888876879525 1267,5850324893684 85,558125481441 39,94234124752316 37,95488912495252 5,075751526873341 0,8850045806380404 439,31830022430523 3,0102864425506137 259263,86067051685 1
1039,5832760961086 30699,18846115304 5,024880015868435 2264,3561071718946 1263,8992653516852 85,27485756711522 39,98353944819513 37,92785089275992 5,093213636372693 0,8898039090732142 441,56380877607313 3,008168155530519 263039,4289152579 1
1047,0560541690802 31068,790559692497 4,969155578527017 2311,2018965935085 1261,9359596345328 86,4974796744783 39,807181768578715 37,78001251336372 5,078451062819646 0,8813763059756093 442,4629302715946 3,008175437721703 261649,3541171864 1
1049,0126772463016 30905,136748832363 5,0247130562736455 2324,082761139224 1283,4132538797123 83,56472196339755 40,468627653575524 37,472491090423496 5,053929316970786 0,8840977151052353 444,0629786769267 2,987328898392846 259361,94566941456 1
1044,0135258380726 30741,078556252825 5,0302951798755675 2333,9839178662496 1267,9137542989429 84,46814491758319 40,580039575461235 37,40605867443278 5,05470761121247 0,8833941291370178 442,7389834863195 3,0008033428153036 260768,55711067322 1
1037,5711414228704 30901,927524787 4,018939617242365 2176,5723106113746 1242,9639098630817 85,65237882122867 41,41358142576938 38,71706649267987 5,085376697923966 0,8821592175760056 442,58132999026304 2,987898643111317 262020,02760259603 1
1037,940807599418 30856,414469723073 3,9795519639632957 2165,7627414273275 1238,2612644629899 85,14175078903116 41,42786465506972 38,39869884998976 5,089107563446213 0,8948678769316103 446,2731672614601 3,002341273152208 262449,1854060085 1
1036,7896457731983 30651,84629086853 4,015613553932583 2147,7852352509826 1246,9243092664713 85,8645635520649 40,861749128791736 38,225655870920214 5,028456327921172 0,886345954916302 442,8720985370506 2,9953347537258144 263998,81470588135 1
1039,1353875204532 30755,174318323392 3,9939934940499966 2187,455056741355 1257,3506265362505 86,23989878923283 40,81418904884497 38,60031865523192 5,051471284039451 0,8895256060375264 446,30836723715436 3,0087064988459007 262434,4592327408 1
1024,4768465022928 30945,108423436624 3,9929734108877626 2175,798886678165 1266,0573086554843 84,61004648254386 40,931899572137795 38,35493711483104 5,06055482109445 0,8936025231694769 453,55784965717817 2,9654028730433 261702,55269850726 1
1037,1714323727228 30885,226748088695 4,00624071348882 2202,133042797168 1251,1204506876184 84,95831404248212 41,323495376464265 38,635572039335685 5,041848187406858 0,891174037883179 445,659742143068 3,0144607852002654 262794,40428210166 1
1037,623056818278 30846,237428713386 4,990041718418617 2302,0657748056738 1247,9424646306131 84,93261654260228 40,877847130611954 38,35143748728302 5,085167328104005 0,8929210422861676 447,6213537210467 3,004788534691618 260555,65116528628 1
1027,456650866787 30828,340742540473 5,015780001566636 2289,438505730157 1285,2725444875791 83,77188631234556 39,480866450331554 37,612060532316704 5,102656489854699 0,8938054486638592 454,8186989985237 2,9619688536868285 260675,0809787898 1
1037,1691049309818 30927,28564606462 4,983711322110996 2291,7389724671875 1282,1764370401359 83,2838843509757 39,82861562475173 37,562069390224536 5,08627099862278 0,9041618611551365 456,00996709265695 2,9962965165741813 265403,4790069244 1
1020,1588239438507 30695,879713561546 4,968369368640081 2281,974942539217 1267,470849495684 82,95804662954339 40,57568782788125 37,539868449664375 5,076678980075552 0,8990073297334159 453,8062322490775 2,9977529953993254 262593,5269003524 1
1039,4518774628878 30858,481862849167 4,993461024367937 2274,1975798499584 1272,19530032008 83,23501749289534 40,26194057546391 37,14862538563301 5,059588507822009 0,8960117670899234 455,76540823220455 3,0178411590400325 259282,56433639588 1
1027,2456479295488 30899,90427019793 5,02926150036261 2270,843123823288 1274,2770547320386 84,33091304908848 39,514833318337146 37,695307485789336 5,096029319932122 0,8992765934860028 455,7587665120714 3,0178160787813857 261905,66790709682 1
1028,2365895458042 30676,187196276926 5,0144487859013225 2277,7930116372877 1280,0028021656467 83,7966485736725 39,498025054945245 37,8404704211817 5,077899552567603 0,8978779334162245 454,05936130092596 2,9759388607301434 259899,37983897832 1
1030,5855479653626 30732,43495831928 4,981637599546988 2341,799952483363 1282,6287912696941 82,40345874303112 39,627385198344946 37,07490418143877 5,051582956112802 0,8998883439057823 456,29599532343985 3,0137708195874495 260022,5672928101 1
1032,876617286679 30666,31232276833 4,970424399384408 2341,7781676867376 1287,6689996461023 82,67391526532016 40,14145792394772 36,996925390231816 5,044236783643086 0,9036097423430043 459,9532792598986 3,00524815494637 260668,9562447812 1
1022,9394420908725 30902,845972108455 4,956303352996857 2404,8023333092983 1272,9609480692934 82,14187403206999 39,35503531783737 36,795377790282856 5,061419551960437 0,8988456796064564 461,99406573057087 3,0165742389418133 259468,76097538974 1
1030,5608402055786 30952,16001822044 5,044108864795753 2391,788015683243 1286,9263063273831 84,03766717328962 39,055684745981154 37,131606946255026 5,095334578286065 0,9024622881222998 464,6237204814499 2,994496335074106 260050,9459103736 1
1027,1710475038162 30736,945092302463 4,972896693835028 2415,153102527428 1284,3625145508438 83,97074986865486 39,29499920168568 36,8581057359424 5,118559656875973 0,8992881882303301 459,66659543508894 2,996047327962021 258456,0024462595 1
1018,9462391249244 30654,046407716873 4,9732077747147 2265,256555271924 1275,6463464769229 82,59936380362237 40,301609412693274 37,69520361863745 5,0733352347853025 0,8993345054710941 460,7502134727948 3,011971075518864 259001,11126127627 1
1019,6089093324392 30848,524683384985 4,9917876744963054 2246,3607181884245 1269,5842433174212 82,97867604794062 39,74005240200587 37,57678302034324 5,105353446582143 0,9058982322260548 462,7789949415457 3,009219306756724 258888,11358416776 1
1016,3990131709585 30847,105813430775 3,9619011183238007 2123,653542805876 1242,8854835856807 83,04302520901531 39,88708248004843 38,565922712502676 5,092426173261971 0,9029321837750616 463,3301825543448 2,996363494622139 260775,077844027 1
1017,6023108922208 30984,48143673391 4,0122570622661815 2134,8598461273873 1249,3413005202012 83,20564405336675 39,800264679491434 38,7069790087219 5,09396590399644 0,8961392904781048 466,7294063799452 3,0458575242714505 262992,10783508833 1
1018,2757682014669 30839,521129363497 3,9959568617798027 2199,978617074326 1249,0589031098007 83,28934123047229 39,4193727963165 37,99676266556146 5,103703488864873 0,9021733167350132 463,49411644527316 2,9875993214349776 264439,28373681026 1
1019,7729691103493 30703,485930407773 3,965008159280228 2194,2093013890467 1249,7949779151306 83,20502595797979 39,716697362742394 38,077944908858065 5,0637118401977235 0,9020286372253071 469,6949894933745 2,980589954646506 261858,35677659741 1
1020,1737574725456 30859,25992769079 5,070023283990882 2300,256099271688 1259,9602323759023 83,34762003089448 39,830769636133724 38,04326979964482 5,082592030548188 0,9045579967987052 465,70202163087873 3,027193682761311 259699,1071017004 1
1015,5426134046595 30950,93516253593 5,007703903721215 2297,9294565677806 1274,496204451719 83,91245623596532 40,56255759645781 37,52265930722776 5,1138473174735655 0,9029927990564431 468,53983535269424 2,973744508904366 260022,0057605903 1
1014,5079891048982 30942,98388811685 4,99043997625185 2290,9627000008363 1277,771097491218 84,68786625604965 40,369803384454336 37,46221247016851 5,081790891326655 0,9143838199249291 466,5718680419574 3,0321583750925463 262582,4049416359 1
1018,2048199035586 30794,40800964275 4,946379237947881 2333,467411184281 1276,1108170836496 83,59602144600018 39,749143003782734 37,89111921316852 5,042463788689899 0,9001875417208101 471,5873195119948 2,9921739531559215 263415,16464696237 1
1018,1986274903115 30917,837258213087 4,99773339285967 2337,3622324883545 1278,5714668802982 83,54481289225151 39,75483909004715 37,347041985381786 5,085895766134432 0,9055506745492107 470,15458101184043 3,000389914047866 259599,21812217016 1
1021,453259029357 30828,372204606163 5,005230728313589 2270,478744535687 1265,463295262856 83,43420303116334 38,7357257594005 37,54952628712971 5,104735294901884 0,9143601865146418 470,1691020252678 3,030127854866289 260395,11082216795 1
