Co2(scd40) raw_signla(sgp40) aiq(ens160) tvoc(ens160) eco2(ens160) rs1(ens160) rs3(ens160) rs4(ens160) rmox(zmod4410) tvoc(zmod4410) eco2(zmod4410) iaq(zmod4410) resistencia(bme688) Aire/muestra
832,9652691467594 33281,414101432456 1,001103881333129 60,62698033308793 462,21594753096167 711,558293728942 775,2266202205215 109,29078725729494 5,517178653699137 0,017141890248299187 400,66122580833587 0,9979489276340154 612874,6566892882 1
833,8403954944777 33137,302122762165 0,9954734228056488 61,446028005780576 461,5873253314051 707,5093902065358 780,1788836721925 108,90031813581177 5,4829847013104915 0,017651670870185876 402,5105420233427 0,993167775438577 608555,242549293 1
846,0258133140176 33141,65466237913 0,993198493468195 56,84932385592988 472,4783260449986 710,9221375817147 768,6531482121203 108,33688434304489 5,460869391094511 0,017475289995811088 398,16785473233034 0,9940684287080946 605076,8517085762 1
834,7446607407601 33028,8802552078 1,0076251140099575 57,28757514754992 468,0970908416976 719,1573432042879 770,0598351504101 108,76260395646865 5,390862472576111 0,01797725004150215 402,432091089335 1,005739124039001 606502,583799161 1
838,2876873376636 33133,78146263169 0,9922858169962545 54,78246969634574 471,9783054978431 715,2922242571786 775,294134162738 107,00686174003123 5,460927888856368 0,018013344892649705 399,73947790223383 1,0074322402307665 605574,4023948803 1
843,9000753861354 33330,867444446245 1,0107334233943455 54,60961697361053 468,17949870872076 711,9763893265433 767,5396302021301 109,53505939583259 5,427810222122938 0,018560829244715343 402,9027363663597 1,0025045544830355 613961,8273346339 1
834,0628813290397 33401,76819988879 1,003760433270203 54,987836209222706 472,5784075163665 712,625075852015 759,5396367070955 108,16274119064548 5,471824041788197 0,01853930386050887 399,38814995648204 1,0043145815053003 606563,8100292676 1
833,7793491608709 33017,113230783645 1,001068534571187 61,831364572046944 482,14351075737954 702,7937269712637 771,3849818655203 107,36128379328771 5,459245138818344 0,01860834196693946 400,11579631459375 0,998325456894389 609772,06332972 1
838,2220548100203 33359,29299852788 0,9985482096606206 62,331269234345655 480,4793097810178 710,5907264162928 771,6656141870332 107,99570519752574 5,456693501639478 0,01904687818476198 399,8044266174975 0,9979954150878602 606657,5438719542 1
839,2904710045813 33133,84454780487 1,004534423575229 62,35617875519268 483,40270197202386 706,2786555177796 775,0924130631996 107,45636396155109 5,4351520102677116 0,018950481276087748 401,661359899325 0,9913128550344403 613110,3897395296 1
841,2943621556332 33188,15057608844 0,9905307390002799 61,75317515160138 481,0867911716829 703,2493915990466 767,8156748614389 107,49749179345385 5,498209955601437 0,01945172299421872 400,8430557310379 0,9993138019409232 604019,8116734318 1
835,6963923596445 33472,478908736215 1,9914017393333474 68,58477012070445 489,66039213234586 700,6192009011046 756,1549094608656 106,69376885689081 5,4291217103526765 0,019522556391824927 397,2259223645651 1,000173298303001 604346,4179047891 1
835,6105494764092 33392,384981791525 1,9905167259241203 68,00807584106934 487,4568746705833 699,3162916826299 755,2120960680138 107,00167579220424 5,424887879953057 0,01998437031763065 397,8721179550933 0,9983681109439803 608823,2040057536 1
838,7320351251515 33174,28242099266 0,993881405916375 55,131434828461785 488,19243857310283 704,121590111528 758,7839853808764 105,78265166168558 5,397446432610717 0,02006624406406345 398,7598748967243 0,9989332915008063 600506,6383762944 1
839,765841279088 33242,167041154746 1,004732565802798 54,492105693917836 465,6811608052065 692,0716185510136 750,4979415316692 109,99846990943684 5,423129718007357 0,020709743790944833 400,94652504648514 1,0040885942232125 604776,8340670221 1
836,7598299439173 32929,29928325383 1,003341704835926 55,351613294628145 464,83687820798804 689,3814556960673 752,6431794244218 108,72109957828602 5,450016166560147 0,020792822624808638 402,6627652982667 0,993587049670006 606791,3849221985 1
841,2685752853349 33343,009595908996 0,9980315076159813 56,31934241074467 470,1679033656828 711,6472260365089 756,7052222685991 107,78640547698025 5,479062007716061 0,020734186637984063 402,89752395463853 1,0056978249039399 607907,9423224144 1
840,8833248269472 33329,0050139539 1,003815883944004 56,005940531662276 464,2188657675822 711,9947058055446 757,2993342243908 109,04397280594779 5,473907320170062 0,021525307754159798 396,7804180416937 0,9927209108507501 608158,2852919499 1
846,9784932697931 33414,639081729416 0,9931383521736477 55,61892518634204 470,0036078541828 707,6557076373168 755,1136364673339 109,63331214047604 5,471006870215459 0,02148723885226648 398,2036210071646 0,9925372257564503 608762,1571818291 1
841,5999891409467 33280,18439124424 0,9951033973603992 55,50181305682796 472,73526755201755 708,7773054773178 757,6244152712422 108,07826859855098 5,461998500216196 0,02163068795252624 399,50501372527793 1,002792115089514 601722,7360671501 1
834,6451907000319 32978,888682131364 1,9879346979884978 65,5835496467657 488,9832883678039 692,7246407528474 754,1697258243008 105,61012560013961 5,463396020387813 0,021825940624683078 399,35292548167183 1,002017068668428 606296,4699061927 1
837,6047574309755 33360,82852593902 2,001122951311812 66,14264746740838 487,66336870435543 690,184418434359 756,2587852370391 106,33553491613931 5,465611394568592 0,022173151255594437 402,8924658385137 0,9953979742537215 602762,2870222108 1
833,7680911383081 33082,49686004591 1,0048514774020996 58,12288514836541 487,7220860207892 687,8018582041549 752,2836073232847 106,34144813980659 5,461494712688485 0,022234327186152498 401,4914584775941 0,9945120102352429 606659,0673843737 1
844,0768504197744 33379,20077161047 0,9911085818768157 58,155621888214064 476,61614105677427 702,3258382230036 745,2297124439809 108,46859491450176 5,442585217782702 0,023087756593593276 403,0661721296817 1,0030682158694992 606096,0014195094 1
839,9140885276762 33443,83776575082 0,9974566300621621 57,88820266047727 474,2945221336026 700,7329856848766 752,114773451728 107,61500938658317 5,46509746540717 0,023043372432523794 401,8143574779672 0,9930548539080714 604687,5855963859 1
836,749701477471 33359,9213759998 0,9948604432774312 47,9163447187641 487,02523446415347 698,1303117929862 734,5320007892108 106,62884212976564 5,4191158319545725 0,0230191181699095 402,84882644896584 0,9927691930181373 602812,9078753914 1
836,852242066721 33271,93138536246 1,0092416684436296 48,466245852115684 486,28540055690877 703,0836445330584 746,4613698381163 106,32419661160948 5,466002834356366 0,023683540664510044 396,5709328441997 0,9953778764623638 604206,8173699755 1
837,1427413898854 33079,08771210586 0,9976548330279268 56,6410072028643 472,6165315574365 694,4949790655719 750,1739848873566 109,17980607466959 5,425676762621169 0,023577159749413202 403,1247291000877 0,9971625535293153 597291,0859465047 1
834,9941555405485 33298,09811319673 0,9963545239559664 56,448293282871695 469,69851569182174 699,0336719703802 747,1191085186318 108,88532033873389 5,421664642736017 0,02439307046133582 399,7696635408862 1,000168585305393 604342,4231929316 1
842,8804210678835 33204,15193158446 0,9974779731508817 43,18976249824061 444,6780242496924 695,7196050078977 753,2718639960608 111,08401291008366 5,422686973156267 0,024340185313240302 400,43324245971087 1,0044113170480964 597272,1206723367 1
843,0849611273535 33404,99899567889 1,003928401816981 42,90002015487339 444,2073297347112 696,1732024711469 748,9797326755538 110,50273098966953 5,440785534613198 0,024698490282859264 397,98789613408775 0,996811388881633 602072,7701619351 1
845,2702497730993 33031,80615100696 0,9970474535622941 55,05213418575647 442,54306711170966 695,8108482971248 753,930004485798 110,57629152249602 5,451899707664612 0,02496179554107735 403,9944670595482 1,0044109291865497 599329,6497265662 1
835,9088203786304 33175,33740142745 0,9998391423671719 54,79760561796967 467,43913107344235 687,5049434601951 748,3616298724403 108,92631415426196 5,4111116462435325 0,025398073688341318 398,59140978919163 0,9990871862858789 609617,5733126205 1
846,668665562855 33264,09773632623 0,9996565870779222 54,77155653927235 469,5497920871946 685,7092474217518 733,7763962151197 108,71869181681586 5,453393817685566 0,025621670813920746 397,5600632913956 0,9895784762318175 599344,6798634552 1
842,4917202571474 33009,476976618236 1,012760189214966 50,67372199842764 473,5786222173563 685,6553312790494 735,5806038847402 107,92404074698483 5,4697961850484065 0,02555192370838326 402,4987814816426 0,9998611662303896 602700,0553603583 1
826,8252745594204 33200,56641373128 0,9964203608441109 51,330602279590245 471,10394087748807 689,1206818746481 738,0514604970468 107,1245702419045 5,439478045679915 0,026336395107006697 403,2462378530538 1,0031713244739315 595655,3414370483 1
839,5924410801697 33271,18884193076 2,0072768614381795 71,26496005885828 497,96511132053223 702,6878784764106 726,4827935427909 104,81489736748864 5,442263687136417 0,026066913204028236 398,7309480594694 0,9952479927926893 604117,4854647922 1
842,6153924474612 33172,894132254216 2,0029189193732644 71,23752850418848 499,44285839880234 696,3916579891695 720,4943228475997 105,32392732076798 5,485820159713038 0,026796543353395312 399,4750237416439 1,0026036327922638 604180,0101154302 1
832,9217449098452 33461,50871693385 2,007329555110005 65,66876498114867 493,0154566170057 680,5504672686654 740,8173748472633 107,08947654976294 5,513223563248868 0,0268489043657012 401,5352109585197 0,9978811034173696 605621,5784608927 1
840,7996653056142 33473,46207876823 1,9970217577584575 65,85646094420686 485,3631175254732 684,1928241731284 741,7133253486982 107,23187230971706 5,418680124404417 0,027516027323557377 400,6928815020943 1,002518418544743 605041,5837205285 1
845,0724649877795 33254,76314726547 1,005691251388852 58,13612148020895 485,968417600916 689,8802692115842 742,4017183243288 106,68418385974492 5,409736052955615 0,027127322134566347 400,33741406108925 0,9986450344249765 600240,1206251389 1
847,2035393876657 33101,79690886284 0,9944820893826458 58,189610969066614 473,67188815816417 676,5782580878986 718,4805378977215 107,80088704172852 5,489777114729816 0,027701140335647727 399,5584381472181 1,0068354713150818 602193,5127256571 1
843,9757117028211 33464,24092930696 0,9988309829213912 57,94735027558467 471,2668047889068 681,3364705707789 732,066975338917 107,712701398841 5,499787275660631 0,028053592168417116 404,14301940538087 1,0042508003719834 596293,874594146 1
833,7394314429087 33305,21192719492 1,995937682857516 64,94820530352084 462,54204899595936 691,0470561370679 717,7421306938304 109,20849356213283 5,476062023996725 0,027758391446653253 401,92985447762396 0,9984795058664073 600002,0840082662 1
843,5569678005392 33218,640561011256 1,982246862963081 64,68373226880742 464,0060929329668 699,8196243868903 720,4106141879357 109,4544003259046 5,4069176609723 0,02844955253424764 402,7961709666744 1,0021429314134882 602969,3430543463 1
843,672177859678 33478,79613272053 1,0022771325234503 42,9265953648631 441,5394403032481 685,2063933754265 721,8974198857923 110,8574893539016 5,45911750062169 0,028142572774252018 403,99649604947183 0,9943909079225689 602445,2503275061 1
834,6729262303857 33247,548313715975 0,9989821861140376 43,097336823502346 444,0756387840342 694,1438485528614 731,6263563652919 110,97339598467909 5,395699056021748 0,02899971559693577 399,21990713792536 1,0052182342891745 592786,670078064 1
844,5279607420916 33046,47087196632 1,0042522226191912 57,90606065129682 472,4273008761259 687,6309184840035 741,1542176735799 107,76669454281665 5,4743867533612205 0,02910787172885681 398,01860783612 0,9922107283226005 599823,8652470623 1
841,4206780079944 33366,51073957669 0,9988664084150273 57,728469083116 467,9707042686376 693,6905006586297 745,089100906554 107,27947767824286 5,423491449626514 0,029628894188634784 407,4676864642809 0,9975760192421697 599426,0564652599 1
839,4103023303014 33302,63630659915 1,0015357495756536 57,668835153149885 469,2434789684009 689,2823960843136 737,8856377750838 108,29357995576112 5,453163744502478 0,0295698367558478 402,7417439327253 1,0041405317999652 598435,9360993555 1
842,344041852163 33165,7057993309 0,9998049508327048 57,80180127311145 473,82384977765616 685,2717530136731 722,8106552512522 108,97612264284821 5,456204411449435 0,029836378837187077 405,9541049416355 0,9950885427898981 600453,2282263215 1
841,4346344679335 33361,453908466 1,0058149121799016 58,069622449272806 472,00066997537857 693,2062368560784 724,0412832548507 110,09510053745691 5,482644307812888 0,030160760913096343 400,57900743897306 1,0042636858783411 603721,3521061131 1
842,8367389619494 33447,62867264805 1,0065342551717624 60,97303583374542 463,45552276553775 680,20245308159 735,967086778633 109,06173812154128 5,4734185892714615 0,029947316148952855 397,29001768189914 0,9948436877951513 602187,2944456458 1
840,4442745008437 33240,113457869935 0,9994328448795088 60,89468577394639 463,89017541687826 678,0185280271097 733,423593811893 108,64671561056839 5,446356474018234 0,030427006173718737 402,69603468735687 1,0067952093786763 601207,3797267673 1
849,6665794507876 33048,34656327899 0,997792216301915 41,64133044032093 437,9937223883888 677,3075825104806 744,5266169025585 112,37226722908625 5,5116273623126855 0,030267502709010297 398,81310796998116 1,003345553648939 602827,9137362723 1
838,1549692157274 33235,15201026593 0,9922539897964078 42,0641116507551 439,40756289327686 679,1095996420632 742,3423883898686 111,93042296414407 5,440519963980831 0,0308339622718079 403,8047014665862 0,9934045194759699 599212,7544307755 1
844,2582595820824 33049,664059376 1,005225928778934 48,389517362768004 455,58600689917125 687,668732041383 723,5501843843242 109,75443132505276 5,4229522030930815 0,030616320679420144 401,7976137156808 0,9957572472128817 598972,7333358917 1
843,6763701847395 33079,08089915484 0,989801733887582 47,84992796448433 453,4810328177679 690,0347952423898 724,600957301162 109,62683655670469 5,482564953886429 0,03156299635271676 404,47895529102857 0,9996869580871491 602743,9040859696 1
839,4144755862849 33155,11714296057 0,9940397933490873 57,533548794364144 460,3031179758402 687,7917239810341 725,2236342765449 110,1966373825908 5,445946507155797 0,031163834230844525 404,1455507830881 1,003465760821672 599178,2638769139 1
837,9516960880997 32822,602024865315 1,0029980005033154 58,45235154147093 475,6616500527706 682,5288178075343 723,672694883116 106,99681017335283 5,452695856692475 0,032152294070785625 400,628678593547 0,9919885636231096 596097,7869906051 1
843,7676798210695 33146,885500294804 0,9970720027155764 57,975572077292036 471,65282563794455 680,1868652805475 717,3173576645012 108,829051466484 5,44524322736736 0,03188856441589996 402,0068065049376 0,9991940085517934 603294,0832753965 1
849,0891862979057 33603,34649418999 0,9980531749618199 43,855920236203 452,67452789665737 687,9045163396919 731,7977981269769 109,87515431778863 5,5116213328178185 0,032081570336455006 403,2745976057265 0,9886391916489785 599358,4204227997 1
843,8710766291374 33599,47678119961 0,9994785848095875 44,13683130624187 449,5597606582749 693,8686079582169 737,8451768840335 110,36996519682425 5,49426906607684 0,0322441910482967 402,3950482657676 1,0053850444824657 600254,5728519438 1
845,7317609866939 33076,3894045492 0,9995837835906787 63,07741597890472 487,1989570515379 681,4273332241846 732,9955865081241 106,30171229659972 5,480594795394584 0,032501125995248646 401,7263966424764 0,9923265042961307 597301,7427656841 1
839,9397627589789 33086,77954990006 0,9985873695812476 64,16164787342343 482,9516955988131 676,0747228743255 734,3911305170822 106,00801247004627 5,483370732455086 0,03310732374397878 402,56027716345466 0,9996846454064234 598057,7090084245 1
846,4330350212191 33319,76999238663 1,0021608684827 64,37503974911296 480,91282861797174 667,9262880698943 721,2161877374352 107,1528166548235 5,450777219600285 0,03297238125971904 402,3242952801852 0,9992931936997987 591264,30040459 1
839,6137908360333 33386,142852234516 0,9978007738034106 63,94650147078432 487,34047474283307 671,5186217238186 725,6650708456646 106,83220319261486 5,465139854213218 0,033264214741287663 401,77040097776467 1,0032905273346178 595913,6121723829 1
839,4102969370628 33141,284309913644 1,0047269886213388 49,23107235353081 484,590697612651 667,7220171541694 729,618050551505 105,9321220895274 5,4616921008386745 0,033200546607120275 401,5001580731505 1,0038371571718014 599745,7975732475 1
850,2269301642257 33051,34809387301 1,005232960879042 48,78115190995974 460,30230400739487 673,3203641223087 721,4505806227912 108,01261979084877 5,4240315898677895 0,03384706869870463 400,68266070429064 0,9985988596040533 602567,5265426317 1
841,6272098910398 33337,386035157375 0,9987358461779099 48,94596562826594 456,5468335900266 674,4132751677008 718,8401266435025 107,91581562392535 5,429454511985961 0,03400143046847158 402,60365732431325 1,002781347364884 594379,3748515263 1
844,7862431505699 33152,350930935834 1,0021949768368303 55,3795307191552 464,52120498769966 677,8127038386217 718,3183209708536 108,39223973943153 5,469505512344365 0,03429606779156275 406,765121223825 1,0016284798127748 598705,6283718777 1
840,2358265965714 33199,53990203974 0,9974208936103266 54,84572347328822 473,4377405451249 668,5089751062038 715,9395134772687 109,1880868078472 5,44081294464065 0,033933935191944646 403,66208388276567 0,9979171212685027 592743,9440047601 1
845,587788768099 33559,56917202724 1,0023052900029195 58,67330053207933 473,2545996040682 678,2004597861644 725,3416636675462 108,92171817693988 5,462145173583577 0,0339823711600818 400,9723888201013 1,0015963969500299 596329,3950298032 1
846,3771580396512 33199,12272008215 1,0041450234337324 58,92139962882205 473,22319965823044 686,8027842247499 723,3176308700093 108,20971018349609 5,394169638483414 0,034568473290102576 401,6234263641705 0,9965640161884655 599892,0021877555 1
844,9413749076947 33704,489254451015 1,002402966467752 54,00709159778615 463,88251519435164 672,8465336406898 723,2648440807066 109,44755277232731 5,467311615424179 0,0344519845485906 405,1329347840821 1,0009459910425005 597919,350279377 1
845,8930623730998 33061,50452729197 1,008657918054765 54,22327777187221 463,3953737714802 668,7421197260967 725,0098512076701 108,98288502728906 5,4520257242931045 0,03464195611201854 401,8466216627102 0,9947237152978807 603763,5692872219 1
837,7591876066656 33172,58400793973 1,0123566131678234 56,98305070352395 456,5157450978516 670,4962867336302 716,677089168425 108,39084879636063 5,429668757862926 0,035024560577234264 406,3080463416247 1,00230530818609 603787,6820687228 1
842,8172630902615 33221,61557876041 1,0023450960605245 56,497272070463744 458,44285007441715 678,0135431251209 708,6515818463748 109,60309770051558 5,478856505042628 0,03543869427616285 405,1460387425716 1,0034340318137738 604438,4551988695 1
840,7106827058369 33047,58968900476 0,9961189447278143 57,00105620420296 463,4462950723219 672,602929256189 709,3504644443705 109,16681712985601 5,4654166740040555 0,034983999465728825 403,0979921604056 1,003072032070555 597964,0440193942 1
836,2073171068349 33491,24258072784 1,0032258821198083 61,5496523761736 477,18033588839813 679,2628104592941 734,7477407411537 108,22235693984425 5,443589197670319 0,035413979006720775 403,71725364461895 0,9992515692721059 601510,7497091178 1
841,5926890760616 33166,88976497572 0,9993495072063983 61,079995889871775 476,7003705767171 684,3282882702243 728,9796413902199 108,1913679102625 5,4829791389356455 0,035444310469989214 404,93069606489183 1,0060880922434146 595575,0058843738 1
843,7205901837658 32833,84119396408 0,9965687927187713 57,25681375936434 469,9048171842371 671,4111243022812 713,4210370228872 108,11030145551265 5,470978174014368 0,03539601154763767 399,8790353956536 0,9936539411337201 596212,14353645 1
844,5762907519711 33067,01378085989 1,003223262327593 56,898264832208625 469,94072809156495 669,1344105820455 718,4313623118934 108,62688353045658 5,4996294938090395 0,035141161668618165 408,63356865184545 0,9998046320501086 595591,6016596587 1
844,3196066552251 32888,44451059249 1,0044826076686884 61,418874765642684 477,91175112053185 669,966284636068 715,08749440364 108,37259256190877 5,444490105023068 0,035760854986200664 406,16695253704825 0,9939729856545756 592641,7046214287 1
844,3507339017667 33485,51662278916 1,005578639869289 61,27113050963183 485,0168983895447 666,3925612402817 715,2011480896196 109,27889027553586 5,461341892314929 0,03592132765575802 403,60541362997765 0,9953301655426505 597721,6125310443 1
845,115506447322 33112,41896664212 0,9897265028541012 63,323299020691984 478,37370863881773 671,8182739472461 714,2553677501131 107,21328667799483 5,455539516495423 0,03608846704090105 405,0453755117912 0,9980688408634817 590343,2797847907 1
847,8795081774284 33326,845227619626 1,0063478140358806 63,026695182316686 448,79959820389877 679,3508280242071 717,1087513277497 110,96829736956234 5,4305605957624525 0,03638086267172573 402,80051366925534 1,0070852987320618 595109,0115085811 1
834,2465179339279 33214,88659921512 1,0004472858597184 63,13094375763245 449,8721019627771 675,3525601932238 711,9202171028026 109,50544715641755 5,455938043639685 0,036347818804895696 404,4191370118507 1,0030557959560902 595221,9832227158 1
843,4425785486158 32757,542267255507 1,0026019625068996 57,38675350991009 473,71546468561564 671,5360028400445 714,2745131419885 108,79100845191356 5,452896696581975 0,03674375380275181 405,61543184270016 0,9966877234945754 592182,225469842 1
837,6369399856663 33402,33007235283 0,9979553665371419 58,714870615371744 473,12490605549294 672,9780686652878 717,2705183490444 108,67823800511005 5,420388599172888 0,036880082118786586 402,2251847841174 0,9986163442059184 598502,9894217061 1
846,3356673368302 33326,63267164857 1,0012531609153124 43,14497043670793 441,77144821210123 692,3550100585992 708,07454774949 110,83812298864005 5,489236489976234 0,036632391556106474 402,16487354328456 1,0068316367219765 598473,5601286823 1
841,705249401019 33305,32974229917 1,0001962261179629 42,886540182153816 441,94201268099897 689,0542629170519 711,2191017535548 111,0712985471478 5,469969091985178 0,03763498456531669 404,7534874875941 1,0028524579466025 596891,6055491737 1
845,170974231721 33088,123902762345 0,9959661833875997 53,23058460819518 465,3274138162244 666,1015649309667 712,3484872370749 108,45129491378796 5,4922650500916745 0,037559743812325186 400,35275199498744 0,9998105051502751 594294,1097511215 1
838,855765328206 32859,49372554213 0,9926494889813173 53,044220352039325 462,3829981741665 666,2149379143497 717,0559662226152 109,12923772632405 5,461635020522093 0,03795527539281457 406,8285148237088 0,997990239454149 600297,3730429126 1
838,4079278592214 33220,38544299161 0,9982063503849745 62,59733863197592 462,26112394418647 662,3777029322887 730,1693580655883 110,44189179433785 5,474543272862518 0,037974603441027995 408,76138154676033 0,9941209488478032 591396,2327842666 1
838,4756525940483 33164,65383758916 0,990467973650122 63,303917041160084 463,22570554956536 677,2309092359264 707,7922895630815 110,10756099564107 5,5253577899579245 0,0383213962394401 403,7149607781662 0,9982900601165211 594227,0259652452 1
847,9509404561794 33465,69307020187 1,0038396060226331 62,90996578505097 460,7578277812638 677,1261475498144 708,3945467272116 109,2805676049706 5,484861262614999 0,038347439648634934 405,5657120545742 1,0059882288943816 593762,7913226716 1
854,0512761121237 33247,53991607422 1,0058396497735214 40,01672648178563 435,44141825044574 671,9008106820821 726,6170050359137 111,78802087529046 5,44414884657303 0,03839877664860523 404,9762860596607 0,9971230068343184 592960,0205101806 1
845,218158729515 32978,33523609536 1,002648910308279 40,233272104851224 431,92856230113244 669,5209303471946 722,9254710699419 112,99927771725397 5,459964904613793 0,03903633693583142 402,89287165153473 0,9925536254881958 591360,0871236941 1
845,9724567768089 33158,96881759078 0,9931566127894816 52,47392503628339 463,5505041686832 664,236607059871 720,7095559932218 108,06180637205317 5,471590305027028 0,038602228630887456 408,0021606701332 0,9993330965711817 592009,6008702465 1
