Co2(scd40) raw_signla(sgp40) aiq(ens160) tvoc(ens160) eco2(ens160) rs1(ens160) rs3(ens160) rs4(ens160) rmox(zmod4410) tvoc(zmod4410) eco2(zmod4410) iaq(zmod4410) resistencia(bme688) Aire/muestra
1141,6615586911896 27939,073467296657 5,0109712074091926 2547,704044153163 1324,6496254136828 212,88154446984515 109,61151057017334 35,80395102027348 5,299333558106255 0,3370042453062307 441,4025014452212 1,9908131903463304 307471,87911454117 1
1137,478837606611 28012,399580196234 4,991811197462115 2496,0832205443544 1311,3328868014476 217,07740964569123 110,0615069195244 35,902478687823674 5,334650063267771 0,3357671883526195 443,9941722291688 1,9961636093496042 307813,4255240778 1
1141,2905923216445 28011,120090153203 4,982020920151799 2518,3243000743073 1307,2458313446998 217,9038824755116 109,9326177410518 35,83396290872302 5,347297186439149 0,3454728232623085 445,07430569334144 2,0187076255034753 308414,25792073435 1
1142,4870971475716 27800,66627257176 5,083813575320724 2616,49955828819 1327,4893611288621 214,55634189196127 112,28502226163687 35,255849138638595 5,30346806644536 0,3442202586740522 445,91916174793425 2,0246081005355467 308141,26673419797 1
1141,093675702284 27885,934542016956 4,98621017549836 2598,6635560947084 1324,3869393412303 216,86358373701316 112,38823431151789 34,963055587955616 5,29068225075719 0,3473161308636744 450,52893265686697 2,009046143066328 308801,04861147667 1
1136,409460906002 27852,489115947952 4,983017862730668 2672,283967426035 1339,7659648975655 215,26819027596187 112,04718680707225 34,83381192646142 5,3071464583074395 0,3490836537710585 451,34935366907933 2,0015303636291164 306391,6397208116 1
1129,9764405213284 27615,287530841833 5,014272381517232 2683,4435968752477 1333,3928431530192 220,41379095526813 113,05570196043212 34,74186887928241 5,309984953022988 0,35685275498674185 453,02454580782575 2,0058179300406858 307225,31661973486 1
1141,394557109253 27857,08601682425 4,99040575240888 2663,1180836918356 1336,4008045360704 219,35738429837068 112,31199456658734 34,710712890610694 5,312343664761698 0,35685954904634604 452,1692540231663 1,9918399722314297 308702,8999728091 1
1133,6489657793852 27742,12784410787 4,988725123256169 2666,239967138528 1343,8747670442694 214,82665954835147 108,68390353264603 35,05375650374503 5,280088466641805 0,3577162687214999 450,6265405668001 2,005495039492034 308260,26020237093 1
1139,0958922261639 27707,746717403566 4,9967748172690865 2664,6725467718206 1328,7880730779625 212,27586772756027 109,21699465077599 34,97222461616126 5,317013543267452 0,36246184937033243 457,2306630601489 1,9895260643070343 306193,1586137468 1
1143,582046127659 27708,243774137107 4,984156200920577 2535,8539241083718 1319,597758257232 213,83793384988405 109,90416407144501 35,6676546010444 5,316807737802126 0,36113484257192635 452,8278454586706 1,9933717217572158 307461,7396876354 1
1135,0409102929298 27910,1006805976 4,962942516283727 2535,7147317472086 1318,5842342180733 213,46482969361477 110,06396542013887 35,77957826160748 5,322442900941544 0,3648087616439353 461,7428902738743 1,9998313311558986 307710,09587294015 1
1142,659542036363 27761,188082808774 5,025430571109272 2435,2576358162232 1306,5660254144282 215,37471593512092 111,66201760739361 35,71159387042391 5,323031352239317 0,3668749239812764 457,46473699122765 2,0027222224778516 306723,6062295632 1
1139,8107095677863 27717,76545366945 5,018813603339955 2439,8872482379475 1316,258736491933 217,70365257916293 111,64508111839767 36,230081909835135 5,324687068233874 0,36712175031636873 463,02208658422757 2,0094840641647367 305969,3705632545 1
1133,8398570956238 27714,723010863374 4,985820905953297 2475,768757814835 1315,8021578664504 215,7222716435442 112,61414224143046 35,79093727149549 5,353109436597027 0,37159345460263765 462,340705491025 1,998071808097263 309746,8047452143 1
1134,6608176823297 27576,633848329668 5,020523485212038 2483,7226468053937 1309,3985635782335 217,939679726312 111,22828501282768 35,74689768574587 5,3531740482858385 0,3727853929694139 464,1376640606478 2,0078242049451602 306701,95891772665 1
1135,2622280888397 27990,1356829484 4,9800492634148785 2475,8491659781266 1301,9802203634285 216,2905594587553 110,21893879778474 36,1874733304734 5,32476501111053 0,3701507741207617 468,8395809925179 1,9830810627534443 302759,05647007545 1
1138,632568839506 28267,630844080286 5,0037413977431155 2416,4968140603937 1299,0228558296772 223,24909315342848 112,15053306834314 36,42261691335808 5,296839841665161 0,3727743474353249 461,53595176499874 1,9994543046236115 306383,18266645144 1
1146,122317766874 27887,78116071016 5,028920051867498 2406,8118716930167 1287,732569207178 220,93868538099912 112,57741321896975 36,72898989252771 5,319969618267673 0,37821747921706145 468,6830993173268 2,0079743057678887 304885,2805606606 1
1140,9340506795381 27658,62387907808 5,017840864455081 2470,9861774742712 1311,658480051733 218,18928270637815 114,56286125854864 35,89576005360399 5,292801436151784 0,3722384698348775 469,976373818956 1,9853888697189592 303484,96233429015 1
1132,0674650047865 28230,37843292087 5,004287004927014 2503,88818894151 1311,845728808187 218,5633370833964 113,66820477735563 36,02274103640288 5,348423172041502 0,37114908633621524 470,2710148781196 1,9946472778729782 305273,1381390068 1
1142,0812429762077 27727,23376820493 4,997052636760479 2414,8043356147678 1305,397309962402 215,92026513513534 112,13894056587829 36,056490751744086 5,373173494917676 0,37412323963792715 470,38607872029945 2,0016394777132556 306079,5672901634 1
1139,4107139919747 28141,053929029393 4,970079073726461 2401,9800531801825 1292,08885071008 216,22731520327315 111,77598309149606 36,22442705931108 5,291987602249316 0,37563362552380286 472,3502272112638 2,017685059689894 305053,24726345646 1
1127,8828277854454 27721,305376569875 4,9464503484426094 2452,543340332383 1285,6342151170911 216,66901685073907 111,60486576839784 36,3329131572044 5,359984150125227 0,3746311257340527 469,20403514892473 1,9794829812786932 306241,9997334212 1
1132,471617360742 27679,09150239092 4,963220691312769 2438,7983221524223 1307,7354204300386 218,6869155882497 111,67119103322175 36,70619908407636 5,327020970829972 0,37701319382996007 477,20843367134313 1,9967902514191167 305037,47261559346 1
1141,7455180997479 27811,4172682478 4,988844752792805 2423,7057347348564 1287,2439746563737 219,93958567848367 110,95909099920647 36,34399166097584 5,334421655517273 0,3709308247730933 475,9992972812198 1,9956799799301776 303082,18640084454 1
1134,8135581250237 27903,60469337337 4,980822429281543 2430,2549766402403 1303,930584238314 217,68554861013791 112,55080077101385 36,15804306114978 5,328179481453321 0,37276435695167365 475,1624129208909 1,9911132000236187 303485,1753873309 1
1135,5547124128336 28076,259706895285 4,983802902181468 2430,634645803465 1294,9967594259374 218,5033771979499 111,5911530812815 36,078328409712256 5,317218212204387 0,37469590821339877 480,3116060238135 1,9936299962860498 303787,2024371468 1
1135,4530535540737 27955,99707619482 5,004443049603843 2402,134539769371 1303,8439016099267 219,758522597585 113,35379066687358 36,58338919537231 5,319840791790989 0,37729904830540006 480,6779791572759 1,9988455353781969 307077,3565495202 1
1133,7112935230662 27638,43431576924 5,019079388388529 2376,775587172775 1293,2931770991377 218,91769020421805 113,63356508225033 36,49051509267181 5,320905148155404 0,37553611391019465 479,7158369749553 2,0057443127320407 303054,44299222884 1
1129,803517344779 27934,136125797228 4,9615456804419376 2463,371178351397 1273,4792659898073 223,55320337901924 110,55943647513541 37,38040876745502 5,330253322438585 0,373935334581166 478,7461590644568 2,013455125748134 303240,57953509886 1
1133,193891756881 27768,04567318833 4,997233906929621 2442,1211107232725 1268,4446907610393 222,97429936413494 110,75624631796627 36,664873874136006 5,332380162785487 0,37232781478308724 480,9211666631972 1,982475405283196 304149,056085788 1
1129,4235774077322 27910,624135548474 5,069418582977225 2476,5789427687905 1271,6978183197648 222,75012593140403 110,98052691740051 36,720252250606435 5,346047369455574 0,3724551312975884 476,85453292339565 1,98611607712091 302783,7963271666 1
1136,963082627407 27725,073239602705 4,9784140203804235 2469,274723044161 1304,0288447745997 218,43668843996917 110,22390941573804 36,1280724792428 5,329806201516961 0,36762259324023044 480,7772158593641 1,9931332892697493 304832,5402123853 1
1130,9688738172308 27912,197436416667 5,023232255409048 2479,6616790717153 1292,7386703040643 217,7393551081182 109,92646000604661 36,308915239194995 5,369994160290798 0,3698486216111186 487,5331624594622 1,9902358762564787 307116,168706533 1
1133,951441730768 27976,912445013393 5,03894767328151 2424,9642089717286 1298,142572219289 220,3079688858081 110,2533434763465 36,27558848834591 5,252589606548325 0,36915473111145886 480,56560704201496 2,0153325543764513 303007,66598356457 1
1133,0479256992635 27726,2886029436 5,005261033163318 2409,7769475379687 1289,7866865311253 218,5466112453036 111,10564579766968 36,41798497785621 5,335745326723805 0,36949149851958035 489,4451758684619 2,001933962960954 305192,0210958874 1
1143,9540850701046 27776,595401188348 4,993735718610417 2485,1408623079883 1310,2074042063803 217,81819889867947 109,77282793565395 36,00649050890487 5,33137661358161 0,36666103089506047 483,77864163169994 1,9999640194854642 303608,6829356964 1
1152,1663477122097 27766,42634918235 5,033282208309812 2468,8860463774326 1307,0666860342897 216,29710618996796 110,84100381683434 35,90177823720059 5,332262039618067 0,37045160627085694 488,1867174450429 1,988369752800158 301133,2455540383 1
1141,4012548929254 27887,337634896172 5,009151328559512 2531,541809703112 1313,4805312254366 217,2973640191657 111,81705985980336 35,74812588711502 5,295736911629947 0,3732859650100757 488,4265121577673 2,002901828448031 302600,1324623347 1
1140,8864829374043 27610,955646804246 4,999939354834103 2515,1070222177727 1315,8528522360632 217,61926447609068 110,54845182746004 35,897148814809555 5,351613163245506 0,3642618375391227 487,95370024128135 1,9969176712671837 303836,168855697 1
1142,1222302477042 27819,166219362516 5,035742175978838 2478,4921617699342 1307,8787933771853 215,39568117211732 110,959917990566 35,81925278853073 5,284709393898942 0,36575862251214375 489,4761024822985 2,0166142263680746 302614,54136548575 1
1132,6204592780646 27624,666842217583 4,980584244080362 2465,688171285197 1304,5375504990086 217,79899236337718 109,14116512553441 35,96976954606794 5,345129448121182 0,3675258096019457 487,6613519019771 1,992303598811316 304030,2532094085 1
1130,2456746206856 27782,450503011332 4,9856097600827525 2457,0680950476562 1302,6329192908154 218,47652155854468 109,17017277594026 35,69849890681968 5,345063801513142 0,36660186057872857 487,9407183979838 1,9889861521744188 298024,95669843815 1
1135,6511637149874 28111,787212542724 4,986078148859559 2443,7387363842045 1294,4190463167442 216,23943997848488 109,73744434495318 36,025291351773376 5,294608131697766 0,3679225290833209 491,92284064816397 1,9876054069208533 303502,4547446311 1
1140,1425064243826 28063,735890206994 5,032109364331415 2440,020805579133 1302,2446701993374 216,1758215876647 110,61020200174337 36,27748717376165 5,33294437014706 0,3699241403855239 494,7391612369522 1,999631672075897 303409,3295273827 1
1141,3818450397025 27751,294466436015 5,01032109422508 2389,3165432030355 1292,616177707325 218,5273100567901 106,7611800225257 36,54259641703768 5,279185535752616 0,3661443562796651 490,5562683875282 1,9961760586686645 300593,30231233226 1
1140,8485468128115 27786,643896058114 5,010423563200934 2408,405569081254 1287,792889889667 217,59240784879407 107,63779980500249 36,55188723803671 5,321374675516323 0,3697458188936209 493,4518997787448 2,0074734137762045 301683,46108088427 1
1141,9375509192012 27671,358944987023 5,015168135253269 2275,569282328054 1315,1566580514832 226,69222420240624 108,28808005573548 35,86836109252895 5,317354515132736 0,36696117701169134 491,28874931337657 1,9870001533796542 302588,03609895206 1
1138,3365962853773 28117,09145310193 5,00254194354029 2281,1171993045323 1301,3598506525857 226,48975989142565 107,84049390317776 35,73620543689701 5,333180740208732 0,36849679954859854 493,742281889605 1,999618765907555 304031,35874697566 1
1143,4352896337398 27980,916391874012 4,983044722434501 2465,263011999382 1305,66975448616 226,58641892305653 108,90214927962602 35,640842070829535 5,314046217217681 0,37080120654745347 495,96982961237507 2,0122133897069645 303653,39947153954 1
1139,8773890201924 27763,969686938668 5,019457427553444 2456,97956328546 1301,757791910738 219,73447667002125 110,16501477668976 35,96663184610689 5,324533178914373 0,371495207882379 489,88356442631135 2,0044629635341438 300181,6152898766 1
1138,833613283367 27844,93801369881 4,969903065339875 2454,9014119063763 1296,8104430784854 219,94522914950028 110,52968245442713 36,24516231305528 5,302123704339817 0,3678904165434652 494,21089980318123 2,0087654196324696 306103,8410364399 1
1134,2843890105169 27691,403366206352 5,005112526564495 2338,9820829681776 1278,5063862624854 215,95188726826706 110,30415213287168 36,68486581058716 5,313359362888459 0,3691164388865819 496,21883456076034 1,996164443679325 306432,8270125416 1
1139,4971868010105 27797,455940712414 4,99734185458967 2334,179500967718 1279,1394260414647 215,06890889356535 110,83666620375857 37,04872587167756 5,351252572047177 0,36594937275564077 493,9626192239567 2,011293450052757 303750,07427994575 1
1135,4432988922592 27986,979713004155 5,004569328497951 2352,1029309288942 1276,7885848250332 215,31156615168626 109,64534692732117 36,45627169327364 5,317567712491392 0,36812067274275245 488,54550813309226 1,981900755740439 302208,25537067617 1
1139,5967632934023 28166,519609896775 5,001187612439847 2375,603102376473 1286,2017198255387 215,14653341149352 109,3110531407178 36,73085152046463 5,323219488954851 0,36826729159117944 494,51205203138665 2,0040911112520767 300266,4133068802 1
1134,1750823951602 27721,9103611703 4,971173343438424 2468,925008001661 1303,2543228446928 219,30174451646724 109,05837461099607 36,16676468088158 5,312547796979457 0,3655980435793874 495,87066465066465 1,9915221859032664 301828,33481533447 1
1139,0505020943656 27578,420743435723 5,009226644223201 2451,3574238216297 1305,3838831043024 221,32120353513682 108,83433167495384 36,5647584615233 5,2784607342816505 0,3710695824671255 493,33314192204637 2,0113889754139436 302344,6064549242 1
1138,186248927105 27602,666517194648 4,952392828135724 2449,197867374096 1312,8880079574187 221,55731855508594 108,32514347970968 36,177603997606745 5,330821283754213 0,3653632692857291 502,9941297651637 1,9995131397267838 299579,9862725199 1
1134,3660597860771 27714,783560511398 5,002186713805688 2455,9945865008876 1301,5495386355055 222,33996501630997 113,30176931049651 36,37744120050259 5,327135488469979 0,3647445401696425 492,82107985406776 2,007544213611879 299128,7055838273 1
1142,014662946972 28141,56914466474 4,971084997613494 2477,0161000175467 1314,057977013842 221,1740137040536 113,29521167393287 35,93515904913794 5,341142341918352 0,3673441467600413 497,57140674066557 2,0039540893315886 302317,32200558216 1
1140,279638876739 27645,92158068341 5,000285201274275 2575,6495185334034 1315,1438427340886 215,0029381605692 109,89480768565582 35,22603621421537 5,283448697425872 0,36432766306738695 498,23187462136553 1,9937963734825936 302869,17913562345 1
1132,0844350334692 27735,142447753675 4,99812934324133 2555,951476349952 1327,0657181023928 214,53176206730097 108,25997631903901 35,41686364817167 5,303329196541632 0,36975365346811806 496,3374926408822 2,009565770584636 295985,66162526514 1
1130,939490111055 27847,71605036641 5,024210302518127 2497,95015250578 1320,8165449982428 215,9670126914675 109,39081455090223 35,602407419897645 5,335579649052437 0,36446095487435914 499,1332880078635 2,0153409306936036 300666,75552575855 1
1144,239138738178 27854,769297806073 4,988215330757541 2512,509653437155 1312,2070773599978 215,01494008286062 110,76186019759085 35,661961303926276 5,346474572191998 0,3656641458568724 498,83078519720084 2,0122745042691133 300087,0516534102 1
1124,6080072126301 27898,961664806022 5,019039899881712 2431,460611012675 1296,6995721115563 220,59162680052722 110,45823618959629 36,151662130510765 5,351196149854567 0,36320030503583195 499,5967947808158 1,9973088852302343 301779,588484258 1
1139,23679423936 27866,434498398306 4,983344131575023 2415,3702287138904 1310,1470333528139 218,5726920382807 110,87611042927897 36,48498430202462 5,276496453607676 0,37020473825715855 497,74885323757536 2,0043913962701554 301533,6072773788 1
1133,720071231073 27375,642681083355 4,950558826429404 2510,2371741464153 1300,6842892210118 215,8648741535116 111,31280961360754 36,19340713672444 5,345284056821047 0,36946333044668567 497,80140703545356 1,9986580039429533 298795,9106190828 1
1128,836932659207 27909,8138969938 4,992380499505814 2515,1199849672216 1305,545796376841 217,1601991246413 109,43921833147749 35,793742050623834 5,323874843382396 0,3710261928830326 501,27857091732625 1,997546852775972 302031,2927436382 1
1140,9063403451498 27831,588592232936 4,994008456400209 2509,0999307547736 1311,0098767718437 220,021811064786 108,95387712422037 35,65533610956654 5,294921040876302 0,36580004367037494 498,44916781061335 1,998048818531001 298089,8799188001 1
1134,6451196420048 27857,515679483702 5,011923812602543 2382,114813933868 1286,6043758713606 222,7785091665235 109,09276374658114 36,55722960820558 5,363835513030225 0,36786461780204965 501,4487530997855 2,0189903216322542 297329,35500164994 1
1129,3518261276754 27724,51517173363 5,013350618504152 2410,691948498612 1303,0194588126676 219,56156200087364 108,92718157715916 36,51877667792851 5,254409211105191 0,36558239622825933 498,348980216144 2,0123779640197395 298178,71758070425 1
1128,05684687194 27882,933191020802 5,037577519647027 2285,0725478413697 1266,1500756585433 216,82437458123718 109,74101333513607 37,57714677816266 5,345503940626839 0,366987533076935 499,7664881493738 2,0129929435697167 299042,58255347493 1
1131,0711847000898 27686,533697680927 5,022545148187593 2248,5549424733695 1259,6005425864907 217,09506165326263 110,48914605358215 37,68852755662437 5,323261167188513 0,36723750801001603 497,7379700076735 2,0161359402546575 298727,16200229357 1
1126,4793246994227 27830,617241292293 5,017735442534801 2369,385605737142 1280,2780029951193 213,43638549109272 110,05367738954023 36,65728167766967 5,3454601134469595 0,37204934750150165 498,38987596219573 1,9930573832349492 298804,57865306415 1
1136,656571025713 27796,382505839465 5,000649429368273 2362,823429545136 1290,2175791314282 213,25552948427793 111,14979576697927 36,66658760373407 5,365499571906343 0,3708697160770227 497,51929299879475 2,0075992776544096 298302,54107864155 1
1134,9505152352217 27728,83972640139 5,035720176311035 2273,18341477761 1278,9339574084522 214,91308263000724 112,01166303204072 36,494529443453004 5,308082142599957 0,37033539062658205 493,78467585759654 1,99181098882175 296982,4064778325 1
1133,785122252391 27621,09851427616 5,009509101035005 2276,515285204582 1275,4462896181685 213,45863439031118 109,81810063467205 37,204723958695034 5,332467040923641 0,37032181338559145 500,7955937795604 1,9964462391030795 296440,233586129 1
1126,002866269055 27775,39601473467 4,974071899238752 2277,130261516789 1269,250521091342 214,6942816068291 110,37344033470605 37,291326882640504 5,312983694387894 0,37219591159385973 501,65764122875936 1,9984186295186457 295922,56575422676 1
1133,3725728897487 27715,65450263037 4,9846582376643855 2476,2193156133644 1309,411979956164 219,7968371340133 112,12321173348114 36,25540808964394 5,35223719379793 0,37102258668091564 503,46281537331106 2,010166364349993 299004,80851424264 1
1130,2647425316025 27932,416030048917 5,022703961390858 2475,3804897794093 1308,3691043827675 216,28615899810242 112,66316381258729 36,130927140483074 5,301000423977466 0,3688120456815267 501,02400751831607 2,0046655831303095 297077,96489422227 1
1131,640814362598 27813,890497620763 4,957300586251465 2386,877794886377 1303,9865081059563 217,8846029253739 114,01687461733795 36,130896786631624 5,337132956916703 0,37414252386480823 501,4080723701246 1,9988813223301998 297286,00749055267 1
1132,8753520638586 27412,647823769657 5,029732679602429 2381,0492754575657 1305,129834720785 218,80221677910907 113,10017535573579 36,35793813126449 5,347675501231195 0,37210359202358984 503,4751946169127 2,0086480138888327 297447,7362247567 1
1133,8070333169064 27744,745651752113 5,04317411430458 2424,4170824608645 1290,0955408104446 216,69820043661753 113,1163693275113 36,21368293213422 5,339660147244353 0,3730289451077839 499,8512427904783 2,006076879566194 296702,03463217703 1
1128,8174204267516 27850,382243308755 5,017179252722109 2401,9328208853517 1289,8006948726234 216,72026881498616 112,70906126902314 36,581736976421986 5,301011674741235 0,3709150168332605 497,0024215536604 2,010264434842459 298721,4723595717 1
1125,770602451093 27628,161045801313 4,979967337730831 2233,3406992301575 1295,999576871131 217,84716844002534 112,9065949535818 36,52313251776053 5,36524704823176 0,37253638514747606 502,7551030161197 2,0011712165513056 300572,37968494964 1
1128,3663874053157 27617,250741063388 4,9969024777708 2226,647193412954 1265,7626642127955 216,67040861619301 112,69634668060424 37,62914356253686 5,323321260360173 0,3718162967897053 499,8339977539703 1,9909287032516298 297923,810743748 1
1126,2366222551732 27709,92758895508 4,992854458120785 2240,719151403071 1249,052636579176 217,43421019488062 113,36477161488115 37,71787311754712 5,342129687955027 0,3697882135230187 506,27337824021754 2,0079260566373325 298532,1382149681 1
1131,2956083899028 27987,35566275156 4,984359788146676 2411,7918969117877 1285,52968037477 219,5042970832248 114,59155358513942 36,50708151411484 5,343863886365577 0,3708862191933723 498,28641157875904 1,9966570393800653 296453,0517077557 1
1140,2354828313444 27701,95535237687 5,000400749696524 2374,84857300636 1305,3265759299547 222,0061528266695 115,00643333629036 36,623772423099055 5,286107962370417 0,3632514454352476 501,22795803655765 1,9892353400350062 298168,5229573544 1
1126,8089556353834 27813,54106967811 5,006919927200073 2298,910823230315 1267,8068310191989 218,78663014985273 113,15140491005056 37,71557171197215 5,275482943294362 0,36866169510121855 500,6274061194888 2,0082478383695475 297031,7009508185 1
1134,7094715003334 27796,12979576696 4,966443380836255 2306,812873477367 1265,203702283066 216,48593893843483 114,10030213663524 37,2721629864355 5,307478704418786 0,3647720748461658 503,7069851897485 1,9983637310814366 299496,908776594 1
1134,1321780403662 27644,428946540287 4,972666410183536 2261,5287038527717 1269,3965141481951 220,45646210040098 113,82903934725076 37,38161761494137 5,315517687184497 0,3682660119599555 501,14154679236793 1,9937446088628712 300547,2699986571 1
1132,7500811037983 27812,90897116735 4,99261700633771 2282,189275418957 1268,1615409422955 216,8207828391868 112,33314916455019 37,23569800383256 5,268584088562543 0,36049969048797775 505,0365469356445 1,9895665005850014 297252,07839313435 1
1141,2990086269992 27715,359735788785 5,013442025327537 2445,4187908345402 1274,7670687115399 216,4164449450636 113,508472410673 37,35341451683571 5,290316815652986 0,3606272609600002 504,3717360779447 1,9962036919868322 297265,8471884104 1
1136,8775229261598 27556,50023734753 4,999278380450006 2420,6132926486466 1300,5856802231522 218,29578356543428 113,27594674647945 36,39464542729117 5,304930106738789 0,3638645401787978 506,99062423523986 1,993580547749161 295750,5487768251 1
1137,5569042929335 27626,281064806746 4,998089880312751 2432,0822729012107 1299,058621648029 220,79657369985847 115,3039942585926 36,558775212804285 5,305560444730036 0,3621500518339507 505,0038157409692 1,985673735132798 300247,61265663704 1
1137,5466592325247 27607,527277210535 5,013004364438186 2422,2882358746483 1299,8918006073282 212,91155265941734 114,72299929584314 36,467989104827325 5,2861379259011425 0,36405033317356056 503,1552020624828 2,008077607809358 299914,922430509 1
1137,0858114331927 27817,16531731316 4,964442670418185 2424,3028419423526 1294,1426388766365 214,94644784097514 114,44137667435493 36,65498515153016 5,319104896653167 0,36359893211290095 502,82363046569355 1,9986599156542129 296462,05685995327 1
