Co2(scd40) raw_signla(sgp40) aiq(ens160) tvoc(ens160) eco2(ens160) rs1(ens160) rs3(ens160) rs4(ens160) rmox(zmod4410) tvoc(zmod4410) eco2(zmod4410) iaq(zmod4410) resistencia(bme688) Aire/muestra
1209,1677025902297 32854,47749406138 1,9959197205834627 205,34310631694225 706,14477502346 458,94727674292443 449,76266553604694 85,41343230600438 5,360492048477612 0,015971484442727047 396,49267199564645 1,0037322486283156 435567,032612019 1
1223,9033331427306 32843,93835215185 1,9981507327916186 213,37565259476654 707,5216805824632 469,1223446232587 454,7678943819769 84,45966603618955 5,430158799779834 0,015984434973728187 400,66235296925674 0,9999709572417712 438888,96171443723 1
1203,1156189073686 32549,462445706147 2,004112179733197 213,11007121001887 704,0582979217156 465,99743120793516 457,72004473284784 84,92744147648449 5,393104565794936 0,0160214672226031 400,7007390409912 0,998217536190381 429418,5989680455 1
1210,5302720515913 32465,86128359227 2,989061834788523 229,52338444981606 732,8152003998574 449,7628425643585 444,40154034340105 83,72430907200517 5,33485376061937 0,016065645773992134 400,1230417869915 0,9933584598968537 427431,64601745893 1
1206,0252363188604 32874,07959600467 2,9991211298902383 230,74560349297195 725,8206367612407 450,6530033248346 445,470521160142 83,31580733952119 5,360675309385996 0,01601986633998931 399,2454918518848 0,9872053578825998 430638,53337820707 1
1202,4190581270095 32731,876622285243 1,9837549626630326 184,40115623748662 668,8843479143202 449,01221301167993 450,6353154600204 87,68396188731246 5,345141908238438 0,016164223300554035 401,29666836493845 1,0046348192411227 430199,42948748014 1
1206,6749714781713 32461,98776273025 1,99688316115062 183,13369104617755 675,1834808480978 453,9333520942356 451,32860360703086 88,68720507882239 5,3595294796923 0,01600885688282853 404,1515930153398 0,9959074351192864 431229,4686538967 1
1216,101729480308 32959,359448946394 1,9823519251135504 214,54043093927777 669,9441016656964 456,22016619212536 447,2684172875502 87,27891789553667 5,340623423893884 0,016117986434521423 400,7634239302653 1,000594615570212 433583,3572632561 1
1219,8856634899157 32186,992596116506 2,0032646873629933 214,5891124339912 688,3427363543119 456,95888533107245 452,47229498331194 86,1992650500247 5,346573646682231 0,016039453144123517 399,9671436651484 1,0081948639797882 431896,2838607018 1
1209,9626664397383 32644,13960116642 1,9930576923734815 215,15792491743017 688,0560167938262 453,8438575779699 453,6527037623505 86,88045459960173 5,360064809520606 0,016215615909909626 399,7718991065687 0,9993632219860521 428181,03278431273 1
1220,4808550906591 32583,940956161776 3,017669928752558 194,05614865056654 683,8268344598773 452,75967442547403 447,026782776767 86,49635669807824 5,378055940567706 0,016190688944578892 398,00172767557086 0,9938179620134439 429295,8618099318 1
1214,77372155901 32875,76635454091 3,0025001153004913 193,19763184213272 687,8064249128065 453,0284028942617 447,01516500685585 86,81231265228847 5,321447767989491 0,016316357208401987 400,5932649223698 1,0034938259845514 432929,63907844457 1
1221,900232142059 32730,728411804917 2,992492467548473 221,93770230250757 718,8633330499143 455,14274797979544 449,05465631985135 85,53439066069019 5,308129204357357 0,01630573390191235 394,91841995480905 1,0013649789442192 432906,1358390721 1
1208,6888374311093 32556,147601573633 3,0136275826315275 225,2859062225188 720,5951573510523 459,6499231407737 449,11294233697373 83,61376650780538 5,373776478605655 0,01684429576103929 399,5834522017019 0,9966884112311767 425969,10571717314 1
1207,7025407743242 32473,085197275006 1,9817953869842704 214,5446211197473 707,3237672721114 454,85729914188505 444,6286498295845 84,95437719608547 5,318076376568275 0,016744639827477526 399,5214010172655 1,003957700609768 428791,286041348 1
1217,934432818553 32524,8740985059 1,9802147233716247 213,24107490734536 712,1396802105172 458,4814412715746 442,91570181836175 84,58639135911245 5,372313025679566 0,016982477764675843 402,02499348031296 0,9906246315461277 429091,64289170085 1
1220,0801539198512 32663,464526510685 2,995189357136076 232,43484719666037 716,9059914149645 457,0753780186286 443,95555608451565 84,5132829255908 5,382062765132603 0,017182045652541098 397,6822997935832 1,0105118065709768 430794,48549813795 1
1214,5422778594927 32606,302601625808 3,022902009479446 230,04730839725332 730,548269959251 457,18615453974513 443,82235910344014 83,2086815416758 5,376348375276774 0,017147504719274887 397,5283071917816 0,9937915621357676 428741,69881465845 1
1218,7971433313967 32633,748477312525 3,001002004193912 231,78730603140912 725,3493108541384 457,15228965177926 437,6553082271423 83,5728417380366 5,363841528113787 0,01714222608714168 394,47588233557485 1,002142438552158 429594,55773810745 1
1216,5252425546366 32744,461268566873 1,9732019109614407 202,14038547981303 699,9661423666123 446,35152952286666 437,78273949434356 85,94405586146057 5,359651299010088 0,017004537431186108 395,78759104932846 0,9927104180423086 430775,41734513076 1
1215,9600992771614 32582,80840472396 1,9739975305639672 202,0019768414915 697,6152038781902 446,7003204129757 435,82434698473526 85,96103603791987 5,35048425659998 0,01764103358169841 401,4213258119808 0,9973564178923747 427651,75063387555 1
1229,4818012184735 32588,992950789154 2,003992187806474 213,425124833841 708,4035380007846 447,18212620351244 436,9854446665278 84,65556950901971 5,370722367290635 0,01779634493868458 399,7379990807492 0,9967786511971323 430444,08189634606 1
1207,4676217819704 32576,949145081922 1,991488251255299 213,05203396733356 702,1949302535088 447,0284770338979 435,4408482726261 84,62038497977473 5,410499707230072 0,018561163173825522 401,6513007897301 1,0016958394126934 429399,62588980014 1
1213,3129166309322 32681,00251859676 1,9952775886645655 220,11070490492824 714,371737625154 450,51225536769647 440,15103780951904 83,77170631567557 5,371322554317993 0,018621922212084325 403,13522931462114 0,995517274338622 424299,19305862335 1
1224,4912239361538 32922,20405876216 1,9909207090805752 217,10208642489087 721,4962094569551 455,50601973010856 436,0548911402602 83,6454823434882 5,311634981543688 0,019079600119478953 402,096593455092 0,9934971020558083 427661,01691075694 1
1219,4518027062227 32840,60705931441 3,003149070164011 222,22596075896368 720,8452933501808 450,7947247466655 437,169711400635 83,95539904418686 5,308193740385321 0,019073946171142622 396,928930520715 1,0021947182772182 428307,70953024 1
1211,8090282569708 32561,9385500342 2,999410822542647 223,68741271456608 691,5955722656881 444,97253101229654 434,49335942417514 85,03876141904482 5,40457094523768 0,019652840909934213 400,4491125983103 1,0063217537032694 429390,64894757816 1
1217,2037224421722 32784,80524435814 2,9960347551331874 224,0526528931157 692,9912927071375 445,2487794170979 440,357331137633 85,75123683907118 5,359129903727505 0,01978308881087106 395,76439235123433 1,001953259322256 428398,7708143077 1
1216,8582221369688 32678,01601789085 2,0169548364263945 180,14293566911746 668,1840448564977 443,09263193111434 437,4125768158923 88,49652492124657 5,321860778067922 0,019803401524490772 402,49907779183013 1,003475555103303 430767,2629649313 1
1214,2420396417401 32218,66281007361 1,9931115589981978 179,2745763998909 673,0211058851786 448,87506160009127 433,4549729511701 88,0609718578909 5,330593115614033 0,020605044752773097 403,329395004147 1,0031460244700503 429706,2231676473 1
1213,590811641977 32747,351552063166 1,9999604523603431 183,0827719116613 670,3789947751276 454,4168217613828 433,37348240763055 88,25854851338114 5,406644577369214 0,020490504247125656 400,8545156223328 0,9962275803546672 430286,2138494268 1
1225,2640834131257 32789,60522103711 1,9976356957675394 183,74755884318714 670,8282469979868 456,24814948848865 440,60576282138925 88,64632092947568 5,369303962511155 0,021273012778967496 405,00281874768973 0,9938190799685889 425727,97889713524 1
1222,6886469490073 32598,306090186754 2,000351023842043 199,34338398258865 689,0243512797047 443,9584073431065 434,9113714594361 85,2897310604968 5,339317584626291 0,021315825821043178 401,76899725162264 1,0000802548875105 422030,83795268805 1
1223,273866558175 32737,04864001423 1,9860637309785016 197,99604437559228 687,476952728397 449,8365394071139 433,1181741029937 86,43316098289326 5,329267860665718 0,021503491332544852 398,86988639392075 1,0048215767236448 426989,177972726 1
1211,5169780382744 32637,189870569404 2,9913097873958088 220,10995609000994 690,074379031517 452,8206946159503 430,851162807707 86,11933630110151 5,3857342036905385 0,0216209540411558 402,63044387247976 1,0026132298282417 428064,3386770447 1
1205,3137941194639 32540,09806219738 3,001154756895368 221,3328712693514 712,081615797222 448,6126682056468 435,3733394596842 84,45486617134176 5,35013752534983 0,022535778786479395 402,4950304749756 1,0081085324866426 429999,2362978158 1
1220,9784307149132 32657,132831148865 3,0018910280108706 217,99825249559365 711,073992304647 443,97510932111624 431,7465550220989 85,12071103312063 5,354057940814486 0,022510178987325026 399,5177444081783 0,9891577526545456 429966,6932509404 1
1227,3927150699983 32545,06319423593 3,028619948055592 230,11140844278228 732,1578601047942 451,3780071150227 430,5913156692907 82,91542455543178 5,339188917977971 0,022608722637288085 404,3367749158089 0,9933289804851717 423624,5764442342 1
1216,4409923082924 32706,175735385197 2,990364515816407 230,21191391933613 727,0574798607034 450,551585988164 431,63431930294695 82,95159492191101 5,361394528349678 0,02305127595578345 400,56547713407656 1,0008814267110593 429427,88697325886 1
1226,957776219138 32320,88675741585 1,9772928419091493 215,6481889495055 713,4096353798203 442,0789947577195 432,81623307061744 85,23585710490828 5,35477289595767 0,022939653355096304 402,75993494594366 1,0029090676241672 425643,84080521256 1
1222,264090705469 32552,106507228873 2,0076742614484715 214,31863187188236 715,7413451151417 444,21649470140414 435,7837372657326 84,67615619172436 5,372944737943385 0,023721363490835423 398,61538212339775 0,9895706508305371 423828,46122262214 1
1222,5954661659555 32563,112614632184 1,9967626702245589 216,54702466160643 714,8673324342387 437,43692228047155 426,64479659657127 84,35158956215253 5,302574729277805 0,02346389282868517 398,62238798355685 1,0074504560420285 428886,0713075098 1
1226,071240713717 32370,76408865677 1,9987512655611888 214,18028723644295 711,7405920328023 436,7201725603647 422,40733530241533 84,8458184769154 5,336122437280396 0,024188565199131967 400,4321576626214 1,0054302052685204 425601,63127455505 1
1219,909896110642 32481,574380588907 2,015142997464537 202,3965675365512 716,8667002615223 438,0710184375165 423,96204870483433 83,74243825485972 5,415361453420661 0,02430567575572779 401,1893010832188 1,0020392591339407 424852,90014894947 1
1217,7903768183066 32554,763174922347 1,9906837950120249 202,27555848293298 726,1618970672321 435,47870518936116 428,85173530477056 83,72119793321997 5,389631268694773 0,0253697026466948 400,5293933262835 1,0009470742530904 428927,85130418505 1
1211,058879791478 32620,471149490462 2,0017692575985393 201,66542969896398 725,7593988735 435,21520536667043 428,5287376282453 84,18334019970416 5,3480385016536465 0,025210018775648425 400,8367030306551 0,9939846395121524 429013,2182962709 1
1218,722996714935 32675,06612462901 3,0007722018749488 218,90530449456102 713,2242545229656 445,3520937391286 429,9360943255509 83,96546210800719 5,365999315210356 0,025090477976304353 401,76437645239423 1,0056403653144212 422201,15234792494 1
1216,4058890829785 32567,79294900599 3,008249513331328 218,37839573048902 710,8750070802522 447,0706451570562 431,96310434960066 84,63505148732281 5,364267452178202 0,025307040127539576 399,7014341388308 1,0108959249468634 424021,56933546247 1
1233,0925875098767 32598,06743444232 2,9947479920856863 221,08052461350317 719,1994639635362 442,1212651219411 424,4556250033002 84,41670156574409 5,396474445390859 0,025569415132144117 400,62593054562046 0,9971717030200463 422323,4723759699 1
1224,5468304117112 32637,54876236921 3,0009026408289152 220,7262499737926 717,2418083459248 445,64275831829144 421,22426431998986 84,24127743180011 5,35982395228659 0,02629352776925258 401,17436560610656 0,9951008596863167 424263,6296524994 1
1224,0648460533664 32706,867615405656 1,9908644692377888 205,48441883326095 697,6455354729982 453,7746792751262 422,87042169268113 85,21168721543788 5,372042226941654 0,026140008851041105 400,8498999022094 1,0121762466610047 427284,87290736043 1
1218,5395992679978 32589,506953283842 1,9970551181175806 205,07727403279458 701,7516916490764 448,57253081277685 426,1555085954931 86,23604421608223 5,377434025300532 0,02691250645743527 399,6803496274586 1,0036786290017856 427684,5176430493 1
1211,802025550532 32306,898155945157 2,00653674318767 202,6126197772843 700,9222476457793 451,8418195960218 429,35910863680897 85,52349907101842 5,39890051324469 0,026641610739802927 399,43578477188396 1,0003436407791773 420612,5395655281 1
1232,2144532206285 32639,526021398044 2,0071954451827207 200,2380262116797 691,9279153927142 440,6695482140379 422,5452669967827 85,6827795114318 5,331944290868638 0,02661766039683655 401,92892070189794 1,001432036362166 426092,9173396988 1
1226,4885666074836 32274,308751875426 2,003422036363145 201,06385591632915 697,0061664416132 442,12847195293006 424,12147536886357 85,5900913646778 5,356977272027813 0,026644663511543213 402,144035823385 1,003486095983873 426663,33504563593 1
1226,864094857187 32505,574496633057 1,975681232457031 200,26625822363638 691,1441925676462 439,77283346877425 423,8579451072159 86,54378079004498 5,398401716554028 0,026573339655245474 402,80140380890526 1,0008143961138383 428338,59919499984 1
1220,608352650423 32669,101720418836 2,000994010685735 199,33038618549992 690,4127436842949 436,37341448962894 422,7233957360632 85,6208828814227 5,387974501597456 0,027352086486407877 401,16227548442987 1,000308294888492 425977,01086406544 1
1216,0660786058697 32534,772918163046 1,998075864514394 215,73479738307427 714,4841213819933 437,93895190891584 421,8019425345204 84,25889260413922 5,385993636391564 0,027161216721445634 401,525623822338 1,0001191552300022 427228,3941945966 1
1223,3344004408743 32427,863168818636 1,9862086942691488 215,98913936950007 710,2361981630978 438,36502594800436 417,4156915635828 84,36089760487394 5,348153680197089 0,02793079761555967 401,56474430858066 1,0037306112200897 428157,595648165 1
1220,357721312527 32748,128152734196 2,004283952978834 196,62896083035358 719,5379610902161 443,3924238623428 417,4317602951622 83,83851641268727 5,375972225144826 0,02800299849873359 405,67275500869783 0,9903513172924071 426590,85968603945 1
1228,0522606714542 32623,72355146686 1,9908383008718504 197,90484265082978 716,7626833055625 438,78376398667893 424,819435348579 84,38015137812714 5,339607933661861 0,028623433624636624 404,45073438824545 1,0001764082521964 425941,73689880606 1
1226,1162402711254 32554,389790515717 1,9932907113046654 215,5659541212177 719,6723175168971 442,6076822242432 416,2471703280151 83,75963249358182 5,330713808702792 0,02817098368222546 399,3093778802522 1,0025756145114961 423854,1438610101 1
1223,2119420905517 32738,07726991539 2,0095519857985606 215,87232012523475 718,7784761599457 445,02698433485045 427,9190803318218 84,94035099065597 5,306127589416773 0,028911653442369248 402,8201788440947 1,0045775905941492 426059,48987390846 1
1219,41521975605 32581,82247380746 2,010397009045464 214,28039154958458 706,6788463927649 446,9210256980861 426,4632624626857 84,32342021424323 5,43680917906275 0,02856436980474276 404,75472492286247 1,0045629027079694 427298,9734456381 1
1216,1259466222525 32569,69477210287 2,0002257915768924 194,77718757244037 682,9635984986204 437,6307941329974 423,02175923141704 85,74914246775222 5,359977394936343 0,028770744180755346 403,5568446797004 1,0074964391402506 427681,68121917354 1
1224,3379064289309 33000,66902618143 2,0065694957410884 194,3428626546547 688,4021077499378 435,42811667981044 419,24392405950215 86,88985519608222 5,350121048662362 0,029279391176570486 400,2825443680281 1,0000294336898214 429276,4599276856 1
1219,6958406780038 32724,485095839824 2,0025165410836987 188,91741588938163 681,533014091297 435,90440067798005 423,53266506133946 87,57982204746519 5,301614054555355 0,029489222394658 400,657363416493 1,0012366923621463 422680,39604901965 1
1220,238265560959 32612,801450797484 1,9941962445169228 187,63517686861326 683,6209686569018 434,7177085577013 425,82592129006946 86,82072103634364 5,327982880913146 0,02962641238765939 402,3485534627448 0,9958220170459469 431538,146340942 1
1215,8775911959854 32614,74177791934 1,9969212426408403 205,80389005831915 683,7599865492147 440,28353313450464 422,5993637269592 86,65270427617055 5,386355080613396 0,02940977349992358 400,06258082981213 1,0005080287721446 426061,77468535025 1
1217,4269255775907 32616,27937258309 1,9925786935273708 203,484257023209 689,3200738642975 439,00108242549635 420,35392322258895 86,65182043461023 5,415306129684192 0,029836982404876273 403,8276562970796 0,9981114978165032 426653,4608530044 1
1229,875300414256 32611,8959241105 2,991122323320795 205,3112713358494 687,7853562343535 437,1694612555713 422,12158721089065 86,67421180147544 5,356230729678128 0,029820953179335512 408,6503856784447 1,0011283079678437 422000,93150653254 1
1222,482358232844 32391,0394385286 2,973131625352306 208,20460279108434 706,8760563185182 436,3434805530247 419,43506599746206 85,73002827148204 5,394023502990647 0,029746071326462564 403,0142200644608 1,003939446596071 424844,9897425617 1
1225,6417204554086 32747,41611361218 3,0106238537345145 203,91060459433265 702,5484519146563 436,0653281420196 421,6884558797246 85,64963229813226 5,36031747694741 0,029871191263035855 397,37839703439084 1,0060671078137366 424699,49646135734 1
1223,8606200047439 32870,84395448946 2,986696469084536 228,71888451861307 733,2686114306459 435,1366378431992 417,9250621682827 83,40117676311891 5,418583027630353 0,02989710442895422 400,5143219186751 0,9967306142442758 426066,47406731424 1
1223,9846949177306 32558,343171131346 3,026823154289726 227,42473058511325 726,8993910293875 431,4632690565287 418,02482227392966 83,10391040654564 5,3677087956050045 0,03018807712533134 400,2092154164016 1,01108688213062 424345,70882944076 1
1221,6077407912144 32698,830888250926 1,9922372656330631 216,2492808009255 712,1816525875028 442,0088377799051 416,3246265299104 84,29388224989509 5,370357189032282 0,03046481449285157 402,3323305024293 0,9970247097793197 423535,41706587304 1
1227,1495318886384 32684,751994200044 1,9974461535188541 217,95036969392262 721,6993428982748 439,6266776294333 416,24408114713333 83,93408762958472 5,399463481526677 0,03107226922855911 404,87160101371103 1,0088900539408578 422593,7062921503 1
1231,1971784400419 32619,968664240554 1,9930902117165668 205,48080777946174 714,8966919388945 441,37285070035045 419,1604086231447 84,6994600952425 5,346976403036181 0,03132392722364041 405,87454642617814 1,0030903306606194 421788,6657669204 1
1215,5495319442746 32641,42383561101 2,0052500045124173 205,08276312579142 716,0716219369724 437,80925418956855 420,93354761974103 83,86515590704198 5,294675480540953 0,03178030191464494 404,99586120750917 1,00046217323459 422863,609685224 1
1225,6730646201768 32897,64731242475 2,9937539419084334 216,27053682738395 712,0773274067415 441,38060665452474 419,3946740835121 84,28685791699412 5,361422107437376 0,032093329556824944 403,34983040653447 0,9942169918508359 423859,4330503852 1
1222,5039788878437 32665,608870283348 3,001592495087743 214,38666943852252 710,481351309906 433,5413861447708 404,75586356408024 84,95347032489295 5,364073128974201 0,03221746505399068 402,7306679494823 1,0023902175984476 426313,36066662724 1
1220,1940029644884 33013,287149358715 3,016108751815101 213,3655600096546 713,2054070160884 432,767776011761 407,1481967596362 85,19027012649701 5,39438958182477 0,032505077896112025 403,3746183888658 0,9927770549246732 423701,23529192695 1
1241,5412169619526 32401,86433312085 2,995339603640084 231,62752344139386 735,3624794920155 436,54376619226304 413,5974039055827 83,76093930540296 5,404092492193676 0,03207705254004877 403,46932584056344 1,0013785726157554 423625,5321177681 1
1225,5771996901362 32456,609590897508 3,007053903230004 230,93530470519153 728,6586674731527 432,74751601364716 414,2668663325669 83,590597379065 5,358986948419101 0,03339538432701079 402,34042063198166 0,9907569498297301 421143,57993912755 1
1221,0746739327087 32401,65481298497 2,0008028292891713 208,38807355320904 706,0049910293299 423,13197204330453 419,05309113617915 85,16745518717117 5,321261724749613 0,03317098684587599 403,79364026860554 1,0043109270897654 425103,5001787782 1
1231,9395861870432 32497,787972662292 2,0011085542580402 207,65761142931262 702,1976166836695 422,68807069259395 417,4551677918674 85,83349387496375 5,375402865589251 0,03433860017684107 403,8242571656202 1,0009324304812692 422427,52661087515 1
1229,5310304968434 32658,55939857958 1,9838601394512412 207,802100337343 708,1863421886895 427,8735246455815 418,47702811163015 84,24803789987547 5,319646873128577 0,034183137123466066 400,2655752564945 1,0007761434099598 426315,8351164088 1
1230,2189016857767 32687,468286688178 1,9953085005477424 207,719240878379 702,3273501428683 429,17056196335903 419,84362791853476 84,9812998089448 5,354184160718857 0,03476139174050737 401,2278377036469 0,9999837858875767 423417,45286269963 1
1225,1202976619375 32483,523556504864 2,959907842055765 235,97797801089877 704,7560556823192 432,3202277263996 417,97766641271664 85,44160563478206 5,3502215895389975 0,034677973389259376 403,42061460675177 1,004957692600011 422084,05186497077 1
1223,3628694383565 32686,00171465072 2,9993496951772394 237,95927592883513 739,5213851439468 426,4132753656776 414,3383999284581 82,38303006278805 5,361554945641094 0,034936021476386185 404,8246157059413 0,9950322749945205 417228,3036282851 1
1223,1309105610717 32807,631731463924 3,00314679256675 237,49713816032778 740,2313110970748 429,02250444447486 413,62450909279636 82,12882263928188 5,35492748155953 0,03499479276628103 401,87038947606834 0,9980743429385042 422279,2787511933 1
1234,3957155307207 32725,918658536324 2,0040116578706693 198,31042898587685 690,5859742827578 437,961760762923 416,5889919907214 86,2552533858733 5,347458947931052 0,03506443439054156 405,3148034635372 0,9993833033474708 423528,6010594973 1
1232,1275733755722 32445,25940183247 2,0070593016992984 199,4440920904218 684,3608067678161 437,1641612200912 418,40793500796076 86,12099600006844 5,37073434110111 0,035718861007299575 406,4470685291888 1,0070811179502162 424679,4938525311 1
1213,3383527222966 32620,657045742457 2,9929739749867115 229,1567134652044 728,9336870727208 436,69198315468293 416,3186161911802 84,02787628117501 5,331000379880881 0,03577031574790999 403,6267699002608 1,013412200759544 424252,19905101706 1
1220,326882535879 32668,49668830174 2,9979244943879686 229,210227097328 727,2213245375739 436,10292071481996 420,27652292338126 82,93199789048252 5,341964791419191 0,03568490976908939 403,52902109655446 0,9975327571377597 423941,0111492705 1
1236,223456166688 32426,99327660257 1,9968704552806278 218,17526182513848 721,439349253501 431,34411185861853 419,16266181033825 83,72661294497014 5,37366239094576 0,03555427206094222 402,79217954441407 0,99565200350288 425801,53524228744 1
1225,349517249236 32364,170336733987 1,9960534222919504 218,33184535562035 729,215655099537 432,9755161117147 418,0623794804267 83,1786566974648 5,382678391578274 0,03558539074496988 405,1830001029742 1,0040827760738236 420982,98230078525 1
1225,9020058631747 32399,834616586057 2,9976683465360576 189,83082473057516 730,4302406915128 436,16609647568595 417,951728186667 84,06469512208378 5,344122041982348 0,03571817029171784 405,5369449638278 1,005235772616601 419757,1789856378 1
1227,586646265776 32596,824133984817 3,0364232917318246 190,87091287047832 678,601988682776 433,24405548203487 419,87641246043967 87,92666289253322 5,397578158644233 0,03622772534725434 403,4560713715599 0,9995536538523994 421063,1975991132 1
1225,273453063173 32486,193048406738 2,9887647114914673 191,65629401217427 679,027610902702 438,6532003444193 419,07903459970237 87,0818759495764 5,332474217162843 0,03605841101087912 405,05875320410837 0,9980374610628219 422470,5568946468 1
