Co2(scd40) raw_signla(sgp40) aiq(ens160) tvoc(ens160) eco2(ens160) rs1(ens160) rs3(ens160) rs4(ens160) rmox(zmod4410) tvoc(zmod4410) eco2(zmod4410) iaq(zmod4410) resistencia(bme688) Aire/muestra
833,1071189367784 33204,46431401695 1,0022627471511656 45,02366070166024 444,5462495538871 733,0306069989307 806,8897761078914 111,61962734470427 5,482958221937962 0,015931757831287967 399,4927752549462 1,002011585758086 604116,3468416998 1
831,5045557345906 33253,65844763168 1,0007420151809336 49,98438465597141 445,9746044325317 732,5599643603026 810,9841155295926 112,39175074299521 5,484741603920493 0,01586945160889898 398,2329763999049 0,9997323086175208 610707,3365519767 1
834,1430798364826 33190,81259782744 1,008297170311441 49,909847468513405 455,7895658056057 730,3839327534349 824,2404845943398 109,91307749449453 5,489065252741586 0,015866131208512692 400,18946816293936 1,0010488003491615 611730,6160717085 1
831,2181241833176 33133,68370379726 1,0012709946148175 50,45574739541742 456,22023630170617 729,2898900960478 816,3224904586835 108,85504923070577 5,462101593048522 0,01594398911493578 401,89388464909985 0,9920020826943723 618081,2943344533 1
827,0460717833369 33229,27820267781 0,9887620385663125 51,892487322548114 462,8454202793112 728,1857472144289 805,545844089189 109,7242505700661 5,470476940168835 0,01590003063110835 400,7956102451612 0,9953045969453913 616413,6793013534 1
831,8092206489415 32987,66025741094 1,0028985567477653 51,911827020638185 458,1372875372816 731,6397305512547 819,6797260006837 108,70247952125472 5,471127123303626 0,01590943604297684 398,15217257037034 1,0055468271594261 613830,040775428 1
830,5099872810129 33343,98565785506 0,9997714933735047 38,98643654549223 446,3316301645908 744,537599717166 805,3140826332342 109,84053092510268 5,413381831446758 0,015856944258261285 400,3920238209098 0,9995413033191002 607543,6246132571 1
833,2811195573956 33264,66364980478 0,9984238196156651 39,11199648673901 450,31839946973275 739,5633419280987 792,2636262721542 110,93750306685963 5,501482154567073 0,015902193351872655 395,3045582939313 1,0000814092394943 609980,8527875037 1
836,2881216522591 32876,05558088293 0,9998455962099903 57,035804474370025 471,7599024355518 728,3492911015419 790,7675267475163 108,26884364618822 5,430115549912336 0,015927801172979626 398,384799640679 0,9982396533405357 609675,1259234857 1
824,2098438113059 33125,68950467818 0,9991915898626799 57,41535535403792 471,4586550623868 724,3600637945483 787,8245839088039 109,21552520466298 5,486670204649758 0,01576822761957438 399,47437299781245 0,99556011510667 613017,109779454 1
837,0976285996858 33136,0007903354 1,0000915757478186 50,23887271766804 471,2168726993954 729,1073960848354 793,4246389082061 108,09603113953821 5,506418135150816 0,016006426671460527 400,8194898188434 0,9951370622686816 612840,6485567366 1
834,0391899218853 33097,96658517992 1,0026219814958501 49,78360864229475 459,49571258305065 724,234523793232 789,8091325169196 110,32567985951464 5,435250040768132 0,016042714909074222 400,6714120122641 0,9949265792159362 612894,8015565161 1
826,9774809823558 33268,11635870757 0,9995669127991703 49,95410451711473 457,6641888437056 720,7764579939634 795,0041494482691 109,42292154789315 5,464150888115334 0,016223512369023703 397,54360100539407 1,0010539239767031 606266,816394776 1
837,659550698675 33046,74370137423 0,9968016104637416 43,14827153839723 437,49165874790344 722,7763071405401 784,654017268414 111,28631035906888 5,451430991350631 0,016142454330864017 402,94445269769926 1,0007017355741967 612052,442579659 1
831,1304848162738 33031,08688239824 0,9952794017153548 43,099493686018874 444,23120384183903 729,2196435827985 792,0667425160932 111,4735827298882 5,500537003836367 0,016102528860598715 399,63994482600407 0,9958266620129315 617066,4655094822 1
832,8673427386369 33253,21867258363 0,9976951683287292 50,757389809826144 463,988464552276 728,9747572652138 783,384717231152 108,7472940674662 5,446275121352397 0,016103072124215197 399,2561179892158 1,0119109915207418 611577,0755909627 1
832,7637251627763 33284,540808828766 0,99345059313224 50,89416107789164 461,1857116786806 725,719248674322 783,8766269029315 108,06870249217441 5,49302620646398 0,01628737572647672 397,8000780041135 0,995380133687765 609727,0484917222 1
831,8479800594318 33094,21166660134 1,0111424782911949 53,59381753924813 466,4570146970712 709,9278460027415 780,0383399318682 108,96447908314913 5,477379638268254 0,01621239768955096 399,1279746106282 0,9957745522808865 606492,7262250205 1
831,9145386884759 33191,41079152249 1,0016568842284717 53,97366068377058 463,8018814417789 715,7952553614681 786,7575345070076 109,02595973759911 5,4646819371780735 0,016490258094015 400,3158492180262 1,0000068143772058 612885,2813490154 1
829,2564956578217 33033,08676521822 1,0012340259326182 59,853795824932696 465,95108832896057 722,0342335378101 784,2100424152093 107,82702731208406 5,44277414514854 0,016603837071302228 404,17718571825975 0,9931605232668441 611751,9832952715 1
831,1929456252573 33203,10128460242 1,0001387803031143 60,22530717533514 478,7261464116007 713,5970542289972 782,5523207396161 106,51752235421047 5,4373625557969 0,016600200056265037 403,5528655705494 1,0000265940740418 608277,9223914486 1
834,6450752690662 33314,673821112985 1,0061613403548033 59,956880449778275 473,1721737645358 724,6649583467819 788,6459452823331 108,49934565850532 5,440084271532931 0,01674622006959628 397,60977955928666 1,0066949665006508 606893,4720410306 1
833,4103162507083 33094,95362308625 1,008169145955237 53,46533264330581 461,22241363178944 719,9740147651917 784,4529984593555 108,58551407283441 5,4250736795827725 0,016787591153004978 402,748159581422 0,9956734857449682 611291,5027986569 1
832,8539012608352 33065,816163261516 0,9893317800400374 52,88677354377538 466,55004093145476 708,2002596906685 770,9119026849772 109,44427754536306 5,4642051900987765 0,01718377859001726 400,6118120585027 1,003185127217869 610718,2877087621 1
843,9682394224747 33485,617693705615 1,004826611565181 61,124252691925726 462,61311958533935 715,2200102404839 778,1757278583419 108,8455062455492 5,45865031526365 0,017033140601222723 399,65369693837476 0,9981799705874445 609692,7395257597 1
834,8447259687651 33422,14017237779 0,9905299966006414 61,422029465484 457,9392405858986 710,4024010572277 768,4263664557556 108,56219005078323 5,468584442153018 0,017530582757874655 398,8751012604363 0,9912708775113266 610273,581072511 1
830,8376586844221 33222,20861588893 1,0066075164639938 56,96222025747209 469,8610526992237 707,7952958617595 772,4754175631272 107,75745223356265 5,468364030466036 0,017580698373399057 400,7846135891542 0,9883541832117861 613511,4171160276 1
836,7080161846891 33063,2090292953 1,0006013390644726 57,201343844421814 475,1853943596215 712,4606130159191 773,987186662591 109,15608258019667 5,4804222977031625 0,018069309370869136 400,4941102890002 0,9980545576080849 604196,5920227866 1
827,8628886935516 33263,67472587189 0,9929361014978612 54,67180330749147 470,36377797301253 712,0449589069694 771,774734725101 109,33598973403316 5,477997964292055 0,018081151529405926 397,20824194260587 1,0016652308404166 609554,2870398521 1
831,0435367653567 33222,01214856244 0,9986088865003638 55,28369010109215 469,89242454308624 710,9829075715361 761,4738903000825 108,52981947480828 5,470177085335645 0,018516152132748643 397,3694782241862 1,0017391914045515 612455,9459338125 1
835,1484208894501 33208,87520701472 1,002725512255175 54,74756079535854 465,1893131184757 705,1657373200527 764,0605886550215 108,33073798722432 5,473438198914366 0,01861324238217693 397,4808855481235 0,99951523875301 609073,7874295649 1
837,8078850005537 33286,401757111074 1,0015751872122334 62,28943063490813 480,7195487642399 711,1831985121328 769,7011084882398 107,53276639077939 5,46771539621579 0,018756098716147494 399,21376573443723 1,0003510058646594 612384,7554652313 1
845,3219825018708 33051,84917184843 0,9970298537521477 62,323290761420026 481,3463421160016 711,2924288477305 776,531158155476 107,25582784440273 5,478058065771121 0,01911337065869331 405,70017535843573 0,994811238354384 609037,6057315194 1
839,9149474740303 33142,471177793755 1,00366013676819 62,20175847472175 482,53472982784746 701,6727304649527 770,4972044491783 107,80453231621287 5,485745588648915 0,018881099219518627 398,86324712432736 1,005134422464684 607305,7802485934 1
834,1907284292388 33293,634321222875 0,9979214031754768 61,95529456298622 480,0161989912507 706,66528786687 773,7015455493009 107,90640796493498 5,527010672815214 0,01973333114700814 399,7891969099447 1,0004068396145946 604344,3278146776 1
838,8469731047237 33145,977291575095 2,007688523807891 67,25058882690296 492,3317161024617 706,464561970548 748,7709241893021 105,95198498580213 5,480180848676879 0,019445511268843522 399,8366476864201 1,0003145012066592 596887,166331698 1
834,8114956099542 33102,16833258146 2,0055727917298514 68,11573076811013 490,5070114415901 711,6022468577496 753,4300948803331 105,82275653468925 5,452806919868487 0,020164758546921624 401,9072213427341 0,9981694810629826 608167,6502736954 1
841,0074610131154 33237,44141677595 0,9986130345573994 55,043020202955795 491,25497651454754 700,3671003780718 760,8356984209038 106,54893396922851 5,480762997329333 0,020085654575969468 396,94448321130966 0,9986231098306673 602400,2901425052 1
836,7187494949542 33440,366121275314 0,9880745794075606 55,35036019835641 469,43641127624005 691,1171012732539 751,8535129820232 108,2831720689882 5,494603800881312 0,02077087934923819 398,5888035000068 1,0022056375229804 599942,3958344017 1
841,4602593442039 33182,2554434173 1,002458839700025 55,065695938516185 465,6243956596806 691,8894811137626 756,0395547876816 109,2323161099886 5,46531689011657 0,02064736321892752 400,1462922211854 1,0004036263580063 605975,5986800216 1
838,4227328043345 33183,99419456943 1,0039383452306985 56,14425108004714 471,0330134497045 711,6593115771002 753,5130303161203 108,12782888937697 5,465930252234706 0,020675987998662913 399,0478007204522 0,9934654543542687 604892,4096445938 1
844,3255748068177 33168,25561711753 1,0150290772716195 56,213361162669514 465,58311461018576 712,7554052869627 749,1280644524772 108,23954624182775 5,451292825671088 0,021584414926947643 398,55896490369474 0,9977007236692795 606165,1423696061 1
833,1506139343021 33429,13101808655 0,990903197689176 55,53116331745398 466,57814157777995 706,1477164181202 755,8405600978374 108,38577176625961 5,498056042253686 0,021441539928663492 398,87033979007043 0,9888668128245485 603333,7821070408 1
836,1347381875374 33131,4854744906 0,9952237227523929 56,15199438240835 468,0376366858028 715,4259176054321 767,6672766555929 108,61755036163478 5,47016733854128 0,021567646561859968 399,93373251891603 0,9949535648876704 607019,8607319919 1
838,3853965432882 33280,56675696253 1,9862529194523226 65,74071649974469 486,64068569245234 690,5062996548891 757,7269848904863 106,01529301496193 5,426958823596547 0,02209918082738057 397,90414479519137 1,0016424791111533 604021,774077207 1
839,3846513233756 33000,50055502305 2,0026398825094636 66,73354190800848 484,98998912308645 691,2155795641776 757,6492947711828 105,73773305420053 5,478169087255843 0,022261527229065183 401,54004644244804 0,9979438752709109 607310,6239922668 1
836,2023293924913 33019,24858859667 0,9986606294145505 58,53381265586722 490,49223164464803 691,9345622554313 754,1133623712152 106,59228964038827 5,452174087104811 0,02247084049974133 406,6301321335691 1,0001326381855162 609722,3161997087 1
839,5706095266568 33215,142161051 0,9985863825819581 58,628270514347065 470,84364893160665 701,3708371107193 754,4628482310808 107,08231817952591 5,4507409794434984 0,023048567178052617 397,57995351010925 0,999112901069697 606064,0466127213 1
840,1724085651965 32919,565317096785 1,0101748594452102 57,868811281043854 475,46924458854176 707,6890585786857 757,7149691425817 107,23623561586112 5,424820203521228 0,022834369374044563 401,2056343242139 1,003445171670739 607047,9740325948 1
837,6401360530828 32901,916193026045 1,004127135306707 47,96067866261642 486,22960549883817 701,5450539803261 746,27601758742 106,4500103844234 5,476953497389927 0,022866456164275364 401,7069051467751 1,008176303659209 607451,9638313914 1
832,9945321659413 33418,40302891834 0,9980729405328755 48,16876868482047 487,0740270471577 707,1776539309948 734,1663190908404 107,34117191268618 5,468388037641775 0,023600511830574922 400,7542845467134 1,0018319800583764 603888,0980635643 1
839,8592400565823 33070,51866866248 0,9932941661429885 56,89595377151476 468,5024428803065 701,2656768762378 748,0129946154691 108,31603760314208 5,421497321424868 0,02377486408806048 399,3248529326347 0,9987491117918939 601509,788055076 1
840,5814827278134 33008,63639408994 0,9923078731909493 57,340938157477105 473,15580005833294 684,8964426285911 744,8077196984987 108,45625188936508 5,472571099267145 0,024204939200079306 402,3521757953519 1,0026485987151783 605420,9314835111 1
838,5211294814229 32939,04945455015 1,0037124919210505 42,91453331845591 444,23463038264526 700,1753069919099 751,7682757592214 110,94519364899647 5,496376174920714 0,02429962332493059 398,7798217491069 1,0028063296393979 602193,4372554789 1
844,5241910381292 33191,291847972854 0,99516991955281 43,04697931491564 444,9724641090206 695,3336299655485 755,119971394759 111,78407338016231 5,419342110626019 0,025036823114254172 402,01009428245123 1,0092680033811572 605625,5787966774 1
844,4686199751063 33284,52458106386 1,0024844106098618 54,65622362517542 441,2898429517943 696,4088067389131 753,2635387233402 111,25848391995348 5,496711317519559 0,024991346032310506 402,0127839912826 1,0084343668765208 608395,4040612994 1
841,4800480712963 33386,34453364696 1,0065354240104247 55,12351507605678 468,3850000205495 688,7164683346775 745,5275383074612 108,53518483349234 5,41933679037207 0,025569405044461237 398,86715315411976 0,996700320120154 607425,0370692065 1
837,6308604296856 33393,96016346574 0,9984091625845805 55,089944008089226 465,44178057383704 688,2350659479877 737,135084852905 109,19370414895911 5,474383542713254 0,025440020624944368 401,32963068824256 0,9932069408159107 601590,9144622782 1
838,9128452943489 33032,43615183736 1,0009443459604377 50,932782517415816 470,15012019066984 688,2575458801526 733,2360679777466 107,91669071401986 5,4572700716092095 0,025431020552326905 400,80858476814444 1,0005524955805973 603063,9716770354 1
844,3859771546249 33000,92437956896 0,9994168683752643 51,07115445500283 472,295416933002 688,4839917037026 737,0142553670936 107,66030004997731 5,438815685887241 0,02617817083343454 399,34693557805235 1,0008786112188512 596916,5337229342 1
841,7409522496978 32958,55327545565 1,998041672726969 71,10710267223452 499,5343951705526 698,0506347834644 730,8921407438502 106,050833188386 5,44288200932685 0,02610139980299303 400,16418568742864 1,0050714053382468 605432,4310395643 1
842,15234558364 33347,64098181976 1,992935624227312 71,55819133586024 500,1150334659319 701,5168261047371 724,2688344237855 105,89873385791564 5,458043077561763 0,026589731415397576 401,0623050099745 0,996607647103748 608640,6995366705 1
834,5826477629427 33375,50885011162 2,0165882802715807 66,30276241117755 491,33401179854775 688,4640367700621 736,7220812969634 106,54844216157129 5,487466320427805 0,026513840716531574 400,15111984780384 0,9953245933553129 604566,2399396801 1
838,2585414925536 33229,02803403858 1,9837757514579102 66,1280857508317 487,02061409329275 688,1892655160406 738,211065232574 105,78387835227295 5,4657415022888385 0,02727414468739041 401,32101746536136 0,9922417576915827 600844,3453887551 1
836,2358161203828 32997,774028549604 1,0000803816351655 57,52081592173503 485,5207468653861 681,0886466592867 739,1793120865736 106,8125687370475 5,462200989386915 0,027408042582872338 401,37344826074235 1,0021012954077446 603057,2883768958 1
844,2281081083335 33184,694806055726 1,002242809213451 57,4204746924209 471,68142432781366 676,6774030290311 725,9868643860178 108,10256074830001 5,460629641437126 0,027811054788248878 397,4855753956279 0,998717235348679 602154,9597090958 1
848,9003572660012 33106,12993826806 0,9892453066515519 58,098167814062634 467,84691649048114 682,133889682087 726,8345967881272 108,57819025235688 5,480702273951627 0,027675131307755643 400,41500455777776 0,9952589047023225 592697,8262899489 1
834,0763038457475 33437,178788083744 1,9969443336369712 65,37558034469724 461,7733339772625 689,2830836236113 727,0777560515178 109,5277226713554 5,446947280882475 0,027545717758309683 404,60089311607686 0,9976765374094207 595713,1092814596 1
842,41951929154 33113,36107316387 2,013847943242162 65,3483115656289 462,02690074586314 693,0656321776111 728,4428381183566 108,95750538155484 5,472238450673617 0,028446213858440556 401,83468977818745 0,9987735158312973 605977,7359303742 1
842,4575289052839 33260,46423567961 0,9963254286984053 43,31525868622323 441,61667927044397 690,301800670115 731,5223727128669 111,64640200088557 5,447405337162048 0,028389748297593567 399,28878282075453 1,002739995456795 602511,9261043343 1
844,4908413019078 33245,31000854221 1,0107953671730725 43,10631715545146 442,6048943688118 685,4434339476207 732,8299296373333 112,10017617632268 5,475471263093347 0,0292616555260989 397,6400050116075 0,9999438790839785 598902,1355676287 1
837,9262099707155 33138,41091628197 1,006704106832299 57,917913777503664 467,6835526598571 684,1711307294077 740,6474419277736 106,66826160216125 5,440036360662605 0,02890495115379667 402,9719965605875 1,0019480471434667 600850,72086884 1
831,5425477666473 33268,99204296051 0,9962547502354892 57,88073551706787 471,4221243298978 690,427669173392 741,5193542230081 107,95910047637828 5,469727563999025 0,02935659108577679 399,34377618429585 0,9998955222250254 602186,8901152115 1
842,9456249856266 33431,690531998676 1,0015929185890695 57,85224657949183 467,668897558808 684,5788838377036 748,6946804159169 109,1363466026494 5,475240544401402 0,029642899815880978 402,3826807207033 0,9907481460158232 598388,3415188993 1
843,3748728466155 33158,62610686085 1,0032924608209106 58,043300005492775 469,29037095966004 686,7010734719474 721,7173701452753 107,96807391236342 5,437863728102362 0,029785992923789282 402,401694308693 1,003572026951692 598191,0434967028 1
841,3070069887976 33335,298563494136 0,9999164033818866 58,40475041261152 475,25509037367823 685,8251126182004 728,1246767996398 109,48460959470994 5,4685057013889455 0,029678417348290808 405,1269900682448 1,0013472988999144 604561,2850046224 1
840,4825707930977 33510,918815893005 1,0020783534271376 60,697822908666346 464,03175425840084 674,7369360414689 735,3463869444113 108,83762357261642 5,44948798560348 0,029841964953911417 402,803438616782 0,9982573782773758 597359,3286882134 1
836,357388917941 33224,174014635704 0,9952672331047033 61,19242767573117 468,30012144848547 675,6726118668053 731,150455834474 109,33273730954173 5,446857060308703 0,030627871881174346 398,4372497655823 1,0057015532842764 602566,1472897 1
841,6677758577339 33263,605475504264 0,99433641154063 41,93937689166693 436,8472976930927 670,9998463198908 744,6701559808577 112,54987673303528 5,47866616209565 0,030293320586203067 401,50077711509044 0,9951713102696677 601258,2963119615 1
840,0791691416533 33214,664488166454 0,9935118177980647 42,3891912965218 441,56251317947965 672,5229119025463 744,5887341119271 111,07048104557288 5,473015063931791 0,030841376843480803 399,26946623319304 0,9981492845079183 597972,2284664479 1
837,4664121140922 33368,43095907001 0,9955947382537453 47,77135019639025 454,12685797590166 683,3329210242285 724,5738825090039 110,83949502728167 5,437424994284989 0,030760319196092487 404,58990810338446 0,997687694216562 600008,2275940515 1
842,1351417005299 33202,8728057338 1,0058655585227798 47,90952490760763 454,4348314572824 686,7431887442102 724,2975813676399 110,2930149359062 5,454241668260667 0,031058763986727297 401,4139478934035 0,9908745794337656 602917,6635918977 1
841,2018061956954 33227,66456882018 0,9978649465136076 58,16085900919881 457,7720000205396 683,2877787087007 729,2474272678334 110,43721620031401 5,4439216632081155 0,03125558288027322 401,2462954810966 1,0052155477824427 599969,5191681844 1
841,6279836853618 33264,61994264416 0,9986197947689813 57,78219151151556 475,32984841897655 681,9936515123321 720,6365085156298 108,12915928495579 5,446333463572599 0,03214609673152964 407,2374431342004 1,0013110305421393 602021,7644106207 1
845,1183636292435 33084,93234089778 0,9942220518509997 58,58504184243751 470,7199061318104 680,3109825267414 720,5174321821929 107,64766982911138 5,459750785092138 0,032165840480692105 402,0626707600429 0,9996621889410271 598629,14181455 1
837,549426151029 33426,863722183836 1,0034451888874987 43,70537128102507 449,63292468304405 685,7657344919346 736,168778591701 110,458294231035 5,45267566049862 0,032307573205555454 402,3905860582733 0,9990613049432135 601085,8106492829 1
847,0661841285421 33153,7035167918 1,0124791201851733 44,4178749528945 452,81510167300246 689,3511765141108 733,7588579453686 110,11534489803933 5,445425324917176 0,032291825228308854 401,70322478189894 0,9958643675444045 600225,9440525557 1
840,2024663712758 33276,5312644117 0,9939847045075705 64,09326961438092 484,4389851538066 683,3549768412414 720,5140594015498 106,57639024028887 5,452320084441012 0,032236521148382165 401,10253384442666 1,0013061059190442 599127,1523517342 1
841,3118771002538 33056,267117619806 0,9956244760527286 64,43890286650422 488,06672340905016 683,5433801911198 733,1597115742951 107,22101182013951 5,461766780066679 0,032831170228712306 404,2677917108025 1,0047999000057952 592830,549443958 1
839,29316328402 33246,73239127904 1,0010536651033828 64,43920811206621 482,26256324580584 669,7933759817776 724,3474058577013 107,84387545036637 5,3871877459297055 0,03278051568982985 403,90689058526164 0,991918646890355 594800,8004961003 1
848,9387042725925 33353,059780797834 0,9971909090412934 63,73654610130868 486,51361646238286 669,3876266860088 724,890520722281 106,85993426847602 5,488032077012772 0,033560165519112055 403,97964108690303 1,0030601182778398 590373,5410469312 1
841,0176553383142 32961,42015453898 1,0035577876133643 49,49684162928361 483,9675274531195 669,1932421414112 726,8467950929631 106,66497174515145 5,474953812227452 0,033409929009738784 403,4168064133072 1,0030743827653024 603292,2948929887 1
848,3159803572527 33351,37686404747 1,0017592008732734 49,451789553963735 450,67986237582545 681,1197027209502 725,7881664240771 107,7664298738433 5,451128364663986 0,03381970644153096 398,5238058831584 1,0000597447179889 603482,4195691519 1
851,292825679145 33151,58249723763 1,0022171487401812 48,682563210531974 454,96023167003307 680,5914344964729 723,8894508869963 107,52213913972145 5,435494254342954 0,03391222551831567 402,51699605896584 0,9912275910831265 601035,7924762947 1
846,7049062970021 33240,85021620832 1,0046001817223875 54,886283043577755 471,48172665887853 678,3425614678514 711,7778477004839 108,38623060263401 5,4522418013534235 0,03407955565983274 400,1490082671887 0,9888636186584175 599469,5644305637 1
848,3665312483942 32969,545231311895 1,0064023783618672 54,77538970010138 469,68070134225536 677,2535888368809 714,7077932724626 109,13736511251274 5,437563504674472 0,033878250726813816 405,687830850889 1,000392784298772 592016,6410326557 1
846,3664886758073 32984,59556566159 0,9993667541683152 58,726518634988494 470,4551064183281 682,1038952165785 722,6450822063089 108,78914877691982 5,423158560459124 0,03371620735828441 404,5923106735327 0,9997480992271409 594301,2246794836 1
841,3168685528119 33397,0350354205 1,002480764771773 58,97899211176861 478,0406356211047 679,9490517006401 730,9491094038609 106,9752547744852 5,453664597797715 0,03455659336072628 405,47094373294584 1,0022677043647417 601695,0569754698 1
845,4460782486933 33450,03075904388 1,000910992410063 53,708449396536416 467,012431614191 671,2607804341396 718,425158195278 108,9558742805407 5,443056285630444 0,034563800491744706 404,5571585152316 1,005668193576265 600072,3641711371 1
837,6949049298642 33045,00750601236 0,998985362831157 53,92841994400922 462,18673744033174 678,3383003661849 724,083380460463 108,94361917150732 5,454863546597238 0,03469437291890345 403,3329378209346 0,9986385609327924 606409,3329121975 1
