Co2(scd40) raw_signla(sgp40) aiq(ens160) tvoc(ens160) eco2(ens160) rs1(ens160) rs3(ens160) rs4(ens160) rmox(zmod4410) tvoc(zmod4410) eco2(zmod4410) iaq(zmod4410) resistencia(bme688) Aire/muestra
1191,655068131977 32305,29180153626 2,993711962146021 242,98376998341837 739,9075622641412 490,20060743806675 455,65827072767706 82,712043229547 5,326870407281921 0,02517550262538075 396,9307047141364 1,001125403011039 442630,0958397369 1
1194,1359421348777 31982,329568527195 2,9943271801099356 261,7067490001829 756,0529385209974 497,67434496523526 463,45466656269286 81,19493914840498 5,443237766384356 0,0252033471551569 400,1126504834425 0,996626993592544 442548,9116616778 1
1201,1653913788534 32111,612926268925 3,0147202828946336 260,89765803128915 766,3189770473715 493,00461214329454 462,4991496960403 80,85778466862695 5,388861111835431 0,026073500810998965 397,31349553547375 0,9991900909066257 443280,4247478702 1
1198,7502119322673 32138,872571719807 2,9956316873809827 234,73519215363945 727,9954932486675 470,68997547693425 456,09043520359336 83,73518501118782 5,3806998873377605 0,025963286245646845 399,73743368865036 1,0025394716110692 443910,5442540607 1
1197,0156370473007 32427,553839488563 3,008312254698784 232,7886474703956 734,2285795665159 470,209674574417 457,53710864791424 83,83806157260783 5,358752694389495 0,0261710775790597 402,10576488094955 0,9983704983082851 447252,31838887255 1
1187,7701592322621 32492,820367876742 3,001392649870702 241,45516917842818 742,8591188189141 481,94238811180963 471,70684010153326 85,71644305443724 5,367803166401323 0,026068724592003663 400,55240856085277 1,003180985762743 444140,74625870795 1
1198,0308291160961 32243,74004065878 3,005922118362131 238,1137627128488 738,5476452098574 482,2808691013335 474,0858981711608 85,75280715278737 5,362013557960608 0,027134545131546502 398,47935792324034 1,0011756714228288 440425,42845387856 1
1200,9363531905701 32245,538960843143 2,995389378563088 219,1140270170141 740,7858357127024 482,5832734173259 474,6117738455209 85,02545654833334 5,380000864107994 0,027181760682286945 403,9882832315618 0,9950096977687348 435452,8947037149 1
1190,1655150043025 32057,552012315646 3,02743257371887 219,0987181935208 714,5537874917871 493,0473783407981 466,4871913411311 84,47797128344534 5,414707722910853 0,028165778868545373 399,67578874605005 0,9926081536710318 442865,7342871811 1
1195,522755715401 32397,608459780073 2,9955335432065002 219,4753646225863 717,6464622602696 483,32828815004206 467,64006166632214 85,13100260908888 5,354084873684901 0,028362275163651515 402,1560642069371 1,0026964667605232 440238,5676901054 1
1202,800848196776 32439,936964854503 2,9999344460630644 242,69754251749143 746,4614922859122 474,1166157981004 455,80123968095614 83,06178471896845 5,361826608299945 0,028083418176549826 399,9268905347111 1,0035974404746522 439056,75206180883 1
1198,5782437489975 32315,81149283626 2,9920552555489968 244,36679865494543 745,7207607934357 475,9117080549369 454,4820023082115 82,54073858082673 5,423629991996909 0,029525597100507846 399,9771022356044 0,999992905859018 438884,23856634897 1
1196,3064267414402 32296,382912788176 2,989046167343242 220,27098873601682 714,3242428826655 478,51408634406454 448,23401779952826 84,73107661152928 5,379077626989874 0,02920468181583449 400,0517562858452 1,0006387327870947 441746,77247988957 1
1196,3714660429173 32666,45397786603 2,9848919227577504 219,9718437869882 721,1097966437071 479,8190795378784 452,09485440847374 83,94982544544045 5,442243539906908 0,03062283877031656 399,40743745340836 1,0069368402303454 438830,36549988156 1
1193,4203519981675 32022,38385438425 3,005545844999575 245,893137516882 691,1110615883309 479,4466768072208 457,2011297902558 87,35324378716014 5,338613827832401 0,030511153457046452 402,2558338136367 0,994752567397986 440119,39908597205 1
1192,520844132968 32147,131248090718 2,992009603892168 248,98092286459678 689,9296476191895 479,5912674869301 458,2523943536231 86,28197811479505 5,380345797467843 0,03115575524468726 406,8524915477082 0,998359024509468 437615,68914195825 1
1193,1716606778052 31972,47586112072 2,9970100848404755 250,44124023336826 690,926397538621 477,46320948807903 459,71198074915753 87,11000482590768 5,410364492991505 0,031275370051687595 400,43287159715845 1,003514315784532 431152,2114721124 1
1210,3102506925463 32204,51816610231 2,9973197046762277 253,92905075427169 754,3207913834591 487,64589049410154 453,5220982206136 80,71959338136313 5,329314255193613 0,031568761475382165 403,5515005017485 1,000964537373747 435143,39709728985 1
1201,0198934796513 32532,690455645556 3,004926219616345 256,22845966826856 761,8125836197562 482,9248812763388 453,96753497526413 82,50584439452066 5,37760561204144 0,031672400861066964 404,37513887834007 1,0043433811952371 439485,42325499095 1
1198,8791671832457 32547,180563328195 2,993398185430403 251,0985627761223 763,2929173063552 473,6899755421225 447,80037205256946 81,7050216128271 5,393411369689333 0,03169792622795697 405,84169051294 1,0033638595720975 442057,00817440933 1
1189,907342499411 32260,38969270171 2,9814871034998096 253,661969463531 755,2852369784227 473,05686337759334 447,34282836161157 81,6016134174796 5,344736069036942 0,03250914177720181 400,8940407447492 1,0071497976033217 438718,6531033371 1
1190,1538161075102 32301,86321740372 2,023361723233875 213,96750848067506 706,8380103993416 481,93674303206507 460,86119813713566 85,5231372740763 5,390306017275888 0,032497264995829465 402,726707910953 1,0004137702356657 434812,674365698 1
1196,1012481093353 32296,45719410407 1,9879453293727591 210,73773669764424 708,4443832915157 483,34801530718755 459,86857864589115 85,41006657455677 5,4024129446461 0,03319660709218932 402,5523580196668 0,9983413879905316 445304,01267819916 1
1201,9048287926955 32171,909586934642 2,981168706731043 241,7364364113786 741,2393355028865 478,4644139124022 450,36492977503923 82,39448721851552 5,3400914112337174 0,0329419636611938 402,1350606612532 0,9991527446257317 444156,40825444047 1
1212,1552972162733 32076,380709871617 3,0073075715598137 241,6693905397628 741,505922536545 474,47972046401543 453,1883867786034 83,7698043764394 5,430012681283765 0,03450958926982194 403,9738110452318 0,996138545179647 440651,1434296993 1
1201,852622847906 32091,281586506902 2,018076631940056 233,42076233863034 739,8427724531921 477,42180113391163 454,51554138790476 84,03625071057364 5,386525309788617 0,03416526559663469 398,7338497484086 1,0051974795513028 440186,2757360249 1
1190,6621782409973 32200,407267342733 1,9964004890175482 235,16993474935734 739,9446286976463 474,2317606515545 452,8760083056913 82,94044157981128 5,336254964169984 0,034998708748439016 403,2565610658957 0,9909856511311181 438233,8304967043 1
1190,240240487652 32131,84812029605 2,0029679132160294 233,7610602113848 737,9605873017993 472,3011338395753 448,8514433680292 83,81954844719574 5,327917410025052 0,035374949941633406 402,42922169523393 0,9977325195194617 438851,96154174855 1
1199,4308093710592 32271,849840614766 2,981390276982097 238,76335306404133 743,2354743507569 470,2375577325026 452,02455651961395 82,44137197772436 5,426111936932872 0,03512601504533996 402,66301868495196 1,001032793683397 440333,76949672704 1
1198,8665639714145 32265,3167595657 2,979424379405201 240,78977081312493 743,4058094469378 470,7289605456897 453,5810559960065 83,55044853667762 5,388112820313169 0,0357930408249209 402,4407125222121 1,000943594782238 436066,75022600027 1
1203,3854095620804 32387,09603646637 3,0000785795568747 269,08553377960163 778,876934228447 465,80434448355777 457,3929035321808 80,78751654575018 5,366923992486314 0,036018366975165514 402,22602378751105 0,9947809220306875 435034,94489532197 1
1194,6800138046547 32071,5943433391 3,0129912745576486 272,05563576741866 770,0465971016724 470,3240338406999 453,50565018610405 80,37001883617462 5,358157206760302 0,03671962683241312 403,7467025996988 1,0036588712837864 436128,53303274926 1
1197,9109393153535 32600,231156705264 2,9938141204458395 235,45309769012925 721,1886325945959 475,86890176604635 448,59346245653404 84,40881124392122 5,3523547291941584 0,036611438920874755 404,5482108804342 0,9992078372570389 441091,79855881294 1
1195,5197868922455 32226,69124897793 3,0050260981025985 232,8645683966192 717,7701364557472 470,71552785315913 448,8136251535019 84,14768852148711 5,313479457916928 0,037052626525263185 402,67435306122957 1,010219720317331 440026,637137583 1
1195,2921057382305 32288,563896638763 3,011752685097613 250,13432328236732 720,0345651009833 475,9407043405426 450,5366403846853 84,60254469727619 5,366479605116493 0,03674452686774542 401,20706732365454 1,0030345018765747 437021,78292887803 1
1199,548523308975 32232,26329143048 3,0043488755859036 250,78575995405993 755,4171110269515 471,98395826895563 444,894826209977 82,29693112706221 5,3766516110995735 0,03746985958090026 403,3628955004808 0,9977730828605104 434865,77370290126 1
1208,2580788742137 32331,223655351358 3,0126226191740497 249,3230715269251 751,7561907760402 467,76367236656927 447,0805123029292 82,86715672686266 5,447036362509659 0,03748920359524665 402,4965012204005 0,9901063065430229 437869,9443084742 1
1194,544636193121 32338,589416021685 3,027864780769092 239,4248908612715 734,5864355138033 472,8612988445911 446,7464324619166 82,85455492979838 5,332314463171325 0,03742298713567173 404,8903464395998 0,9903128025908274 436832,81909215194 1
1198,9219926939074 32022,46913781829 3,0042903476498566 234,11671736203948 728,4603672485288 473,37209923942993 451,1718492176546 83,16508387083279 5,340463082573987 0,03818668649724075 406,70429622499853 0,9999827777601895 431591,06244460563 1
1202,5936229923095 32199,779597019944 2,9988196237443767 228,23817382866426 723,5841554459661 472,3378219745218 447,854908964757 84,84058591678507 5,364402458274764 0,03832648428903467 404,1601408955902 1,003613945263753 433695,6782776251 1
1208,1899579406834 32242,037109776687 2,9964641972209103 228,39545198176745 729,574962009876 470,7665451727957 447,83509325226703 83,80103416429294 5,347153931674167 0,038787870922680864 407,7110368664138 0,9904852905097177 428567,46401406464 1
1195,3254638805033 32277,66773673815 3,003502533759197 240,65616643583866 742,4998216513733 470,9199746822647 444,22732013722845 82,63814347015493 5,3690919676017845 0,039136994392234836 402,8614127806113 1,000886523808348 436974,42406962236 1
1189,3895840776117 32165,684645729776 2,9921191265723315 241,3504214238636 744,9829751226658 467,91062872612093 446,931957435316 82,93810917848755 5,3724410040598745 0,03978045885220701 403,7033786208252 0,9958885177778165 433291,185726086 1
1205,0528618244675 32131,98611982417 2,9794324455487353 230,2507980898027 742,4388475403601 469,2359174614639 441,13684832534585 82,95456128573863 5,394607316714756 0,0395941930715069 402,03854104002573 0,9936172119647114 430509,95652435353 1
1209,79060529677 32155,639532060257 2,985710013174873 228,34539140802693 725,6238757534051 475,1134438267201 451,44109143479085 84,87200900199694 5,439171733860608 0,04055887999146992 405,0193456052896 0,9946869429379591 426745,95958113467 1
1206,864699332668 32389,73075009795 3,0140093897168576 225,6879536955791 723,019623687131 473,61006712419606 458,3263178446731 84,06100558108992 5,461543796018208 0,04022972323238058 403,638805823873 1,0061385393049203 436526,75546898023 1
1205,755967088782 32184,879487469392 2,9894703986408917 238,6790441923105 732,7756591401551 472,9762357844262 449,5888034074962 83,54004433250088 5,396481022331981 0,04051619273551178 402,27731249962653 0,9970902411099806 438571,6645238544 1
1192,9545769808967 32031,55746963448 3,0073147465146812 237,757157621848 734,0823437740731 470,57141296467086 449,2964183474943 83,16255652509052 5,428463625925568 0,04158941006151269 403,69274590718163 0,9995949564954685 435095,1579112584 1
1200,086119147821 32139,11532131454 2,9927311757168886 246,646320981532 753,4402754505045 470,44735425941235 442,40002385674245 81,40021228373404 5,417893515810693 0,041332521016726256 403,2582663793852 0,9907922919825165 432665,9936146957 1
1200,1943270307008 31844,773810370007 2,977255757264036 246,97713074960993 745,7595481547199 469,26787301189677 445,6889355789645 81,36560011241409 5,38820575578141 0,04246482640339513 403,935528480618 0,9960607386715261 436230,3726475949 1
1210,8749955067092 32358,38029356046 1,9938265763746585 208,80008830294258 738,2868896030922 464,51782313384086 442,9585029501358 83,07156943493918 5,371473602478928 0,042600102738598385 405,259623088424 0,9945695319839721 439517,6110008974 1
1190,4773638446488 32239,606717409773 1,9872490456541647 209,86624995394791 748,0697604203064 466,50577210221803 443,3821282700594 82,91541824458014 5,3964158542746965 0,043564303962584205 404,234593180885 1,003351703536435 438641,11942606326 1
1195,886179224352 32106,483806981407 2,985178009704491 245,35076580053038 745,4804218118891 464,0203813167795 442,24322149044497 82,96915479735475 5,406324146517083 0,04261736245762318 402,7156223523707 0,9981858949482415 432622,5712776755 1
1205,3690798273985 32412,554365400163 3,0193265727680685 244,99286586562891 748,4023507863881 473,73640052939965 440,8449202707848 82,5152970238442 5,41098275486094 0,0441481121018916 402,86380662922943 0,9894330868021115 434516,0624831826 1
1203,3085140541518 32095,917208923926 3,0022404381503405 246,86545356514773 744,7662411532137 473,61133102442534 442,0142543301567 82,96007242143 5,400496192816232 0,044082599350549256 406,7537947593893 1,0066665520094762 433565,4957809805 1
1204,4396732299447 32025,19746602909 2,987415525288528 225,37370021003076 722,1386136722272 461,34562217185 441,12499111111237 85,0863126528788 5,371767960531424 0,043562968167210225 404,02005198987985 1,0020222276377322 435742,9825804175 1
1197,7998206487352 32079,361814646094 3,0122730227634147 226,03894707277138 727,4104287653214 462,75409339383106 439,40880691443607 84,89568025525217 5,389377955342437 0,044868026470965536 405,7953481978028 0,9898635436706212 433934,1363236205 1
1200,973720344146 32576,145762987064 2,9953004324598496 220,340769016387 719,4704328545647 463,0357208798096 443,24433254719867 84,79545244555646 5,388560421106611 0,044413803746238385 402,84066730265687 0,9905380611348329 428907,2236351142 1
1197,24731555964 32299,57543489908 3,009059304815259 220,01690684765904 718,7528844143475 466,59871221114486 445,9980354055242 84,89029677170213 5,315077984816105 0,045097573887351784 405,4408291079089 1,0064518929919892 437490,661756232 1
1192,4551562909285 32123,625741941163 3,018670997132305 244,5236822893881 711,0878911061267 487,7237947922514 435,4020190081544 84,82925359373316 5,319806008648135 0,04535892938979281 402,9553760708128 1,0074802631126898 431462,6823725978 1
1204,2174560672242 31896,778673978082 3,002169332576658 243,20446654334768 708,6606908367421 486,25051147194296 439,04213621583256 85,64837866748104 5,376038729739766 0,045330662123713304 408,6531294805625 1,0042753951864987 435085,5293234167 1
1182,8385117131218 31965,30687741138 3,0161122217442884 229,43796690444162 709,1946097302126 490,08577305160713 439,58243147996296 85,31672402841401 5,408127746998967 0,04524305717117403 408,77857700806777 1,0021109173949367 434729,0566702075 1
1197,4621971625972 32240,253055700574 3,0205264427493432 230,05510772264472 726,9913485639241 467,9647534724956 438,93244767755317 84,35886395043093 5,404648364483437 0,04596486692438257 410,551702823851 0,9994648555840305 436348,7625507162 1
1195,5811778987893 32426,732347482317 3,011037627720542 229,58371882449543 728,7010442934762 470,6710210209411 437,09001441034684 84,74657611099578 5,371618920943184 0,04615018110835015 403,1900332342505 0,9952643461497115 429838,91406476015 1
1193,915166216417 32090,43802346086 2,000805621298921 218,54100458321025 710,0777757746338 463,1123428002334 432,95535957294464 85,1473530075854 5,403475613175597 0,04606632517390278 408,0041300048109 0,9970478759194839 435092,1097091883 1
1196,1902058168132 32058,79527346407 1,9774258455176337 217,1098290015064 715,7806754255882 462,1989217007012 431,96179947464714 85,38128590940312 5,381801529561267 0,04649396491575065 405,50785502816086 1,0016813082820692 426690,92984507186 1
1204,5100124925875 31976,741478685453 1,9987941961092344 213,6565649827602 709,641688931022 467,3941073673996 443,42738760961214 83,90572687604988 5,3542687584424655 0,04642257121172667 406,7186893833536 1,010924775436144 434894,697890852 1
1194,8422603136378 32057,36786379101 1,9987764324058377 212,50256425565084 709,6970290255754 464,85081097522766 442,1697804522402 84,08414519192144 5,360306878236243 0,046792279171857014 403,972224390979 1,000235914213283 435423,09429998987 1
1197,4549058378248 32145,27088180183 2,989806371236055 234,8445030091672 730,6499248979238 463,23151656433487 443,01279713497445 84,40028467159962 5,311788809964875 0,046764453575793175 403,45860293538664 1,0018613859489847 432400,49929487985 1
1195,0935867544774 32219,655735945955 3,0064752644013044 233,8231406180635 733,0373822323556 469,9084719399488 439,77849050766804 83,1447479844505 5,353758646575397 0,04709046812688546 406,11053915297794 1,001162203977357 431169,0261349769 1
1199,7243775844872 32175,019791318948 3,0023963346402414 237,31929907696937 732,8594307172071 472,95604318350894 444,74985710098457 83,84038172958317 5,402043014803705 0,04732383437174665 407,9812475586993 0,9987978579009786 428749,30711515766 1
1195,880424190807 32355,44036256062 3,016706150184598 236,30990568602573 730,9467058226791 457,4333956398188 440,3524685321091 82,809367201568 5,387961520337595 0,04757821366360589 406,9244031091186 0,9994405423631788 426761,3974084808 1
1200,1683197159384 32273,08782075148 3,0221458229091493 237,4503054378691 736,7227771657746 457,53268763844915 437,97796080893784 83,48064403855106 5,409442719897984 0,0477142202882524 404,4456591320447 0,9985401177528976 434279,7039406565 1
1197,0405429788716 32614,98797993426 3,0001074970312778 239,54685799718965 738,5925480326442 474,61538320423665 440,07933169977326 82,87063779751976 5,415290694593505 0,04795771214893039 407,78672165167455 1,008021782230911 434177,94807756523 1
1188,276182599247 32373,294937939492 3,0058945281638634 236,82292443329789 741,9697362574897 468,4655983432805 441,1209570946222 83,04837650110862 5,441366937505295 0,04854215668007054 412,130797152165 1,004897241587808 432585,0733860324 1
1195,7116563290076 32330,84532402382 2,987632139412094 244,31774125981025 715,4899533520785 464,4541405928169 438,4138681263183 84,74075027914724 5,390740590251271 0,04830507597304225 408,69189209851316 1,0047922650780075 429591,75566773186 1
1199,8563529556563 32085,811121371207 3,0095297457626 244,5575373233081 715,5727505172079 467,31893957780596 433,4214911461415 84,74836339520817 5,384835571784135 0,04811752469615728 405,5758918438252 1,0046859802313954 431871,3788260338 1
1189,0292124128289 32126,06135072684 3,0039922430071595 221,10942947885238 718,5622925347466 463,09784337151274 440,42142877592 84,51768805689258 5,37964000863087 0,04825024352015101 408,63760690706437 0,9964768982244707 428557,3972946751 1
1185,6905979832711 32292,529872330553 2,992319130573364 221,0729496054958 715,494333680749 467,40931285432384 442,491425955763 85,12307312431642 5,389275745497903 0,048872004648855834 407,58266974844815 0,9973324790148044 427183,3893338036 1
1198,519909416044 32312,99389899277 3,02309432101535 239,0971040204573 705,4926060384956 462,6731868204224 443,46271182406144 84,34939086572295 5,41454856500277 0,048379885686021834 406,3768712413867 1,0036481211852117 430628,797113815 1
1192,9700504869616 32474,533097401945 3,000278272722629 235,74969556441926 742,9670309737378 465,02500306916005 433,16413605927363 83,13412714359423 5,361493040786222 0,049781292306552344 405,8760157087766 1,0016895289607586 429510,7399325002 1
1192,130531334639 32277,49540573169 3,0148124131261733 238,1583692652495 736,8740021719456 460,5491001969655 430,15695185474755 83,11123552433855 5,393852955452058 0,04943780377193167 405,76600428323053 0,9974740913583856 425167,2947596698 1
1192,6291134617818 32379,17651088909 3,009144758213479 237,10748544104896 745,173802920416 466,605706389595 434,6510927492796 83,11135467339295 5,39220332024193 0,049652735122619196 405,6488303895247 0,9966024310509747 429152,3640286145 1
1190,1562377548132 32288,132508437346 2,9885508836180574 235,96086441249216 739,1446071869768 464,6189800355032 428,87719458318486 82,93765881733617 5,3695285324385535 0,049703922325771394 408,21236329796966 0,9970709739867692 427401,260365083 1
1198,222315644485 31854,444361640573 2,9984431301596217 259,87598264235254 734,5286203825135 468,0089443269935 428,9578840671513 82,55088417114499 5,3673167949726395 0,04956453132643871 403,61702897505 1,0060180983676614 426741,172745082 1
1200,234445583093 32367,895210309995 3,0089405558162525 259,9514987166568 734,5424954612292 466,8772917258244 433,54548702972284 83,61579294024023 5,408294471302075 0,04966882173831677 409,9754338816206 0,9976042277897641 432738,11840442894 1
1195,161994994612 32424,53383676771 3,0012013358164316 251,6410700813724 747,2443052723488 458,80365664712184 434,9067356175226 81,86582439143693 5,4071835804638075 0,05034458531680884 405,5844459933604 0,9990146180863934 433248,33787377615 1
1190,3856561339628 32592,51250051669 3,014012695741173 251,8866565950691 747,6601238518856 458,49224852803997 427,17315984333106 82,17913432528357 5,371002464157931 0,05022233887973169 407,4843194220788 0,9986324804985676 434420,6670478429 1
1186,412904001444 32204,213251153582 2,9831381011733487 251,64686072122902 758,0043578515662 454,79096194765316 430,95157871640095 81,93695885369239 5,372809660663878 0,05043593635244674 409,3215106831978 0,9988285889010305 429989,62226425105 1
1185,119537293057 32264,047703858738 2,9663854825285445 251,90973114724628 754,1243133515536 457,3698515340701 436,80946243017013 82,23285710477307 5,366885921284184 0,05040607328218446 408,8005252301785 0,9947924662735373 425076,2422070618 1
1197,3236796608173 32341,089474034026 3,011384181909705 251,89985484216365 756,4104886350405 456,65005765346257 436,6797781463752 82,21683606035909 5,391003745445437 0,05029671910251458 409,7106590748541 0,9935943753703546 429694,6224378434 1
1198,6484053803724 32032,830836945825 2,98832596515731 242,53758130996735 742,5960625203744 459,955100943347 431,26164715717897 82,99539791876659 5,396077739956347 0,05036283452720031 406,0161260051623 1,0035228450744937 427753,9555447448 1
1201,5752123073864 32299,056619383828 2,994504201443278 241,9803204481219 741,3157899058507 459,9318445465289 432,9898412371579 82,91997933111745 5,35531469919049 0,050718041602719775 406,71637139906386 0,9961732521157903 432172,6255469724 1
1201,1239519219148 32612,439743004543 3,017919594887429 234,3489990088465 744,7144723928263 454,41321159525506 433,22467584886243 83,15663524763217 5,38615991141997 0,05093927775315172 406,0120447227178 1,0064460026873028 426551,2464128985 1
1201,74674316044 32059,54877365081 2,993758788333748 234,00922061270697 750,4118949239493 454,9910985325276 438,54143575770587 83,11829397412363 5,430860110370617 0,05143478878872628 409,08399898032053 0,9992073141638784 430860,12544358027 1
1183,937874257362 32007,731810487505 3,0114003292159337 230,59827038024068 727,7498307143622 455,4381914935287 433,29726132758987 83,8080543815546 5,391878550233828 0,051298577819605604 404,37687477468774 1,0064299323213153 422912,32305940473 1
1202,4168565518028 32171,053924213684 2,9812460090980752 232,22608332608146 729,33379315495 455,1341411969666 434,69738385835586 83,44325478520264 5,364872637373238 0,050958907980540105 407,2965033114516 0,9941738596300869 427424,85061405436 1
1194,2486906658035 32494,12419251042 2,98189828783591 243,5802883698445 735,4423989104943 452,52928494765035 432,0221818259566 83,60308312804628 5,368612845801088 0,05110544416518022 402,97803372486715 0,9996214989593648 431779,47127930314 1
1203,840247141457 32149,74687565883 2,9975543325127982 245,4337983636131 738,4977559088385 462,0204950858565 431,9926793249106 83,23282227442968 5,343657512187385 0,05119207565276082 405,00687848955914 0,9966564875593367 430679,7073737444 1
1188,5066318438624 32005,34291111146 2,9925277891786437 243,2844068839116 737,5716763245072 458,5484310302421 429,03011763647385 82,70784961201095 5,3764664804658375 0,05089209006448994 413,9638327912346 1,0080560462581678 424583,1934629799 1
