Co2(scd40) raw_signla(sgp40) aiq(ens160) tvoc(ens160) eco2(ens160) rs1(ens160) rs3(ens160) rs4(ens160) rmox(zmod4410) tvoc(zmod4410) eco2(zmod4410) iaq(zmod4410) resistencia(bme688) Aire/muestra
958,7824593341841 32472,12417821934 1,9932851128743558 212,5868046661745 740,5898280904757 436,8902869535303 412,4632864846499 82,97670634529672 5,363204375757113 0,05273706851880501 405,5821857376807 1,0058515044709098 428855,10495402967 1
957,4116607448636 32184,948134892937 2,0001083081143807 212,66921931364368 741,2121528514731 437,1145568476272 411,6931134558274 83,08726508660106 5,361700969591991 0,057895153024185894 403,79751961735235 1,0001722693794501 424796,27147094585 1
956,2873455907405 32079,708509059063 2,9792423852568595 229,0249723346073 724,0381684876669 432,06077822388966 412,7416453403909 83,4612053912931 5,328778788045715 0,05781964561506219 406,83775175444157 1,0071788953900425 420696,57698908873 1
962,4540178778337 32267,219158588585 2,9927379563280976 229,72372900108192 728,6845923205152 428,4006472813061 413,9018397792409 83,4492338927639 5,410137953625593 0,06204652657277802 406,4475517138445 1,0056613529569827 420347,86716419144 1
954,6427871427173 32395,52761061246 3,0224932555864763 240,42920408424388 728,1960700291348 434,5146947658268 415,46196772546716 83,62255516927159 5,398162048308365 0,06200252728732715 407,7664639126523 0,9959165828600814 420030,2895696222 1
961,6997990443886 32105,116545912166 3,020688636664598 238,75756217132334 739,6368965691839 431,9537269966515 410,4700384251367 83,17602633042458 5,385279464777817 0,06743422827915817 404,96117060161265 0,999041638992539 426696,8065034125 1
962,4280450904663 31951,41525753615 3,017128029956326 240,3625463489242 741,675540280503 428,1703482545105 408,9446725253972 83,22065813896323 5,445836948051238 0,06680874148943762 403,00217896878263 0,998370290498848 423504,0687611305 1
954,7452923926415 32373,316376236835 2,9868050433791495 242,30204546603707 749,1759389356321 432,4781564981902 405,9164461035782 82,55792263897682 5,393746610435372 0,06665252747889452 406,2066280588989 0,9969522471610459 424257,6838391081 1
957,8960105223176 32135,407853041015 3,015932436471398 241,4899750361526 743,9870721289458 434,28902631935176 404,8610289105068 82,90507729631571 5,413686547485164 0,07138574045434891 405,2353140801682 1,0052761330971849 419801,6173135497 1
951,9897013613014 32562,611588030104 3,01305496084904 265,3797687035932 767,0682613191123 431,226330143551 400,36550248331395 80,58298774595977 5,38813624250739 0,07089741423617674 403,3662977790864 0,9931394987594802 424261,3109643782 1
957,8226149834993 32393,673853373202 3,0147020374182087 265,55654898010124 765,6604623872307 434,6336888290209 406,376906704177 81,44053849271934 5,406919731051812 0,07505228397885969 409,2380975421284 0,994499213581336 422145,2227629184 1
959,9618513249386 31940,697605929196 2,997941176867473 225,4992480872164 722,786036390179 433,5167937533219 409,6518655970565 84,24240311192457 5,354141452416313 0,07569246355659368 410,4497452365193 1,0042052892346276 418233,75556711236 1
958,8592002625027 32333,18775639302 2,998872461078669 224,04473595147329 721,1422670682575 441,1896244974079 409,3137165903842 84,11948781707339 5,382220402864443 0,0799488874467323 406,97088069300526 0,9968924248478344 415239,8805835988 1
962,1189497589208 32401,622318554382 2,9827053569041984 227,617992098347 713,4318447873089 440,40461776863333 410,59144310591034 84,93808352904095 5,358423128767353 0,0795766969285351 405,6502594931732 1,0033438586006453 424080,98038218974 1
957,546955023511 32167,191793388163 3,0346630055119213 225,08684539877893 720,9589495595246 427,37765978599566 409,1456516074928 83,40551117919398 5,433238291417383 0,08439491803901712 410,3846491708543 1,0034136299178393 420889,2734621079 1
961,7266146940256 32142,88094972279 2,997896060299256 227,25310147770094 735,083088697045 432,91193450689843 402,482094518293 84,85002580297095 5,386794654925568 0,08395107840820519 407,96846214737366 1,0027561429523602 425335,0327198388 1
957,6999183964658 32355,86216982697 2,9917757874637565 233,9440467125207 732,9147829658787 430,08374421786334 399,3845397637964 83,67462289568684 5,390597976149031 0,0841653215521235 411,36827270230674 1,0012206022581422 421151,08798249956 1
960,9877208095237 32265,178368461788 3,002488614786226 233,98883891568738 737,0186945489891 429,65262065549706 396,3317735991238 83,24386668898602 5,378758234956296 0,08937434368079682 408,92641943641473 1,0009740503229023 419968,45399742154 1
962,3753170897152 32106,23615406696 2,991123433317534 262,6823653875469 767,1827616666264 426,9100871048407 407,82704655066874 80,84997919061205 5,366633558747792 0,08890606388993967 407,51856675839366 0,9943851136926598 420178,97489867406 1
957,2328492329572 32065,939836478 2,9939949035163007 264,4276249107007 768,9824633720544 429,69301788476577 400,95962065600906 81,27132937337984 5,424698505810713 0,09463705728223379 409,10299496485754 1,9991110290978826 417123,394371747 1
963,2305726133222 32050,389519393357 3,0108822794271726 249,9768448157802 746,2604731362711 426,79955707555536 404,14009003363867 82,95042714667892 5,418561392053657 0,09366499457644044 410,9221593784501 2,0014798870183323 421000,3615607986 1
961,477265736847 32341,93585167549 3,0044280031736523 247,0320656934401 754,3396214492047 422,68798896073815 400,1859510524969 82,7916510054825 5,350832783583804 0,09937305962029377 410,3518153461021 2,0155434976297286 419314,0377832192 1
963,0209613619573 31972,307449412914 2,995072502621659 266,7913881549718 746,4791702952281 423,4278355954856 400,2587537296488 82,63490322976921 5,371026427521874 0,09861540467050452 408,5352730820906 1,9896325531176908 415688,787669721 1
963,2343008287808 32353,679517676843 3,0121133698863707 264,467829602782 766,3831786669416 425,68809619402236 390,19229883277893 81,06528563038562 5,364863847473549 0,10341012183601242 412,20525891961927 1,9858449427313245 414658,2564595354 1
958,5313292838263 32329,175451909723 2,997295312072107 265,3277282635185 771,8245732774133 427,2580344462667 391,5991984738042 80,37474222644684 5,3671241386986 0,10245432595972746 406,70110211904665 1,9907971023687845 414628,6652519279 1
956,1325430969129 32175,41285449618 2,003680724862187 218,68428781172344 760,456308787972 425,8781771980506 394,5806447701352 82,46448343929018 5,369120899597406 0,10371902249936828 410,95093658170697 2,013949451053467 414156,6677741073 1
967,2540433848909 32154,6300322903 1,998929793884444 217,53882055180918 755,9083322476022 425,81502179677057 395,11710246946876 82,97185308900548 5,387401764840555 0,10601872557468861 410,0964858664761 2,003130375347547 419298,87401952187 1
963,7790078103187 32203,510755593466 3,0060525689486775 216,23242723712636 712,7301498854264 428,94045405154515 395,6602406219657 85,03691735456769 5,378070253765079 0,10617078687610398 412,21638794980475 2,0094884653243477 419687,4977225691 1
965,0848274114113 31991,181619402923 3,0167712149470782 214,54033187288238 714,8780095075138 427,56091661019167 394,1735389786638 85,01245903286382 5,434562619085083 0,10977945816031691 411,92177001244113 2,015723004095754 416993,7550083791 1
956,7575651318484 32174,36966392854 3,001300302942483 249,87732826228077 751,7339835436135 422,7819639987177 395,0863935848683 82,25820765297149 5,361311840650854 0,10998171597929852 414,1340927338947 1,9979327803003628 416143,296715076 1
965,1000715403612 32092,407940797908 2,9974172929827017 250,6972523691002 751,220927927714 418,4918760026404 397,3110056580018 82,26860019778015 5,401240866027959 0,11429899184939807 411,6108807662395 1,9913214649317301 417300,033136456 1
961,3584816900801 32571,57892402071 2,9941752972346545 256,98240252785075 753,5220991977972 416,2841834388019 399,36320827836244 81,97446987367616 5,363291327164561 0,11525131777322245 414,3411159324139 1,9979100986014586 411082,54650721076 1
964,3347319469677 32021,743635385894 2,99909003926048 256,2552345330542 765,4076425481488 432,92870916622877 400,05613933378214 81,59288452972609 5,379521822867471 0,11878963772073926 415,2900678777107 1,9773852417801323 416496,4021444607 1
965,0211912292319 31982,659082789258 3,01009540357379 257,37246119564145 753,900298784381 428,7752958723334 401,3047768740471 81,20884425120225 5,377697269895538 0,11904111526191505 415,8232865243238 1,9917809048557165 417222,3625533544 1
965,1753860690477 32061,436355008365 2,9919524601703076 238,82064001956357 737,7997350873925 419,86539639992577 387,79400254393056 84,28198889396893 5,42227858008095 0,1194387859490649 412,18090751265066 1,9923531513719677 419167,3279414099 1
961,5112992377426 32270,188530432788 3,0132810439154776 240,5948026322734 733,1670590885022 422,2821380235126 387,9612946457308 83,16624788669084 5,410697783975999 0,12152088939699597 414,7412855270958 1,9874852997545893 413167,3659531078 1
964,7948542393838 32413,772218800495 2,9912441873988795 249,48970766270637 746,5982741029586 431,73214067803144 392,4465680754472 81,9490148717459 5,406467045409908 0,12100732711843087 413,67138930598924 1,9917551259951678 417291,8100366711 1
961,9656355067812 32123,447357132765 3,006454789208802 249,0185033105082 755,6489070370616 431,0176463106856 395,1178402596887 81,58459369994519 5,458185649034551 0,1248088460781104 413,853563826348 2,013914377047065 416038,3938743643 1
972,4233990475708 32172,307339309275 2,991326092621372 252,4349372215706 751,1145682997297 422,22118271584986 385,0983194879058 81,66151234556592 5,408471818769546 0,12358020502591396 413,66175230599015 2,0103055023516196 416905,5596797482 1
961,8621961447567 32088,028889723195 3,0125012181499224 252,62272347130235 747,9013357118522 423,28878827983596 387,89410732876826 82,44505079194005 5,378328693387856 0,12876354652445274 421,2042752098444 2,005019121588658 421825,3745138973 1
956,5853888367684 32058,709380361885 3,0005615010919984 248,0407499662753 756,9017540978701 421,82193020763714 387,18947100853467 81,53617219118219 5,380910675476757 0,12715304472544425 417,5836287598285 2,0070906364353958 415520,3573794098 1
965,8897015991536 32423,71396178329 2,9881775646263526 248,98285805218515 745,5107882544786 421,6925201754064 384,5463801273403 81,91761393096964 5,37570309615502 0,13007753461563742 423,35934992881215 2,0014437608583644 417904,39026198373 1
969,9407072029805 32432,192742772164 2,9801812098184923 250,88221275028064 750,0481447278985 425,2751984325017 382,05281669068637 81,64197475700227 5,408766966927482 0,12861746188301254 420,5062272321235 1,9987393445786488 415987,5622062332 1
963,5018425006888 31858,897381614894 2,972154390619355 239,55220992695365 752,205772133052 426,9683907373099 395,56068958456217 81,1307387659433 5,396430356920462 0,12921554088085815 417,72040156796845 1,995432204865285 420547,8626317741 1
971,8466854857812 32219,713198862388 3,002501549808639 236,88030230675176 756,7076086124462 425,1597142985542 392,6413549441664 81,68894485500516 5,376886624145783 0,13456512136882245 420,2293741602151 1,9857760921695673 416065,54093739437 1
956,9526922528478 32348,32700753996 1,997340751720685 253,92088146995152 749,0567364987505 425,43641390946124 391,51532987866784 81,54371415624843 5,373570532664722 0,1327251007576494 417,2491272622126 2,010454705337996 411332,3099984048 1
967,9533228245411 31986,51476094954 1,9869528312899216 254,06471537052744 753,5750431430481 422,22506944340626 392,50014660432396 82,21604548080244 5,416135734970296 0,13634432610595631 423,28127074614474 2,003258015640492 414856,2992460915 1
965,7188730495044 31918,029308414767 2,989245578439262 264,2645402177046 767,9898084482569 418,8430787908251 376,15279177937833 80,386055070883 5,384644654165656 0,13801145240379917 420,04635170829994 2,0041988040050116 414219,0187169123 1
965,558949641822 32271,46338467351 3,0013365165595007 266,4863641658201 774,2251741383384 420,18533908150243 378,7415416349682 80,34975920487287 5,3683258093633315 0,13909687405845483 421,04199249627493 2,00229106693753 411071,15661026456 1
970,2509810598593 32116,043918501906 2,995231952426556 257,0768745121505 771,5895027567918 420,2631992047669 376,63691958716817 80,9600690599609 5,344881491221605 0,1395812652674844 422,1369262099286 1,9965184977410901 415425,5548403679 1
973,4737865910479 32258,07224573953 2,990062620048905 256,5569675949706 756,6132420653686 423,87570317479344 376,7010534890421 80,45189912347821 5,381855156042515 0,1414401909014071 417,06876854974604 2,0068631359372677 418809,8006464649 1
972,1239765363756 32545,910619442937 2,9763490484769166 257,71610132936746 760,1046391155603 420,49962068756025 377,96391019875125 81,60087684928489 5,395534197081365 0,14120371594174883 423,0409972615788 1,9911365202260143 415004,32913680637 1
963,0995925143989 31922,462096558753 2,992791780834915 245,05002092260156 754,8334906566149 425,3557640910443 392,2027857505799 81,16008379954111 5,41338810853088 0,142868487996589 428,5077198752465 2,0072953582639395 416367,3496958008 1
960,6445864902768 32440,43472008659 3,006292818993307 246,4173758148137 754,7250989147624 426,5729256895238 390,6985196466717 81,70221729809133 5,374930881114506 0,1437569095705011 423,0596251814842 2,0043840005783693 409461,78571565077 1
966,0214862808832 32057,861320463213 2,9936483191399628 259,8681573450513 763,3713768270158 416,2691598815062 383,2351529881006 80,75289595614808 5,3515321429895994 0,1445361713923423 422,6368805580528 2,007425637965723 410073,84295837383 1
965,2462477230241 32265,543184673792 2,979135245274536 257,72317934174913 754,9910291394538 418,2188079769765 386,7364787579081 80,82844006498624 5,403306917056514 0,14649131188464098 426,70253744726335 2,0098223900129555 407433,8694398804 1
969,857502258236 32105,897823639083 2,000131307619474 219,5352158840498 714,2970856096508 418,14509717411613 374,11973665800986 85,18357105860737 5,354512728743977 0,1477479930750018 424,4497324432741 2,016813229548508 408170,3334230809 1
966,6221111298772 32019,330699642258 2,003129392972828 217,11225285058623 709,4337756045749 420,4307350603785 375,55633944676885 85,10841554078563 5,434335288878144 0,15118850889744848 422,5269551250307 1,992825842138506 412656,51312197663 1
964,3119197704349 32310,836543450994 2,9881123594964496 243,6711332585003 720,0989703954741 420,5629087347851 375,45024518769895 84,02247295473187 5,394681677303933 0,15000154904428664 425,3163261013015 2,006475963057153 410533,7246941599 1
962,5433873748372 32349,822238836063 3,003729164718856 244,8186604318395 751,6759606005849 410,6855676588125 375,17237322198 82,70975693618021 5,394343217104157 0,15226317649519708 426,4132578613 1,9978886341480595 411888,6014217779 1
959,6596655599675 32031,032289938372 2,988294381778766 244,3879374231696 745,8807322020615 412,39408785339486 375,0669262964117 82,55576825192217 5,418941725453996 0,1543038090320456 425,6316705170114 2,00203933546709 409131,41053753265 1
967,4606893299564 31883,43066587027 1,9998851656804595 218,38371660855842 776,602746343693 414,2675122189221 379,3548531450165 80,82595941558439 5,388594158648742 0,15176526996023804 427,3398028284995 1,9875795152886055 410453,4036520743 1
969,9097907103607 32104,240330938064 2,0061410002713744 219,14749894808418 770,7003775129438 413,0823908097097 379,65718802806185 81,041712591668 5,377357068558 0,15454301832771716 424,30151293563154 1,9958333624203852 414190,1921317411 1
969,1433884898312 32052,92664350814 3,000934880792145 247,59859293614358 756,4339720738798 417,90515938635485 380,6562481786814 81,79175289673722 5,372597628515248 0,15503319863039294 425,0668842288078 1,9850996898136208 413498,71059550485 1
969,154166435718 32425,872484464377 2,967155593155829 249,14932132763096 752,1231252918141 418,02837179446357 375,802158225747 82,38421947160778 5,379405984319353 0,15632522703126753 432,11542555675913 2,0086668020330682 414270,52919557726 1
965,0701582566367 32491,886868697577 3,0016610256536653 235,1028443604043 728,0297113927779 418,04229876069655 381,3515969214808 84,34797228657885 5,381610965517234 0,15733809173315344 422,682362536873 1,991909389920151 417501,6245934157 1
964,5025487381333 31865,256439514626 3,0032815298526563 231,62231487045864 732,8176307089495 415,6288352375056 379,6445975642073 84,34622717914775 5,426727676329731 0,1587395618877282 428,6683902112909 1,9976518253093298 418878,1741055904 1
952,2644488122253 32165,17646971434 2,9668925958087646 239,74487085866616 729,2210552398788 416,75362525342393 383,99551468320095 83,2188656341091 5,396139109491756 0,15822870808482714 428,48525225422514 1,9908672394993434 413665,9038584132 1
964,862600299641 32102,833586575514 2,9951745497690556 238,5437450447809 740,5220345556004 425,36929756928646 388,94272515615086 82,19392724822966 5,359211295030502 0,1622748715759811 430,51742889583767 1,969603707524732 410537,84689466277 1
966,3580902713722 32045,100758405595 3,0073741991224265 238,34361242635552 731,2289594531459 421,199458700689 385,88031993895896 80,82177013000391 5,382178381078558 0,16234377935594482 428,4557009690112 1,9972895265139232 414408,04412448907 1
962,764612090866 31883,829454056162 2,9495135495204394 264,42793729688947 764,1477917176637 416,7493226926247 386,83783803186424 80,23493326049318 5,429725615926638 0,16317611476466062 432,31222239581155 1,997291869965055 411789,93136081874 1
962,9826563545997 32108,17465509474 3,0136806325691547 265,48549862403314 768,230378157089 414,44661174116635 383,39163717674006 80,4521144285442 5,375090202738941 0,16353303712659994 429,0544215409938 1,9971521710324696 410545,49898904323 1
964,5597354922654 31739,15827023271 2,996310724379116 226,564624013315 730,7878149691348 414,4390462858596 382,27863220924337 83,1304507318304 5,443941925236157 0,16224625169887652 430,89065599286846 1,9961234700384376 413855,40240656136 1
967,7297825294189 32180,99078828923 2,9765215605660154 227,02558794190026 726,0927096823442 414,0790973908649 382,6281658333551 83,25674556810439 5,429637711717364 0,16554087649194202 432,96440407254346 2,0114877570695957 408410,0823710559 1
969,4388616487802 31968,097342295165 3,0008668067429944 253,90339502051066 755,2171975437866 419,3149803498821 380,5894557452728 81,66046537966774 5,420840880473342 0,16507947516574392 433,6983352111905 2,02326821433346 406665,96264784934 1
966,7187238353501 32360,490591362264 3,0109299763698223 253,8133570812323 754,1984233857426 420,5185339650308 380,4698122280478 81,45115654052923 5,314910989789578 0,16426748400807908 432,66069656855075 1,999277464283644 404765,85868784686 1
965,4127777432248 32075,158615736957 2,000768427625986 218,09601844477737 762,3306832267499 421,1803179418846 378,4493281306011 82,08837199165147 5,381840747356913 0,16399028907716448 436,7975777001158 2,0059375734811087 410660,3272556374 1
971,6102662031328 31922,954776741313 1,9945686524231931 216,5237237152763 745,57211148575 412,92739635941757 375,48369932245316 82,65078447134131 5,395562645788184 0,16549416024085248 432,36539062609796 2,0034092443280165 409271,07857855764 1
967,9063462314267 32178,53615451429 1,993574271441571 217,49735351468058 746,5555162965815 411,0191102862664 374,9899917653975 82,40896502085566 5,437482187276548 0,16319741580111785 433,32740538043424 2,0195963760789892 408804,97596271586 1
960,9385781846091 32254,058964818007 3,005482202022523 276,57061903453143 781,2964465939135 411,267282718471 375,74389737138847 80,01935502285775 5,39606518482207 0,1650333936768389 435,52037009587787 2,007025635769763 410475,870790993 1
967,1843681301707 32206,670875123826 3,0129857809399745 276,41291700700464 775,2267319443102 414,48198203170836 378,4699748383793 80,53728421514676 5,421394988891845 0,16764751484458776 433,911971142471 2,012488946523545 408288,10633418686 1
967,018668429473 32234,35461425351 2,98962266935279 227,99293991778305 727,701067130926 419,6174767444575 385,94705805197015 83,51111482223352 5,356643633688689 0,1671150171720012 433,80084407613964 1,99168606382704 408284,10789090965 1
965,9639023407672 32331,66107398412 3,013459291113926 227,79463482838577 728,7073910068173 420,09698847498436 384,46453313579843 83,23607102776015 5,383951159252918 0,16759132298660262 432,3500340853848 1,9803116317448943 407598,7738705615 1
956,463163081488 32035,793659276544 3,0021292780659135 257,1338782948541 756,5510111997386 420,96379325020087 381,62202833961794 81,05975636821685 5,38752638206787 0,16827799516176645 438,11710124311594 1,9974099228936482 413599,3831934995 1
967,441347357225 31891,30776792575 2,974229957977923 255,48221990878054 754,9102738339258 418,9904453149676 382,64552087906407 80,89394960333412 5,368193731543921 0,16807862364908327 436,0346480835681 1,9866860110089386 404632,834924659 1
976,7432123210167 32000,605811928872 3,0131111099104544 226,2044911504757 761,233750909367 415,8904530603961 382,09240628166697 81,28645647168338 5,400034361853912 0,17003041527664584 433,5387649642248 1,994037690289707 410932,3733661442 1
970,3395888198237 31913,35587311524 3,0080438422703106 225,04166964789977 771,5760768693524 410,7053988738687 382,51203264505176 79,92978702113479 5,447656107899452 0,1694938692631304 432,00679102716504 2,0058405046988517 405988,9529093908 1
962,8542637596621 32241,714516816024 2,9731032090241083 227,38303326922755 774,3931144755876 411,0902105080795 379,7987717359801 79,9779179807998 5,4000032611043745 0,1700265511791811 439,31045760160976 1,9936737043925044 407561,90649814997 1
961,781208456804 32244,739212367178 2,993815372012811 231,4849982132627 729,5922126447111 407,48450431207505 374,46207733839367 83,45370600809497 5,400776754516212 0,1693947044266309 437,9731106852999 2,0168155279994977 407811,7409589332 1
968,2002001311625 31964,910635745142 3,0118696774603873 232,10522101609388 735,2608028003024 414,5720945758422 376,48852236841003 83,05416140936187 5,39467199790096 0,16875985778995842 439,58439888856367 2,011761427200408 407158,27638669487 1
953,9030572200433 31854,79853387978 3,014716770919728 228,46398108391784 724,4792831216367 413,4452126269661 379,53414709508263 83,82237455003497 5,368338821908822 0,16921373775960766 441,3656220191205 1,971240119865922 401636,8431980701 1
971,6581343498976 32217,697196724686 2,997836817883902 228,3277852082973 735,8815364717038 416,2595527741928 372,2040913314585 83,41345925242165 5,366437988603936 0,16751039784913332 436,9772645082828 1,9981813661101968 407310,574651223 1
960,7874764385215 32147,310724962095 2,993485096940551 248,0862685533579 756,1244451719313 406,44478809903217 372,86505734720123 82,10809072746213 5,37237496232625 0,1682625050631841 440,076838154041 1,999708381352436 406575,79708120733 1
972,5851674192702 32297,564565970082 2,9969054146873244 250,74042188795974 751,8023989295943 407,67044163836766 369,04721066494534 81,07834050531419 5,360539802782062 0,17045781727866993 438,4588784428974 1,991785224739275 408086,10959344695 1
967,3163507401208 32000,988707610995 2,9809493059664938 232,83710928283625 741,4914222886059 410,2700435261465 376,62838963425094 81,8600840435041 5,353155126839599 0,16810227493026345 437,4452954445177 1,9958352634474812 407240,65371272 1
957,1654305803613 32143,617910540026 3,006510155222928 231,26050078155376 745,8483886301503 410,6328682775142 378,9034760930063 83,15289398653157 5,377141169686882 0,16917709138438805 439,9585134112805 2,0163875409443746 407698,0077724793 1
968,974736564694 32213,193197817145 2,9886758071575845 233,12665604353586 750,5345154839531 408,5205985479516 381,0059398815777 82,37863636240401 5,41298825036861 0,1705054381211408 441,7401332743765 1,9884926095960886 409524,8825294326 1
970,5380999705641 32000,30489767896 3,010237575312125 217,5563639109559 713,0270085226479 418,2256383095517 373,89160812980384 84,92026569454626 5,389222107808738 0,17189209827275817 436,38191317458717 2,0023626441011895 407708,20642352116 1
964,4031054204587 31998,200159759 2,9961626896252476 217,4192994946935 717,6834543602652 416,5224188534091 374,8898884296887 85,29333964180039 5,356868371150813 0,1711745296169958 440,39320142679304 2,0007626988387748 403552,2998596281 1
960,6562659059813 32224,278669201056 3,0395792691720294 242,43589141515542 747,7919064238256 412,5828486270227 371,5390603547006 82,84679593450929 5,35287174015464 0,17070791198270538 440,30723533239245 1,9946234960234148 407051,35438320064 1
