Co2(scd40) raw_signla(sgp40) aiq(ens160) tvoc(ens160) eco2(ens160) rs1(ens160) rs3(ens160) rs4(ens160) rmox(zmod4410) tvoc(zmod4410) eco2(zmod4410) iaq(zmod4410) resistencia(bme688) Aire/muestra
1188,4947614872576 32040,845143260627 2,0063515592024643 199,63513912747817 691,7731141643395 451,69366508003924 543,2666270960374 87,4124368966696 5,3626508820173076 0,04843822945277071 413,3238856780886 1,0081497644536221 558989,1648785543 1
1187,4668003056374 32199,71914790487 2,0083909023789825 201,1094611162525 693,3752453978327 452,1659230157668 540,961044567437 86,91602050745317 5,367751780052131 0,04815150524298651 413,58528966088716 0,9980217643608518 553596,6577215024 1
1181,1803831072411 32206,476977172464 2,017555906288101 164,76131214123635 696,1874488622755 456,6962247781327 536,2388938270631 88,23772549330594 5,385491995155021 0,04803877497048469 414,7340727699674 0,9916822432925102 554596,8629604633 1
1184,1602057724576 31955,852705482 1,994871668017183 166,14364631356142 646,8803253162267 456,1380466747985 530,8607186696764 91,54936337008309 5,419227790809733 0,04853332489335918 411,586448417004 0,9929746187171548 558516,3591204229 1
1183,6553245887997 31918,851853750813 2,0024409019517617 167,3933086766437 649,2094313010782 455,1245016155545 529,3744069949674 91,29993579291794 5,434048112078213 0,04869695858169325 413,0648467930385 0,998135218292624 549725,4869199385 1
1185,999843375236 32145,8230159867 2,003916778877532 160,8817585413973 621,4247257292526 451,75209190510816 530,812654628839 93,3084807495614 5,373626635729695 0,048292004405092404 419,0018415182338 1,0003803915569762 552286,4128907875 1
1172,969370172025 32005,91770708498 2,005241313016264 161,85929734135684 617,023943370114 446,2502289772913 534,1912731946155 93,95666608624084 5,407823885473412 0,050152508201778995 414,3657212627542 1,002882074721042 547509,9149937154 1
1181,4815285480113 32142,790716740663 2,011492144598906 194,91190477169056 692,2327215099559 453,2093770818249 523,1295077895007 88,38024877094122 5,425562236206797 0,04993230504994914 413,40913818224857 1,0017041768691226 550200,5364261745 1
1193,0373898864411 32289,225006385106 2,013237033850591 193,6994238355185 688,4977815708888 453,91532817766057 524,6334230558404 88,20326400882817 5,429311066336208 0,05154099879427813 413,14872637026673 0,9879613197644374 542861,4531561021 1
1183,5847743924248 32092,248098509524 1,9871779656002988 176,84357106845843 661,6647782101433 440,4432548254927 510,1009236689691 89,93436776544036 5,40381203842505 0,05168139990201431 417,23784995687583 1,0045810887179483 549834,5397471094 1
1175,961807556024 31982,77241081172 1,9988515283365276 176,8918919312051 659,2492168046316 440,6241193548751 516,18061135766 89,92091653732476 5,436550168955342 0,05320041776434412 415,7418301264233 1,0022419039954427 546842,0758032367 1
1186,6506777148938 31974,49863754631 1,9997858815982552 182,95262727671286 658,0327071940458 442,21639764667816 508,48529002261233 89,67604846990605 5,412413030240784 0,0539245589140327 414,0416842382941 1,001831283904673 550610,8096283204 1
1179,597962036282 32114,92744581404 1,9911838023237756 184,19609988169879 671,1034506818622 452,58088581656966 515,3707493483506 90,1795422259832 5,4356821570429865 0,05597050123073253 416,1269165884122 0,9945335903286575 542567,0247225089 1
1192,5468383492655 32120,295178616652 2,0164697165815646 183,6836071501558 670,4842322472521 457,7898798516019 512,6083451759849 89,14985854715006 5,419825322003314 0,056309154473339965 416,0420596975568 0,9997290712773844 546984,8510377343 1
1175,716947517889 31776,703254171734 1,9954391485657117 196,47747476736723 654,2102251255421 450,5232290776086 503,46963446451423 90,23487494498215 5,405123533710135 0,055729762693745105 416,9150086016993 0,9929555399018793 546223,0197232263 1
1186,658938231387 31944,39444893184 2,002375857246825 195,52094760897694 659,866552422605 445,8670145083193 502,8270325955728 89,59573114329572 5,373887456014338 0,059838579102365584 416,90599240732195 0,9943255229979506 541824,7734248895 1
1175,8220016657754 31814,265155715068 1,9973696431114092 183,6588353606258 674,3575083939555 447,6976281589918 496,43848615951185 88,96394705437774 5,3262645295448365 0,05965110569892741 414,41865707874337 0,9963137823143235 545044,7871432606 1
1196,0218062775514 31793,975118719118 2,006679415239683 183,32800458000187 673,1765247983423 442,07985858030406 502,06882121131673 88,28730863501018 5,405213510634438 0,06321548025194362 412,9524316041255 0,9949044088715275 543832,5049117192 1
1178,6723100648248 32155,015752065425 2,013737944485492 182,66591939216366 676,8033028582948 454,456213566507 499,22347813507525 89,054161632439 5,411509853158416 0,06242278986615699 412,17070286780114 0,9954371583037837 540773,4554708422 1
1189,0746708590002 32020,1742107035 2,004011325723952 180,93686622226417 670,1699465734273 451,5563504414664 496,40255781570335 89,8509524074364 5,389782222181997 0,0665051888302895 411,10190187660083 1,003036837920473 547335,6448500642 1
1196,6348883048558 31878,51333241459 2,000137796221999 172,19437523333926 670,9564661646542 454,20943861446483 495,59759268208484 89,70094504899984 5,419591293155385 0,0665199798140785 414,3326947705933 1,0037347165182826 546241,5485271623 1
1184,4548387751702 32150,509619938228 1,9905670646322189 170,48690582429148 654,1941204827945 441,2435610281643 491,97262495601643 89,91936243571848 5,3930621828285314 0,06999329855971154 415,4229297868685 1,0024117448871468 541315,2071977964 1
1186,6319997041535 31975,443286168094 1,986991557844033 171,9071601934581 663,5371094092837 437,08676880730934 493,3044114892018 90,44227508642815 5,374780460914856 0,07003178769488902 408,17586426063474 0,998388068539577 536193,7084788389 1
1185,939663365154 31817,342167614417 2,0000924688305655 194,46339896894625 655,0203859869756 451,92520367368985 483,3516748946033 91,45216186452383 5,415422774434815 0,0707342393967999 414,6229471889265 1,0047448156246546 534568,7996712638 1
1181,0406707898792 32141,84407006572 2,0110541212589688 193,24704652726183 644,5511001537335 450,41180602569557 485,6820129702222 90,9411900865699 5,4204868389608665 0,07393136040074319 412,6744909225871 0,9970396840906985 542792,1488320758 1
1186,321391123595 32081,722721845686 2,011374425868457 194,1821986561276 685,8058163646252 444,0608170032676 477,5081547834086 88,90534011428167 5,460865664632108 0,07376608129534752 414,13459167587996 0,9963970432533252 544507,2609514191 1
1188,1758028260251 31976,52181422759 1,9826400956992438 193,95271876814445 683,425476069256 446,7663316629524 482,69240830048483 87,6500025077335 5,390690831140152 0,07832036568123174 415,3412894095092 0,9996651426662371 544356,919726362 1
1197,3735090895177 31844,340663219486 2,0037277933293653 180,63416221748682 663,0160629177778 445,41169370631025 487,76826211461406 89,94357365389436 5,43079407221357 0,07799945997361271 415,08696176879926 1,0002154419485958 539881,4734897403 1
1189,9494945228105 32079,345741623332 2,0081164890136955 178,62927916025689 665,6612538643146 442,90768751333013 489,64684817770853 89,09849347063219 5,406776351459395 0,08275559409820608 408,9350721735666 0,9950245745970995 544496,6211698024 1
1193,6909389726338 31907,584905925178 1,98642596750066 193,1338780142141 671,4574590054285 445,2932074258928 486,9453098933583 89,77668396619282 5,377978393245662 0,08408787725053533 417,39016391044794 1,0083704304731747 545581,6841214217 1
1189,9635455560121 31748,436280650236 2,004603556196068 191,69121178475538 685,1584508912667 442,2199728003818 488,3456990694215 88,09435709202245 5,41624704782977 0,08927401249983148 413,4788897243153 1,991816299849946 545849,5517589548 1
1181,0084884695107 31714,868399961764 1,9947746242366036 191,85589163053038 685,3742680072561 443,53611010586235 484,5626346180883 87,57157808970159 5,447092648449524 0,08957801628192186 414,6855260169358 2,0043844739285457 547227,5929626991 1
1188,5636920361883 31942,95892108094 1,9776875544283965 175,84841573715667 675,5053961357021 434,18191891341024 480,08557836939 88,49903628282487 5,393372003075843 0,09029104489810244 413,48974457915784 2,0004024827275315 545561,7544895308 1
1188,248740055753 31922,3427171753 1,995807823522942 176,5396552597575 675,3763838121645 433,79834733339885 478,730692851594 89,73300630645718 5,354227818631297 0,09489325309540925 413,624845465621 1,9984360268744 537175,0843043379 1
1182,5859088188577 31768,927737689082 1,9997343335034061 147,55315987300006 617,6236679693222 432,0447469547992 476,4022281528143 93,49083736465946 5,392632595929552 0,09489510081370912 414,270784153718 1,9941171718890107 541876,516177004 1
1184,6790284810663 31780,90307671575 1,9958793971017446 147,1596811586679 625,4548116381392 435,01609930776885 480,93081614064886 93,13909257891288 5,445875352242412 0,1000353709826946 416,75239698088905 1,9932945848985704 541902,0756738879 1
1190,2585929076258 32063,76040907865 1,9953429517877421 174,8460595623364 663,8124913231227 432,56356152482437 471,6273708368765 89,69838793857042 5,4451547881483435 0,0996463412700872 418,3803750915877 1,9965747268709413 540439,4027061869 1
1188,6787454395476 31770,064412924603 1,9982048739545266 178,30288065342594 658,8349138067409 431,3575780081014 472,3645445719317 90,287161858711 5,375514108396239 0,1042243335139526 415,84050032509225 2,0012359024340536 538757,0969422618 1
1186,892956954543 32080,47309557605 1,9890215530065951 180,2431764577626 665,5868591871132 428,05299530604 469,18237530120405 89,3730489721804 5,377660799035013 0,10571978284175713 415,83088026364373 2,0035777462998974 539447,0425167357 1
1188,5133963505225 31895,60924113804 1,9783964380695624 178,81032455373585 671,617671751107 427,026343499043 478,2421824362575 89,74456372077492 5,420989506093818 0,11247185003654178 418,471363051562 2,004194619681594 536879,3703177228 1
1186,8130076961857 31813,15189968969 1,9882253195733182 179,94051119406313 663,1222458684765 431,86169118538226 475,24562629054475 90,09280977808677 5,44211500728821 0,11263059959588145 417,0465656426198 2,0088199967187825 541429,745336377 1
1195,6948946368138 32157,291895164126 2,008617597960925 175,4831672224585 685,2290096332728 426,15864303509045 463,4079505190033 87,58693208579169 5,396838294855593 0,11289690125209892 417,1253113066193 2,0006233102945714 537326,6376424843 1
1188,6455129203148 31851,263428087543 1,9959479865799894 174,16389283032277 684,2364319749386 427,0430907559081 460,95149261115614 87,9744480879004 5,430170751997616 0,11924073393236713 416,7287084401943 2,008095755579606 536161,207588364 1
1191,6566425868305 31916,21386780373 2,0025000525972017 151,1714114352879 626,046142575299 435,8164030365431 452,3021978170054 93,22949960438085 5,39990618073051 0,1187496629101252 415,8186391760432 2,0012793888418217 538395,9913254336 1
1177,2894971311132 31754,315077808653 2,012732727412216 149,37739681119388 627,6341971507472 434,6400854283768 455,0470571730061 92,82333870105087 5,3854159893805535 0,1240833588220743 412,96626488172507 2,0062931708159133 531967,3106092783 1
1192,0281736311756 31775,460305739376 2,0092258033987105 167,30151967244558 648,5846885846098 432,48969692513566 471,32811677784736 90,93095908456141 5,438584246811511 0,12510237771485358 413,6414993944562 2,003033366213011 533536,8061472408 1
1185,6988187043855 31392,914022400197 2,0076082928445835 166,12600269309405 652,555766668608 429,5298220150817 468,9993193130986 91,14543790670133 5,40000285036026 0,1308498427667618 416,7168418952063 1,994569912232872 533373,5291443021 1
1190,6718999306422 31750,145911214076 2,0125838134772276 182,5190106601909 650,7437060438702 434,53804375746404 466,92655671751436 90,72874325635189 5,426249781521924 0,13002768932711775 421,50192944296225 2,001074828165432 535212,1989244913 1
1199,4477100667534 31832,145095585664 1,9916678470267606 183,2652505443806 671,4110223972596 432,07490425462703 459,07990307014165 89,44771091453397 5,447597364668307 0,1373151919388291 417,5667009920104 2,0109739678547913 544364,3761631898 1
1193,6724604048322 31974,423887624234 2,0043346764637713 180,79522973126487 668,8029351312973 431,2391024445731 464,02837403990605 88,55710858219604 5,4133714092397565 0,13942418277559399 416,73903886933533 1,9993088568974178 537801,2656807754 1
1188,031485680095 31886,24885221582 2,020618114768378 186,26294108275255 647,3574471187226 431,10379825580696 463,9045219407806 90,76246812708649 5,4159902321029625 0,13754513190720072 420,05131574066957 2,0150767217116234 537795,8164073755 1
1193,291508975498 31737,928626772322 1,9994407626463004 185,37117913645162 648,3288655399812 427,5188332161752 465,2495011385142 91,17859802082673 5,362916550354434 0,14422666187415775 422,84318681624853 1,9966416512561727 534597,0036784356 1
1187,4081039327657 31935,339357879922 2,006990537830494 182,3661757397943 673,5302632257176 427,22139267639074 460,44886028049143 88,71447000990395 5,41498353858664 0,14591687102314574 418,2993594526727 2,0113623226086887 530490,6983587514 1
1187,3715330352595 31740,071989973178 2,016231806470101 181,28863950580566 669,4438708286219 428,6987960089202 461,2901776930126 90,16945219510731 5,384154646253775 0,15179957158319504 421,80482756425647 1,9892240993943118 533511,7934670238 1
1197,7911144763195 31550,620965591686 1,9952296968342578 174,25246980092956 656,2677231108316 422,00652668378575 457,632505330276 90,27635566969478 5,434742300248851 0,15186597942403893 425,37004658014683 2,0098507807780623 534248,4772059495 1
1198,7518409834545 31655,26542711007 2,0018516862140268 174,44556755593499 661,0889188765185 422,8956982592086 460,485244779548 90,61089659710366 5,4276855886110855 0,15795916902215762 421,19538060116787 2,004028231736493 534196,2595118106 1
1205,7192892864687 31854,845891816934 1,9969972918825145 162,060499266803 665,384225831696 420,36600739980196 457,65401980837163 90,39635421911919 5,410488440296758 0,15750281988061215 420,80771364881355 1,9943546447858682 529327,5505866122 1
1192,8286172472792 31994,33817990215 2,0078292709659054 162,14301157462253 643,4623349068387 426,1753142286693 453,7808769934052 91,70772632915258 5,415901861258282 0,16364846705883712 424,98706236082086 1,9958848415001125 528553,5494737382 1
1195,1899704757689 31890,11405899752 2,002158000061587 162,10154449366405 646,6561023380868 425,21506864384344 458,1460299185558 92,8800291012489 5,4239722504736285 0,1627991731011621 421,9537682857488 2,0240655928157207 535478,578555809 1
1182,6797218589616 32069,22438410416 2,016848532878696 159,6049707202316 638,9335686402316 424,87190091499065 453,87417703203863 91,676789287759 5,417017165017349 0,1630498540798158 425,4724097512613 2,002131720688044 535608,7040066607 1
1188,771176541481 31953,99146332538 1,9987990051178979 156,1684679082954 646,9315178276302 428,99399617857745 456,3157075638931 91,67126757121315 5,404818307775017 0,17042841677034487 424,97319235379706 2,0002579556005196 530567,7058652658 1
1197,8036203454842 32088,11924624996 1,9871244737063793 176,3822704768995 666,5826554464695 421,85903216950794 449,6383019979712 88,89252347922275 5,366464536177635 0,17037095737891225 425,45352932143817 1,9922686997957435 524162,543255688 1
1189,6424066742845 31671,227358720815 1,99945380709579 177,25894705812317 666,7037277159284 425,31099316422393 450,3582279772562 89,96147785477858 5,464565273438758 0,17536974927971485 427,933884943472 1,9777121473089716 531626,4469746312 1
1188,856918872015 31895,746879659164 2,008829296943639 162,6678430838933 644,7344037410284 426,6265148636498 448,7293022729966 91,33845471067319 5,414995809878386 0,17585254246830198 421,11120833352714 2,0039405456892787 531055,5870087715 1
1204,9784636439374 31812,80441553265 2,009239418712861 161,82097463452922 644,4357160229048 428,4096460566886 451,0864383915218 92,39795639580262 5,411677632970285 0,18182419931595792 429,91535119966437 2,001874681698062 532780,0513479746 1
1209,9972906365363 32062,734170656146 2,0082044337467395 195,2724269878011 644,1732727925145 423,87395493647864 446,2848276388472 91,3245890555558 5,408114180629276 0,18369730005719398 428,0328449998419 2,012989308693242 525515,2323702011 1
1198,4092844743052 31662,41667711643 2,007199310075599 196,14156984493633 658,4475126577463 421,0794656895579 458,7909327425503 90,4872727441453 5,39579192590544 0,18643484411542038 429,5073801806817 2,018873337472176 529208,4632437301 1
1196,8575561666216 31824,217903559573 1,9959286331316801 195,51816434024477 655,4647663990401 417,472827586245 456,6344513074149 90,24564894857528 5,387920487945674 0,19008561226581003 428,44014420383525 1,9917926895443652 525168,6112415988 1
1195,5320904141524 31922,89621025005 1,9942854985621312 177,43220092668838 663,1172336711969 422,54174657854185 451,630347860664 89,61579765413688 5,435382267648875 0,1892991551967456 429,25117505195345 1,9901235543334534 531163,8968889242 1
1199,1476189284874 31904,714084187428 2,0215100502237124 178,18926852752026 659,6477556198921 422,9515649322496 446,8053429398357 89,99401719827607 5,385587784438677 0,1937614431589276 430,2332799126813 2,0106507065712815 528372,9103671231 1
1198,0346428671671 31942,97630891105 1,988888141232465 169,67760028745477 650,6598097710986 418,39854103645246 439,8615008739229 90,9499079610012 5,446172780467758 0,19371300899928104 429,4187156756345 1,9959686483244483 529845,8831631376 1
1203,584448680994 31793,787106400134 2,0045758280265122 168,49664833405004 651,8518852319869 415,2593334617794 441,6874227226531 90,41366855657357 5,362005027167169 0,2001364584389905 434,3873754263559 2,007464162666808 537799,3656263604 1
1201,4744460119016 31712,409089691362 2,014227352296252 164,6829334240913 642,9435211975119 424,34802476039533 451,693310186007 91,598179981064 5,398172477868131 0,19785484711112397 431,87307173065284 2,0016293781578964 526972,7785240524 1
1200,471558544148 31725,506122989293 1,9913930247757428 164,45037456430407 653,3361578873427 428,8891835401245 450,32865300713445 91,1935879456888 5,360085893977507 0,20818849560034414 428,5761186111039 1,9985939239294468 527659,5516337395 1
1198,6673667517498 31657,642055388107 1,9973789173089185 199,45741489020463 642,9225046303782 425,55706436609245 451,28409103066315 91,40206540259662 5,398108164996004 0,20696721851630392 430,7570384510565 2,005757311352018 525470,9403683634 1
1201,971867760421 32074,498973201476 2,0083846518134156 198,59128685131887 670,9888846787138 444,4914535306377 447,7831299450921 89,04538736089653 5,380755912913026 0,21099646126350569 434,9642008807187 1,9755210056430557 528919,5673289179 1
1199,9360605886873 31802,799521117573 2,0062983993637498 197,943524888573 663,0516189927429 440,077862017179 443,7744845225969 89,89560289058194 5,466162275169721 0,21176847599357956 434,2189179721247 1,992674629101713 533751,100638869 1
1207,1145278122126 31654,649060264343 1,9900989957752564 190,46960941001925 683,258698574188 409,58743696735803 450,4799625735132 88,18034723535452 5,422399376166231 0,21150544537622049 434,1666515258417 2,0034975086675053 528401,8162221581 1
1203,9418484545286 31787,738520226103 2,001654001842554 188,98236839391456 681,0206684702265 409,6061824592598 450,59258216022675 89,28161441197724 5,413813196749143 0,21923146554549175 436,0318062278972 2,0134810432819985 526193,9721780776 1
1207,1280609968517 31970,45321475443 1,994470408234654 194,8616927729256 687,0279501733796 415,49299715964037 444,07420172201734 88,23735059478949 5,395114597146965 0,2181347732507314 436,82818217056683 1,9893083933462976 530364,7412846063 1
1192,7874967517548 31860,901908374835 2,0019109185496897 194,85548337630559 688,6215005640298 413,3740052412603 445,9336530380476 88,3660009235591 5,408728256766342 0,2236098355352355 436,8413498809036 2,0190820593172667 528070,1004529623 1
1208,9402749877006 32027,357726826926 1,9857894894777661 172,96465618439086 657,8799236236806 423,23977419455593 450,11439396694635 90,02620882428003 5,429881970539418 0,22593111776729946 435,89202804026 2,007636146449894 528396,7522347384 1
1206,8096499242897 31686,29721173834 1,9978659623878519 173,00426561145014 663,1987070695255 423,1155703710507 444,1640676055598 89,93157802198135 5,400389790421313 0,23006052521656686 439,86145419843916 1,9929637085985077 533062,4514213771 1
1198,5057119761645 31892,250652645194 1,991709773525446 187,50576476913002 654,9168785943854 421,71459440790153 445,17055278631034 90,67677248551297 5,381526970185909 0,23200508883362597 442,12192961604603 1,9910762845411132 525119,9285203968 1
1204,0589120201737 31943,335801966605 1,9826835406210535 188,13411015545458 688,768100627658 416,5983988423834 436,7459962975265 87,60384901141398 5,410487459524687 0,23741567460246105 441,43826046368133 1,9915813779237255 524594,2770970623 1
1205,9065785260184 31773,73295332587 1,9976078267610502 187,60539108260699 690,4157354506514 417,33186747669447 442,60650496407 87,96328540917659 5,400169486949346 0,23927976542853668 440,1579135877505 1,9887216689518852 523147,79720671434 1
1208,6985231513165 31703,365647245042 1,9840756811392446 171,48076969845013 655,8853659498774 416,36026008167835 434,24274583808597 90,77181392306002 5,401562559365966 0,2377767693316649 442,6911397591449 1,9987579106362694 521419,85510598193 1
1208,9616546433945 31701,412921974774 2,0081642103389807 170,38348789355987 655,7249167459262 418,61663305427754 432,70606113169856 91,11616908744621 5,490742466071315 0,24213011380592403 442,45680241690945 1,995037650030209 521058,98714903684 1
1208,2121416781688 31820,208305121494 1,990260358813658 198,3177591150009 696,6503445882902 412,5670372302828 430,9586526875353 88,53806696716308 5,4446577545581345 0,24466460578313673 442,1921307693522 2,003725078364182 518065,3983985397 1
1199,5296708117535 31640,19674310519 2,0041116845998608 198,57005623269396 685,5959489362295 411,6176781789431 429,1219589438547 88,00806206100671 5,41967015458254 0,25065649151515584 442,28509359564083 1,967609817568372 524920,9513035738 1
1211,709066005815 31921,55850280864 1,9942368086934215 161,8093614209804 641,8725867355084 408,3747758681864 428,66816736535486 91,47448884508927 5,378945503334428 0,24933743569221603 446,2768043911305 1,9957410291047832 524922,727695259 1
1201,4597330417207 31518,230711004202 1,9990538702327647 161,0440833414376 648,2093487655959 412,9078512588586 428,56754057877 91,50249137498868 5,359442319493481 0,25597706346715726 445,8964970030404 1,9936332128810128 523616,73219719046 1
1223,9927700899639 31673,577308383305 1,9951956114824871 185,20431668326384 646,020979162566 412,73159895270385 428,6574876955753 91,93624474086043 5,395570209034876 0,2549123475931793 445,65632764610655 1,991032074497731 531038,2525516585 1
1208,072098838848 31824,908177599245 2,0131719721705403 185,723888077217 671,901373629438 416,2890967827839 429,31892747719115 89,59587112686982 5,428157907188731 0,2614094925431431 445,20645021891113 1,999999193924078 521642,43067357445 1
1215,3637540355453 31849,17242720213 1,9972470483726097 187,31233824670306 666,1444420065475 415,7104384669991 430,79359414419184 89,53940412529877 5,452419797967909 0,26105534743134456 449,324108475621 2,0024027264734165 521052,2271981973 1
1208,0799420631888 31651,962261318833 1,9988620811953146 173,6558933222279 658,1487755324149 416,60939266754 443,5479029494033 90,27813898786304 5,39140261205405 0,26271635174920854 443,7424200424363 1,9967448234008438 517967,1465100826 1
1208,0561720721516 32026,22976876176 1,9963420603129673 173,81270097621814 664,7001199600944 416,4975149511504 437,69443889434217 90,29971355692747 5,465401761438467 0,2712998444680159 444,59038669140466 1,995631368521112 524372,4238658653 1
1208,0323202645 31824,077063554705 2,0065002862868195 163,6618260323223 648,5281574066689 410,6925904419262 446,64999060730236 92,02742156578987 5,374776188158914 0,2710451701084298 447,0355994585968 2,006257731481101 525257,3455959785 1
1198,679966250609 31833,587995181268 1,9772083475800757 162,8357309896619 645,4827716950282 410,8773307656854 446,9869084907625 91,35409547345088 5,430590952256799 0,27546823626400513 449,9277217378819 1,9962571838182233 522027,9113076198 1
1204,8738279962474 32109,632502275865 2,005389438806287 185,28391309153972 670,9173429278732 414,90222765122184 424,86969692048245 89,19600014103084 5,3897874384493285 0,2734755563109286 453,81087886728824 1,998571161193029 519380,61886234937 1
