Co2(scd40) raw_signla(sgp40) aiq(ens160) tvoc(ens160) eco2(ens160) rs1(ens160) rs3(ens160) rs4(ens160) rmox(zmod4410) tvoc(zmod4410) eco2(zmod4410) iaq(zmod4410) resistencia(bme688) Aire/muestra
831,1200884749453 33106,17371682664 1,9892011102613296 77,30067157956424 547,3657675051865 521,1187279888029 537,4299584966316 98,8060594628741 5,435780703107649 0,04830111453601353 408,7072914692329 0,9916376984554851 510172,525871721 1
837,7485415454622 33111,83548378532 2,009738193194143 77,43511092379501 545,8834361954808 528,0968863995828 534,4234322604098 97,9975303324857 5,455733467088198 0,058606233413644994 402,31177539914546 1,0052097470512946 506946,44533358974 1
835,3784162985294 33261,712481880364 1,9902222715784947 113,07474628562196 573,7966214394536 522,3175154815746 513,9290417316838 96,2614096541812 5,413330442412733 0,058687394360318425 400,61678496126945 0,9969373609282491 504220,5667619364 1
834,0353068568166 33073,56763316961 2,0013063420482693 112,5389845398147 566,716145508634 521,0376745410141 508,24796621115905 95,62030926092207 5,431780264472465 0,07124528972273318 403,81604784514656 0,9894475905456982 506338,2740294613 1
838,205923743161 33107,81977215094 1,999781232813046 114,7707383781477 568,5298586706156 522,5532209669664 515,2779062071165 96,83260329279655 5,492500965150777 0,07051591353922071 405,03857691791205 1,0006032916619856 496361,6174362876 1
832,8125763883788 33029,960861959014 2,0068499597660083 114,03195890638924 572,4221953946401 519,0476130162155 512,6430627370138 96,66212580792775 5,453478905776031 0,0862118165781896 404,7932022343034 0,99972604969318 500870,22264096217 1
834,7602089155836 33097,8283746075 1,9946904577859177 114,69647305706825 575,7617724961739 521,8421399540466 510,5197363196206 96,0938957192262 5,426744549982246 0,08601762904576028 404,5689132077512 0,9944771725308373 493259,8873720851 1
832,0402792476469 32947,67891769171 1,997735945719524 130,6513923045772 595,630356506618 506,39218451561146 488,87415507141833 94,58535900960942 5,481440782098574 0,0856616268208829 404,20604423942046 0,9968541063011085 490028,73794754787 1
825,2915359607898 33200,1026012952 2,0158283719603562 131,294479917991 597,681057123919 503,84189297999353 486,04183758384437 94,76660777937302 5,4609678896957465 0,1026048096823964 406,5545581719674 0,9944107618010463 486081,17270731076 1
829,7975906537239 32946,39410185556 2,009382675370985 132,78728286114867 575,7397314348214 493,8046563938315 469,3670765452289 95,22633940011714 5,4605375742546505 0,10271947843624245 407,1587372808324 0,9988383954403258 486399,13688004756 1
831,696179286197 32940,671273748536 2,007185972216904 132,62963453817287 577,0162326530856 495,0922748188313 471,37612945802647 95,82414902116425 5,4307052992748694 0,12170073121672646 405,30390964601173 1,9986835680202266 478272,92393782246 1
833,4463870467949 33052,32835531536 2,002579339874821 135,4097496505347 608,7389853786849 490,08100335581315 472,83433529651114 93,34315087133588 5,468112514236759 0,12092003511750024 407,62194937906315 2,00294863704271 485721,6792295433 1
836,1089271598298 32870,04717991924 2,0089881574580932 135,97387389075732 603,9105907109927 485,8213798777054 473,3768546318981 93,19855491272274 5,435603111015369 0,14088066598254068 407,65870182650804 1,9934175224001123 479971,7641353601 1
839,8432332092632 33349,534835283586 2,008327179485168 143,14048644114223 605,0294052254782 489,6780678799986 470,25146760763755 93,25926404130132 5,437697776353049 0,14061393493727073 412,7799213703665 1,9946517962738035 476672,8139831851 1
841,6669869578054 32716,74833830783 1,996557770587468 143,16608144778056 622,8375352943766 484,8948997399482 457,62959559530316 92,41976079629455 5,406141496030945 0,16429212160484796 409,8529345180704 2,0062132186006187 477323,9059576891 1
835,3104642501077 32919,76681760634 2,0076829528906077 143,22246798153506 619,188126029753 479,0363427128356 458,7917686573542 92,4256928797194 5,40968578686654 0,16505429144851388 409,98302247497026 2,001703876742167 472905,51470322703 1
842,0630079499828 33069,59389348372 2,008764012645231 141,81382768775083 616,4911258408787 480,5304163936044 446,4395760353146 92,14861476746715 5,45085053015512 0,16520399438469247 412,7168096769842 1,9846929576402124 472657,39772374445 1
848,8409794617617 33024,993875414046 1,997344929008548 141,76985315991553 615,5068852952476 481,01970436038215 448,24057873912636 91,5594350950669 5,436469356513954 0,19046111799835458 409,21381780321286 2,017790386718952 464475,5183057721 1
842,6934934353791 33298,51916716895 2,010747609747555 134,9279116635339 599,469408839112 466,87933633581423 451,86739830881316 93,46515626865869 5,439374906802083 0,18933361526894163 412,7293872243001 2,02002822620588 464329,6599672195 1
841,8086364174052 32820,21273620464 2,0162436110975372 134,500489280084 605,3841033359449 473,7364027188629 449,8527508127907 93,21447712128708 5,405339151469618 0,21336646134124504 411,38707878569284 2,015106533571943 464992,8313286508 1
838,7714466930244 33035,61379785132 1,9796286342188651 163,55962983518532 649,7050799331688 461,6772587949264 433,9830196165525 90,26629554090569 5,4101502708798845 0,21541189620710588 416,7891787254054 2,0185321148447573 463808,31677644624 1
838,6176362820702 32998,38556765744 2,0078813017947064 164,66536688734814 647,8460698453711 462,77484728208077 433,53348788018235 89,79264973225496 5,472346325723105 0,23934364480765158 418,4823594560093 1,9972436306481018 462903,0041441844 1
848,8028376721635 33266,397545823806 2,0030769882533432 169,05972401566208 651,284811289818 466,1574295741585 438,1960846046215 89,88830063470583 5,388893643683887 0,23872515296897495 417,738232131369 2,001971793820316 459692,4535609806 1
842,7104716884057 33393,38192813422 2,0098435976153346 167,84861879751944 657,6395681696208 456,4708168892233 418,62010238244346 89,17919955718104 5,4220943568972615 0,26780522782600846 421,60525369493246 1,9981636418029225 457309,4257112055 1
848,795407665492 32909,49025590288 1,9944979501843185 169,76036167019691 646,7408117935342 457,02182173048834 417,17080111884883 89,48253496629175 5,433531090080357 0,26858216428868187 421,8824278323345 1,999723088204904 458843,83659250685 1
848,9712441560331 33191,820397093616 2,0054757538353787 164,0062925904213 644,5361873287605 461,5261106238581 424,3222874260247 89,65144130419466 5,448678796549078 0,2673854729618149 417,17248930612453 2,010616170716095 455321,2398212809 1
840,9067287354915 32842,38192099704 2,0006682924892085 165,21926819040695 642,8420775309554 464,82818953447173 426,9605488010921 88,75718570169444 5,455247987480374 0,2948381561557034 419,7158051932461 2,0029307949343536 450565,7617109461 1
844,8547162013339 33278,540235257504 1,995194483080865 169,0348710841413 653,209852830458 444,84483573902116 419,5869274032218 89,68405570365869 5,451279566813225 0,2976357585526057 420,3121078578753 1,9898390121843754 448088,37749122176 1
849,7823145970301 33049,20665094623 2,0036883546963677 166,7893414154011 651,878104887268 441,9280946633445 415,001343553944 88,06658079910947 5,471916843809193 0,32117568296760973 424,58345317227815 1,9948304019589769 438910,08088963403 1
844,8927665500909 32647,413698733257 2,00642794153777 177,51719087744732 667,8380060287619 442,07066148837146 415,1030310219259 89,30657332897349 5,46820940092142 0,32198302639295584 427,18997784196205 1,9832502213426912 441810,9231062528 1
840,3849612559845 33258,75908330521 1,983267413338379 177,6553452151139 653,9832383461674 437,29860113770883 413,92321346435085 89,09679260999457 5,421544257704979 0,3538067625580112 428,21159832786344 2,002271802649432 442585,4228156609 1
843,8954293747579 33095,91351455044 1,9774265220178173 190,70281694810322 662,9374340834389 437,88529618205746 413,6266256631928 88,44032970165163 5,446824183485986 0,3539942600810972 429,115842997819 1,999472158236334 440949,6984655535 1
848,8322379057413 32983,47835670135 1,9894959175894842 187,9143132323255 674,8610548005333 441,6946199960315 401,51252629510077 86,39162720127929 5,372332870116137 0,37837627388715095 435,89952689375536 2,003351703062783 441145,0870963972 1
844,1782687994464 32979,19056546206 1,997550801782138 188,22023002962513 676,7032111248222 445,86891137399806 401,9750292435735 87,48097519517088 5,3998091789896865 0,3826132586553043 433,20077885095395 1,996131932978939 435681,05123897654 1
838,0878733284793 33073,05456450378 2,006267548215458 197,59981689353512 673,5297809076912 435,9479400299671 409,277501888795 87,03751756886463 5,487374419152587 0,38117836327198795 433,8618921630357 1,995989079360437 434749,4903583542 1
840,2527894071085 33008,67192517261 2,007509455599419 196,16013476371245 671,0461057839149 439,4700134424876 403,83476911926977 86,68411963090723 5,409254161690037 0,40397692816588354 436,0865973219927 1,9857084815344435 434558,2259018832 1
844,4918766902155 32676,383625531715 1,9961993984302469 188,63719648193057 680,3272018241319 432,4408544137638 395,64692146499897 86,59887716565078 5,428075716859541 0,40418841990627385 437,0887984242986 1,993001645732006 434408,7595798669 1
847,8337370014876 32637,724102488137 2,0004756897278724 190,75816047867545 679,8701227753706 433,5303391375827 394,5913838341412 86,79406865216846 5,467642923372507 0,4278238088710179 437,91852009804944 2,00976144834317 427521,60928575636 1
849,1472953333326 32787,863942071745 2,0043568104694094 214,19183220142597 710,9338270097794 426,829196939703 385,60397389962225 84,68533474443295 5,4973114477399925 0,4274961010349511 440,695273353609 1,9923933500705688 429575,875830889 1
844,2190794490493 32995,67866349092 1,999050911869604 214,29860091994823 705,2312452658671 427,36484252914744 389,191811605071 85,09144729201542 5,441644331224371 0,4519578852589633 445,1323290944291 1,989672392326813 427579,81917851727 1
843,6657114709368 32910,752348433365 1,9922590254779757 191,05548648867946 717,7083988666487 430,2363621578929 387,53128089957045 84,86464420993043 5,436869478723432 0,4532919653283385 442,923746720635 1,9961089259341922 420178,76292427065 1
850,0000826421178 33000,47236422903 2,005530512950368 191,59503925448038 677,5722259323711 425,3150596311006 397,61061467656134 86,92787750852061 5,474201630455817 0,47591648644289625 441,4466969298302 2,0009100913186875 423643,71737316524 1
847,988221056278 32985,429881993216 1,9856545605924532 189,21532042305824 683,5056730295323 423,72908520152265 391,38933583524306 87,37254464241093 5,454652264043122 0,4767338689825804 440,7678509150087 2,0186558953537377 424328,32304651925 1
838,543441937446 32932,48420921204 2,978864153123739 225,34589334778286 700,3828301941495 415,78383162629893 387,1748652833958 85,09490304273548 5,448611292735898 0,48278341611255693 441,0729827281917 1,991474425532769 421059,5424975289 1
843,1025875236394 33134,6516149906 2,993496541112111 225,86301451543727 703,0841751422611 419,0965207218586 386,19990123223334 85,57915612227109 5,516259758674653 0,49514111360046137 446,7553593476662 1,990228446192818 416212,6949782959 1
838,2485788249547 32782,39885930308 2,009339672138591 201,58029574895517 692,0032500864072 414,04128778412365 379,29244232109727 85,59502932467575 5,418493342155335 0,5015960608627166 445,5002931065045 1,9757727849207212 413962,41150456044 1
839,2883874552512 32920,670879868965 2,005561708648178 200,44585112029108 687,0818727208094 407,11271407390547 380,31696224597977 85,29195443660826 5,476016628118385 0,5220687185931147 443,289802347135 2,0111276896749475 415641,2410974391 1
845,4932954745419 32992,59898296191 3,00509836903995 221,11502270435648 718,8987634814177 408,4608026873674 382,7456297732547 83,93170531138725 5,404144673508343 0,5208387969084293 443,79109036208865 2,0090705398856206 412434,71802655375 1
848,4917904778357 32897,10225780954 3,0235477122115375 221,54161352359515 714,5964709951344 410,6652757150043 384,61253877242035 83,58296648190493 5,423511841715662 0,5454338094625165 445,80807995926915 1,9966933020271365 416311,48172501236 1
846,7594043805846 32630,2022975977 2,9801885916051143 226,54316031634403 720,939600772785 405,21030010464085 383,5990376195465 83,85877156876293 5,469552849434415 0,5407564646453782 446,17522531548326 2,015400504136301 408426,8177857769 1
847,3452892323469 33169,91941805606 3,033983813059593 226,9431297419319 722,9016773338094 415,1144936574683 372,4683974486236 83,63626035592351 5,456770324228529 0,5573109749271978 443,4722279861419 1,9993596606872808 409694,6903382473 1
840,4742626525452 33164,70405352579 2,9972633838346985 227,15160545886505 727,5418785968437 414,42656267274754 373,32568334787425 83,94173058468941 5,442685430984309 0,5588869024628286 446,88171798213693 2,0053286817175 406385,0426329881 1
849,9321526423452 32910,660446883536 2,021122263184137 194,45024393329984 755,5311689401456 401,0092593569581 368,2318756206512 81,51624153824146 5,443424554049951 0,5558247282664862 445,89895872644433 1,9774111604493485 409526,7082862105 1
846,115368833161 33131,703846079356 1,9930386915367995 192,33694462037636 751,2161303623468 398,75674813503383 369,04991528281676 81,090464236521 5,479499454723738 0,5813363318705274 447,06864945551257 2,0030329038871035 406311,3164261565 1
849,3457702893625 33058,15032813013 2,9921867160924998 212,5217010919351 715,7834558971105 402,75691348538834 374,81906010733456 84,57727089988491 5,408623162952847 0,578320152639336 446,29553836079435 2,0140304230532577 407364,6658509331 1
852,4685979820661 32636,860030208736 3,022686290045554 213,63235087949113 706,550664465347 397,8039686064608 373,50736063542035 84,64332036625005 5,4222397406349545 0,5939948202409311 442,4261284449125 1,9956128311621641 404793,423281833 1
843,0565407440633 32817,86993785104 2,9804208468739892 232,7447259863664 726,2149024629273 400,3088962782307 362,43146648026965 82,30573787180198 5,411108713886339 0,5937788844960538 445,8394539458421 2,0080409019418584 403804,28680705186 1
850,2802768566312 33076,92054330736 3,026035444188335 232,9326126430299 731,2270061076161 396,23579872063164 363,9586940867853 83,21812032495117 5,507346477552448 0,6122326074012383 447,8932285291253 2,001378447768674 404821,9536788377 1
850,451925291502 32873,0369537093 3,0036128327149694 256,31439643739105 726,1911241786822 397,787309793457 366,5354355563419 83,00412851169236 5,413170157730652 0,6097821605863379 446,46397311069916 2,019220771121468 399379,9628553926 1
844,7829028945741 32860,76816925711 3,0105626768047467 256,0645073036641 764,4579928668636 393,27115675952484 363,5999876206293 81,67858330585729 5,472848377379077 0,625260326553553 447,27078829665913 1,991057677056773 404463,830087402 1
845,6747040002418 32838,65052592473 3,0093262819961604 257,50268552879595 755,4204810568752 390,54921666312333 366,23849367521444 80,31185227140774 5,4639715922503616 0,6226573415992759 445,7412557486252 2,0024517515466633 399403,3417450671 1
849,205050202369 32989,34946566439 3,00479808090609 243,436579545216 726,5733413787285 391,4084709351394 359,13872772310265 83,05106528213848 5,4624366580588175 0,6293179473459589 439,8592420071292 2,007585000751997 398481,8238120129 1
845,351295836619 32661,827596231356 3,0169528456506263 245,36497355218225 727,8220955773239 387,7611816014986 357,5656652677072 83,16871191550746 5,4630701733872735 0,6347358643690514 446,88940910444785 2,000316680230222 389910,841660743 1
838,5051451717895 32929,698622243624 3,000023091972844 244,13642742303514 744,086227769004 389,8898824724971 365,9072999321114 82,24875206045986 5,459051627213576 0,636219993684802 443,04418936269474 2,003037798712025 396148,25130320125 1
838,9175697274762 33132,47934011288 2,986766000634981 242,45053224728073 743,2719096730721 382,2321134681706 362,2108630839969 82,18674524960402 5,443158665221571 0,6559237571180832 443,1142388783297 2,0016084940253984 394038,5157850277 1
839,2747018619525 32990,711102184316 2,9992234513269214 242,09077831810973 742,1609694971629 383,7120940202255 358,71312633139127 82,73955398261963 5,526142044264393 0,6586720630580775 443,3333690810769 2,0060785340294576 390320,6773163739 1
846,5960018482848 32929,714196982364 3,009115186717996 240,76364402380736 745,6862661623061 387,43540360590947 357,75776769693033 81,44147473282372 5,440520754459366 0,6718482032890368 448,8846928407412 2,9879423463420345 390639,1920773979 1
844,6202952282626 32880,63548039075 3,000247943977869 237,90119076681412 750,0412884679024 384,82038171551005 357,2394633699349 82,16452075506103 5,474802717607813 0,6636818020459491 448,7906465994621 2,994649990833439 386882,6785508477 1
842,3363393666154 32764,673835883452 3,0269264244963967 239,1467537354015 737,1080391255937 376,82316453348966 352,0081625176246 81,9562100586913 5,471901730394941 0,6847963669092615 446,0487557943497 2,992558421080486 393429,1526542464 1
852,0573868728667 32972,5399730645 3,018873513931046 238,06524033451376 736,8353686517651 375,84252464587735 352,8201889894479 81,79858361904552 5,497281291827609 0,6720253364944831 447,4117537056222 3,0018657625082588 392852,62441013806 1
850,7880670202916 33014,447251692094 3,0263365199718364 252,29837881625448 731,091314435003 374,9887124023908 354,9287631880822 82,83600330581139 5,443832247549191 0,6755516741112626 446,66248701834115 2,984778707574303 389074,823979332 1
854,863987844132 32626,29720296137 3,0186894696916733 252,71213383415267 731,8953169637379 375,7142653588413 359,0216396955238 83,21868499623054 5,474373584043844 0,6897794117893629 448,9913853386785 2,984251614854966 391142,2662118683 1
845,7022813659516 32931,43123062866 3,0027834680817627 249,49699246920474 751,7967039089342 381,725062986903 348,42919496939925 81,61582640097527 5,445964136722618 0,6917018537086906 447,3162312554074 2,9762559778711233 390018,47302466305 1
844,1647721254511 32777,65966518235 2,986275753661625 249,06367994754365 750,427970415511 386,2199222291426 346,2785232400009 81,0005458132176 5,429710068986639 0,7048982474697644 449,49669708767755 3,0039397274674347 382408,566325761 1
849,1424058267812 33048,321970954035 2,9794583307093485 270,768604031142 773,6477310361499 373,6807211547127 341,7293318767694 79,79698694628425 5,449018513502479 0,6997325115287248 445,7009456884861 2,989151820147245 382167,0499950954 1
850,1367880456178 33137,08750686661 3,0137699535664577 270,71847296473527 770,3101840800991 369,48343287278396 343,763031427406 79,31579433503559 5,4566456677565265 0,7124183182435979 445,3525973336093 3,0144943095118855 381189,22771740024 1
841,1857593563602 32769,7730905901 2,976836133005443 273,7511870058645 773,7584502992622 371,3749613919785 346,7909852113478 80,26905955473887 5,412602083700476 0,7035671257616245 443,7272766369353 3,0067832753116415 379267,38222725055 1
845,6841497518428 32649,32833034884 3,0150890027220463 277,29519044147196 777,4713139252137 371,94762810092953 346,25692550301375 79,00175969986441 5,4322482749367715 0,7215670638352094 444,05809332052763 2,9852802573799795 381689,6358454474 1
851,369820634427 33235,109563738304 2,9871987732660497 276,14489394213206 778,3484204516067 371,63976335627535 346,3710610614093 79,45735319059166 5,474861432985195 0,7174890091601751 443,60074219418 3,019658652370869 380275,92097250145 1
847,7723346402397 32826,550417506056 3,0023132594754727 270,87310773028696 776,8542612697435 371,1938942973172 350,9423627935315 80,06278329542822 5,457003914389453 0,7095385594996225 445,49671369907065 3,01497124837382 379212,61617406085 1
842,8724154906624 32941,770993114456 2,9818958875560364 268,87814119846297 774,984697620964 372,32625819830434 352,3009102101907 79,48853134523797 5,463151809898 0,7262627045565051 443,9047415617936 3,02147630811215 376820,53409505665 1
853,1535651888379 32874,1916542563 3,0136280132933635 262,50528964176897 765,0784120105448 367,48679935566764 338,18482530344204 80,70440001040345 5,42902320841208 0,7247144696429169 445,36378152512935 3,0334442001767776 379175,10466002807 1
848,2420915462601 32745,68021074302 3,022118700562724 263,647966610465 768,3338696751829 365,33836343686704 337,95287249451064 80,66498832383206 5,3967834288976855 0,7251593718724111 443,3813533668383 3,029737210646255 375698,070916188 1
853,7848798985641 32936,608642164785 2,990281719370903 249,52418451940474 746,2583963575842 360,6214879473965 338,61943377787117 81,6098315448117 5,426021634894778 0,7347289632823747 446,0479986467398 3,0036480065806357 374907,4205943878 1
847,5669270109063 32574,72182334804 3,021302642753195 247,86030291086644 746,4411541561597 360,1549008070092 336,6069763540769 80,41428909174665 5,45373450870457 0,7350293533240668 449,2993356822351 2,98950522324538 371016,29550614854 1
850,4076675751352 33260,34387741559 2,978299888014371 239,36804076019843 755,0728332559693 359,784609747347 338,325509379057 82,09419859985502 5,48397085590329 0,7363487420585617 449,3245324954634 2,9846735904231294 368186,9043627275 1
847,637858721329 32985,76051152668 2,98662058310592 239,49590025200666 795,9989977679529 366,0339675282488 340,122291752735 78,13112427446664 5,4142980865888095 0,7410409847142372 449,24001813862895 2,987211938517804 367947,266366935 1
852,8019722720777 32599,8895915782 2,9797861254579954 239,82417195241314 799,2396838043284 362,5752447142404 337,18090284986016 77,57170469744977 5,456853331271496 0,7453794848491989 446,9204946106794 3,0059348736951925 368348,32690875686 1
843,2816449126622 32624,46237898561 2,9723474760786393 256,95217128412236 762,6020978358174 360,55773194811474 343,1752988808899 81,25266023498988 5,453830292482759 0,7447585728054247 453,4677043171235 2,9854792461254682 366554,3541359387 1
848,5845378670076 32880,54887673327 2,9758173348039403 254,41520177686277 759,6591609982847 356,0933743483385 340,46503983622193 80,44854839624274 5,466619680121065 0,7530713580382866 454,0276779685721 3,018905451388799 365796,22924502246 1
845,6878999061507 32858,755643026976 2,9792205897573503 276,609716275456 777,0256177992494 356,0569962266587 336,3522428673087 79,62083537535038 5,503058009796876 0,751851792374217 455,2746062343455 2,996363904994235 364110,63914392964 1
848,621386265691 32909,73545886183 3,0219769124929554 276,9051631137684 784,1409809479521 354,4993678193469 336,4689455097266 78,89999649207601 5,496174752080675 0,7529612794853788 458,96832384373573 3,029134035871735 358966,353715314 1
843,8506681854635 32979,0333645294 3,015588578931607 268,98257663868594 763,2395992274139 354,7881670092018 329,9554809932518 80,21362022912464 5,434647548494441 0,7624252341992793 454,09286296697655 3,0210720637437243 358652,887206596 1
853,8326545477379 32768,63442790138 3,0140392171271375 269,4588279150081 772,8442624056141 356,3512345581082 333,0290255579121 80,69192693091057 5,419585771340216 0,7570254209186734 459,46124864708327 3,004494288344861 359599,65190681844 1
846,533870125581 32932,06412063239 2,9886564210658495 255,26781235464674 770,6084300529734 353,86440532668763 335,57404396535986 79,9030242020694 5,462940580932513 0,7622388654229502 460,0419663375016 3,0173345827495788 358996,8023748562 1
845,594373383406 32986,29453721562 2,979856690067667 255,87823092575687 786,5376566666519 358,5013241915209 330,25838563024627 78,79894586873229 5,458420767732487 0,7671251454077538 463,20731620249495 2,984739127556824 364011,8876688319 1
855,6183829577845 32928,944989294716 3,0018699706180687 256,34442942180857 786,5117544205284 351,6915373591906 328,17255006238355 79,13210939812437 5,457810428750599 0,7761147254666256 458,49528655123544 3,005920280083029 351605,62939900963 1
846,0524088535731 33068,678260741246 2,9759765344436038 282,9624018234659 786,5610555192484 347,80706907744104 332,678244410561 78,08119625379175 5,425616516304715 0,7707443582477578 461,8577754081604 2,99055323007264 354619,5428177149 1
850,753859221021 32988,61834434792 3,0161406849665635 285,3306278920978 786,7999832486701 346,0286644962057 335,1736661670363 78,55401617146073 5,451641057449974 0,7774236891935146 467,9093337078338 2,9989292708537185 358654,67931224906 1
849,2320778134367 32900,16349998799 2,9707820390124007 268,6351710221655 771,5376462521048 343,2862137491876 324,81698970491317 80,41958935313926 5,437264638932663 0,7766947177659824 467,7750165175413 3,014461107949644 357661,064675174 1
