Co2(scd40) raw_signla(sgp40) aiq(ens160) tvoc(ens160) eco2(ens160) rs1(ens160) rs3(ens160) rs4(ens160) rmox(zmod4410) tvoc(zmod4410) eco2(zmod4410) iaq(zmod4410) resistencia(bme688) Aire/muestra
866,2950362281268 19233,61141950283 4,973382843726444 62376,14642727798 40480,00720377228 27,59864983501663 9,485155177324682 2,2044379389179367 5,359287691974225 5,132503768974574 407,8855407645496 3,992620540826965 15623,294830185541 1
869,5634384479057 18961,650836925288 5,017279536591628 64576,792557468034 45166,60371752659 25,70912618771619 8,96288076624297 2,045492829598783 5,441853409515116 5,148367318631775 411,87372072991064 4,001106338350213 15654,023224283474 1
876,4531201173019 18951,02830497111 4,950246606505493 65469,68205470565 45315,05880202329 25,816704261918268 8,961275365776022 2,024236642258163 5,3606275104762 6,565559897575257 407,63532245084184 4,020695236405103 14580,20388440878 1
879,02838380021 19051,206033127542 4,996173123178552 64957,358379265526 47758,43432067682 24,63934957227344 8,960645279910578 1,9371847615538946 5,336315820214545 6,546399036331241 411,2825339432919 4,021503449979709 14481,573108210787 1
891,1424538125316 18940,43679162557 4,962077257022159 64837,034620726095 48603,24680385028 24,299947327970802 8,925597422637827 1,9573770854027341 5,317868221912903 7,0942594993565065 408,7504938646355 4,004774224837081 13938,314523787723 1
892,5672584927878 18910,548528651383 5,019250424700808 65243,90221367338 51735,099368504685 23,84878804338846 8,661768372432345 1,8592631683382472 5,392026901326198 7,144744703907997 405,8406921116712 3,9817664076063135 13836,363506386358 1
897,6422342803377 18969,169998872963 5,0055250061773515 64843,12523258162 51138,252478368384 24,035604844494568 8,666503393735622 1,8546287250237412 5,366004830121586 7,529779391873614 408,69110208117934 4,009889432259321 13979,508917235482 1
902,9807447683025 18856,710699251766 4,963576925196476 64591,106431311055 51486,8331215022 24,0040661266987 8,699382232575177 1,8442030312761084 5,382130796738894 7,407519524856284 408,1095491331571 3,9975265740130643 13623,55032405395 1
898,886201415731 18767,14825258516 4,996564838763015 65403,57662817322 53382,612406662316 23,570603039411775 8,456440155248755 1,8111222527832735 5,352836102386847 7,7538972357325875 408,9870297819655 4,003351301587715 13494,389030820781 1
929,296603515119 18822,100780217505 4,98542684107108 65112,339459021845 53089,16735532778 23,258301803972323 8,510198705971101 1,8076518560382742 5,398454750145047 7,709926180625031 413,5029404591967 3,9606624130613954 13177,020933564854 1
917,99455010894 18844,550111659955 4,97709726501302 64641,987587958996 54749,17150776953 23,26944488093543 8,371962251941866 1,769994908945111 5,398627065122363 7,670296467017527 408,3339296395639 3,9640470845476927 13186,654869977501 1
923,7641481995213 18730,999982862384 5,004811001141118 64719,95320134388 54353,26169967437 22,912683497061927 8,379149297155076 1,7854236896871165 5,402070988440648 7,98754215481364 408,43368957760345 4,01262747896011 12918,418204236792 1
928,08918991665 18809,935428734294 4,934401104182924 65274,32398505336 56815,108670748516 22,434524194268203 8,356726954116672 1,7297620434212704 5,31029543368583 8,044047831393629 412,18243189392473 3,9706217147811094 13030,5808181141 1
945,0554083618185 18633,683524506938 5,016603280560171 64880,735337799364 56713,53916987229 22,42609104012182 8,448746687194364 1,7104333051288683 5,378527823094078 8,17770677372757 410,6452574993761 3,9954113720549973 12718,521474723602 1
933,5119567087105 18566,745577973183 5,012355695035343 64895,87302951173 57133,61951517181 22,446463534790855 8,476524356313385 1,7271076879902223 5,397145605893396 8,257664655954597 411,4441972575269 3,9944440451648395 12823,85657525263 1
931,407271405506 18697,309045560356 5,022346632841456 64305,50574514312 56812,94666271915 22,63155678758478 8,478264486932735 1,7262718011671856 5,399927207227493 8,404163537633483 407,31444671973077 3,9607108778043276 12718,69022250451 1
934,657145893661 18649,977991300886 5,010811374410111 65322,73900453118 57420,205778161915 22,51479141572425 8,403922470182767 1,7142530334014947 5,388718461841403 8,408120145607855 410,2311323617275 4,017891398212087 12413,991429317486 1
940,7604638911012 18572,958603045554 4,984443915279054 64905,21988594145 60135,75178833269 22,54816225428448 8,373621601098828 1,6520808785482253 5,42348489582337 8,510659643546548 413,8677843782597 3,955029093239882 12280,629401081598 1
952,1806453325156 18782,841952342525 5,011315704153228 64880,977797299034 60110,44440460344 22,396794942945316 8,34668216102268 1,6589116417002192 5,3665734827189935 8,506636962112296 413,6271471397177 4,028175323959593 12214,072749466846 1
944,2169676909136 18655,790585668725 5,039159796414202 65152,316808532516 60355,63949368187 22,11011443605582 8,215022556138889 1,6535473884995882 5,353951345693371 8,458062693142777 411,2137730735938 4,013877841840102 12146,945044080963 1
947,6444238224631 18795,14523355017 5,006697513330919 64889,89749560099 60621,02181745548 22,362187831595747 8,329112479093668 1,6658015411257556 5,381877118351174 8,641777334362828 410,4769159492207 5,058043523912201 12016,313300841679 1
953,687015972488 18639,07935665654 5,016071196958184 65451,71431127104 60754,798743985724 22,261007324141097 8,10819086815947 1,6464742681767948 5,387168685736699 8,588854162364951 407,0784881069618 4,988745672158447 11989,730559338366 1
956,9022562785044 18688,027205473103 5,039106623279879 64936,491754060706 61371,443643725856 21,879458449876523 8,254511677475815 1,6363182053171634 5,3557147699508265 8,764879060476012 409,9310855757308 4,983998969136485 11550,431555808551 1
952,5610897808826 18855,089448831666 4,983455862064229 64969,715394450366 62207,28261234065 21,9234430972721 8,108367424368355 1,6117148608982905 5,390296434343957 8,73341079404507 410,0469396390728 5,034038476659961 11626,543008447949 1
966,2296335541535 18805,414253114806 4,972921454244084 64441,1583573907 62236,678425825805 21,978856894004725 8,05971306368742 1,6088684263065427 5,363283019940107 8,846649004505633 410,7873950831452 4,985012839201395 11597,459542622533 1
961,0820759129541 18801,303051156705 4,975537843956538 64506,23877441961 62614,47926927868 22,03815436259738 8,0932406611187 1,6037863583667447 5,365882825278645 8,82815935512988 406,21633774671136 5,038909397499724 11381,310172678435 1
973,7357679209063 18746,986080676237 5,032411170790976 64983,14397561284 63349,24169532504 21,78983672996812 8,079700238741335 1,5990591329961796 5,37749906167046 8,867943788375808 408,1744263338969 4,99418304596505 11447,662892511817 1
970,8818908224935 18678,676293766384 4,979467359301252 65208,15269105631 63573,740803057604 21,790961878130247 8,117824940620224 1,6117709759877585 5,404195337165182 8,826491171758242 410,68068157162577 4,991093467654391 11203,861482754264 1
980,782208893497 18761,53644313106 4,999041701187471 64749,65405877476 64471,43151152525 21,865933577105707 8,1339022708057 1,542069653095694 5,402487769368432 8,963521280907878 411,5259060757027 4,94509328600339 11244,958792335296 1
989,9200390756911 18706,948738555995 5,012664918957616 64731,13183132908 65078,242824634755 21,82741527183678 8,015389302252172 1,5500518629137134 5,374904609240909 8,955738763274969 410,2742710185715 4,971840080550311 11122,2962087747 1
982,9918536811319 18792,8438272577 5,044634136417204 64717,47013483954 65536,29309860995 21,552330814559777 7,8636491242922855 1,5621885995557263 5,350303578981346 8,87277805008315 407,99110710990766 5,032669877181609 11105,91181250052 1
981,4380754832832 18725,503472857334 5,011494987571768 64775,30348698083 65090,68658059948 21,76568908296328 7,950262852773158 1,548056851790817 5,385344335645337 8,990707005208616 411,4153206683512 5,004645616188523 10984,53380436103 1
984,2233111428044 18803,319770516067 4,998904805022676 65007,96674363566 65061,192934440995 21,377361375682728 7,947841698203299 1,535976551283814 5,384258355434809 8,947179655071883 411,4580281467374 5,014024607588151 10900,849707532263 1
987,390260927593 18864,110243057243 4,998060429318068 65054,95160347431 64634,076431821675 21,354057778935257 7,988658630069498 1,5468939018219208 5,368612857809351 8,953787555609365 408,59564961598636 4,991984355785387 10991,780761026163 1
992,6009790294014 18755,11373817527 5,04992745935347 65077,029568364116 65052,14516920801 21,502347444946032 7,915247896097924 1,5271384817978675 5,439500547832348 8,994201221615095 409,8172577125194 4,991938154347031 10874,872545096958 1
996,280344947234 18627,46931238612 4,992508353897629 65182,00035124977 65141,882826066154 21,60565775841514 7,921342134562311 1,5364575359034447 5,434263257007018 8,925606925584445 406,2516335427757 5,0182303884445485 10782,043073576018 1
1004,3801425761538 18634,29145360033 5,05110540469647 65688,78345109409 64629,049536064 21,372413218536597 7,948707879211029 1,5340190062110584 5,334279376273722 8,981531696762191 408,60327089504244 5,026882676958656 10669,571819120962 1
1003,6694004004756 18745,377319081304 5,000206011825955 64961,59806824116 65550,09645426642 21,129200901763273 7,799269937418331 1,5082337409115874 5,406899245893908 8,986464037766694 411,81512018802414 4,959441802998464 10763,929392222735 1
1006,702581745599 18836,592722284575 5,005347449464898 65111,32433887674 64567,98344114828 21,015395980285938 7,851470614512828 1,508567318093811 5,349069828057665 9,008961443427172 413,04651579593605 4,981878905136543 10635,648878532624 1
1015,4612043281561 18619,33587426975 4,985216939162067 65296,0851270094 65033,09863352281 21,445556616769675 7,768574814015529 1,5203954098786472 5,372441323752905 9,02239439849011 410,13445468438874 5,008782050490997 10550,473910457757 1
1020,729047765341 18791,761706955418 4,979817130419516 65443,18353527421 65230,848733259314 21,42914010845794 7,667771813902054 1,498127105866468 5,3937723604176115 9,042057419497135 409,28141134629305 5,016353546497881 10431,715861385697 1
1026,3445601529534 18699,497156000303 4,983152887561802 65321,765437276976 65171,930209636324 21,1149155555442 7,77167689402725 1,494008622327004 5,396030077377015 8,99345003336963 410,20400736151646 4,987826079233803 10508,0121236898 1
1017,7278433665585 18657,222130906703 4,997800826481374 64594,38623415145 64683,77809962778 21,283317933361374 7,744171971917408 1,4716107554550466 5,330090140599543 9,015820112054124 412,12482823810075 4,983684140799266 10408,850924883556 1
1013,0505568797945 18711,121936855146 5,013661048650272 64439,457700548155 64834,44694090024 21,368768359846182 7,791210994857597 1,4788097732258254 5,339011317054983 8,966834829623984 411,58957129339984 4,976899251465889 10352,889056674097 1
1021,0648599990246 18634,419152227165 5,030443018442638 64855,40429916359 65682,38204942472 21,32330857320904 7,772696344990029 1,4386833044305565 5,421824816426079 8,982988678737508 406,6037506820053 5,000329897051526 10273,611373990825 1
1027,2022286527085 18808,17811245571 5,019184715058463 65048,09074332831 64563,46829380194 21,0627599230197 7,710135224121894 1,447842750334606 5,41682753281961 8,995582156435965 405,53153766662916 4,960983230420275 10195,845703953659 1
1029,1945121465644 18676,406805815488 5,026603217960228 64890,80647901519 64478,565325410076 21,14267410680508 7,494157362499333 1,490522417532883 5,35259421224762 9,030627691809752 410,0884435603805 5,02044410976236 10193,282322422781 1
1029,580143559598 18669,45452646918 4,9941388731719885 65125,38567842041 64388,01884078733 21,22944979094118 7,60385428284128 1,4818908653154563 5,327164602766493 8,911362390687144 409,21454242253816 5,000995638407585 10126,52594519753 1
1027,877830910539 18649,05389182009 4,982813090736531 65096,807500427756 65506,921348957374 21,25308990876675 7,670403160580603 1,4370264540933115 5,402524868997525 9,036226092224721 413,1942223532192 5,015904534803488 10128,69468484408 1
1022,2426693142991 18630,554373094044 4,993494226558703 64904,879747370556 64976,5848962834 21,388547190069204 7,669192649297071 1,4458787044299906 5,367886085885325 8,929306613939906 409,5460755640961 4,976076092089916 10090,716021190758 1
1043,0809289618626 18902,087186996356 4,996039627493926 64968,61762911985 64920,452244642926 21,205529962751896 7,447942862839988 1,4361551395056495 5,366970163780625 8,972165661210719 410,12721357362454 5,004949560230472 10135,929627500758 1
1031,3041049709973 18864,870945141596 4,979577461590093 64965,62422229743 65468,677431737306 21,07428149453077 7,3880744371403 1,432058472072342 5,371255461277119 8,95567239485236 408,1999866920616 4,970031121571762 10050,329595920675 1
1044,550812394092 18705,43716768875 4,985791443017761 64969,41782957422 64630,92649953771 21,309110746757273 7,431862350446276 1,4335416746663032 5,345610938444305 9,011429908539881 411,3357209349347 5,015477621777277 10029,585259262602 1
1032,3951273536725 18686,501134621565 4,991880277627389 65259,812376789385 64828,206444147254 20,868510901888136 7,580868083367047 1,4275293114946683 5,390166933408599 8,96707316405806 408,7283400130792 4,963620746412301 9931,320855186683 1
1040,113283410267 18815,90712917875 5,038861666323754 64633,93109146844 64798,92415971173 20,746748175166854 7,520882831323222 1,4404623119044917 5,32485759208273 8,958206700089875 411,6402436436079 5,002076104687637 9885,115917912766 1
1041,722471725222 18880,68921398673 4,975761078208481 65268,084263693265 65506,71481168042 21,128413227148418 7,4796578895032 1,439404241831386 5,343721718900855 8,918577678253795 410,3718508086599 4,990713642811549 9927,648766772983 1
1037,809363292729 18907,534192584517 5,023596955546425 65052,71024006213 64733,80662465208 21,134387379369194 7,465444456299763 1,4354389661002882 5,299355169165572 8,967473785008652 410,5177338884757 5,064579736334053 9861,160777909092 1
1048,9945913704942 18870,914986869142 5,0561266276673935 65012,72140944943 64941,23085745419 21,255650193727885 7,478368809500273 1,4233856514708347 5,339312635403872 8,909410094966018 407,2091418776965 5,0046436484303545 9835,928151670958 1
1043,972034484377 18769,275520765994 4,994072706802638 64920,88206191813 64807,382749267425 21,068013948405767 7,480552886533999 1,41201046982256 5,388656546252767 8,934913166075127 409,6248892804726 5,035774526767898 9715,313474682445 1
1049,3498397021121 18841,50448138873 5,027872084715926 65228,93996430416 64837,207801016084 21,185452771062753 7,291371982756455 1,4157794412340066 5,339207667390227 8,896917001668783 407,02903171696494 4,951643775228432 9802,55330714584 1
1035,6444126352574 18824,326236482142 5,005041918882141 64730,21232266362 65061,90642736075 21,123161956517798 7,331007254288923 1,4087490793567323 5,390513999062188 8,871202088872575 411,13381733164783 4,965338376720608 9765,654996462528 1
1044,8551386223378 18904,399458703723 5,019980681142725 64720,39183195587 64717,57924323319 21,332349210359382 7,406621293593015 1,4185586979775042 5,34625076913064 8,880891858760327 410,5768523575895 5,034103889780517 9605,167943455906 1
1043,801657721593 18816,166108399917 5,010450282493716 64849,15064907132 64484,63162065346 21,179024633591414 7,299852755131409 1,3676596872798101 5,388124903492991 8,86098041918548 406,0192059916631 5,014732605791938 9616,351090876738 1
1047,4215828250583 18812,615418340956 4,9694049942812875 64851,91107473649 65111,79026411676 21,13696691724256 7,363126751100834 1,3776355897873696 5,394450718726784 8,943800360751053 410,0215505770627 4,96959776412076 9553,861823560048 1
1044,9252179605198 18770,35192899257 4,964699795567965 65172,025803895 65609,38369643145 21,37771079831905 7,264862142076082 1,3850280075805297 5,406880258187891 8,91252369834463 408,435922390142 5,022927610414309 9648,11646381419 1
1050,1368522043897 18843,11339029958 4,992922083069889 64886,624948359524 64864,42311164146 21,370177059165773 7,326115011842349 1,401502050325843 5,368718906482702 8,888205475487696 414,27081555692615 5,029230959491767 9498,422041788857 1
1049,5322435419944 18796,397951914896 4,964228861073915 65804,84151597616 65013,58663042674 20,922656459696643 7,252144352199415 1,3880286382551286 5,3790053324836675 8,849671429686245 409,33997019570336 4,974268445046553 9572,68735856375 1
1053,606597889042 18813,098679755127 5,029892928130717 65180,23717501828 65162,67648803098 21,08005095042563 7,25418973663701 1,3848236466932782 5,3837727116573975 8,887122951733115 409,3861129764527 5,010645255519966 9360,995614258938 1
1055,0082120744416 18813,31773456543 4,976516759346017 65276,846307658016 64750,983829600984 21,17562942997845 7,188216707556937 1,3615099390992695 5,370122655294426 8,86253280249126 412,72774642660204 5,028397437009046 9425,800286365944 1
1047,0598034619038 18922,15221222145 4,968977627633457 64617,44170212681 65605,18426333037 20,90620070419536 7,145168970095881 1,3680582636664567 5,4046690612534505 8,876832520673238 409,6672616043506 4,998763091201529 9421,802406806217 1
1053,1662218187741 19071,6017142209 5,038040567175174 64717,250814013416 64699,309095842735 21,06925181956747 7,227648248252659 1,3711347628856563 5,378414191058588 8,808723115806286 410,1360805793605 4,978676624533574 9444,474187117088 1
1054,0618734208608 18796,345115705008 4,995567534033202 65340,38082287987 64547,682120065794 20,953319244751086 7,191492457218228 1,3646862427892588 5,398080810835878 8,84157076008363 411,97337732843465 5,007305459521128 9347,593232788959 1
1050,742460656185 18841,200878686595 5,006614403448269 64896,89703863467 64643,25287928828 20,87303591715871 7,199758273981733 1,3791761708764754 5,358364901138054 8,775041372728369 410,4964123238833 4,951152938538751 9269,678103924938 1
1057,4789974506098 18900,939351681973 4,985319727150121 65591,42966248229 65152,52521653976 21,15693782890139 7,214224725289701 1,3859227566156014 5,330769591496199 8,805713168941992 409,3759864032951 4,969282769825122 9281,098786510503 1
1062,5114097656779 18872,33721061552 4,95516647461233 64934,844734794184 64733,56981775223 21,07612361132321 7,1784186674392485 1,3860958371535008 5,319036680719132 8,838698743187102 411,4242480604834 4,99563572427114 9235,253826413711 1
1063,8635969071004 18947,733757883358 5,0039565772168775 64948,271691097936 64861,126836348 21,40405098222722 7,119037130669203 1,3355328261092558 5,312237585366402 8,792619469536834 406,4770101498546 4,978089961351667 9225,84319983078 1
1057,4287114176036 18730,233616362282 4,999321828968105 64827,084474928786 64699,09148427028 21,147731756766017 7,120999111537536 1,3445657483956714 5,314282231790021 8,671345098570741 408,897527460453 5,000310035515154 9193,599817639024 1
1061,0371301373443 18785,402614150633 4,99799300970556 64779,36202821726 65022,50241993047 20,955243490378514 6,983540936380285 1,3403197015834851 5,384311416202571 8,722693821439703 415,8619689842904 5,018509958857274 9234,715935273352 1
1060,5231476442545 18719,43965987083 4,973343527407069 65059,86077040485 64475,311766672225 20,995206289772163 7,016103375107768 1,334035462718952 5,373295902995416 8,720370731722618 412,1404244384283 4,962876452250515 9202,267410595763 1
1061,5686560359347 18863,335840727803 5,018957704497407 65529,37404896331 65271,87952816039 21,00360427904093 7,13065377538655 1,34295420983105 5,360086048304308 8,741457670070524 411,6328612334786 4,976198121004078 9077,628034773912 1
1056,4923256351374 18917,670117934842 5,018078429379342 65006,286510844824 64991,87021228073 21,162904633301164 6,985638055400485 1,3416084953485534 5,410820078363628 8,701917222192119 408,35941284705785 4,9754537533821 9055,22812813703 1
1055,6517696577307 18681,017466243193 4,9698464020877235 65412,54146924664 64606,75347739209 21,200536644257742 7,0227558532598175 1,34095397938944 5,364629532159039 8,644321962562127 408,70860584892546 5,011318214366881 9083,496543215873 1
1053,4305405598652 18927,23957865209 5,014412015658479 64738,14074402393 65009,18137163456 21,270718993524756 6,902933931531358 1,3319232053927488 5,326138048724319 8,652960017012632 411,0884470526567 5,013597885095292 9179,759913307544 1
1059,2960345944052 18722,256281866194 5,00214506588023 65280,59152580998 65201,16196500404 21,31733088977194 6,97472222356263 1,336904844746039 5,354953358376828 8,631888029484271 409,81209776153895 5,017166886702294 9097,513334764424 1
1064,6703951910738 18865,59903940449 5,013306291777489 64470,4595308206 65665,05631900989 20,993204452956288 7,007616818589656 1,3291938588526884 5,360866003822572 8,667836659636523 410,40316961422377 4,993294242358107 8982,14710504909 1
1062,1061232848765 18829,526876757216 4,961608398768947 65350,769038732076 65131,15395730717 21,01509195680285 6,94937624607748 1,3275859228123337 5,383299587387404 8,55706387259291 412,101239780413 5,002634452913039 8975,671175040234 1
1067,3320451007205 18745,804570986646 5,0262526527076545 64919,709196167285 64647,89239468697 21,15248447824338 6,98236699871926 1,3446544075261235 5,379425366825793 8,648814571211568 407,87856508934664 4,970430828234425 8926,411259592052 1
1071,911745197001 18972,84824341974 4,99240084035468 64739,212038074846 65129,73649801797 21,06884862363037 6,944384242511207 1,3358442448202985 5,35123952359898 8,59932778497834 410,87312599191006 4,968002720558546 8984,721471445258 1
1071,9172470146098 18802,48741970046 4,973907813878052 64566,4590878896 64735,312980162555 20,978411717858172 6,931040431964013 1,3324579693510996 5,40433493045928 8,629750835276647 412,426084436839 4,991284368943848 8966,12013947441 1
1076,3254079907122 19003,57902537963 4,9814182456688565 65591,95567219397 64782,52075780218 21,242576807900118 6,85269978311752 1,3364821885072193 5,331615884107418 8,631468201838778 408,5618074546877 4,947459159710102 8996,007754595856 1
1070,179727811683 18854,352179936806 4,989423703104381 64344,93089223473 64779,39161281518 21,363693618729187 6,926159901821583 1,3323104266333323 5,363324671870176 8,70307386776771 404,95838793544135 4,981660986244795 8844,710177005956 1
1067,7029918194892 18783,25559746231 4,970688495716306 64821,65067746279 64809,26134939784 21,18947250585233 6,794382244549317 1,3002091693502018 5,402392996892886 8,58468107302687 409,59363324853814 4,951834108037211 8859,114061758213 1
1075,167326422926 19052,767778758498 5,0071130656809775 65170,65936388456 65312,68977410494 20,99034763422218 6,803594740692053 1,3133898704991078 5,4007681450407725 8,547575016307057 407,57328212841446 5,0315824091288475 8874,868436667743 1
1083,6631172379266 18912,40605789526 5,039090891083618 64593,72189299184 64360,19024160085 21,150013404262037 6,817751198914402 1,319452274457368 5,415899958986655 8,563259109567298 408,42424076161495 4,986311250617694 8852,059997418453 1
1081,746844144402 18773,22706963216 4,983853453427657 65012,475258864055 64967,80833668827 21,202053705382117 6,785352787069505 1,3291845934667206 5,362537387498529 8,486181075999301 413,6529822491522 4,9939231573525715 8846,152085559932 1
1077,2584280690392 18838,548379145872 5,04276741396558 64510,73455606193 64583,457438900106 21,32441005515631 6,786636583665753 1,319473896775459 5,351882852752145 8,491744033263794 410,76336965367466 5,02043882218757 8843,678414772907 1
1075,4859763333686 18861,19569009677 4,982507948903152 65442,90701777616 64718,211840065356 21,362047727786564 6,767684602518857 1,3067531182841061 5,366688606250551 8,53306205689497 408,7198607946655 5,007455403266729 8805,812873900863 1
1082,9005888707745 19016,855514255534 4,957316153856704 65066,98870280393 64860,270347266036 21,32755021486088 6,8145095525042585 1,300255883125534 5,346541351673429 8,501145254242902 415,97623490694275 4,982669964728578 8733,850652711419 1
1080,0122378760852 18722,454617936462 4,99723435410967 64754,623503221344 65205,830530901294 21,361578108578733 6,660043546262351 1,2788180366521231 5,359416477787429 8,476396883302783 411,9076841927699 5,01308493438697 8840,986366401354 1
1076,873535760936 18886,993536017024 5,012838630424824 65171,88441361885 65177,62107883257 21,64487657549116 6,6400479476711345 1,2813753508136267 5,378965620954544 8,553426789573347 414,08008166983285 4,97642156974142 8806,93776496556 1
