Co2(scd40) raw_signla(sgp40) aiq(ens160) tvoc(ens160) eco2(ens160) rs1(ens160) rs3(ens160) rs4(ens160) rmox(zmod4410) tvoc(zmod4410) eco2(zmod4410) iaq(zmod4410) resistencia(bme688) Aire/muestra
861,7563087442691 32628,03041874235 2,0158911423297905 166,3160033568713 637,2664556490314 395,9545937509796 405,2642159068578 90,4882218860804 5,479824259093973 0,2572231138812208 398,40602750427763 2,0120690273714055 407291,12115931045 1
858,216605535629 33077,08222044441 1,9946241819100512 166,13531924832188 650,1835796078205 391,05616250452243 394,7051009632985 89,33447821140068 5,413651761657208 0,2793410292763243 399,6326476948606 1,9965689219978378 403033,21218649583 1
867,2932444679674 32755,952932168693 2,0100115726045122 165,55960503693822 645,7901147003827 393,87382035868535 396,1808797925229 89,87086817851726 5,451993592550102 0,28524011740353 400,896486284638 2,0046968285082856 405787,2493193808 1
863,4285056113945 32819,67378652498 2,0051277289441463 158,2926529378991 634,0082306021612 383,8704408423226 383,5003057251856 90,69722691008155 5,5031697690350905 0,2817604984760776 399,63558574219917 2,0005650504558505 400279,08264239447 1
861,3450758934756 33002,2945035833 1,9898834837057233 158,37527096936708 640,762652414671 383,4053706507428 387,6834759600433 90,87073849487629 5,426980934690036 0,3113079800722574 403,69277454064223 1,997558724437895 399412,3406957125 1
860,1669536802821 32613,562255258017 2,0117907310721423 177,27667826554668 671,5053337048015 376,8219985671063 387,5991504532694 88,10325175518055 5,450319858277668 0,31089295881709533 399,5872322084887 1,992665113309482 399026,11293027806 1
853,5439095949636 32718,128089570437 2,017626629849131 174,92727100793857 672,0978742519063 377,18806556744016 388,2703989012556 87,40248180637492 5,465746259000897 0,3443211544172656 402,7407909158555 1,9994762860572806 400505,8006782214 1
856,5337715192978 32619,937422117117 1,9920437333965237 180,6072200982823 662,9787857981677 365,752293743621 384,41829149640637 87,89980476549054 5,469484671837101 0,3464219601213874 403,3857273683781 2,003682916618789 398017,341964023 1
860,8773553437924 32954,17850483229 2,01931188088696 180,80426707180982 670,1523272753784 369,2322687566845 378,36190827955284 88,28807194795301 5,431726937340837 0,37134923853419344 407,7825644958179 1,9938193097332442 397806,0719305639 1
859,4663809354779 32774,030201872294 2,0006039705670347 203,9984116798844 666,0412006120928 368,82297007990456 383,3378952534401 89,08321647811634 5,481136447884136 0,3747260446352334 403,51799634770856 2,0056465171817752 395146,7664101417 1
859,786635024372 32922,60799681114 1,9974431067503717 204,76556986370147 699,5764166411652 364,7994350925657 364,8378157493374 85,48523759961306 5,4850639115785915 0,40069633783759334 403,2274575805204 2,001420652573482 392467,08167385485 1
871,410189867215 32618,929427572402 2,0033704577406573 204,6740502442978 697,9970389929034 368,17898276812326 365,9923536968105 86,03151756508731 5,521584162592296 0,40195214789608663 405,4080261416915 2,012085598839124 392831,85269898956 1
859,0176069069079 32668,941120542848 2,0115974197327464 181,34562257456176 670,1635311210015 368,17714505238314 357,25952623114154 87,84830779427901 5,449048232398553 0,40187799994154083 410,4283301680407 2,019314613606217 394546,05120242963 1
858,4891630040759 32867,68126467833 1,988392059290446 180,57906678161768 672,4291266730191 369,2094094540006 362,06798869808125 87,19556495134263 5,387884229164129 0,4287433649769741 411,24259852391646 2,0098355678483553 387798,68524755206 1
861,8952483047434 32862,79842516679 3,0007069792301917 204,50951004431715 699,0129454578367 361,50084106755594 365,5951554337688 85,58750526926713 5,450424326851826 0,42616490853188493 408,42529183657564 2,0016197862273652 388293,4129854864 1
868,8179712257506 32936,4841180094 2,993209120529483 206,44785178723507 692,553397715075 361,3786823314532 363,90898347663233 85,41990062762031 5,428761142205436 0,4554471145451227 415,8064355948943 2,0116044374111497 386773,24689306074 1
855,8358988439196 32569,233487438723 2,001582388975057 205,82648333745885 699,2138782095542 356,35722990552745 357,0254980984191 86,27782835423504 5,448378715434466 0,4593463815627276 413,49282990274395 1,9930284318541724 390612,7601750896 1
855,8881601884103 32875,81390503827 1,9935515431108006 207,1342725484279 700,6695541558917 355,9602535484631 357,231598598432 86,19316884016288 5,474104871393538 0,48401624429577844 417,99510734941634 1,990449675790639 389404,6347869944 1
860,4015550420385 32624,045257980066 1,984704228796647 214,56295389004438 697,8762205864992 361,0323535766278 354,9076631342565 85,31513439689114 5,462561567564268 0,48192564533440596 416,7436391440202 1,9810089577262728 382933,50271716376 1
851,6142093183421 32663,467970075242 2,000380653606268 216,0078819866134 709,7100260730763 349,7490812310095 346,59248853629214 84,9911770316899 5,437834100680483 0,5057871783978458 420,93402556138386 2,0105266465520732 385842,1689798004 1
855,5987428646638 32736,62026628344 1,995528851025849 214,69906184619663 714,6774704057219 352,62728528746464 350,71907876242676 83,93356887700551 5,427726373981985 0,5043523759800594 418,6229600147171 2,016055529598518 382628,25730817823 1
864,6426846642581 32858,38058087333 3,000103015069997 226,03284585950166 725,357458508782 357,4995241091751 347,9087198023665 84,0955032970403 5,405705013017176 0,5057263934254814 423,2404628344236 1,999007654131865 379659,52062247787 1
854,7749449307876 33192,94504177472 3,004656065118512 224,61656873549265 724,591599423713 354,0643811434141 345,7378779565764 83,30614189298409 5,425818304726117 0,5235893535738437 422,92998706433355 1,9953149983681162 379507,17399669025 1
853,2862467009084 32620,520082521918 2,997078000612599 216,37678989285573 713,6630231197231 346,5092151526165 346,59316016594187 84,17026310632838 5,430852772424353 0,5306954651070246 425,8672425262244 2,0039745058443814 379515,1509719958 1
853,6686946820784 32913,17992332582 3,031836802490934 216,8910697020873 715,9420092592217 345,3556170791196 346,96385752031404 85,90883779803805 5,447485985560649 0,5523851077234644 424,74105263726506 2,015833410815276 378851,9750859898 1
844,1356711947768 32734,754453712558 3,0237353010997934 224,18788934937635 720,7184147757332 352,14033324157197 338,06747149088335 83,86899284071521 5,3881567368240875 0,5498079330820562 426,6009084685718 2,000383753212142 375937,56723183935 1
855,2035118453833 32803,565751395225 2,9901023833222196 224,66861817554175 720,7891249991366 351,3928827931503 343,233170787058 83,74835342041656 5,463580924185415 0,5688351232531301 425,3351524531227 2,005061776653173 380621,5728300148 1
855,6990587352474 32764,775929598633 2,0028808176945114 213,81247210884234 719,8997019866159 352,3592950438409 338,1058047357948 83,5421606500388 5,462954873527951 0,5748193367302565 429,7220631739117 2,009967671977275 376974,4711488101 1
854,8529439098991 32374,681752695404 1,9987348498825084 213,3625492210879 711,6163949683487 346,61529463419674 343,0790907342675 84,7421760089225 5,413260167169098 0,5889348222401223 429,5763387574683 1,978932050172413 376833,3927036881 1
859,7161108209428 32853,82024517979 1,997722400441439 214,4201452428347 712,8323229010251 346,419421103484 343,18564148502 85,11136962410481 5,446252312566795 0,5845195851356226 432,5125380825086 2,010730381435549 368107,65271294635 1
853,5785878509096 32919,828768016836 3,0050576455955484 232,9045411974349 739,419010202933 345,0401740601427 336,5890707708493 81,17634595397853 5,454953991786746 0,5880425944434521 431,18605651632515 1,9989228893930764 369254,42734996445 1
857,4253804922196 32767,341917668116 3,0032578551084197 232,71116102151007 729,5488137099951 344,7639011720979 334,3997308488106 81,27683579823426 5,4175615336062855 0,6084443416909793 430,5652857975929 2,0145301593775407 365954,667098103 1
853,1726369441279 32552,86703791134 3,0099705729257673 238,32603424186036 736,1542898858862 347,455205922117 338,7413192792422 82,72794854320067 5,5108442588826705 0,6109068523767984 434,44605789905205 1,9744961836715047 366889,51012675423 1
857,2667734031733 32937,04927053139 3,0154217722716403 237,64856036630255 741,1591984546219 349,8615233503182 336,91470464040486 82,03764989961894 5,421791197122819 0,6220240680123399 437,4194321735016 2,007038175065058 363205,3458226709 1
854,143659809414 32889,498786511846 2,984512899932021 244,69617444444012 742,2898297975167 339,28769008894625 330,22400328439915 82,72183379086492 5,428038037958922 0,6240823479783072 429,91081096090875 2,0015001708607905 360337,83960106445 1
857,8059939885645 33015,57146843259 2,98645178129902 245,45855599983082 747,9623345867248 335,86966159572387 331,37008922811935 82,24050825811997 5,4187178398221265 0,6356699888492404 432,2292628188681 1,9887358732213722 362638,99056772277 1
855,6425903802659 32908,1436325237 2,9963455757664548 253,2170203363472 746,6595720597819 338,79851405137185 329,7694341590297 82,25423873310369 5,469583207185578 0,635921446166883 430,07249489728684 1,999093412248094 357595,1962514102 1
849,1404648137379 32837,85997438808 2,9910461583759527 254,95752483717368 752,9492064663917 335,6447682763254 328,26928961268135 80,98673948291491 5,436410940361189 0,6567859900404103 431,5488747511331 1,9946749192646445 359472,3774840373 1
848,7178390020981 32629,111306529256 3,020329810298138 255,4729611402994 757,5319321147307 331,2024166248878 330,45339438052736 81,27472096085894 5,445391254381289 0,6573020657286391 434,15133763786673 1,9812874891942496 357188,66512242734 1
857,9958656143708 32727,69880152561 3,020792583834943 254,60122434310955 734,8157626530825 345,0264146120097 329,309952668929 82,53230394707867 5,494750814788715 0,657351709267692 426,7064267104988 1,9972517846924016 361237,7870804794 1
844,7720187109145 32688,25540004643 3,0243569413887954 251,90203012165708 734,0823504556903 345,79535377726813 330,17367373362634 82,44714328241356 5,455668178698678 0,6673405434042364 430,86015854701714 3,00119162879348 361053,012333202 1
862,6189086173563 32772,91204528855 2,9818647036289567 246,381218638285 748,942398623308 334,6697502585007 321,80632724040174 82,01046404210503 5,463112830961674 0,6677190079686398 428,27573788134174 3,0123212449580326 360854,57338616 1
860,7783588802275 32559,59815784506 3,009532513707555 249,25746871262533 754,8913726842609 332,9811572103941 326,4328991051986 81,00395187860987 5,4702521094348535 0,6860192062409197 430,633078048513 2,992049753346725 353995,266098936 1
859,347121002956 32829,24060005492 3,0236072542983714 248,00641911246998 753,324319780723 335,72438123813794 325,5249131522391 81,58128714391196 5,405892349143788 0,684263509127527 430,954699103928 2,9869550109215757 356287,57965115854 1
848,8349332445378 32636,733441760472 3,011399779840872 250,25805186229277 755,7022867736491 337,8349934563661 327,03147369128686 81,21026531509177 5,4192294069883085 0,6945876465376534 436,37514475745104 2,9932402883508837 354899,00145089126 1
864,3390110710629 32826,48651292804 2,992620109333485 243,6964110240634 748,9342670054939 335,44029494548874 327,41342336501316 82,11368937636755 5,444850846004858 0,6930240900028737 433,16844803190025 3,0050050584025696 354404,24736134714 1
854,0249288368852 32799,82072197766 2,9804768482753996 243,18735198246537 744,7647948080098 326,23125768027745 321,51267379594276 83,14743435367399 5,493543967126433 0,702338467736655 432,2857997064749 3,0167180198197663 352196,519554894 1
856,250987142953 32715,782405622336 3,005154505520913 243,71263865971812 738,0381545315777 327,6791107939376 317,95318880211494 81,83245301142708 5,447658235816024 0,7032326357264416 432,9641641875361 3,00327023244353 352869,82062332943 1
851,9998680990124 32763,6741366318 3,0247660345999465 267,79518048546544 740,0709536686786 325,8210173611215 325,0494361175 82,79082097306618 5,431319104039064 0,705649151056394 429,1074317644839 3,007193357254038 354580,2110695632 1
854,6844755423048 32794,71194043598 2,992110541407663 264,3473960496495 733,7188008176396 325,4839604245933 322,874897071928 83,0001544097607 5,480725536647594 0,7112334258059778 433,3866735311309 3,000380170584302 348367,05130464246 1
858,9497734540291 32714,744943667418 3,0090431484360103 271,5247747878475 769,372068384426 324,58324585948344 316,52196569855994 80,07305829903775 5,442123990276084 0,7170142124017982 430,4478886941452 2,9721165514372836 350323,4264532203 1
846,4040495378348 32639,50012995453 2,997702509467689 268,71397709088 777,3216769444654 324,94336790687925 315,76148115790534 80,33888389501298 5,383374146286456 0,7267499219142581 426,474534358233 2,9915310704203835 348539,7176740526 1
855,3172006842534 32512,515257209194 2,988713464199802 265,41417204150207 771,4131820203379 323,19875597123627 324,1730143772259 80,70354948713926 5,444267258729208 0,7291807943354695 431,46719499819307 3,0105279251770556 351941,548047111 1
855,2189407218582 32771,79173087353 2,9735774221547993 266,8129933503513 769,8337366929485 323,53538247801146 325,40352874887844 79,8394007846828 5,449207101676699 0,7365285647861949 436,8454824624799 3,0051779553080253 349700,45672090683 1
853,452828276565 32531,428102897033 2,9765765151761516 245,89205241825044 768,8859043650805 325,4888668097862 324,66560242275085 79,9485518037677 5,493073134991486 0,7344563348046367 435,07883552693494 2,9984135096716105 349850,17529680877 1
856,0782709355934 32757,538892193053 2,9813515345471386 244,79023596686898 750,890879037378 319,74475225961123 317,956272755025 81,93535858167758 5,410893819674184 0,7394187569955022 435,8551054409609 3,0127182769655967 349923,3555598706 1
853,0295689147156 32822,50914961754 2,9996489970215565 245,8576325359235 749,0770933437198 321,6260546248209 317,8350939344441 81,7705599603755 5,456713726393549 0,7394292443155469 438,38630269608694 2,9970937577513426 346885,17322177894 1
851,2584880303785 32711,514274060904 2,9797654690883113 261,46421535367574 756,0987040036657 317,15450974397334 318,33041545212825 81,44345034815062 5,442111445936012 0,74202461567385 434,5231677901379 3,014535136212745 345905,72031464375 1
854,2015178118307 32633,278112882144 3,017160211597835 261,37095044611107 757,174883917441 312,98928508983244 319,86780691970495 81,71933954241055 5,440594660128386 0,7481224651735523 437,5453552015651 2,985539101312701 346440,7110764485 1
852,7849727415655 32758,179068697227 3,0097442494509803 263,404824113944 765,3313334650546 321,6913118173439 321,1652115743184 80,36337832543383 5,4443053549882645 0,7496759718196002 441,7647689755467 3,024232327216131 345554,6940181873 1
849,6187666465182 32674,025975901266 3,0421256182639955 266,1242595078603 773,1542713683823 323,6713532687797 323,2718299828477 79,9590881289103 5,410444658779369 0,7557703346848362 444,365415629869 3,0112420762187373 345516,3178154062 1
857,8553898492336 32459,85667283281 3,0111490836740207 258,0951310038509 760,8871767340303 318,6599473497 318,96525569762406 80,80199164601875 5,464640307016106 0,7544682431737808 442,6564555556417 2,973125750066281 345029,8490003498 1
852,5968765267834 33019,35769372201 2,9950531827872435 257,444459013556 759,723723272821 320,82711478690044 317,9833227977921 80,56412397933612 5,45401971506038 0,7717576744679862 443,98868822163826 2,9649786314929707 345537,11913865927 1
854,5687602646519 32787,69049890574 3,012979408679526 270,63965183736775 756,5181512654655 316,7383538028084 315,1723743155149 80,44126894683508 5,4280266676016815 0,7549966589171067 445,0246775860401 3,0052090666166533 347987,88651393616 1
849,2088364103441 32739,96319283686 2,9978622466688964 269,1384429793637 765,9566202377531 316,0309004974262 314,0477373572928 80,1126223522475 5,4599151242317205 0,7692402784087461 444,1731547827753 3,006446424441938 344969,32128241286 1
855,0069775652353 32540,687229817948 3,008936679225354 270,83487831865494 776,9316365459609 316,8471480496884 315,41711212677006 80,13167089452146 5,465113013359386 0,763581208448698 447,6923604756379 2,9787498233666163 344673,08577076613 1
859,9127565219998 32848,11669802046 3,010396481851612 279,13337686849496 749,7365206096492 329,57566704348903 309,89559679120464 81,68978044255404 5,477054899058083 0,763992645950606 445,6876433365391 3,012727465284795 345160,3111831641 1
851,7578054824712 32622,01652789556 2,9804596668996246 278,8218979361327 755,5744178043043 331,7984920781591 312,1837841203679 81,99284658837976 5,468999147711002 0,7658072727764701 454,04643045841254 3,004790922777895 340983,4751012955 1
856,1231308011292 32748,186722473085 2,9824243756754862 268,341397248577 778,435359995493 313,50074267825613 317,7082640576986 80,65731682038202 5,440555998245377 0,7738955076856276 449,4963392015898 3,0039300186272264 344257,6251900111 1
846,8951322010086 32755,824607566046 2,9943470502279896 270,3072322725716 776,2378709872969 314,8492558799694 322,1376768094396 79,30708393725173 5,479196872276314 0,7761533953462824 450,5442606382604 3,000157386046818 337685,00194149057 1
855,1557701249358 32560,17372358572 3,0188024521985986 300,9254219889983 804,9807261519152 308,40936740689654 307,75358480171775 77,1404622267193 5,450385244364472 0,7720452422892579 449,89211130860747 2,990762712910083 339342,9634235446 1
847,8133140889983 32845,10281688147 2,974650616608769 300,6529112269406 795,8073865916325 310,05071308113435 311,20773869904934 77,3359687162204 5,461953452899638 0,7817644152127933 460,35014523777977 2,9951992730478416 341643,092523167 1
854,1968324699349 32758,315069810353 3,0105549097175284 246,45332235777923 806,2662361692761 312,30533453982946 309,6415080740272 77,20272535921302 5,488318471339214 0,7845427009377484 457,48373118709884 2,9936278485454686 340993,6749065122 1
847,9900262995149 32865,18889171145 3,0135179725475427 248,16568003215602 745,6687470794453 313,002584455843 309,8847355573391 81,88067642684187 5,442487433460018 0,788397419939325 460,56593537873204 2,9899133654490795 341893,3961217658 1
856,1470005972585 32526,331666958744 3,0144799876827997 247,0731412955919 746,638517707916 312,69544633881134 306,9903365388526 81,88159120464148 5,44772853210156 0,7861214767665428 461,3213390909963 3,009762508052577 338889,490804055 1
841,5815743881085 32738,154904146944 2,9937278476281213 276,84191475971494 757,4430920616597 310,88910271364307 306,61865332789904 81,73064340705459 5,4885286291046365 0,7859104200324416 460,1737524444695 2,997213761902806 339198,0892417134 1
848,6850742377472 32970,003823709965 3,0034338776630305 274,9912956115022 750,5435724061363 309,1490914362165 307,90379755165674 81,2709117034928 5,467413819650448 0,7946962270351519 464,4016172227686 3,0060290161408707 337042,84620106354 1
845,3417518661045 32802,80467305164 2,9853917677700195 276,99476444223785 778,9284283681369 308,892284222422 302,9532065083994 79,37908275292985 5,457195831394029 0,7886812360092716 465,66707634508543 3,0154165402235837 338939,6163344439 1
845,4347514798362 32562,391506432687 2,991927072242566 276,9843546008704 770,8545435555021 308,2127545743514 304,2700306027101 79,64725553267265 5,476121173758453 0,7877628801116643 469,10897650018575 2,995829432902185 336500,9920170874 1
849,0023588786153 32773,67940047517 3,0045783973140794 294,09283767599834 789,5221091924091 320,5623828750594 302,39862921801046 77,84253625012205 5,466099057613903 0,7889795654334031 463,7928334026457 2,9914531696786932 338929,5580111161 1
844,501648763231 32598,922197744567 2,9888829716515914 295,21897071429566 794,3639975650981 322,65411381618907 303,1894002445592 77,52177639622917 5,460872930296852 0,7969713292611188 465,6557433068713 3,0007385490448995 340762,2531040013 1
854,4702176277566 32765,281925540774 2,9951558817241497 262,55089484947337 798,4632686200476 322,48765769609037 301,5119612736015 78,06820327214062 5,477036034417188 0,7989581816907921 472,9633272163049 3,0078312695151386 335500,83982001466 1
850,347892583772 32774,329701218085 3,007498139150198 263,5499526674871 767,0147278447861 311,31729003482167 306,21933500385825 80,05612859124248 5,46298959798967 0,8036708290527296 474,1655875516684 2,978826252585038 335808,1379091725 1
846,4355334196091 32482,725964319026 3,0033090186466893 263,14060233055244 771,3922759301695 309,48549719982253 300,81499545103884 80,42271186363246 5,4225280652845145 0,7974487775432783 473,714997045966 2,9642511139881527 332971,0913135361 1
851,8885568477075 32727,253148034913 3,022907011187759 285,47944632450987 791,0412959136493 310,3247157604295 301,4618147989744 79,11552494401352 5,524063451233796 0,7948308625706334 470,32969374199365 2,988119673789445 336326,330308241 1
849,2806467903976 32678,90471359697 3,0221822122355224 284,94236977771385 784,601411168966 312,2380982396803 304,8361806437462 78,98236594888552 5,434197517384724 0,7964182407389097 476,46237484271177 2,994782001687373 333196,42045407713 1
847,2824755789896 32465,216712125966 3,0219613192220383 282,6722754083418 782,9739717405275 301,69037660288217 299,89077147510733 79,32898505948734 5,438437069064271 0,8006124241425767 473,27210310910124 3,00339649949981 333596,15504670126 1
849,1640553070013 33111,26712067317 3,01020819877827 282,30934699618626 780,2754914535743 301,86344135741086 301,25488262909585 78,54629705660889 5,458307748333401 0,8001647137875536 477,95292344397905 2,9830948176509353 334084,19773127197 1
848,7613742607449 32780,66151828098 2,981373449780835 287,0348110027395 791,8974585131597 307,81414635389416 307,8361204794638 78,7655595092669 5,473841672367617 0,8002344479946868 475,4080561472328 3,0049100076404884 332175,81801618735 1
844,542416518799 32692,78043983104 3,001133867362201 288,93140413167737 792,4440900048392 305,71564556382424 307,21011125696623 79,16882350320768 5,473998316122489 0,8051134501047941 479,9680251240006 2,989339614577381 333321,55220310565 1
843,0290588316905 32846,907060937265 3,010056986224413 292,822072775018 789,835765729273 306,27747103671516 306,57808027774024 77,97164380368294 5,473479407013734 0,8071967327789183 477,64904775406603 2,9966831243459993 336275,09301932214 1
844,8228784707148 32832,11443369813 2,9889038572715867 291,4637608054873 774,5183248642624 306,64056430386955 302,5119028852752 79,73023684308043 5,4543580595733 0,8118774359242346 485,2449037846842 2,992272109212969 333595,8729517369 1
837,2391252174021 32554,922701047803 3,006076462313687 291,6292555560251 767,8148585303333 306,2459845953238 299,5116928645552 80,0034909574605 5,4410289707629165 0,812710908389755 479,6545945725861 3,007964670929846 336414,98931049084 1
847,7583580989793 32597,985041760974 2,9924643256085215 262,4286356172082 762,7053179936323 298,0320609961006 308,4611504737569 80,76765532730853 5,432516553199831 0,8193571193917828 481,15450822609506 2,980437318419627 336781,25255902845 1
843,2169622836428 32337,804905438945 3,0269572348327323 265,5386388011591 770,3626143282785 299,37086536336926 310,5132264241552 81,40888913634514 5,479152832895985 0,8179531844168526 483,16668612580304 3,0035883130201637 335798,4171111429 1
841,6550367516738 32693,83423592732 2,9957666860691967 296,98331305996373 797,5853279369402 300,8195999909753 304,43969059834745 77,68364390832419 5,424390202539245 0,8145760263288413 483,00733640962534 2,986382049359746 335677,0937153722 1
854,5004013771996 32699,02182976858 3,0057876218110184 293,744820223866 802,7006024580912 300,83147036277165 307,10486170223527 77,81409704659646 5,461090228457657 0,8040239149847306 487,3528355152124 3,0081289854058637 329588,19086490164 1
839,2415368184819 32677,686321280253 3,004463542306187 288,12922278136415 793,1078383367867 294,55239350243784 311,31020733292104 78,13828853126232 5,419507994170949 0,8161109361868211 484,5600008917526 2,974149627949843 334334,24727439537 1
845,6119172198942 32836,69570964525 3,0099094946728107 284,91391306094073 788,5437801218123 296,22850720810436 308,5828346787247 78,34286406375493 5,477608113474418 0,8113539071175841 489,6938028518344 3,0078171881935902 332109,697922874 1
841,6949725126908 32908,19561960231 3,028413852253031 260,7845050272781 791,8990185179248 297,94660485426596 305,2450768975804 78,73196594398685 5,457442753720988 0,8187913239099888 489,38473530859835 2,9861106985872143 330768,94263460126 1
