Co2(scd40) raw_signla(sgp40) aiq(ens160) tvoc(ens160) eco2(ens160) rs1(ens160) rs3(ens160) rs4(ens160) rmox(zmod4410) tvoc(zmod4410) eco2(zmod4410) iaq(zmod4410) resistencia(bme688) Aire/muestra
934,5553823249502 22728,855788892924 5,027506657511543 16757,203654781733 6964,208749049079 45,95908377800706 8,918282010099116 8,074229957170827 5,353804252287959 2,4556651087373895 414,5763901349758 3,0027933490355743 52846,39642751487 1
940,7411577116467 22612,802718911673 4,968548169220951 16903,612796587087 6914,653226813546 45,74765680092757 8,990069274638028 8,139716739987115 5,36393311007012 2,476498571992552 417,6124052287868 2,990667088405168 52951,301295387864 1
934,2164006852776 22768,21214277193 4,98581027665626 16237,156301799623 6930,798095629674 45,791862875518724 9,0278308259041 8,075708911019715 5,383284904039434 2,464007943731754 412,33595771453867 2,9856341062532934 55526,97940535372 1
933,5351388947998 22822,479895491873 5,0196052402096525 16355,915536537752 6620,5939540600075 46,85968093247042 9,273929771081853 8,400208917340713 5,3970676930968775 2,471061530660037 416,1437214334988 3,0055843512694347 55258,26675584994 1
935,5027402874806 22723,521834475123 5,014376907940035 16290,156054454332 6634,983083551701 46,99909483561936 9,261470094334955 8,411648572086575 5,369144250265283 2,4827019598628692 414,1125540047078 3,0034328318945978 55065,86141939832 1
929,4492454491988 22790,63670706497 5,022126593012643 17119,75502608459 7095,976098325985 46,32450189993976 8,911892776574952 8,089479673758943 5,344912835410072 2,4689637108672846 416,7647595246691 2,993891849821897 55304,50755378002 1
931,2015689198784 22987,958612212104 5,015078716518545 17001,7026176852 7093,432276896482 46,47489143084895 8,921491247815128 7,950494665896348 5,36461753185891 2,4881676738972756 412,66526436908373 4,010728206869531 54191,84128752995 1
935,9083828872938 22839,376778804082 5,011453266728903 16921,3566309405 6996,57462175324 46,35155855021479 8,84126142750966 8,055800072676067 5,384962686112195 2,5053356492755006 415,9020580872262 3,992448482344103 54300,064606918764 1
927,915751635118 22722,108055154833 4,993163973392811 16916,98336719805 6993,630301716983 46,278363475595 8,862126793908361 8,061067955497677 5,365942260443624 2,5109232837094604 417,06031158477674 4,0168697449762005 54169,3600987933 1
921,332397624343 22909,438767242686 4,966589097483627 17355,658157006754 7300,710966587526 46,79103611473646 8,736384298790435 7,922564981480083 5,396988010281713 2,515893098063441 414,0267448860812 4,022226229328491 54170,3256920709 1
926,9279105865237 22758,602995779074 5,025256012807465 17318,64621533615 7216,2011944609 46,09856030382505 8,784368083700874 7,886187637256205 5,368325349574688 2,527357395179849 413,82711918058436 3,99262008962511 54034,92040898186 1
924,7326613134942 22780,77689368736 4,9338199074152875 17162,932311541845 7180,437146444727 46,40160236738712 8,747541717512075 7,875005319239078 5,376637721531394 2,544763175221816 413,4542762133148 4,015421037119437 53741,58712054939 1
919,5849037414788 22798,184217086644 4,998535252286874 17081,472456422372 7163,977714404561 46,66465500108301 8,756938283326356 7,907096690360376 5,360821114734394 2,5186564515878973 413,9643959006129 3,9973751925505048 53462,03499939402 1
926,9741830163705 22685,65030483151 5,0295602298730016 17134,082097370774 7176,832151497444 46,0003173593589 8,749046413701292 7,986681556200808 5,356460835354352 2,5302545949121944 417,5076781728864 4,02160501910147 54350,77215300835 1
926,4846124758354 22584,012635339157 4,978611969150405 16570,611743560312 6875,571467521184 47,30977768159887 9,059350546998392 8,367498825304986 5,379794856069218 2,541416610696886 415,4319692714882 3,999477061819134 54373,791111153 1
916,1313581715915 22940,184185069644 5,037817066755799 16630,412068952428 6877,2823565934805 47,1462614324288 8,972451935153115 8,37679100889965 5,406769952159149 2,5238088153957845 416,1221709943259 4,00603725823601 54918,44627396076 1
920,601050431982 22909,539045372243 4,9970579303166325 16303,389115708536 6717,543464523343 46,2662001267206 9,098131203001808 8,364296256035061 5,378195961198539 2,537310823598783 411,1187872179051 3,9780524694336705 55468,967596924864 1
919,541973418468 22894,153148541594 4,943943323452338 16453,467387435052 6759,131938191194 46,22845120732537 9,050686551878151 8,356440740142437 5,367209563309911 2,5436165838918754 411,44412669930256 4,022890818384048 54085,13944837182 1
916,6030550355711 22871,71239742609 5,025573103758965 17161,88173456891 7126,805776681885 46,467855330722436 8,714428522375984 8,004002610920875 5,383802721404097 2,5341270743157294 416,2279158944998 4,010737064360355 53743,39342612203 1
914,2824562538531 22697,78557390311 5,030667928889558 17118,919358882787 7074,939564593785 46,170140981806064 8,78620663686196 8,031214949969637 5,4281522477909006 2,5732504502427243 416,1788396072463 4,0131907520356656 53331,15980846339 1
925,4672132103744 22889,3027402182 4,990269532039538 16060,319849022788 7156,658241042089 46,1622498261045 8,673443940197217 7,958609282774984 5,311069183636874 2,5593319480127548 418,75537016625594 3,9914822649695796 55255,01215565982 1
917,509286917005 22826,40781399932 4,976607620555264 16074,180654940934 6526,53196046527 46,48944984077813 9,324723589947688 8,466371749003695 5,36087002257491 2,577272360215371 418,71950279215935 4,003540477027481 56100,28644130324 1
908,1418455958822 23026,090276236926 4,99043720407932 15943,579659553134 6494,59126724231 46,583856179548 9,265753086531966 8,495003868849542 5,40725798064701 2,5625019199206758 414,18551615135743 4,007981020156602 57115,864748464315 1
912,5881235629298 22884,03528512837 4,9975116376674595 15919,471698596226 6445,3276218422925 47,11130107425616 9,493899621587943 8,52920605722544 5,366274274919405 2,5593754628416323 415,4596049039011 3,9717487175667667 56651,44923500761 1
907,8817948776419 22992,823584622885 4,98867538127619 15929,727329024157 6506,506110601065 47,20803853241245 9,580214404112912 8,565629700031177 5,344879180627201 2,557852366565471 418,2179641804622 4,012382455977561 55917,95948942828 1
910,4822143703686 22917,342737254457 5,041542008261944 16967,336697624567 7038,526251013772 46,95120723560254 9,113120152772854 8,023184561074277 5,373971022703951 2,55857397127622 409,7134891192086 3,9742326322426593 56568,396705693325 1
908,1205952098304 22940,60444657638 4,964243708255239 16963,894293101537 7007,471711829302 47,37471294319661 9,16621805243085 8,061873795256771 5,364240391333745 2,5485031026357245 415,08134167228957 3,9950165210741124 55052,6742559022 1
914,8048225894611 23085,455812804877 4,995190112103151 17121,736153787366 6986,459979724335 47,05487152378064 9,259672192644514 8,047324995482697 5,316783486319504 2,563101319498609 414,4591654154686 4,012216922332666 55795,235841679605 1
900,846911941236 22914,840647649613 5,007262082834085 16911,2667943455 7037,51451155158 46,68090146684746 9,233092794701399 8,011783424157075 5,278602190979782 2,562616906903305 414,6989168897581 3,957889258743581 55504,75022750572 1
909,3943619373321 22746,48683714835 4,985173691769589 16315,077758954816 7062,592414559548 46,6330761914502 9,323014707881805 8,103436123306231 5,403211598330183 2,564295354530505 413,9869216124429 3,9759172856491336 55033,70825933121 1
919,1051875922511 22902,419666543432 4,9833470633428725 16432,16829414811 6689,900813625577 46,05942821903701 9,169479233656668 8,332487065173432 5,383970544532039 2,5874762040554082 412,64996443529907 4,007345303142669 55520,26630349762 1
894,3515249096528 22877,081290680002 4,944065058895577 16469,91945846839 6709,570963385866 46,17047348131116 9,171723313473546 8,328648158912783 5,372515848272274 2,5652128559209872 416,1701708258253 3,9840095336655317 56189,468170143984 1
907,2152949039004 23013,32715783474 5,00818290409081 16117,096326322162 6670,268659720543 46,91961371869158 9,57105565104426 8,365889663357391 5,368366389226055 2,560577614322624 417,4431781291189 4,008047697677377 56522,85389623584 1
901,9096921427742 22750,62443141568 4,972981647975027 16250,74675048501 6726,471771827769 46,566474436224084 9,60058620507433 8,308534885236519 5,341179344173251 2,5652274277788676 415,80613178462414 4,030224085071594 57037,814280333456 1
902,1629048987401 23095,40603709552 4,99566583208877 16265,808313901694 6577,583350145735 47,25840150477663 9,542833209067561 8,450823952102708 5,35458169397951 2,576451340719195 413,5506176091393 4,010708608676387 57448,02370312398 1
899,6569860050732 22866,900128664423 5,026557320853775 16034,01413925995 6634,572701401486 46,859823615409056 9,5564584981925 8,485072763739371 5,419217706795702 2,551039714917943 415,5581558248899 3,9735710167844855 58928,630817542355 1
912,8395022067701 23203,884837130467 4,981091286864667 14775,589629084834 5870,296289455735 48,27799321838416 10,586823652740547 9,345251784398753 5,363541005222114 2,567077272143308 412,8725459216689 4,010304528601769 59125,036509063015 1
905,2482665020541 23199,134170928734 5,002477812320018 14716,17574040621 5840,741398979598 48,28257574429865 10,532397610050555 9,237130921443118 5,331297923473193 2,564629745454017 411,8946049580783 4,004851553322855 59619,77986866511 1
899,72219018494 23061,87834882029 4,956811663557079 16179,836570939446 5830,543865667435 48,292885911468844 10,584651823501957 9,263686651777778 5,349303612912825 2,5880096811375957 410,1322051408466 4,0150849330262455 59425,0641669659 1
903,5613193611201 23163,45807974319 4,992445082016864 16247,376861072456 6592,204537090986 48,106155419544194 9,930373380918605 8,531590406248993 5,345993232173731 2,535398163446244 415,6369395459115 3,9936149119291056 58784,49540300556 1
895,9390260111554 22954,237424405765 5,016615514299188 16236,552566187076 6636,646139467434 48,34014067992906 10,091504667701034 8,471252512208025 5,373800533358675 2,5236301145211266 413,2103189241844 4,016980083153871 59770,24216542313 1
902,8391251510008 23099,05863410811 4,996337711343847 15745,502378707548 6607,058728026206 47,69882590794847 9,789580550643828 8,517817338156169 5,355247983127283 2,5555226952115224 413,5598674212905 4,019531750666414 60119,024486578804 1
907,1123256673453 22961,771364768825 4,945341584602767 15571,135736713864 6600,621502255816 47,36819434378078 9,807991691593317 8,427949698920418 5,317177987320062 2,5691450397938476 417,7327012618975 4,009080148637418 54771,29740901192 1
905,9249304812274 23105,854089220713 5,02401810588842 17781,58444450152 7579,119027611709 48,13409445795649 8,713704145188915 7,595872593914888 5,374086434596318 2,560830941112536 416,90041231104624 3,985234051302419 54196,65450343214 1
904,9018036332527 23020,901478688927 4,999618214207267 17688,235585484537 7460,828681484907 48,243120866321576 8,917399267085111 7,660176931775701 5,390978300037588 2,578798383501939 416,80781607695513 3,9762146198068358 56434,45132229177 1
896,7656076907547 23058,566739403017 5,026982064144082 15770,345006377343 6399,939410840528 46,51448978846063 9,756984795710869 8,575407155699448 5,410319256146077 2,5565748502399885 421,3531250884928 3,995609258844771 56140,0108660795 1
894,176821333721 23009,36098115663 4,940006213357474 15654,933867842465 6387,73888159015 46,20904226080199 9,775352615725097 8,618061092023634 5,37888509929544 2,5754217121174436 421,7313980032003 4,006551017430194 56187,077426293814 1
894,2049823783016 22955,655790918478 4,982451250787907 16300,709550157882 6392,15240554138 46,38321731498391 9,690994972488397 8,612789425044518 5,37463900559273 2,561194020386402 420,7532635906147 3,9863074480013974 57718,123621712264 1
902,7321638270532 23047,372958437507 5,032049719911928 16315,234858460208 6680,63886636764 47,62786960183515 9,87360930194614 8,452794140050925 5,366906852993293 2,5854677789283835 418,29830826036726 3,9770440988362172 57378,1354503412 1
893,7090799975517 22878,293174278697 4,990332766496078 16470,678522290535 6612,904166590539 47,89646710510494 9,76532970023499 8,33393393157558 5,372392529974322 2,577642037870746 423,05151605201036 4,019472047087613 54505,48357378809 1
889,5805420318576 22755,79393322798 4,979632394258148 17723,435585613264 7507,845603205754 45,93387818074605 8,943076146522216 7,6729835417114876 5,38884758732988 2,5811429618205333 419,8438763804197 3,9924066847060633 54548,25072282902 1
896,4946933302992 22922,58104347121 4,996599161018391 17645,878703365106 7488,844414938577 45,92473258297609 8,905151009792199 7,652130400479242 5,365766386419565 2,573069021803271 427,4007611194113 3,992390067322925 53436,993822001474 1
890,6371230230673 22948,625766648 4,958304634109162 17990,42946160234 7530,1361253820705 45,453046200401445 8,644755190394362 7,617539917044891 5,395488332796885 2,5864273268309743 422,42903885270994 3,967244185883574 53578,44204223518 1
892,6106266468547 22961,76873986404 4,9357938002845145 17914,61294280666 7558,803305278816 45,54098719749216 8,638620348880032 7,622849557937679 5,420220128377608 2,58019452881395 427,1037485352269 4,015479247283165 50291,75005989703 1
889,4282908303472 22625,180771713854 5,002042645706638 19465,479634792424 8423,375380975902 45,105536859534816 7,746557110149472 6,936867654396271 5,357136507497227 2,594823438301533 427,6079402545967 4,005581233630167 50397,12697648815 1
894,5201384876076 22588,899774346482 5,006493890259797 19483,00077068243 8409,954786737386 44,831106009078255 7,73761160385285 6,9371385659171905 5,378253163318608 2,6184158732307914 430,46424100844956 3,958504340799827 50725,497366526106 1
892,7778210003722 22489,01644509266 5,030515020914077 20926,167809064205 8417,950344941268 44,74630006971393 7,670574125555516 7,068995095386259 5,379217837894975 2,621355459300403 429,99489430360927 3,990392142451877 46496,74132314052 1
884,1545276446572 22593,70325725394 4,9750763394369075 21022,778817554623 9341,286409642174 42,808514644897755 7,085801062003315 6,526611060401603 5,3609539660420475 2,625019203106182 432,41041176247325 4,009702091473031 45908,916873067516 1
882,4235298369357 22346,862640719355 4,987642031316994 20858,124423364396 9268,781594852013 43,57083235649862 7,164063554852577 6,520622642988535 5,375403349561833 2,6287577779058773 434,391144977354 3,985893953424592 48497,72474821923 1
894,568546618792 22417,55331450832 5,003558420656918 18769,803081693783 7982,194527093849 43,28123134488549 7,635500024559045 7,305143799712085 5,355715602543655 2,613947440479891 433,9637608125861 4,017964906991514 48269,126743842615 1
879,9490471621889 22523,461268983556 4,9894840420066835 18932,80431791082 8081,938627102347 43,69858267531025 7,692101075129018 7,239445442344944 5,364075038161469 2,626676854824874 436,07566360173513 3,9928157946947223 52664,92582545353 1
887,3486731680341 22627,035172456468 4,991716715555025 15681,225154594757 6354,304394699645 44,85479225481938 9,108089549086847 8,638596151358922 5,3722627081752705 2,6388197683891246 441,22567467844897 4,02432121156864 52600,7524138863 1
889,2183529102281 22808,126645564807 5,005544692074957 15636,759560974057 6331,352762467075 44,776900424120406 9,104856885175916 8,664161801682475 5,36339330904436 2,659759810829293 444,667248277027 4,013672199017434 58071,370030122736 1
881,3727166962327 23010,849097168317 5,021023875712691 14575,149467685502 5814,902251616326 46,076810807949016 10,142949661105568 9,273934232885578 5,34552293805515 2,6287488069980003 438,1947253770929 4,001628114445577 57927,22185314909 1
879,7357268056838 22939,020509118345 4,966439071512875 14654,686868964849 5807,709446085329 45,897102679816136 10,191626371641133 9,292956514971676 5,363710196278169 2,6050052721398957 441,5087410787765 3,972473476620407 58295,505966222045 1
883,1436252458565 23153,076637832804 5,03989597794609 15332,98373711049 5769,28241783089 46,40869790961877 10,29394464742683 9,403303323479367 5,342736548180526 2,618054910604151 445,18978544390546 3,9929385301170273 58900,62797521805 1
877,6972363826417 23228,578110144244 5,012636330630817 15337,420396050144 6255,866589794183 47,243007546798914 10,035517451211883 8,811419891366901 5,336189763288699 2,616318857730774 446,3886221303373 4,005868956009787 59117,82847098753 1
887,7893920805732 23220,818173355918 4,929175836512201 15279,453816903157 6299,725440517469 46,98596153554433 10,160753286235696 8,774057332416067 5,384440064369703 2,617010760356529 442,33985666410905 3,9975080820647526 59191,37028702197 1
884,8907553140903 23080,905956684128 4,993904867569153 15288,455860067903 6206,573011764536 46,77847533715285 10,312039710948959 8,76719860687472 5,3209125398733725 2,6215126577884624 444,10349490024396 4,01093091398084 59136,5407973387 1
883,7091682238516 22986,563361307704 5,027399785059452 15519,922640744871 6208,19847864627 46,994256492469596 10,362695834521482 8,834070239298436 5,3435155235349345 2,5914247457553423 447,7858196334497 3,9672155834775085 59485,18325714055 1
889,5131679372452 23128,214547851483 4,951010337939346 15423,95051869592 6162,865757329705 48,272151758480206 10,29474707387781 8,862653055760324 5,368647362843965 2,5824584254066205 450,35311961203274 4,012857068502126 59879,936008505065 1
875,3358284646623 23134,155473208077 5,003879970348935 15292,92736790506 6200,8679873255005 47,69966211869611 10,323689395035707 8,866982899576646 5,3748908186560795 2,5821606483873745 449,0331670236229 4,018680615112724 58292,7653328924 1
889,8343238488312 23100,649367908285 4,986923098508216 15931,960830666256 6392,209207780935 47,102303706050364 10,149055577154497 8,684038718478755 5,340048631818409 2,5890643994476217 451,53778461064155 3,996826972935244 57786,228938144355 1
881,1358528955128 23219,165817740664 4,964547095697767 15775,786014439544 6416,139626731425 47,43844645673635 10,007205967051878 8,624249375552727 5,389172927009805 2,575615821654585 451,0663485410906 3,97903551598472 57328,41496767776 1
875,3023172012862 22922,476734812317 5,0489870315090455 15700,006641704407 6444,983200177923 47,50002258784929 10,016230530636415 8,596951240245053 5,360379889620518 2,5604531352001976 450,611285454536 4,041132518443621 58382,975040659505 1
877,0320506840333 23248,359172442208 4,973461815140231 15640,08029266106 6509,847304237861 46,6173834846587 10,224502746028122 8,519507904007297 5,401881331069047 2,5812294024746034 455,17724197497273 3,9507237452746966 58404,490312828864 1
871,9338347788398 23009,156266797312 4,993703166973911 15741,986003714706 6483,398756542323 47,13880915908711 10,246267289239288 8,560365220511835 5,444113808145771 2,5965317892249824 456,2089013271985 3,997154113584578 58991,090718362706 1
870,370559048903 23026,795315480846 4,998527079449221 15996,108279369639 6517,301555981016 46,923419907940335 9,861943240100327 8,528784216980402 5,360772285400155 2,541883421284165 452,2112623886119 3,9605079212278835 58398,06224202105 1
883,3021910530732 23101,116218411902 5,013954868672938 15727,692328631907 6569,0279282146885 46,80461755620848 9,743773548592225 8,59933408961029 5,411271146766604 2,584122089345969 455,0361981111807 4,013578983958308 57896,59382552172 1
878,5676819372335 23188,58400894169 4,969665019978285 15661,816953160931 6276,039448432459 46,79725671315041 10,240347073755853 8,778123149849574 5,418125378255401 2,570345911293941 456,0250959175085 4,043419577908962 57731,81619375744 1
883,4150481183005 23165,814078945306 4,995436303506121 15555,384527493752 6253,57544623843 46,84264108784919 10,278414526422361 8,794202305709867 5,391910645162282 2,571739246627272 455,1402738729669 4,010164585049697 55907,51242564844 1
873,9945513788662 23023,661232315742 4,980328605800596 16694,32303262777 6918,631737010015 46,59389099656966 9,515396775253457 8,139652840146722 5,371096978708972 2,5726416042846307 453,2634515202487 3,9882345710168283 56332,018989458375 1
873,3348474093955 23088,553423030127 5,0011235627158825 16893,910852410892 6940,27991650475 46,8424535504513 9,502649260032891 8,160954052319271 5,378668047260517 2,5847481923858027 458,705190756972 3,9811058081179245 56218,853152982905 1
870,1983159993656 22406,256169140815 4,99235559182017 27425,050969723594 6907,246622764011 46,420122691795775 9,572208541763516 8,10939477030605 5,389526843333235 2,587780830922665 458,125061961868 4,004053697031826 45602,55851310381 1
864,5692356377032 22194,236734783106 4,988193549346433 27397,188631371584 14524,936583351986 40,99720256787761 5,695294387631321 4,621839845365919 5,37430643012561 2,6611795824080158 456,28209885461445 3,985594221712163 45361,979031424635 1
870,0166019713971 21934,06021366928 5,006373807898745 27525,956423875312 14556,768837619886 40,717349491434106 5,69170451346852 4,650602565554098 5,35163185993848 2,630536107334323 459,5276207301184 3,9989116228133175 37784,04323788651 1
859,7590678529345 21919,048116002414 5,020276017751817 27298,17234056539 13279,81576803531 39,042677293673854 5,3995008747310065 4,993959872491384 5,3946537278885 2,6461227245215992 460,78679943855974 4,023134226371966 37922,45396672086 1
871,7548156708275 21860,2634543319 5,012291282292773 27325,333701539093 13208,976489709661 39,48992514093691 5,357126550743783 4,949788770123701 5,355598053295924 2,7322313288380706 461,0773310502254 4,0045781573741515 37055,034594958146 1
868,4824494280484 21744,191357795724 5,013570541925612 26521,50500432178 12606,449553401002 38,67270127787474 5,195514189122731 5,188163313087578 5,365158049145102 2,706644919467289 461,2360875571665 3,9799974768048574 36428,43472435646 1
865,7050733030479 21876,390012599517 5,008600885552075 26386,12011160745 12594,891437850973 39,38352325108774 5,234114630335725 5,204892355718921 5,3822980168665575 2,7384126603890278 468,9445002221803 3,9816372967280005 43231,08068423304 1
866,0086240768711 22115,844373038035 5,019637900250929 18999,96880630392 8364,594534239228 40,665688783608346 6,477606984629294 7,130257181773866 5,360315873660476 2,7312918027310116 466,93672464623603 4,013345445027999 43138,046419189195 1
859,0941379830175 22016,733748598686 4,974419378408198 19333,422172820912 8244,434392010677 40,66129574304272 6,475781396253758 7,098247341999759 5,331704689498307 2,745036099956871 467,5765268234338 4,043170901578282 42763,62254284299 1
863,67387932045 22319,74750092961 4,994734540989983 17917,08611353093 8238,782243714415 40,44187344758943 6,480400273586354 7,100410920628368 5,384172136541322 2,736311469285907 469,20308900790104 4,022052105975861 45689,31358352496 1
860,9943177270968 22356,387314126023 4,981070399765574 18136,372947119864 7219,6573839724915 41,7700274414466 7,330202522418202 7,8822017170951435 5,397002365697959 2,727198094770945 476,16635753668027 4,01270037679115 45306,146203551616 1
857,8001806863701 22476,625631216782 4,973443925485018 17800,378026657512 7248,429310833974 42,08852315942806 7,381087796249107 7,893627468436774 5,3140976392760555 2,7177859408383065 471,70183591921847 4,003269542023541 51156,00337669315 1
849,5287132701428 22477,943400389937 5,009105653928431 18280,701398836332 7820,997967771892 42,782542910506635 7,193551563058053 7,357909097727805 5,378520912948348 2,7693879418138447 469,96050223572763 3,9949378235122186 50946,6356403769 1
865,623214916719 22452,78961351179 4,968987940728654 18454,20914795571 7825,581606659296 42,83077721210375 7,15968928101141 7,390692764339932 5,370605393656157 2,7328649046854605 472,8374465388767 3,996336768340164 49522,032086391715 1
870,4030330257935 22492,610263927174 5,008310589604199 17611,296433357787 7413,611019240188 42,097326190279595 7,5428769310014525 7,724057244303635 5,32813753866977 2,7250113354362564 471,4363646495285 3,997896238342358 49546,16846002734 1
863,7112714239594 22659,51405449825 5,0445199699982375 17673,899907931198 7429,576269184249 42,09724362590028 7,541864555522718 7,704638666930436 5,349614249391231 2,7646115616279876 472,8647391938762 4,060474525656641 52139,65371606999 1
864,6164584473694 22692,011864797263 4,988895773603713 16257,875283671463 6782,717261499502 43,16431376174695 8,313470649703406 8,288093210574084 5,386599898244733 2,740028946544343 473,97179570699075 4,027883266555642 52692,9625236296 1
