Co2(scd40) raw_signla(sgp40) aiq(ens160) tvoc(ens160) eco2(ens160) rs1(ens160) rs3(ens160) rs4(ens160) rmox(zmod4410) tvoc(zmod4410) eco2(zmod4410) iaq(zmod4410) resistencia(bme688) Aire/muestra
816,0304219152068 32279,640066166627 2,0141956381018677 85,54727895990452 524,3898573625968 438,9911521016689 510,9959940951179 101,0406960324645 5,448981257954799 0,015833158297271083 404,4565096833126 1,0024233652233554 582132,3684691458 1
814,1386392051561 32061,50114272218 1,9987926727015022 85,37891589571133 523,4563502625556 430,1073576700073 509,8572084244407 100,78991805933444 5,378065376625818 0,015974567252891363 401,32124720323804 1,0039333303573632 581204,2891681937 1
808,2388659694335 32306,142027345206 1,987082228669748 84,43126087028305 521,2322793098516 425,9140466278449 511,51706247430747 100,26536978892246 5,363608820220602 0,015896859142893523 398,0119676983699 0,996319947375395 577084,8742034808 1
816,6764409599882 32012,463417233932 2,002376732817472 69,59819369429043 521,3468246274251 431,565145967831 508,04343045903954 100,5894321532949 5,37350514051383 0,015738701415468386 399,30214116523604 1,002342567719753 583670,1502931024 1
808,0944127595596 32329,19359645469 1,9950782288055247 69,61670802525629 520,0624218974301 428,5747648802681 505,5957101869897 101,4775909491992 5,403260424370557 0,015824927801123125 399,27806928995653 0,9910969052682984 586013,1643674895 1
823,8553841095347 32305,082802274017 2,000144294628211 70,29731600269066 520,8600501325983 425,099468880765 507,410471553213 101,89812066495249 5,4195275804601994 0,015925412712655494 402,8727503305112 1,0050490225712412 587663,2216489024 1
810,9705408116265 32323,31170155713 2,0050816354238745 87,38668728295802 522,9061564804762 430,1728015762545 511,0480076815457 100,23170611449436 5,456033494814744 0,01575490192599174 401,1493897274203 1,0029628487005933 589632,4139296924 1
820,095193320054 32366,054600798816 2,0005533114109357 87,78083721946365 525,8566806864524 428,4096043937777 503,9663505092542 100,52983851400154 5,42546665584751 0,015916991797242028 399,5422727191757 0,9981710009522848 585288,5152183747 1
811,8670611166132 32193,48080092192 1,9870243243981376 71,04166901395608 499,1942035318116 430,20285223060205 503,7735109214227 102,8444493056244 5,428859347989653 0,0159458720751364 402,3967857458433 1,0015882387275326 585017,8514767034 1
816,8116389274438 32223,100736341243 2,008747642327063 71,47756492151602 495,65353404679996 429,9908810580988 504,5108186913404 102,99907011503181 5,434518760268896 0,01587099822517013 399,06168487591856 0,9925828186344344 579679,3362631258 1
813,5716562328356 32018,201892757817 2,0038002624383475 75,81724123017881 507,8807460876662 438,0616376669045 503,9914691801458 103,34764289870213 5,386239246558738 0,015872503319012167 401,8202634624438 1,0021434799422966 583130,8082335099 1
813,4619091274168 32485,82876822327 1,9972335421371834 76,48795475536299 507,2540419727113 437,1935763084101 505,6465034778399 101,60550803712559 5,4140118863544755 0,015988710962995596 395,7864751575079 1,0032913583591312 584665,5076254779 1
806,7372212721009 32288,360211484403 2,006269102694505 70,95673117741624 510,98269910400336 434,33286372139975 507,4871999358583 102,16821379892657 5,438220435622445 0,01579158617697721 399,4676669146224 0,9997569174099863 586519,6291494997 1
811,0584683786853 32216,573793075484 1,9995926903522203 71,01753656230997 513,9338250734813 431,949777792721 501,7891954124292 102,01300275206928 5,370254096663923 0,01580852272615921 404,03500528080326 1,0024715176905161 587948,1354044767 1
809,6323847573794 32231,480677263462 1,9971954348169236 71,06085819419786 505,6428341070093 432,1347305124424 504,01098689768696 102,21272937997922 5,391256145757623 0,015935102495828985 402,5344204520276 1,0008320517972935 581404,8660036819 1
818,6533002034431 32310,57000524198 1,9925177958032272 77,79531616327338 505,0557662396861 425,01535257444664 504,571160784062 102,18908216038336 5,40495521389958 0,01584544733156577 400,8265042796779 1,0084096149206094 587962,3136410264 1
809,419555132613 32114,881616891733 1,9988457893705973 78,472596469291 509,6494909828716 425,8041241556282 501,57381960573144 100,99939636146532 5,399793319776724 0,015919428050315376 399,5766416077379 1,0005917787066811 589214,5086605886 1
813,8707081659769 32320,415916122292 1,995815543224914 86,33614510155468 523,3541277885884 427,77117172954826 502,6306297373891 100,65354093277112 5,389247862269858 0,016050639417183193 399,2398944513323 0,996139046464219 584308,7061633831 1
808,8015572506625 32149,529402219614 2,014925442023771 86,96239289178246 526,2273216740937 429,8414946182187 505,8444361042129 100,44783453680773 5,423050174063647 0,01600572396723804 395,801850594504 0,9961416208861968 584303,9453125582 1
812,2625626295876 32089,49660710081 1,9826414869426516 96,1628391253085 539,3287870866529 430,19482466665414 493,521386762855 99,38699431651959 5,424655039560147 0,01590271234317327 399,17717778210886 1,0020240164663885 589120,9323103286 1
809,6595235024237 32086,653823534056 2,005967732755125 96,92952756660276 539,6471140189027 433,1136578095197 495,72197313273 98,50947221246483 5,428294558166847 0,016025761705938613 399,9454297846967 1,0001712630466233 586286,4224568596 1
811,314259243202 32209,785858859686 1,9775911159849893 98,14315610812632 540,2019627304732 426,7516029261915 495,45192158034786 99,41653098627371 5,419652043398031 0,01581863170484759 397,86600616065533 0,9985940855556666 581693,8204466754 1
811,4570960214213 32375,789527300978 2,004734032200829 98,29025226442802 520,493215491758 439,5345714661821 504,03256754311775 100,51806319635443 5,386573659263745 0,01595896880166682 400,63727404390227 0,9987183519494357 577308,5505158092 1
808,46361960577 32015,362127085853 1,9784469274910916 97,83057198426872 520,3388061445872 441,51648820235835 503,0661755577296 100,9387225965314 5,402834673041992 0,01607544998249193 398,76073620879237 0,9882672784589049 587221,8345287307 1
806,4186539605713 32286,22734033069 1,9920533477704003 89,5918047750428 533,485299755963 430,4005338476366 510,6700925966451 100,17126228126969 5,445745638479978 0,01590762745909896 399,35620291981076 1,0010404263136794 584889,4560928979 1
807,0227555122902 32096,218775421647 2,000266873956882 89,67204690248407 534,6545441885398 430,1788071194634 503,24288913851177 99,78938232764405 5,371854158778031 0,015952303691031927 399,4624373242277 0,9987591713466347 585997,7517179437 1
809,4780652093865 31881,180014222246 1,9940770483221582 79,28613893873312 515,5212649798711 434,77876007379984 492,74960948552433 102,18423461155454 5,445836052535709 0,01604453529923026 400,0967165912993 0,9975407502476537 583506,2800718201 1
803,2260571826716 32394,930044821147 1,9922125601410188 78,89634148491106 511,6111092565999 433,8102507228998 493,84847077224697 101,9457065932796 5,38643810254291 0,015945745697932827 400,50165733832665 1,0051196593299667 585605,7625154635 1
805,0522962511824 32326,4855640418 2,002009025357448 84,66570957350785 522,0311439263278 445,4399190080087 497,559180793038 100,75241302332572 5,346232035415133 0,015883028900690915 400,72820630297167 1,0009468674575923 590729,6039302228 1
805,5688805915032 32153,914079275983 2,0038695808140217 83,07296217975532 518,3284394605437 442,93669514635224 493,4506582027736 101,23307035425398 5,359608162860497 0,01586465827199708 399,43015605027813 1,0043915707128328 587684,6127847716 1
803,2381197051527 32288,18831717622 1,9790512342870137 75,9864767907975 525,598035882838 443,2590425121406 496,4670520551529 101,23577964080671 5,3974581487822375 0,015903096283345686 398,9166609571605 1,010036320783713 590763,0892063993 1
803,5443050238913 31971,774360872998 1,9963214271777607 76,21758421339715 509,2188365625072 456,0456895230213 506,6826906557019 102,2222827222984 5,399828489523343 0,016012015669914604 404,7298033583191 0,9907511142187758 587397,290045773 1
803,3809844308989 32045,977867539594 1,9939284980322327 76,40273526378816 510,0211994233291 454,8177877053543 505,71730398085606 102,90505584207212 5,420150280548572 0,015903655546314656 398,91118540133664 0,9969133076113968 586169,5675587836 1
803,133806735705 32406,52266043792 2,0082950964259023 74,95822883240534 504,9847130550881 440,3304532047302 490,9544750798367 101,73450885761909 5,410090153387645 0,015812427785087638 396,40990391800085 0,99885143328418 587686,6793425088 1
790,059665879238 32084,504925991918 2,002944174337525 74,87102701231339 510,1051395809651 447,0519785476699 493,4765161049306 102,03951265166125 5,425176247980074 0,0157318886152463 398,46343774009387 1,0042699774321853 594107,479239451 1
799,9909609093077 32309,954081481505 2,0070482984513824 92,68327261068791 540,1261513951865 454,384458686783 501,852919156344 99,49650065183106 5,40085994389864 0,015885534817362806 399,1354823095777 0,9986189990096176 588659,2106780638 1
799,5935089873491 32324,609193022177 1,9917337209275467 93,00613340802158 537,7413882037284 455,4060649336334 493,150785818554 100,24235995902265 5,374794885545327 0,015916828483278956 402,2952250991161 0,9986551742521353 587363,1286268099 1
808,1646432657402 32154,891136898954 1,9987666384373637 84,44982792677268 522,4354818414919 441,83842991246155 504,1612715761729 101,21619691644507 5,4328242967916465 0,015841510649882415 402,4806036032551 1,0006481675147239 588862,0632247409 1
798,1431279897765 31814,435009509078 2,005839517532818 82,83119449197883 521,6639804202583 441,1768366561036 499,6400016631035 102,30746347763335 5,367943692199586 0,015946986038427834 401,7972398227559 0,9961292204649006 589025,7831164214 1
797,697312062451 32205,081524887948 1,9898902028028131 77,6409122760119 523,2712595662944 443,1995011162143 502,17534948874714 101,14085501539344 5,4191720167339055 0,015841407066261103 400,660795754884 0,9977180862667865 590824,8305117677 1
790,3611627447985 32237,035530339268 1,9984655953805743 77,2879758753855 508,972072897477 446,3058421973003 503,21282718738905 101,99979253906096 5,458494096111182 0,015842752004341838 399,85105801908713 1,002181570350474 592051,6631907581 1
791,5910504412353 32136,171954251477 1,9770737781588148 76,74671581198767 506,38119677066265 450,5252398738661 502,40535295996574 102,1697574652132 5,438046560177704 0,0160154283121839 400,04478488672135 1,0010485627014962 595978,1590783686 1
796,1614302250485 32293,003287499323 2,0061756403061963 75,04978598617953 509,562441112226 444,11065583738343 494,72967638379697 103,28077744684364 5,40769306126539 0,015946697676422317 397,4035506726942 1,0007683654965802 590676,3195840834 1
792,2484037469897 32021,02012760793 2,0193883270275306 74,21338518082216 502,62565066309315 444,29361262729253 493,5377972722746 102,91286849319371 5,432228292448943 0,015976049209459 398,2882843640798 1,0032490520151005 588205,5797928594 1
772,2758966866824 32032,572120360146 1,9836430909860259 79,21102392310661 517,2359670151424 452,18725772702174 494,72521792710756 102,36899100762847 5,374367121629461 0,01595676282631833 402,0039366268591 1,0008669134222223 590079,6420854187 1
785,388238590194 32494,107885489473 1,998440425615266 79,38084382284767 511,1719870047586 451,78507731073347 497,34928402669107 101,78609705280115 5,3860210360111 0,015921867650378955 401,8218855053947 1,0031231042831967 586288,6557448941 1
794,9546627239212 32460,317703497098 1,9929337308223165 92,06844472506849 523,4494596684251 440,8341477571029 503,2383445403549 100,89269636581294 5,413881453116205 0,01589806724170458 398,9188724021647 1,0123591089263806 586575,5509707483 1
787,6315632455546 32065,550309097838 1,9856583036145083 92,43364879034294 527,9241382671921 442,33918078508424 501,994531522098 99,89160031425038 5,391701216965744 0,015931807737554322 401,1741942738608 1,0019909488335992 591149,3154618794 1
796,0914047184734 32167,99926654225 1,9843644650416554 76,10037716048059 524,8235445377885 443,66986628951076 497,5380558786298 100,37330181801369 5,474041524325052 0,01602778895246453 397,3843639803603 0,9975032084183015 590879,4589008715 1
783,4549316347834 32303,03647053131 1,9907369705437183 75,8038247166425 509,9645028205537 448,199481851578 506,05959285599255 102,40823210291592 5,410265997814482 0,015815335216269107 397,80405777125117 0,9966866426798562 587005,061502271 1
787,3509255338528 32339,621866771813 1,995815913947565 76,40138884040661 508,401187849159 450,62163225922217 505,70798757074 102,97638878021682 5,428999151839353 0,015933174553615363 398,74023500913927 1,0021157676391 596901,0381395448 1
788,894388867601 32457,69378126407 1,993404454278527 79,25735325918056 516,9037653530744 453,37066298252694 487,97289562793287 102,30476881181966 5,396824850454152 0,01594656681915784 399,5731995354359 1,002060797566 588498,6833996102 1
783,048350147465 32226,632030817098 1,978414166722672 79,51484186956479 515,9133590091338 453,0502970201598 496,9887043113954 101,40866495644967 5,454133988435554 0,01591513595205302 401,81251709414545 0,9940585144865139 589572,1833869604 1
789,3160375700229 32054,84330517467 1,9942280985281315 73,47086561027152 505,755514023998 447,801009766908 499,35950342498916 102,84646303015951 5,426182772152759 0,015752509938416866 402,1296021714584 0,9968950509016754 593063,4297472967 1
784,1065236614596 32196,138337757213 1,9961765969959615 72,56432815274341 505,4029431610741 445,12620611527524 496,3704463729592 103,90086673734488 5,3943968885816345 0,01593197307591728 397,8805726266455 0,9971768668880323 590544,3495194025 1
790,0267889575653 32321,928068235262 2,0024928671956306 67,71522167294724 541,7754045996372 444,58008574141314 505,99026970644627 98,59058695212002 5,377682483966379 0,015886489743361935 401,83941947610487 1,0035407354514105 590102,4004611318 1
781,4051954002301 32336,630782892727 2,003904472110627 66,89872657514049 540,0589174959017 447,5539369497754 505,733946930084 98,93175534311851 5,398685680153674 0,015842576387923087 398,2605436694855 1,0005479213080675 594756,1306761953 1
783,386177981819 32246,858691245758 2,0027176307761585 63,767296035731604 537,9981914748508 448,32616822764015 506,4816405625059 99,79416986022392 5,483011254254125 0,016047960762915967 401,5878695732954 1,002940610385387 596457,324760268 1
779,099203018354 32191,541576995416 2,006526960567854 64,21471524459065 482,39317646166324 450,7437866392659 513,7001324408471 104,69884853174817 5,422499460363191 0,01593587919894662 399,5724316488831 0,9983578203795653 595578,3028226605 1
786,2199509223891 32329,043751337285 2,0059921503107887 63,48806343015071 486,8746340315359 452,8578632156189 518,5393994211488 105,20597406856812 5,400094700541275 0,01594663740376297 400,0054181692769 1,0051467103640876 597510,5364964663 1
780,3494948267655 31969,925059434514 0,9916022706576142 64,23520200018262 483,46641188917897 440,24439553350703 524,734619875646 104,77349405366702 5,364232494942781 0,01596538532375081 400,14247036824185 1,00340995039013 591131,1167386808 1
782,2136114003312 32288,934738415075 1,0009706015094981 63,67657508481735 484,5741970154672 446,5802585588224 521,3069172882257 105,03591856840067 5,417383492818876 0,016050567216857967 399,33899944924025 0,9883181785633395 597204,7555554105 1
777,5741418666717 32336,034034320714 1,9965608087910658 80,21922252826222 517,3146680546037 444,4725916383715 510,9833302162407 102,01487102676367 5,404659214887926 0,01600596458253429 401,32092562939664 0,9980326553607162 600277,8171772851 1
778,3373249161673 32210,19469516781 1,9950117391282562 79,80111295564912 513,7549438862001 443,03810170512776 510,5767997600552 101,39174562516304 5,419733747917673 0,015881350317498575 399,1618904743887 1,0068471431157973 600451,7572324801 1
780,9059175017082 32049,31268159727 2,0092330066164443 83,8715913565646 476,47081865549285 447,19020656963716 512,3188757119545 104,78617351233552 5,419655273647182 0,016001112692587995 397,9419756725312 1,005188178460935 594914,3083614701 1
785,290449290679 32473,08017459115 2,0033389482208084 84,5067321940094 477,0409411504029 448,1675634282447 511,9705754854004 105,50705287057824 5,393767372195035 0,015845247941961238 401,2898477395535 0,9882745499127888 594961,2440178903 1
775,4794978295846 32086,262533084366 2,015564742347119 75,03552957063356 481,3260604789484 446,64497217258213 511,1127690018465 105,66644300847705 5,40932974672801 0,01583647490218911 400,88584997782186 0,9975641195958039 598704,4643025309 1
781,0867058530993 31988,96285570354 2,00478180398994 74,71012369378045 504,3749735491486 455,12060734799445 506,8131900063615 103,45382106118359 5,394107493284594 0,015916200813633513 400,5294502626855 1,002701875566195 598072,7333018106 1
773,7444008737425 32166,83227453068 2,0055551420854765 74,69024350082968 502,5346401961952 461,2686142651712 508,90748726718283 102,5297647685584 5,407193020242828 0,015837944939037518 399,39385756302136 1,002321467182984 599096,0592030317 1
776,6255661675299 32039,46833814424 2,0023986575366863 87,66253322467787 526,3929529979962 442,1276437384524 509,60658030391363 100,3548090425066 5,409988687281309 0,015889163615449033 400,7856333187533 1,0041461452582714 592766,637936905 1
779,0720217306966 32485,08133581716 2,0078238820516834 88,51991445934368 524,5199618743306 444,9418321812258 509,98542722236107 100,37402505306711 5,431057658230267 0,015957032336032666 402,0369141222341 1,0037668693956423 599561,8085785004 1
775,2929717126345 32128,924145932026 2,017147537074536 71,09184590303272 501,6267047711553 466,32159272118895 507,2653979819095 102,74732028503153 5,419310168443344 0,015906652254253726 399,14720979424743 0,9909558049533655 591239,5533297156 1
778,011628467359 32395,409228709606 1,9930506360443878 70,72508694533968 498,62183622571973 468,57441485963955 512,7064595714199 103,84291358370189 5,4684888869238915 0,01599666404676834 396,80408432478214 0,9980993214791728 596306,1997531743 1
781,825598377494 32161,99441462782 0,9922674116153465 58,25069365742233 489,4525201105584 452,34415956961817 519,3719701612547 103,96277966042149 5,442443544182026 0,01600168371037889 397,90841419269054 1,0056882362420994 602648,2961457522 1
783,4129583723211 32163,84374764623 1,005524970838296 57,561606491374874 490,41944785512237 453,22728562459776 508,9949728466304 104,75832936320377 5,389740170483677 0,01570895268228751 399,856073913566 0,9910074161550382 599798,879689835 1
783,9483557348486 32491,747272770463 1,991217415101506 71,29244398422884 490,50114413209826 452,06984349950613 513,483045077812 103,81018614136985 5,4243994574860075 0,015839279021361296 401,16968621578167 0,9917533004297787 601381,8203065929 1
776,3375277029811 32061,207193462094 2,009642904655419 70,91302900011033 498,47893801470565 463,3805848647092 513,6801027771381 103,73516021936825 5,390975023578193 0,016018011273709585 403,2505540760023 0,9996074856801778 604515,2636813739 1
778,0167170415028 32178,896371954637 2,0135564753549478 71,64894915570382 496,1611355387055 459,7530129389976 514,6306970074363 103,54455840298 5,345952497761695 0,01586128464959889 397,72932928900156 0,9958344769804242 596045,3994850129 1
779,1289433989764 32204,946858587908 0,9966138198092062 63,185711045430764 480,4101181056309 453,43294545829775 504,4025479715366 103,58345640189488 5,411597353003417 0,016121957169094658 401,56321610488214 1,0049666909242974 598109,0782253016 1
774,6667651877891 32132,68019786962 1,001893200921351 63,420090939559735 487,4607155172282 451,5928168986082 506,8726371057119 104,6899672063681 5,389002679075968 0,01582040741094797 397,1353679998685 0,9971175318235397 598161,4919338082 1
776,1693691339738 32259,884941575496 2,008837418097037 73,03770552991733 497,672562061579 453,1894421789067 521,0605078883927 102,98757236284948 5,396605872859089 0,01590434520674363 399,89214843334895 0,9989586746740486 593627,2683898752 1
778,0533629415216 31842,02818660344 1,9969551193626731 72,8072155098244 500,5768001301975 453,6931710408257 522,9280146074043 103,2061516434016 5,433602677942615 0,01589373527747 399,5477136605096 0,9961030311920699 595717,4296195571 1
778,0986727176372 32159,193261163382 0,9989386321259343 60,47239470975608 524,2603565709902 451,99774853069033 516,2546829451699 100,40912427897395 5,400770431121955 0,015869346419391573 399,0592188419354 1,0027654581471903 595677,1520634306 1
777,67698253449 32163,629622064265 0,9881405036599539 60,22555963832994 530,4361902031446 453,4921929837182 519,1973567541879 99,31301649918142 5,467483479060922 0,01593106073843531 399,75303006474803 0,9955315121160628 599085,466035632 1
772,3142638093996 31866,45309835722 1,987868180949676 69,85607231863958 531,1589969727972 451,6875175489675 521,8318359672691 100,93419863825028 5,401407093641683 0,01590766360120645 402,10794154456516 0,9955622703547079 598376,7176015213 1
768,7138276907873 31976,533530663786 2,0044183274555154 70,01319690580812 497,10912999140237 447,9662816357271 511,99568098636144 103,2356457613405 5,466643978904763 0,01590083111104176 401,31519465837016 1,0071560654381786 594245,5125798382 1
775,2046931386668 31986,656115547787 2,0017443718311063 69,31785684590058 494,633287456269 446,24092019069786 510,2175903697147 103,00338875852452 5,42912538407524 0,01589458199378142 398,7720062857663 1,0003576687159863 601776,4994090805 1
773,1035650526632 32280,50183054722 1,9847622551194972 69,42298062077738 495,5898535876179 458,93419385099907 511,51512393484165 103,59457843855552 5,3812504222908695 0,015729267078819338 401,917278069752 0,9912498451332884 603523,5702173214 1
779,625458611361 32095,39224996789 1,997738711996769 70,23255976158555 493,8896059705009 456,6706217686876 511,64418161561935 104,61716569682396 5,395243570954861 0,01594597796019817 400,7371000208742 0,9907901839641503 600252,2919693604 1
776,3092601150726 32192,22355217679 1,9944864226855836 74,93470524027245 503,87989108667523 459,5622218852753 518,3022090305539 102,21343983536516 5,43442565349372 0,015881543392203004 397,8029478855345 1,0072372516449002 600413,9907580115 1
774,6871784708816 32273,153934829523 1,9981151768583418 74,19278700964345 503,51092996168154 457,44033074588714 519,3940075037228 102,36074168259046 5,391406531836693 0,01591598822662396 399,45804614831866 0,9971159384792164 606552,3379210836 1
772,1511342438528 32350,929349351027 2,007885451290848 75,45332377982437 511,8984740697145 446,90926682460406 512,3424731437824 102,02417780758614 5,422173166362104 0,01590009355764604 396,2395620912399 1,0116304542256407 606824,5355362948 1
775,203574453829 32265,120733551543 2,0182330718733867 76,5078324195286 520,4862171310018 448,551923764872 514,727799596561 101,59097438664651 5,4487960604079815 0,015869116580360085 400,0545460321114 1,0018107358025146 602296,2669335668 1
782,238869464319 32269,315602519826 2,0076250470525028 78,30976168048844 519,083210677077 446,87749912772745 512,5859144085838 101,27351755944082 5,384049725419241 0,01578057850960884 399,3114379328355 1,0059638991921431 602425,4667095625 1
782,7371225176388 32200,74482530799 2,0062076761072234 77,64797478087758 509,40265363480205 463,18612531597887 512,3955736844939 101,65109450543893 5,412820364069372 0,015958156312584373 399,9003084737146 1,0061434692115723 600282,3260339234 1
775,8514279826763 31785,59796718011 1,996778355408532 78,23004248555141 509,96269855982723 459,3909584505466 512,9128743969276 102,94522135657084 5,421528579008056 0,0157917371167153 402,325426553052 1,0110705738417398 602186,5787218754 1
782,5564626239618 32152,11168408233 2,0106016372543367 72,05394710568562 499,9971929636863 459,9134077404612 513,0483156356793 104,26745726605985 5,432299583159253 0,015798507704827765 401,5924018045349 1,001517633275109 598390,2349485279 1
774,7906691934478 32156,95674675321 1,99459297498678 71,68240753359126 499,2532899237022 460,1908906065648 515,5997178609128 102,68356245184837 5,398570027865653 0,015789039353081815 398,39013892203 0,9975555486303613 598972,0305090566 1
773,2770407322141 32128,26801884378 1,9935929539345127 74,61165480553223 501,32536365563067 441,5836134347943 516,7655412379793 103,23508832152812 5,362530415271407 0,015806268442103373 400,8718632480553 0,9988746758371845 606433,4075939456 1
779,35621365954 32157,94841519921 2,0052232664852316 74,85185226075784 506,3463441425215 444,61107684880466 516,1046288026546 103,05064134412719 5,369810333354122 0,015902566677636867 397,77248578132924 0,9988483121348674 590172,7018817674 1
