Co2(scd40) raw_signla(sgp40) aiq(ens160) tvoc(ens160) eco2(ens160) rs1(ens160) rs3(ens160) rs4(ens160) rmox(zmod4410) tvoc(zmod4410) eco2(zmod4410) iaq(zmod4410) resistencia(bme688) Aire/muestra
941,1502284609534 32454,235120548175 2,003299188063741 133,64988877827528 598,9674376440039 528,4828651862723 568,8463466972352 97,57811547746707 5,318018925825398 0,01770138424382222 403,4721821138333 0,99871026996796 468507,65493405116 1
942,709820545685 32884,26569473522 1,9998395046607134 132,43123153371656 581,4445575967105 525,4427344080075 568,8441160884378 99,24961844884085 5,386094763488315 0,018659444538730988 402,0979179756856 0,9931718468233971 471526,59022839845 1
946,4050590382625 32830,21398336651 2,00971371780452 133,31216082568895 579,818504334535 529,7481518381093 567,6117439832784 99,7187320649347 5,399233424395132 0,018673251965471403 402,71431203353916 1,009586736310807 469645,6501490892 1
941,9332043779482 32764,2871519272 2,0119166765886387 137,57771665028002 611,380032548293 534,6260922779817 558,3308897723296 96,95943824132685 5,389560040431089 0,018590659601666542 397,53694725222607 0,9912741462494655 467242,3197989869 1
942,8243369548259 32408,108054366174 2,0045795799312316 136,7116604811005 602,7102396329238 534,7873359709 558,4779084559483 97,51298080400662 5,386847667580133 0,019510936551587758 398,37104625072095 1,0014624755535497 475762,7847498997 1
941,8769280047162 33196,06641758999 1,9904796372200608 132,07872056299308 603,9424903387246 530,5979973843022 549,6069517887336 97,10875177355364 5,354651838035264 0,019552844283617636 400,39571044162284 1,0003626622517083 469251,6484977017 1
939,3125069513511 32675,376622746226 1,9889533500865177 131,56184748254046 602,3272422853429 529,3476332329836 548,0967197924473 97,95689788867733 5,375717480022124 0,021175328251763204 398,2925583133945 1,0073437919450199 469225,1387708635 1
940,4911078434573 32380,96788508303 2,0079681971988026 135,9472805951708 607,7757457462515 524,0533752762828 535,995956988874 96,86078849112926 5,3918111712447265 0,021468903201183418 398,5444615996889 0,9929249018327684 467723,4611711481 1
934,1902455007217 32688,783115265254 2,0037679828902104 135,53789095161721 606,0038828096291 524,7380946794719 538,1296201401597 96,3145050196353 5,4100182017253236 0,02263256625637557 400,9321232457661 0,9921950750770098 468304,1506442899 1
938,8910009359371 32991,919540604446 2,0148711187032116 152,20410978969602 609,3203220932429 529,7066253118769 535,9504978949276 96,46363605147563 5,4021673591574135 0,022872696908650528 400,0121945879692 0,9921548892878599 470864,58509670827 1
942,942469792695 33006,48114352345 2,0131197530722593 150,4362148756138 581,4468059249483 527,9012630386545 527,1941239096153 99,83448870079559 5,36195890467295 0,024226526634948276 403,8940688763827 1,006662869918076 475902,16721056163 1
948,5728510827394 32906,5624869745 1,9987081203975805 150,4893996976023 580,2789781144464 527,0921426553293 526,6727522388535 100,37159114553188 5,400712848934037 0,024106122265820963 399,3938123630904 1,008234255352412 468082,85485422576 1
936,5498756469464 32853,701300026776 1,9971228939334693 120,34145206697667 578,5160027794105 523,071951415809 541,0966265427428 99,91035800635505 5,394677901878719 0,02435144537237652 400,7424627970335 0,9976100041032807 465136,5790657969 1
939,1851117795643 33134,4822056792 1,9976467861584921 119,60724999310155 582,0098250931892 521,3167154121055 541,3416750249553 99,54991305397705 5,3886553916540745 0,02587851856074148 402,1249277535113 1,0005708193983724 465867,371385732 1
941,5787896992168 33012,07455502498 1,9972277474666351 141,24145961447843 617,4398418245403 527,2697104472772 545,6170319587723 96,48600524408508 5,39877837340204 0,02579864544299095 398,48599316248215 1,0008632068939318 467515,5566603305 1
940,5951009109648 32786,19322174025 1,99492958585523 141,62092327379577 618,0899473435513 527,2575527423862 546,1690712745565 97,02085993157729 5,392645932398211 0,028025543235700882 398,78099657170793 0,9978807386266937 461606,96956427325 1
953,570830424059 33022,06341315958 2,0089412430092657 134,7347786811895 609,8145736705154 523,815938288554 542,4770317684696 97,45678210074068 5,378232966379164 0,02826022745033844 398,2722402602608 0,9970525480025075 464610,0096119027 1
951,126489205588 32829,32022479617 1,9867679210310236 136,03885195565667 613,2331962396639 526,1633618805453 539,9616947100536 97,06478967541912 5,381396236039237 0,0305174903595781 401,41549884569685 1,0091985022222563 461363,23901982215 1
955,0096564885794 32917,790471380424 2,0102329013625098 133,7060245075935 605,6038218439899 523,5946395523417 544,522716620036 97,65653834635553 5,374301592957743 0,030713317394495336 400,4730214258662 1,0058241613952046 472685,1528120953 1
945,2926656980437 32787,76353394444 2,001297801901553 134,52263819448262 608,6016351283589 539,3167897276156 524,1623099606845 96,57854500252856 5,380581922729043 0,033312862977109864 403,7051303804841 0,9999020862535787 471477,9700351825 1
945,7066258605352 32990,40447593534 2,004614540736043 133,7971525865208 611,1190816599757 539,1764655085985 530,871529462051 96,66636263646333 5,397061231998051 0,03355360119766891 405,2351814380268 0,9972130855263551 462763,4208096922 1
945,5746164568491 32831,40118994908 2,0116744084167406 147,34804685710526 621,0752706436615 517,5131281751793 535,6729557032236 97,29905033141718 5,369393120113777 0,03328147614256832 401,84746559311276 1,0048817186521375 463327,36632321926 1
944,5860730769596 32716,51067467066 1,9892816793167483 147,28815237360388 625,8358338210638 522,8377577389278 532,1325694832454 96,26379561206143 5,405448022505714 0,03559219243079566 400,93314156748596 0,9973898326462534 460675,07863102667 1
949,2148974304575 32559,233855172526 2,013058420206013 154,14930827701937 626,596695174105 519,4143570395469 534,9684446759794 94,87474801850117 5,433542525854339 0,035070655316988934 405,88456174387255 1,0020194072984703 464550,93400876026 1
952,6721678175643 32970,61923579398 1,9964425002949922 154,03302746719092 632,1252253218007 521,1711419551937 533,3200120081301 95,17954521594783 5,390857933186378 0,037056723664293106 402,72067440276834 0,9988803953224348 464037,07293527754 1
953,2298432385422 32779,60962483069 2,0025871229430905 134,73344642891846 608,5686529041537 520,6008421515372 523,5292396369922 97,01406790042186 5,339696547972777 0,03749874213232848 401,6559183162039 1,005052605556412 462190,3213696516 1
944,2613192285805 33146,84434945217 2,0140416746142993 134,36913008784245 607,2569963897236 515,8963836418096 525,3057639235925 98,0102698948815 5,397327520912653 0,03976956217576817 401,7912192113062 0,9964395783788875 459183,3539749107 1
944,775995755361 32957,50811591964 2,0130839674698184 143,28452757943796 609,1862523828179 518,8663406655498 516,9908428317859 97,26187117294725 5,379839131439578 0,039215365103146986 404,82015967143474 1,0036823037715046 463736,502229239 1
952,0046815915784 32729,285041735846 1,9985204973723465 143,2646378160407 613,937055237691 540,724065907649 515,4396244214598 96,94983160768395 5,359156305557212 0,04224212707595738 403,26200589892346 1,00235540213195 465557,8341497025 1
948,8488264774027 32708,124321659132 1,9809284817745154 141,79531324123863 614,4321793899653 540,6874106251262 518,0562251308945 95,70427590832611 5,387381140065534 0,04179611489503476 404,79390606443224 0,9967836472550773 460901,5176383761 1
946,1926151154693 32981,60271467192 1,9886000329818114 141,18386003680197 613,4096154634698 522,1155613729329 510,6896989596362 96,59950171723195 5,358301267111106 0,04191546997681482 404,0364557989053 1,0007338569314546 459660,19997844385 1
954,1731137287705 32898,76017500969 2,013454495610748 140,84941912259197 616,4423862634283 527,2716900336916 513,5456726890487 96,3999825371192 5,394092338240369 0,04396060403359087 403,6535270620818 0,9946461415966563 467450,2160076387 1
948,9064469423129 32792,96236558509 1,9782740739558076 140,89141750203615 610,7538677995643 524,6272264147393 521,091895389829 96,67449755503758 5,411093724874635 0,044392390916483816 400,9925579556384 1,0014090924330536 463172,5605651726 1
957,7222382586699 32655,826656451805 1,9888997123097973 142,6504510848879 613,7571329532825 521,7402876946759 521,853641673428 96,18212485239475 5,420125196244675 0,04607670321838614 401,11613113002 0,9969469503529355 456908,68868414464 1
949,5094165552636 32662,042335029902 1,9942404043060078 149,21595479845786 624,9103720810201 521,3352028363398 517,1709429719051 95,12423774507364 5,423686521941164 0,0462988078010559 401,6806127447079 0,9977792410407247 459132,056540299 1
960,4058111274206 33102,6535296419 2,002094460757165 150,00739652478066 626,1294267260962 515,7750222803071 520,9159064553661 95,06390759541542 5,420622761106877 0,048909028286648046 402,26080732749125 0,987376422030025 456698,64146113757 1
945,2383799662285 32677,355449945077 2,001569163819355 153,2679044890579 622,5714195402833 518,8403657027204 513,5032289870534 94,11292283579158 5,356482452827751 0,04751610915334392 403,9918019772964 0,9995985226046319 460167,60950050096 1
953,0468126355549 32745,34706057829 1,9991824656490247 152,84090858397835 621,6251053129429 513,1883162639368 507,5180062586844 95,03271219682551 5,354546224875117 0,05007729841239181 404,2058692208695 1,0009256346729276 455321,3489706258 1
956,8276522973849 32283,240290906797 1,9935683458991946 151,73622068651582 627,7261662197739 514,9997693635663 503,69243151731916 95,03655138498098 5,365653219221041 0,04954594362596084 402,71010653513935 1,0041787554237973 458685,79414197087 1
955,5017685257432 32805,6899232826 2,0059794157073663 151,99451480511107 622,0308255855006 531,6725123418215 504,3799820263494 95,43037076286183 5,406143734932484 0,0497035991107223 403,0234594285412 0,9964935967824416 451558,86468088237 1
947,9725622067491 32722,82529288624 1,9992112079476887 150,96604534046094 630,7926395165532 528,0126804843434 497,55031789138553 94,58822610682303 5,385246469035306 0,05124652205636844 404,21252139465304 0,9994049852338883 464633,8002969556 1
946,5557936905706 32825,68795153719 1,9978072100147133 143,37945979486548 613,5168548297975 517,2603990346664 513,3140952691049 96,01879599545094 5,418493950109871 0,051763295951271014 402,2700422460136 0,988949715949227 462894,8689060338 1
948,974828564158 32947,14750819669 1,9988787968130766 142,78166487349796 612,6305320699973 516,2178576230713 509,0995272204966 95,977111044041 5,417769117959388 0,05299415138997246 404,1471035711003 1,0075241088161004 465692,0730615858 1
951,2663203222709 32874,022073816086 2,0038585562633586 124,96121950817448 591,5899434840808 516,0860511940185 495,9261554214357 99,23335688114175 5,389221449965467 0,053181421885662036 407,04328415759875 1,0111750541632023 465813,2304521664 1
954,6758455117944 32631,30561593058 2,001866377454492 126,32845270512982 585,3915593740403 509,312925684725 501,0681335515729 98,3236976874885 5,41750157203666 0,054861995463087454 404,5815129969803 1,005690128582197 464269,3900079626 1
952,8043982662139 32752,835939635803 1,9883258053788155 136,6171888250147 584,4510734091723 512,0431129424986 500,68495042147714 98,49504709988408 5,388673579722202 0,054760720209642136 403,94844091843834 0,9992180022462753 455372,0132019646 1
959,5252783548092 32620,09265313019 2,001971836780809 136,20453869773283 601,9734672687782 515,3828518538756 506,77904754672034 96,10846646260123 5,400137500515078 0,05582149409726613 403,7580193096209 0,9942576574984443 460172,3600543693 1
960,2050606928677 32538,50844130816 2,011845767371929 136,01535915028134 608,4476473419722 518,1001246500696 506,12882224849943 98,09166099694104 5,4252420600588875 0,05592992941560048 409,0812841861269 1,0005907955532856 463733,39046692697 1
954,2157877668204 33042,509918369644 2,014473365011759 146,25564787151905 625,1841577696896 515,9477973277923 501,8140509942362 97,03646891851822 5,442671699878546 0,056265034248048816 400,9407171447179 1,0091280411332395 461080,7039874572 1
955,7273036525128 32623,543277869456 2,005403754255505 143,60136017135417 619,8022048979791 518,1323692840607 501,13037641384284 96,32080225755476 5,427525606955207 0,05741750918667596 406,57291330551385 0,9972599951213593 461438,4802905907 1
956,1937252760397 33150,62694008154 2,0114927149346977 150,57885747828203 630,2055067398645 512,5253856722078 506,79660280482966 94,96392739481541 5,427213069053888 0,05761837988587944 402,23546809139197 0,9909859494595145 462185,7785062669 1
956,2194307045164 32782,28874371881 1,99565759217034 149,526171974616 627,2771375591243 512,731020695793 506,42550900805486 95,17609629763197 5,4033082466032285 0,0598211121414798 401,6873965386566 0,9901073005224397 463698,01553467213 1
964,2793436310411 32823,72566101778 2,0065753299769384 143,94085250120267 619,6534028064499 506,64288838075953 506,53158540849165 95,59040349712376 5,389438501334147 0,05939081267005267 405,8525604493936 1,0022545003745766 458997,0974389373 1
970,4416183808216 32874,269670030364 2,0121593523572603 142,88705788535933 617,2932564397711 505,7697921760378 508,70797244171087 95,09487167001433 5,3715803211401125 0,060948529858037455 404,8137765620936 1,0055331645989938 460167,7260666936 1
961,4687893477068 32827,7024419914 1,9780709881575989 147,89120463631318 623,7601916778017 508,5489185416367 506,54533562489934 95,91129575102802 5,402519341366838 0,06145486444597463 404,7861770428273 1,0012485088674365 458430,9838684579 1
962,6240040021113 32702,745847650745 1,9957123971843467 147,57367437346647 630,1553386376668 503,7027957936051 495,49062336049445 95,07910074352635 5,35690590256013 0,06337630217957248 405,21840875345316 0,9954936218428706 462067,3947907405 1
967,2535961064389 32937,74277708956 1,999275281065477 147,90759223824244 626,1102368918118 505,81921108135265 496,17158505083063 95,83903453023623 5,373480216592142 0,06274941192237699 406,25190228962043 0,9998733037900228 463609,5456625078 1
968,0306200383619 32631,79107542082 2,0078782053830073 136,78472477318525 612,571122596363 503,9362053556714 499,2218846317267 97,33303797565836 5,383647648037851 0,06315016285734783 406,00386219694286 1,00295051593742 467697,40166392975 1
959,1141211634738 32642,016266052517 2,0119878986810003 137,1304878940769 605,7281551567637 509,2782288415515 497,3919689355787 97,16344974831036 5,361965638300713 0,0646890688492168 406,02267514543274 0,9986000218694232 459860,0934428352 1
968,9229279186662 32609,25424815538 1,9867879283106216 144,35717766601894 618,1491926321152 514,0197716513594 492,2791856438354 95,76232102259316 5,417749133856238 0,06496388361206336 410,3030657706937 0,9956822431789089 460154,6580638936 1
964,0474599003848 32571,99106635038 2,000087140314679 143,0394761733369 617,4495471170015 514,0469971677535 490,5118417881296 96,16821693784881 5,406188967432743 0,06629118493570138 408,0122313676328 1,0011594882234849 462675,4396572182 1
973,1137644612605 32577,90246420775 2,010242474162741 139,3207712638993 627,8102671781395 498,7312538150565 485,6286910605892 94,89002361623983 5,437401252784611 0,06613146645453231 406,8711627674575 1,0023073314182915 457752,90140938706 1
957,211888109228 32619,272133714672 2,003392810729782 138,56067854732837 624,8169306408383 499,72079732792116 488,06097916238195 95,33121265140068 5,3888248004833175 0,06810178599269687 406,7834070712843 1,0001181973575983 463528,92283557716 1
960,7961532265814 33016,04939090883 2,00834663606327 125,13143362213461 627,5019432451236 507,7712842025485 486,9574076525076 96,22731837439757 5,4067854128757 0,06812945469074484 407,03584903359456 1,0020511989654768 451080,85869175714 1
959,4399529797696 32762,595420195925 1,9998732482010537 124,1311755641731 587,4667656268308 508,35035196156497 491,9209912477593 98,2092352006256 5,373017056799612 0,07021961259723956 409,43029198670797 1,0044910374077083 455426,64978839335 1
971,7624011031955 32885,06650568993 1,995560141978125 125,1893646891841 590,1414421721228 499,8119495166383 491,2641919250699 98,9215764409329 5,3735321254010415 0,07040195108061408 409,8129950640397 0,9999087637739815 451976,8180739956 1
963,6310468993609 32753,406575976187 2,0165902043514916 134,60375430743426 605,4822558692292 505,1378786789455 491,1123828378003 97,90592518295018 5,364616368800934 0,07069542975621522 406,71380749382513 1,00005598069002 451280,58967999666 1
969,1509021565396 32783,18050315209 1,9974201933767393 134,5954096102396 604,1894520545175 500,4076804672817 487,01472235447113 97,5299458619577 5,414124650765552 0,07142820416583752 410,4099753897177 0,9936089627247877 461109,1969564412 1
968,4358302965716 32846,595652497184 2,00743844006548 131,3610126215372 595,5187180698796 501,63290330848633 493,05174882369 97,09116648990775 5,3512579264339335 0,07171668769763888 408,5824463312317 1,0022373762218184 457646,30760271056 1
973,5980108004358 32917,580596434265 2,0270373953460696 130,68824695789954 600,440506764291 501,74425046276417 493,95288167354187 97,20621951713659 5,404050851574661 0,07320939044303236 409,8622113630082 1,003836562347904 459851,0045903511 1
980,4268606845842 32614,294746453386 2,0090144716275136 147,92425988037488 576,7996744174606 501,6718524167839 475,7300210478628 99,24062463702943 5,393828203661542 0,07326609037602362 409,8574765425603 0,9979541375275097 458889,27156530396 1
967,9791720465653 32845,916683951174 2,007982078569799 146,87201195716614 578,875706404002 505,8541150071781 475,23340064386275 99,2357131289972 5,422455101569883 0,07513507254400098 412,17090713725514 1,0025056685085607 454340,7637248673 1
958,0622305005274 32703,884869400288 1,9948177257604571 151,5428085243517 582,2438497089137 506,15702042034644 477,8078881560431 99,19252091273493 5,405285305990209 0,0751473248184488 408,99886134546006 0,9910406864873157 454957,8326170846 1
966,4614163171987 32636,238054239297 2,0213766333339636 151,05806201019652 622,9978189562462 504,3325230639806 488,8408664601691 95,49621137550383 5,406098928725895 0,07688562284492029 412,407119987937 0,9940604341273332 454760,2153501926 1
964,9530079514053 32596,83837836574 2,011267365030896 149,37508218718375 624,8640244308377 501,46787083468575 492,88409646719543 95,55568055871501 5,39522611135923 0,0758524598617288 411,8029368282908 0,9980265914384744 452688,00113759754 1
972,1051361238184 32790,50560778324 1,99132801605124 165,88676915321605 651,463981962316 504,5842974524957 483,2041702295276 92,76216484842443 5,359633741837549 0,07625626266265928 411,13906100892893 0,9990090394060777 451142,11624524574 1
965,382413050656 32750,833458276447 2,0153716649747033 164,5589602239044 646,120252244344 500,72801555100534 484,8863202942931 93,69099861017679 5,390157083270447 0,07768627187035453 411,59805829683074 1,0001307901949148 448275,3230297662 1
965,6093065377804 32678,965241647893 2,002202900818676 143,6053914660365 616,4095974777913 503,5954401971658 485,7198675509578 95,50802348520104 5,401867022859446 0,07838580120694588 413,85330726051296 0,9943914326118941 450963,8405392242 1
961,821745275405 32749,653958866715 2,0096623962773688 145,48456003180377 618,0190649651294 502,1222493342758 484,23729666515413 95,62360752605116 5,367707749358641 0,07939427938520514 413,7002560337966 1,0020313708235113 453279,7739534762 1
972,4071985968347 32746,866682750817 2,0145489631559728 155,6875150252635 595,9527503131568 512,0388511517323 481,104382270817 98,40938778234681 5,409019525099767 0,07858999258129734 410,3944050445899 0,9926336653117538 456274,08631778427 1
960,3306761441827 32887,94991478995 2,0029679062681267 156,58694934148366 597,1925057258966 507,1004408422414 485,64686256640306 98,39615142737034 5,398005967091976 0,07992287981279332 411,78691269637363 0,9964969065695719 459353,75834168907 1
970,2217137401697 32748,92396845492 1,9876707525490742 165,9393003644855 598,8526803179543 511,86471130620924 484,69196776656594 98,06114976644616 5,405651619966995 0,08067492508846046 412,89466896785177 1,0006825851553323 459691,02490569744 1
963,8571175317517 32902,07737972201 2,022288273334532 165,85442294309806 653,1813483508928 499,69824987062293 476,08646106432076 93,31224127449167 5,378743898575783 0,08259835993900287 415,61220378093117 2,036171592782915 462355,90008143015 1
974,8954201325186 32692,845473879042 2,0136826210911933 166,49362134747693 647,0807013345709 503,185984958897 478,6133393048591 93,32725589503247 5,408657475508721 0,08291305676901929 410,5989433584769 1,9935941279726537 446998,2526290347 1
974,422225352597 32756,25626713687 1,9931464536626362 144,7394581857131 625,5843568337862 502,4821891673137 477,4367505499227 96,73642241333701 5,405024066014646 0,08277879514400349 415,45547978856087 1,9987842237300248 452704,4735493984 1
969,5689206589408 32667,02298058848 2,002773789001968 143,56534542230173 622,27491216158 500,3086134636333 485,4411887170353 95,64633612042208 5,434447104976854 0,08429741454413074 415,30664248108747 1,9814761071855305 455616,2569260748 1
970,3928412836074 32597,047969862422 2,0069441293906403 140,39358460827685 607,4369117762612 499,72213183684596 473,1161913120206 97,72095133813637 5,3530958276500975 0,08408755073033793 412,37891054232455 2,0102472895447807 449755,855626399 1
974,32823787849 32642,535139949636 2,005325645207996 139,25401029096116 612,217861989447 502,1416881750815 469,1614837554012 96,8236566958188 5,396307025732259 0,08632882604300166 416,6466881341231 1,9945609780177038 456204,9319093552 1
970,0327442963278 32592,59675165694 1,9909504020252582 157,34813447358195 623,2013598551724 500,84749188539774 475,52867817171534 95,04213599004008 5,372088725713017 0,08624120494181765 411,5455800942161 2,015232329043559 456610,72116984 1
971,1692691409045 32826,66489832748 1,9971341251988535 156,40988235445522 622,185275226849 498,9854594489913 475,5547544347516 95,6210992800777 5,432714172574793 0,08730137224231573 411,7725734257777 1,999809959357392 457907,86633413617 1
971,3561331906096 32856,16687949273 1,9951734875800793 140,3220835530061 620,7994757242858 500,9131378062169 473,5299966730168 95,59389960822433 5,408234285887325 0,0876182834672441 414,92517695548605 2,0091729182757603 457007,7114668018 1
973,1297795295618 32590,933763006393 1,9857560246120658 141,31008479285498 614,0503201114553 502,53871587145574 476,1104526986631 96,59023210748428 5,415613938501516 0,08853203579094374 410,8529008325325 1,999737117243474 456317,9330948566 1
978,1605346553443 32805,940357843625 1,9989463165119343 141,0122377620291 619,5137301017904 500,49119246307237 474,59811573523444 95,00034312705193 5,3828145522560025 0,08887253431944071 413,6132636196942 2,000715675472456 459980,0639364727 1
967,2143998558246 32868,54102881664 2,00413299652533 148,02046427759285 624,8038366479295 504,5786781827304 483,2066922218637 95,72435789789866 5,348649868192486 0,0881053829659664 416,5130353148656 2,015952595056667 454717,02359056997 1
968,397779200716 32594,680909800823 2,0070034982504503 149,16742903569946 627,063626177278 505,10085064513527 480,539833908872 95,41323857049842 5,438561047335044 0,09073181762837483 412,42526809669886 1,9855893161804812 459192,8022513653 1
972,0217625182328 32614,597318086995 1,9999702562679473 132,68676310085934 607,3737896267411 503,2642785203188 466,61784729560503 97,26998586400582 5,378454492657734 0,08997967659740898 409,6353391644026 1,9963024724153686 457113,00626064517 1
965,8136342885713 32688,028255940266 1,9958465067090334 132,7811579556503 602,4274212931751 500,8003400610636 469,5324958238467 96,60551903586547 5,411050906582181 0,09179714646515871 414,5155867965954 1,9951123188531585 456709,75045008736 1
971,1115880249649 32942,60191128653 2,0124956649030596 178,25643923818413 666,1264073561954 496,41912499557105 480,6361177655015 91,97451173546756 5,342261020574559 0,09191255694535387 412,5427587073775 2,001642131948292 453529,04981752404 1
977,6431319395568 32522,189751272388 1,9782722963659967 177,90531651871947 665,124127641468 504,29651187658527 479,0445509371951 92,62927174718834 5,393769491098837 0,09285074989729405 416,1621381944343 1,981003722281826 454975,3575114395 1
969,56443881176 32807,781980134176 2,014514035900967 152,21198272803227 662,8280497012111 497,54068498525703 478,89916055422026 91,26893640429213 5,383855396030239 0,09244964961708374 418,03881473787874 1,9880363883604337 451094,90078733 1
