Co2(scd40) raw_signla(sgp40) aiq(ens160) tvoc(ens160) eco2(ens160) rs1(ens160) rs3(ens160) rs4(ens160) rmox(zmod4410) tvoc(zmod4410) eco2(zmod4410) iaq(zmod4410) resistencia(bme688) Aire/muestra
907,8649653449417 22127,748736526177 4,980185108989714 16797,735764553883 7011,516522789874 40,47151695428512 7,188522479459361 8,190903678794143 5,327425957602274 3,026332355833471 411,8040197756554 3,987275743654542 46426,21663889678 1
918,8965510998236 22106,95046604113 5,016603098281404 17048,581028671662 7077,720657064609 41,586363091874496 7,198171965014587 7,99047522234284 5,3303852249002635 3,0156626221500944 410,35056341291374 4,0052243142185535 46787,7983908873 1
919,0960981639643 22175,138814302365 5,000603311210759 17158,68550545263 7058,300556719065 41,23555592367065 7,246340017373027 7,913236176406076 5,36041566767972 3,0547068503841377 409,2267383326852 3,9870221367174565 48224,83164472978 1
916,2737835132148 22184,07404907511 4,971581237753487 16805,121908161116 6867,192569862848 41,23757081038551 7,254766954328013 8,14495369127629 5,303081277635868 2,997637957199276 414,347309014317 4,002736019704713 47991,865978788286 1
925,3522629408607 22141,520126494554 4,989528459626019 16936,679630878916 6878,501102783276 41,128276263035836 7,299744888866052 8,128462701865079 5,359752426647164 3,0172102677605532 413,0326830640671 3,9683384399276105 48554,93145616342 1
910,429095272741 22379,391176422694 5,006879313578745 16418,833587689613 6790,282450095515 41,34304984186264 7,23350034524043 8,191776461750337 5,339648485952333 3,0289806467643783 409,2883545436741 4,02499815979229 48027,94720788876 1
919,2477776067684 22117,51861771419 4,9910097717596305 16656,195291402142 6862,132760324608 41,58103198585096 7,169794643339356 8,164583163225775 5,324388707660698 3,026874232250029 408,8117338908063 4,007431436500288 48382,65497468041 1
910,5776395494725 22260,881189050655 4,995784054492761 16621,228332923743 6935,040236806083 41,7038708667849 7,164334412582009 8,20914071761534 5,381667016154232 3,031631820847818 409,9630443641266 4,035590307305566 48829,96543080455 1
911,5893278044218 22328,64729118056 5,032416012033551 16517,56976158999 6745,11124668896 41,465631491814605 7,269273589288743 8,236215176125974 5,369504800341911 3,0028556597211327 405,8794990789736 3,998694076766307 48816,8106511179 1
917,6184868861834 22387,51883773802 4,979287871597244 16622,416347814207 6792,793383637471 41,63284514730803 7,267342086529549 8,213480180124732 5,366024368756635 3,0057338532295717 407,63454398138606 3,973809493517179 49052,958412960324 1
920,7748231104131 22234,035289982316 5,021300876517994 16639,401362426637 6829,184740346897 41,83393353280782 7,288131983928975 8,237277899379777 5,347288389358356 3,021054777826315 414,77893839473086 4,016220364344894 48996,440158119134 1
912,8537800274561 22250,926714699322 4,951087556199583 16725,047128217608 6841,082241634217 42,124114942590786 7,286490218479852 8,227415788179918 5,399983277689961 3,0158555241599476 410,60118046451083 3,9864692440843523 49018,50346953361 1
920,4208823718973 22418,038926191024 4,993969213886487 16936,07871884359 7122,7355790498095 42,428162418964966 7,378283828637163 7,961743778479757 5,364444779037996 3,024453538773329 407,4924669820643 4,007374468874516 49563,72080202366 1
927,2040176711522 22346,007798492654 5,055560393877273 17027,22900047243 7069,542711145348 42,23521864813847 7,445756926683355 7,897539093268638 5,379594938389274 3,0132212966054714 414,97430688530403 4,018239443331429 49697,765543207766 1
916,1231894248336 22457,160289280055 5,039445099751763 16876,339852515295 7037,049498352176 41,905746481112686 7,2684484752200005 8,057655678774056 5,406517786814505 3,0145162583442597 413,20395367941927 4,012619143128617 49792,10246089103 1
920,024655234793 22420,15638283711 4,991829399146464 16833,604331975646 6976,313219182749 42,35574753369513 7,182355261246032 8,076345213116758 5,363656264191104 2,971238082506998 416,3682725608723 4,003857092898664 49857,80191715351 1
912,2227877793937 22407,49719031792 5,010942781494134 16765,127189177798 6995,4152111711965 42,369554878479356 7,186966367662837 8,071368026590838 5,353465428360478 2,984721915514927 413,45059377967294 3,994056215830736 50413,343716258634 1
914,3780537513194 22303,02062394583 4,985745926089505 16712,81903010385 6922,407820924076 42,46215204356785 7,266794956954736 8,170036545984201 5,367630609024851 3,0103845307104162 414,1951933187325 3,9963043648722145 50040,52302736911 1
920,3114560212949 22363,76227956329 4,989332239588284 16864,145939651382 6918,979167989097 43,13361952660181 7,305019212422727 8,123285847285064 5,372149034099056 3,0006323637048253 412,6150026481964 4,005015881976225 49518,02645095139 1
918,0834568647145 22267,53983389195 4,996929016578953 16414,648674282747 6757,518310171265 42,89593939663791 7,303683831662482 8,236555846548626 5,377533586338089 2,972900288618842 415,2860869439599 3,997632262832566 49855,47831621431 1
916,403760868382 22354,980697536877 5,016491215729436 16497,28519153059 6775,507943018575 42,67970610427963 7,257509250919238 8,2027648047558 5,333872158656545 2,9810437771226694 416,0918843168278 4,000091239612369 50227,43546576718 1
917,852402321767 22260,649302788403 5,011720964274798 16796,025811824933 6930,796995892698 42,79348096700785 7,355197168039443 8,163846333828511 5,363298481103902 2,9703566143000546 416,14523359225575 3,9759579038289337 50515,89089918712 1
915,7315853921351 22435,696519355337 4,979592573657739 16783,02462591997 6965,95761741749 42,80165548469911 7,351612232315495 8,086637171325433 5,300945657315462 2,9573146834912505 419,0638829211803 4,004957522366778 50424,880805269415 1
914,6949517535143 22431,083427239406 4,96268383824937 17190,534354482148 7087,954673142285 42,76645094266586 7,236378632968139 8,040605621895091 5,365429392084582 2,968159964774154 417,37274060905617 3,9964905084549205 50640,70072664671 1
916,2388846063242 22505,770323951776 5,016079698599327 16976,81528266506 7008,457947570576 42,41886062730944 7,263342244698486 8,051858161004873 5,393808479488708 2,9504659446003996 421,6986019054909 3,955162579833248 49912,241558442765 1
924,1767426621369 22382,456269400813 4,994138105862433 16648,01729191972 7132,369356885982 42,32822063585135 7,251857083453933 8,029156846349615 5,36344978397414 2,9630462322371027 419,3095691323722 4,010034174341376 51123,11937546703 1
923,3650324124994 22424,3245398021 5,013020303531533 16347,43047786915 6855,367729651727 42,83328193634831 7,364566425629032 8,295324227778888 5,357388218146466 2,961627435183569 422,28171158215446 3,9844715620656563 50956,796797775874 1
927,7783229981334 22511,959078806616 4,979809123537874 16802,87677154614 6864,779550308305 42,94064763054224 7,310400570592267 8,169551875410605 5,370625194743109 2,9610942040904793 422,45643143244894 3,9851939550754234 50780,51500527093 1
921,0792607369862 22398,25108395336 4,991262658994578 16672,96688069427 6869,587762058319 43,40152578198405 7,337559107123857 8,239833262531375 5,3964858394514295 2,963670290347038 423,38698241560905 4,028333263212713 50640,88916448195 1
918,6902495107204 22380,12097443856 4,961005209566728 16584,863241414485 6823,076758155012 43,253702138303325 7,4114230722996135 8,228086628911106 5,3686421025261595 2,9275992812900826 423,648094826546 4,0547110505071275 51158,696444017674 1
922,3613047038625 22390,729867068756 5,005813545918235 16451,01788086537 6923,3905737178575 42,66856617427195 7,4769273904070985 8,174469273298408 5,406659708230359 2,9129889687168813 424,90945004190144 4,045195107634066 50755,24925094475 1
922,4908863871653 22513,661485487486 5,0280295806476065 16485,49377248044 6876,714835271882 43,106149173234265 7,458774666901905 8,178724167226113 5,363937151564043 2,9185473500396477 427,0897080020942 4,001434052299773 51373,973411240964 1
915,5401512787462 22166,065123298285 4,977349331116491 16644,272977602028 6801,495546190982 43,33967694412812 7,398487442951463 8,236054278089107 5,346789643047501 2,9083463383361265 424,5472747244102 3,961436995402356 51603,650800921416 1
934,5015380300074 22286,76034532728 5,015028919424179 16633,75073132772 6820,339909562287 43,289865229634195 7,450242097390574 8,275426513445671 5,373496705571472 2,888544864661239 427,20302063789444 3,9991514214128796 51657,65027755392 1
917,7267790869013 22542,60815353681 4,98437464432201 16205,317065997076 6792,454728982024 43,49390032060786 7,415556605011217 8,208758817715514 5,331142743470439 2,9350715102254537 423,2486012177756 3,9709204919162455 52163,42894106259 1
922,7413874375937 22312,935699772097 5,000686245515108 16363,446229989475 6622,817274733814 42,456873132030715 7,465070215192261 8,392365902606361 5,371885462298488 2,902930170706502 425,5642367410308 4,000706750669244 51484,25711668895 1
921,9454211281692 22582,805181995267 5,015882843934419 16209,040133186936 6635,55367963225 42,52662400477259 7,517735980538268 8,386660252540327 5,435245009078116 2,9129276668004436 424,2809676937058 3,999637895696256 51411,76882843527 1
910,8872253971923 22614,904979838022 5,005423447266999 16435,33677258532 6720,996580020524 44,07617055719222 7,41418728428533 8,31578544264319 5,299068296321416 2,910504326117886 429,55948007693075 4,02456818915389 51125,71562204759 1
926,0885287254423 22398,213279783344 4,9399093534119745 16501,829563376665 6687,576179986819 43,832891087551666 7,393575050281663 8,353095799638252 5,4101941096551585 2,9026246556500825 428,6172026062758 3,9889099502572036 51377,53182049704 1
924,2479858673731 22376,83448879441 4,98366586668722 17183,740609530985 7072,739387293534 43,104739885582674 7,467004328747415 7,9927050128186545 5,407279802491267 2,901301866302351 426,9282670034449 4,025156628666282 51325,976949570504 1
914,8237215257254 22363,195107925672 5,024139978144852 16991,929050980845 7098,224195176148 42,86125408537462 7,335042357129963 8,01992821194945 5,386066450181155 2,9211291718618435 431,47845618132516 3,99960774955244 51594,99056653409 1
924,8660718514869 22102,75187277267 5,0017455445001335 17060,050553621393 7132,584784538858 43,13845221443636 7,415025095535206 7,97791821350559 5,337913249632802 2,8805207897171825 429,54186686593664 3,994391390711577 51691,97109390166 1
926,5208539629416 22245,90430465346 4,98311825341525 17124,597598462326 7057,521851326481 43,10729348590638 7,314325027934562 7,9088396803896766 5,379852239480954 2,8634636221734686 432,56988185975644 4,00493397238523 51867,821032267 1
926,9588669369427 22458,636268108832 5,0347520375968555 17457,26129791139 7041,610497216186 43,68427353274727 7,352253251809316 7,941232454741301 5,379652264493324 2,901743511352132 430,9092264386187 4,015289238302467 51067,64283532401 1
925,3659390137192 22487,007230522762 5,017315537420078 17407,343480719017 7242,825099425678 43,224305179307905 7,366947507816153 7,902597356395652 5,352962777482358 2,8921641496411876 433,8131222162876 4,015710797716158 51352,005374868575 1
922,3850688359843 22472,973842854546 5,0169151519340085 17240,405876653105 7233,967766512291 43,31744570560912 7,337314019008638 7,852845397254792 5,340813613472456 2,871445593821756 433,5798209726003 4,020599669615816 50964,52223326978 1
926,6806139138924 22413,35555436704 4,973676566766189 17275,949057191287 7227,660281702856 42,98711396711167 7,252284807725704 7,9579005948647925 5,369144521452495 2,8981298996151597 431,14055710373833 3,996398006810501 50493,34992939619 1
930,3317305347026 22434,86581742073 4,999614422097239 17246,989760497112 7237,111138517805 42,76938013776532 7,250179806874121 7,977994493034917 5,35554307602966 2,8544457715865597 428,6287031795206 3,9828403591843573 51210,4228780589 1
928,7927631409815 22504,846433831146 4,971944553618746 17150,70707917667 7153,8758844803915 43,241982656404346 7,27595071749107 7,950253297681428 5,3667179542472105 2,871968294770715 428,7023974252233 4,00386405333863 51694,317614712214 1
933,8241176254048 22420,984078658155 4,9603600564129655 17132,122373602768 7095,209936174785 43,43286779156469 7,36406011561189 7,994964664448458 5,371115137255575 2,895306025164776 434,05292463168627 3,9925068288552334 50862,9191098103 1
933,8118126430634 22610,053186166166 4,96172274483195 17009,24854984784 7084,837513549268 42,678057881904856 7,347978382760619 8,01681622708394 5,381738868656199 2,878304834833785 427,7969050804419 3,9933282641929058 51758,46020730452 1
921,5486547037044 22447,406138440027 4,988014361162874 17012,485027658688 7064,108835923369 42,48592949110216 7,270257864019129 8,01986485511968 5,3922865086358 2,895108362189556 431,65899920174394 3,9888652801278357 51155,81692364419 1
922,6024430589204 22422,387003944583 5,025696389586476 16875,121891855608 7079,03022439962 42,50709978606356 7,366113936312706 8,084110700429429 5,368103906335736 2,8808213443791106 431,05867401292556 3,998057649738706 51510,69277061659 1
933,968295727122 22320,305517974353 4,992715267127619 16836,733372816965 6963,214016117351 43,123537176389576 7,456163139950131 8,147360483791653 5,347195517152684 2,8457701144339302 429,8158828224925 4,0086807082265725 51627,3989859602 1
926,4565364355449 22454,406662273217 4,99420288575929 16918,826608869076 7027,798594329775 42,84965411624644 7,545779244163299 8,137153380746973 5,362653624208125 2,876273638408404 427,1443705923666 4,018506941982408 51634,48423388819 1
930,128536301773 22444,951084430046 5,031980616236699 16969,124945773503 6911,837861098078 43,65086077711518 7,571214882215065 8,122645159155965 5,380845058989643 2,8821722267619636 432,32733516828284 3,975811031617815 51999,98439341253 1
934,5274329406494 22274,135809526593 4,971710217265069 17018,539447239138 6839,638107879131 43,40152570669089 7,507145243993677 8,17180018396993 5,381170575727679 2,843116068119281 431,28767794218015 4,012588309706233 52355,985330490155 1
915,8134200685814 22667,33091653355 5,034420098637035 16723,40406637298 6893,532331122039 43,34084906990852 7,483977610531177 8,18367332177387 5,401121724517025 2,842242197557295 424,05373978742807 3,9977706171673826 51618,87791900264 1
924,6927391070801 22616,822213686595 4,9996757066233135 16662,41101552814 6878,44877570251 44,09714619607516 7,537852007630378 8,236255097024234 5,302091772808613 2,82734761164153 429,3143739410697 4,0220664742088 52835,007795799436 1
936,9769109542242 22681,615432353545 5,048245819241299 16295,052123502339 6644,962849127736 44,419181325155144 7,613423495278035 8,421306921781776 5,318964003776023 2,8597614313003494 427,29744174340635 3,985293159120642 53013,42377824613 1
932,0588178340503 22272,96203973782 4,995822997515948 16413,13838488361 6625,059840223389 44,03254595316422 7,661840498884517 8,325806725352244 5,36425367227949 2,8274595909165696 424,96334406249895 3,9832720600691434 52866,59386090856 1
933,3498071501594 22483,49745516013 5,003320990882978 16516,777704361208 6647,030038471116 43,915043723666145 7,644783631482577 8,436650362039494 5,377889876980464 2,8151175546903957 429,2998598212771 4,003070756171306 52984,32658689586 1
929,6138209817069 22637,6952051661 4,9833941274612785 16470,060612762503 6728,836150129038 44,126380501797705 7,788093081708374 8,297342002573426 5,388433999418692 2,839763264422044 430,7689906766171 4,01797680954671 53488,09183779931 1
928,9750850421316 22638,6716861796 5,035589884153597 16461,024417567434 6788,937094874051 44,25026020851577 7,73030003367792 8,191212468041869 5,306371511830631 2,8287741443833707 425,92072299355885 4,004852880930676 53104,0960595839 1
929,423177492918 22278,997029286773 4,977332641310507 16287,383380920097 6804,522067860854 44,02248793015745 7,785195779819765 8,228737776891316 5,374776660949314 2,8478618217208784 427,5264967773982 4,014193011565864 53600,300880036346 1
928,2668370738572 22577,49141505924 5,014036837332933 16205,89362838972 6861,247716544989 43,78799743558935 7,844376558648752 8,302275774475202 5,347637241408304 2,847686985278452 425,6591384786507 3,987154498280024 53435,6402380237 1
944,2204310621742 22664,556599373813 5,012884056918984 16773,954904451763 6878,440830379722 43,87733540453202 7,683593045291515 8,195737920468071 5,385676896989448 2,7884226921396635 423,82948740442737 4,02030218956185 53387,045661855045 1
930,1908851038091 22637,136666881997 5,012987053697956 16707,59601964267 6940,880556483005 43,7882265779037 7,657768866848061 8,19548547669593 5,3835841471418036 2,8279425738409203 427,89176097774475 3,9695289997265917 53414,812847572466 1
929,3293786719428 22704,23260047383 5,030154618498378 16639,76986434865 6841,874011921511 44,44877245778506 7,747030294393843 8,155517841639282 5,33889104992806 2,833800361037069 424,5070950133054 3,990841516635274 53728,60134422842 1
937,9065556603699 22654,471481799683 4,991101801369363 16590,000423143145 6827,575484292895 45,145633841323956 7,807308272007239 8,245966913942668 5,376210167639242 2,812309022462949 422,16254219003685 4,010112038077045 53286,80606628058 1
933,5849296444663 22371,609786286248 4,947051478819946 16391,94125774881 6815,993245325944 44,51140790460774 7,834647720509153 8,238458774043565 5,363790441417664 2,787149971894808 424,94426372312364 3,9821149247867904 53505,75944333943 1
933,0111246889933 22760,797771602745 4,978470487818141 16369,070226347412 6779,775525204849 44,23687624327183 7,653549863553112 8,292961474677645 5,389224696395916 2,7910947988239947 421,35400020185926 4,010434521401051 53860,730218921635 1
935,3789230772918 22756,316308535115 5,015621331847444 16390,668966141508 6806,719359787248 43,699944777359306 7,6641166139420775 8,25235094417517 5,365508687320822 2,7926453821974104 424,2356558455165 4,0078742236502745 53914,1634536526 1
933,7025165113718 22561,091060525596 5,011173343621041 16325,982180687626 6709,364269283206 44,27236802829977 7,839985153110754 8,370437699036154 5,379127952361287 2,7927104021467617 424,9748501869319 4,010535862802599 53988,25634769428 1
936,5163942157757 22687,08329035286 4,998896023790807 16526,513212681435 6679,324279205436 44,77899996390051 7,83352729531574 8,353173548850735 5,3617752495368975 2,7824808220506743 421,787465958752 4,006212700411936 53982,60986403115 1
939,541531259988 22642,559967693476 4,967865495231704 16841,88621110209 6895,856189446792 44,43463594939752 7,7764491230896455 8,218959703625268 5,348103968979384 2,7869229755731837 418,39684906433064 3,9961275894664063 53911,45773999976 1
930,7482305724886 22650,174246672563 5,0114745989593565 16886,19185210272 6943,605739301423 44,189517107601006 7,71046507511791 8,143178620691623 5,392961220035185 2,7720751796482044 421,4301152244764 4,005877886565336 53463,57690719764 1
938,3870208879848 22629,459068586846 5,006302960283135 16658,667164897095 6845,523261523917 43,70203353973448 7,665364544706077 8,211930178573438 5,327486217914859 2,7863928363842976 422,95663834874154 4,028752047117595 53637,47918511927 1
949,2517117636413 22638,252733253576 5,021191691779247 16823,141717590686 6902,549854506368 43,792983678567865 7,735849430536646 8,17790252041023 5,351537507074183 2,791613911346268 421,6375119154461 4,00328618425397 53278,415861091366 1
936,1228908458662 22654,92665069377 5,016400409614862 16817,53092017709 6853,81588234381 43,65231139122665 7,707411377398226 8,218422896041144 5,34364747701824 2,8073730038828333 417,26519121130013 3,999329355001406 53053,86792135527 1
945,5932984280653 22627,04444668972 4,979070171049869 16815,6440695425 6984,669528850666 43,85670968802066 7,694867511759832 8,073691282064718 5,377214713207921 2,7628789751489196 421,43487653062016 4,0095288379067116 53046,77894364768 1
940,7140187517667 22639,984243943763 5,01069499126217 16844,34030875515 6981,277254746813 43,64352823940427 7,6197391291351195 8,099424076933547 5,3676275097695205 2,7485183877689074 418,4844897385652 4,013450578522354 52608,19580264811 1
934,9282594566687 22687,933435093746 4,993261148872324 16820,815515271097 7086,619243013746 43,732574275591965 7,655337025612086 7,9188662662680445 5,394287915388408 2,783666875448511 416,9228487532744 3,980909913828743 53253,736859807505 1
937,7282351151083 22632,357077422603 4,974330214505109 16912,41450855946 7032,232052877313 43,221824904130266 7,642871263003649 8,053234614238521 5,388302006462006 2,786004022659415 416,35715057359124 4,026828334233771 53108,23174353731 1
942,4709731576525 22622,320915418106 5,034166190831829 16941,939524924535 7027,040306394299 44,24437948724835 7,662773507489551 8,068096236175261 5,3981273941949794 2,790836649704363 417,54910229423643 3,984888336857428 53498,47886840051 1
942,1784614263122 22714,782245128994 4,98143189827358 16856,606114164846 6960,024785925228 44,010889244173086 7,621995052598714 8,09505887360671 5,3259583100607175 2,776349813293352 416,132398231016 4,010765831621251 53776,167553874395 1
935,8175143413376 22616,865824488836 5,031643909800515 16609,86934048434 6788,005523884778 44,39344375024741 7,7640056935764425 8,26039335961452 5,318252896224194 2,7858601092863413 414,25624547866335 3,9867821865090733 54099,33567392775 1
943,2455267992293 22694,81750258911 5,003244723145244 16712,1734356114 6800,920695476873 43,97024273898144 7,671653436673966 8,282431487406443 5,398296297209797 2,7642142777528704 411,69583752095883 4,000763641817005 53420,11474326509 1
954,4451921523843 22699,121169983697 5,004523431375842 16701,952818565445 6795,669627224757 44,14056590843178 7,7541575635481905 8,248003352162556 5,330865858072235 2,7698248892582895 414,3071456176043 3,991025254403784 53647,26837998227 1
939,5154379710677 22620,774192941895 4,965044404466947 16648,36825531607 6811,3062415796985 45,11559167088035 8,031792288917941 8,198821734671064 5,416516359437569 2,7429223994161367 408,7160231240779 4,013350276246766 53475,95112952333 1
935,8799209395801 22596,919913346064 5,021450052636017 16650,84843749272 6836,385503187623 45,61766785692666 7,946483908348342 8,169716393191306 5,39573594370203 2,7595782032840637 411,8255793301776 4,035787623697696 54023,232290882144 1
939,5795353218989 22500,47400458212 5,031566814083838 16409,444385057835 6670,94697264042 44,76083045583272 7,928954267507562 8,355616488558677 5,331409974643274 2,7551777932595227 405,871882830456 3,982269311443836 55033,58164455386 1
947,9546673916122 22618,60248777705 4,989972017961431 16272,136067761207 6633,531457340486 44,653019698550715 7,964672559307166 8,431683423405836 5,348344382797191 2,7405544274005433 408,5305157792678 4,024103694399808 54337,5159095751 1
951,1674907765888 22607,696919245333 5,010651892061963 16624,35978328053 6856,463731990784 44,647937510368386 7,977599058547011 8,215168569800122 5,391654644608412 2,736377702183861 408,0713699536441 4,020230208430586 54796,30239175136 1
944,3537550059723 22898,363294790848 5,045071973938258 16497,347253310352 6853,6263825080105 44,87066867066363 7,997247066558385 8,135511883152427 5,347167877092505 2,741276334358033 409,5880334634329 4,0036968230280205 54566,709519972406 1
951,8713937192286 22651,67079313695 4,974659605409375 16521,76276769581 6696,427738742187 44,76147374882005 8,109816386524544 8,354172095311721 5,336035090228397 2,724082001293 408,4711263459873 3,9746191577239447 54712,25487229797 1
948,6228069321982 22712,962498693345 4,987364322219518 16403,20229353887 6755,39672490182 44,58260626518257 8,035609585461454 8,246001730769759 5,381891736283187 2,7489728068778474 406,66053443386465 3,9928945363401627 54897,92757207583 1
953,5711715916038 22731,254663160555 5,000556801089512 16637,869358029173 6707,776512182273 44,75514179199337 8,084634850988115 8,31351232659112 5,364009092080405 2,74534479374253 407,01443897289914 3,960181615905402 54504,29529345878 1
948,2307728930359 22710,198506833967 4,99515375781365 16740,79776868858 6819,651642392827 44,87737018186096 7,984704563125848 8,220217220716114 5,3810586724008065 2,740860038533675 405,14958012202464 3,977745682137273 54366,80399317207 1
937,2576924761709 22770,676821147095 4,999303925299952 16619,860763540186 6849,46008565577 44,714195057835006 8,014484057488946 8,167133586045917 5,42153724828442 2,7388851205777667 402,05429874217816 4,007100559846995 55059,90933706729 1
