Co2(scd40) raw_signla(sgp40) aiq(ens160) tvoc(ens160) eco2(ens160) rs1(ens160) rs3(ens160) rs4(ens160) rmox(zmod4410) tvoc(zmod4410) eco2(zmod4410) iaq(zmod4410) resistencia(bme688) Aire/muestra
842,1963250940403 27357,624893772572 5,001545940448716 64606,676849924756 64561,12903105736 1,9703583795826467 1,0789711342945305 0,7117834801107829 5,378268253401195 24,930773470426555 427,32635248609176 6,010017947828752 5622,416184333096 1
837,9109261028093 27118,339759237384 5,008824591354795 65572,30108522544 64913,93468350121 1,9869138219048725 1,0834406009793163 0,7103777949455794 5,353753858886484 25,189552027483177 425,8749987846841 5,956538835457265 5748,775370366784 1
841,0287039745639 27299,342957730263 4,995462602942218 65350,678470019 64986,387212666144 1,9678954368827133 1,0786679744398235 0,7015273025336206 5,410106062195529 25,369638180488813 422,14450648531573 5,9917286261667755 5729,741793048145 1
845,5130677940413 27054,387524771097 5,0434958810375345 64460,44786596256 64441,10498860015 1,9775278763878488 1,0845101693833241 0,6981402058979218 5,387736218085443 25,596156458443357 427,0120540784273 5,980857780656991 5654,6520158581825 1
837,3575000741992 27011,801959240576 5,049806826714062 65078,72651776254 65631,12416121732 1,9765810082714486 1,0903612894636447 0,6999908461693599 5,382580846282075 25,426292486767622 422,9132993436137 5,9530128029985425 5687,774674480094 1
839,5192598659139 27335,78740154575 5,002690620786434 64491,68552549757 64706,454665824356 1,9256657948050855 1,0749115732234118 0,6909842064271653 5,323826122597966 25,968233487655368 427,59049426958677 6,067375175298174 5661,864674221201 1
828,8530507896834 26946,76894802874 5,03090239154245 65175,03676494823 64230,11051891192 1,917382549649947 1,0642386061045874 0,690629809165212 5,3462521042991 25,750669262928852 426,6775898437492 6,017769155053666 5699,9278162472265 1
835,7340840176165 26989,60887188562 4,99269041633924 64930,29008894403 64976,9278446182 1,8996519957930766 1,058152558403975 0,6776395928764842 5,350034851307427 25,739942329880698 426,88307894398537 6,03822966425084 5700,4596537446005 1
831,8583812038961 27293,676638660254 4,972410665452064 64934,30144381595 65094,35955097819 1,9009822074303124 1,041655573943491 0,6738352523213632 5,359302824264771 25,939096292800944 426,84010459536256 5,972347475494406 5692,520844365842 1
832,375474076839 27253,92929986403 4,984903700022936 65016,33568477459 65129,79431911367 2,2704530026219873 1,361075264663437 1,0109445999054596 5,3461559619813634 26,061730287799698 423,2876002397518 5,974228402493577 5659,264501267085 1
822,6913980337425 27251,751845622897 4,957685423877759 64496,06573565434 64528,81770389053 2,2557982255004956 1,3580188724888103 1,0184879044706339 5,343054011133308 25,452912886388294 424,05998547594095 5,948403059533053 5651,265619092311 1
826,013239720962 27366,178809085024 5,0026206408797105 65010,32061570659 64666,691973888184 2,616869846132829 1,6898556170559222 1,2789838157303388 5,361689314588569 25,421456804508267 426,77793058229526 5,988590350948737 5728,865750720383 1
829,9359163270917 27545,747499856923 5,015562052780529 64995,88317476431 64392,92664137673 2,601101579045812 1,6698839104257512 1,2879313039875993 5,341304418472494 24,329922218298577 425,82722560615287 6,032711372693764 5687,870520857852 1
829,7322876082146 27324,584073758724 5,002719748482964 65036,33383755721 64919,830925673334 2,5719921510892867 1,6817300424072095 1,2710043565719686 5,347752166227197 24,269166285791318 428,0704715916498 5,979474209779311 5672,78608963091 1
822,4742486884566 27391,3527427954 4,983756730642242 65064,334210063695 65501,86270668232 2,882009055950373 1,8497857242096718 1,2943838565400743 5,392733897226803 23,46517672370366 428,88721593781213 5,96048269642001 5679,8065972436125 1
825,3548695836103 27271,88586309274 4,993954788059737 64671,23965461286 65189,11690210506 2,866134934311577 1,8444090833731397 1,3033502753805752 5,374995259649992 23,424800226304782 424,1652935214206 6,000090601899703 6166,117630397679 1
825,7229957832606 27395,384196784842 5,001159025290802 64990,509432960826 65107,86807029552 2,96964302075467 2,032498870077321 1,3365049511481057 5,4111077702480275 23,304716181861448 426,3227577686934 5,989373708751627 6120,281617752332 1
820,2769296883916 27420,41951146314 5,006889420081304 65129,18193433602 64828,27276088992 2,9762708025264257 2,0157036580362333 1,3312295327053838 5,354733381587204 22,716299764303024 425,9075044234543 5,942422159685074 5861,928976488572 1
828,575442578335 27823,616401059677 5,014005896200232 64735,91279039538 64557,808135865 2,804868796246368 1,8321848668106648 1,1228026575185708 5,367165513317406 22,532914954689197 424,78111396953136 6,072264073891498 5901,235271605139 1
823,1867035178767 27198,93960851576 4,986492205280217 65184,018448538554 65283,20651977549 2,8269575479078064 1,8317231975251458 1,1389628344821998 5,393354339309981 22,217264964126763 424,8415346913062 5,980091476836687 5720,112452241809 1
833,9770635988405 27334,457417539434 4,974927981088508 65236,37345558665 64832,172626757856 2,7516368957436548 1,7778101801109816 1,1020125986356013 5,336862220478432 22,44816082552446 427,08000032231473 6,039737072984897 5698,588759963571 1
827,8047577137891 27423,753058063015 4,98861462398433 65325,027909040815 65141,730586766025 2,768869318088475 1,7825213359232102 1,1100698977083365 5,297180443783348 22,11958895315515 424,64871265321847 6,021652386991768 5672,008914188856 1
820,7643860508877 27611,484166659015 4,994539942085095 64696,645089192294 64423,67472846521 2,7643806388791985 1,7899262365901156 1,1012739277568375 5,3228901836924924 22,03486068985162 432,39537746186454 5,963071048872067 5700,541585536405 1
825,9930747058446 27439,4002768237 5,007695730127709 65357,51842797932 64493,914102029084 2,6161411973859647 1,6396147676605572 0,9627574277081712 5,383168092544444 22,136227950294586 428,1787323383516 5,966103287984442 5674,338951713615 1
824,9688802506729 27282,544682639396 5,008512213775049 65126,33785353735 64835,06769814093 2,61410871258747 1,6344958405366108 0,957034789631687 5,332903322297959 22,327934095896616 425,57997776215296 6,028279212191858 5672,566923476597 1
827,9205714154738 27248,792229979757 5,015300789217644 64766,97096429303 65021,70217125501 2,32528855888665 1,378475593678934 0,7852641498189606 5,3721511453035715 22,177528401464382 425,93137245037093 6,0254005742485415 5698,1028463252915 1
835,1406893779864 27302,14279029381 5,009134585423734 65115,960503462426 64979,41128521365 2,3377240921346734 1,3890094129600858 0,7907202166325294 5,351494503671441 22,6495182237687 425,87418842749844 6,031539714615626 5661,358839450815 1
825,3145273329129 27174,79028356001 5,009620129815011 64717,59705677175 65342,30887994984 2,344352438802296 1,4110225198374509 0,8944245407728069 5,338787423713575 22,884334812525033 426,45243690956164 6,014355037470878 5656,890046034943 1
829,9764455263174 27450,1082821964 4,9908100423568404 64775,346877033255 64585,526280352555 2,344166013156185 1,4092621662262874 0,8781428285681786 5,380212164994484 22,68935014339212 424,9769204426757 6,019245138952826 5697,926656935335 1
824,1565801040307 27329,252171800537 5,046946552609917 64604,88794914129 65107,653464026254 2,4295319388673136 1,4628341456368985 0,9288511346997268 5,355130230123289 22,438773569152755 425,8174916321084 6,015324447098707 5713,383522199289 1
830,1203815823783 27486,226278189413 4,977609856791115 65089,186283519906 64660,73628145082 2,4236783295175175 1,4709473648882334 0,9285023358439957 5,322751220285477 22,816033791777805 424,2234317239694 5,980679029389779 5680,141655180576 1
832,0835440938149 27331,301459899325 4,975094601407757 65201,226197467615 65214,96809080996 2,44079740591455 1,4745059079294425 0,9302839925006399 5,36267010039301 22,813753129224725 424,8877932250743 5,958322438154642 5710,9713222621685 1
825,4201462683004 27485,36045259919 4,92551433219734 64874,113256906705 65424,99860378322 2,3576396945650377 1,402206055832677 0,8663214205353789 5,3391315757479525 22,980328409692948 425,7816251080211 5,9877090771963655 5694,314878250921 1
832,0463481236437 27303,31021261615 4,993293213468206 65357,35110083323 65550,49986706722 2,34705930149705 1,3926354739525633 0,8557431474337572 5,3741787218426325 23,025834359918097 425,5500802289908 5,984550010994395 5705,005785439664 1
832,9534872877518 27716,925953184145 5,036384797168527 64832,94348803755 64980,49737993094 2,322552394164181 1,3706907070091088 0,8609923942096417 5,361802452037412 23,11699745866639 424,266221135242 5,95132937743113 5698,74871834033 1
835,5080454092744 27132,175024717504 4,95991492176921 65207,843324814305 64741,4502965838 2,3179460851923666 1,3633088617529556 0,8643272250271598 5,346868474365711 23,051064087262993 422,30871809877004 5,997880261610505 5655,968234108687 1
830,2571068152629 27174,574576119256 4,959564168491063 65185,5122201099 65513,981099269564 2,298766518730151 1,381255218367572 0,8671862075268668 5,361851505177956 23,058042070069565 425,01377232173286 6,021541929318305 5653,869120475783 1
831,9939259767317 27192,67484333308 4,959938580574059 65183,071189719754 64575,281927154276 2,2982972704136415 1,3754341274770836 0,8724976937443785 5,347680866183752 23,253643449401732 424,719639892013 6,020443343330758 5717,368440940711 1
838,6959871069566 27439,33079638504 5,022639059133428 64368,130431376885 65271,81601252301 2,2867093961453664 1,3582458876865222 0,8524760039054202 5,37905817714983 23,436576288019342 425,46891769620163 6,078729515411511 5729,964145038162 1
833,2495064180005 27550,453156952593 4,9865900031816865 64775,48027401584 64467,72030138915 2,300805099349633 1,3591605578231445 0,8486604355297149 5,32770162924082 23,40885735656231 423,2790211718752 5,993438261251476 5702,973339704782 1
821,2377172982999 27281,445297088754 4,960545557530359 64681,78902712038 64672,71735595224 2,3109596500135576 1,3570743236106302 0,8491318468491088 5,342209622839449 23,492078092403727 422,7538135690911 5,995627092112628 5726,259639357835 1
826,5280469609585 27286,30832527028 5,020207711642689 65283,72521806311 65100,83284329639 2,304210737722771 1,4043304756664587 0,8942861235113874 5,3331818553714605 23,585481665376314 424,4262371949636 6,002801576503898 5686,195733626165 1
834,4249378595437 27193,613792860542 4,993349255042051 64709,36435314784 64765,21727839513 2,3047673687539834 1,4076352478565703 0,8873239352841983 5,334399976082967 23,617746452671653 425,89689690041655 5,974450384126355 5658,897291899794 1
831,5171855051062 27417,087982636545 4,962722889452557 64538,8172175445 65183,97986433525 2,244955786893036 1,3535832797892418 0,8398703399594927 5,38015017112603 23,696500564858077 426,3068362187757 5,960792116733123 5650,069439500769 1
826,0478401924809 27300,204850075388 4,979543637047402 65291,061944675275 65187,321252356836 2,256424082567526 1,3457538732802063 0,8422308806482173 5,371539924278432 23,568597849312813 419,8420032486512 5,977227574231078 5680,4610411355625 1
825,2326242269176 27558,95736888458 4,980680981614806 65189,843576608335 65126,86226146243 2,5686746237283806 1,620856743357948 1,1384052513603242 5,334361613309959 23,6764063884127 427,12565119693824 5,986932251791389 5778,719357577307 1
831,6948875223371 27387,781151410138 5,023566306692194 65323,86363669668 64750,614942391105 2,554620038558418 1,6275415602617538 1,1333193283586875 5,377276470792016 23,144900683161975 426,0096954160256 6,036477714345766 5683,017588400315 1
822,8651716221441 27404,43936865823 4,979189015733773 65201,65610547128 65289,64560341567 2,726853821013897 1,8396260317490278 1,2383442148775143 5,3441296862991 23,106320719271682 424,0806663250408 5,960425416869531 5657,792359079678 1
828,3530894114904 27260,755057004484 5,028684054266284 64863,03780769388 64316,93387842891 2,721038914043213 1,828760226591995 1,2542097041961215 5,3823442445606196 22,37413439460706 425,0937879304438 5,97573691888549 5659,396358929202 1
831,0971604326469 27558,65082137248 4,998873336513327 65052,3955304241 64790,99185773973 2,697556629785715 1,824586982381059 1,2376902011666913 5,344434700048266 22,32624563028504 430,191639409163 5,938597339735581 6030,500921407644 1
835,3704664689558 27698,037895782003 5,041954604021609 65368,37169235049 64754,808717044434 3,1505372714443305 2,1967659167222697 1,5642451010403824 5,393107248705775 21,21058302039633 428,43019695968627 5,979388703773065 6015,453920762173 1
834,9230937874346 27773,184486218994 5,007353868712161 65140,50511262235 65210,182926908696 3,1515185043575924 2,1848563759868447 1,5543868175348918 5,356836623845298 21,361643829511546 424,43434945852624 5,9757271670567835 6237,9791797825455 1
826,892627723166 27567,77450427868 5,016034392123558 64965,1922604214 65207,137133942764 2,9560357401825192 2,005289926774096 1,2171935069266722 5,364654808255554 21,417630200207828 430,5633188355357 5,955895901005073 6236,533168639714 1
840,7843824341043 27562,86453132827 5,022559748673365 64905,38032121712 65206,217982967886 2,936560165196835 2,0179410132236804 1,2217016623474906 5,393516009437761 20,84022680294829 422,04904439522056 5,963295136360936 5967,278341052911 1
829,9718986302456 27458,015205339274 4,980615375271787 64925,14206302738 64716,771190271385 2,869913636075183 1,89399912774993 1,1561016048454322 5,359917273322104 20,869701986864648 418,6530779128415 5,990602939079456 5917,153697113108 1
829,6213820361743 27445,128457354534 4,992345787003315 65499,68625055759 65400,835708048115 2,8676122264370076 1,909387479449965 1,1532789726425559 5,337234109875768 21,255805154382458 413,3965583178371 5,986007754144167 5676,898223001394 1
826,3237759217367 27485,2854443172 4,989749225089553 65313,61928549203 65041,32301401204 2,4711508154392865 1,4804088760307603 0,781008396191022 5,366247720134664 20,824724525082004 420,6394676814782 5,985021486403318 5668,821223081776 1
836,4368467430544 27540,377063482865 5,000350642004669 64676,218327554234 65304,230201923456 2,4788433795563725 1,4857578955229145 0,7879012400995945 5,335880784754203 21,504859361216578 412,5502381982375 5,942887234945356 5674,457187861691 1
822,4159773892023 27558,91489230218 4,998545034328813 65028,01053512162 64744,304892765686 2,4714047280786575 1,492610061714719 0,7747813354580849 5,385055501133291 21,5043690826433 411,3922756728221 5,97544544243473 5662,246163377132 1
827,8558284945943 27531,327684478296 5,018313659546828 64760,42196863954 64757,94222861552 2,791701509404632 1,7932379247340045 1,2219533813381624 5,389490295934147 21,365794847846143 408,0184471445403 6,003750059804741 5684,728269987095 1
829,6697362270902 27432,77916994667 5,011464360165264 65193,10395377491 64624,89032645848 2,7812672044409052 1,7810863580265084 1,2126799544323723 5,3330509053973065 21,18240044433225 410,8209871398216 6,010978326207549 5656,087795853038 1
837,4097579363553 27464,607141550867 5,0190235588809005 65411,862121632614 64808,80448157511 2,672931075125193 1,7045395624748856 1,028075712702137 5,364107792108274 21,33846205468376 412,85843910921193 5,967698916427752 5641,420684886866 1
826,1202082708663 27233,668022036414 5,036800532564412 64790,58169313531 64970,89751452737 2,668357351259705 1,7152084215257233 1,0318075837185707 5,330136043873374 21,242430103010285 407,71432697596975 6,008727558911801 5696,822184609614 1
822,4007923045034 27553,87601988504 5,010398387445503 65402,41890687763 65097,81081222892 2,6282512492862526 1,6779262619278306 1,0492764775851822 5,3808913262848375 21,179276906267447 412,43263980206615 6,007043029875344 5688,766871312518 1
824,5449412758422 27283,342566568634 5,003709400127381 64734,54699764094 65414,201304026465 2,63715381591332 1,6802938038404036 1,0532399478436454 5,3694314747310985 20,983150301872204 405,60621644029493 6,049381105344182 5713,904775629331 1
826,362629616464 27339,590519078036 5,01104953298337 64683,7964803218 64978,17820798965 2,6514308589914806 1,679442781812339 1,0055473888432234 5,398896478770151 21,06862766451413 408,96631895746793 5,972288209668263 5666,414667902879 1
825,6220184759899 27592,33192541449 5,007668111053608 64965,14424575755 65091,806186927824 2,6603838794959294 1,664880655553672 0,9999413293544532 5,354611849405396 21,454148445560513 404,50725625480294 6,005612042097193 5663,455637242473 1
827,1799830012206 27289,442306996243 4,99379166847697 64829,338245877734 64780,27472066801 2,6311504167634077 1,6636682051663094 0,9931987575890194 5,3725325757357245 21,318836168986664 405,64961464902063 6,007100831708657 5694,177051413611 1
832,0994016507373 27426,979919953774 5,018071499043701 65281,15875537318 64899,679676124506 2,394919623555915 1,4370915078066997 0,8197600562988118 5,345841237519591 21,835726259792427 403,33330249857335 5,975154976191308 5708,023443542904 1
827,3611819185511 27429,765109368782 5,052324780898962 64910,33630227388 64983,013744191034 2,3848555781024627 1,4356069813865187 0,8274634360458978 5,381629109637208 21,807935118057454 404,6846924567853 5,962064410923763 5671,919675968461 1
828,0064116105842 27303,043624470432 5,002269197028163 64497,1754894028 65381,75413210159 2,3508861834063026 1,3727234873435972 0,8166903383480548 5,363486186725721 21,64650895849411 404,77404138535934 6,013177526802309 5693,224601154251 1
829,9018485873099 27340,45014245743 5,006174600672137 64736,87247096113 65182,57033489459 2,321017706378958 1,392171932867503 0,8185330646281292 5,402604256722239 22,28577387810415 407,16818515082355 5,968797143937078 5666,903428900377 1
832,9170444266313 27469,635142208437 5,005322401332403 64841,114026073876 64991,058403518924 2,3762820233728257 1,4434615384465201 0,9299940483298564 5,388114190224293 22,126311778302487 409,011155254277 5,972090199689566 5702,516362560255 1
831,423162517438 27683,40444527132 4,988354842115606 65503,708896798234 65613,71864660276 2,3874071070829745 1,4406347024612134 0,9301872438358497 5,353170952981243 21,944089005816632 408,818074239471 6,039485515901324 5664,17964840779 1
828,1688256194402 27606,689850814502 5,019008825949496 64912,70545797021 64662,8253430386 2,92013262584741 1,9341194603288923 1,4094754030992294 5,346458197605935 21,76778348607013 411,2704309832546 5,991207184657679 5680,925752505858 1
817,0459314915364 27788,178190999748 5,0015835201299375 65266,04310494002 65457,100923793616 2,878124373865649 1,9464681031026803 1,4240087613136916 5,3017000743070914 20,96006784589244 405,4176604162496 5,95949994789396 5651,411614322514 1
824,8058253094908 27750,98371678898 5,014678274195444 64908,52503522004 65052,03988458296 2,899093243099594 1,9344649743769733 1,3987825373021838 5,317407764208534 20,850871739157355 407,6316549979021 5,999549716678553 6650,902444986156 1
829,3761142053169 27832,05336662317 4,991519816213771 65009,903618891556 52376,0976704794 3,510669324310287 2,470220720342387 1,8087528586418369 5,340172018045999 20,140993299692784 406,6883062922202 6,009147919937636 6673,616769936668 1
828,7208776874015 27545,635532708588 5,027446404044653 65091,048988645045 52238,80797408259 3,51027924960927 2,477529942701226 1,8223367314370646 5,405947439265811 20,107663489400828 405,67642552498984 5,984530360391522 6416,905105702332 1
828,0721713643327 27794,79858772012 4,983541756460731 65104,255331322056 65396,06078267535 3,1538591467664796 2,1957842868401505 1,3516307476485194 5,3202392586368 19,953506179962297 399,14987902234316 6,02466452356639 6418,982970030662 1
831,9208917358262 27625,554859154676 4,977462895912798 64922,60974142886 64508,023832490464 3,119798410323775 2,190104851742416 1,3346981715031823 5,351081496904912 19,268200839393934 400,7333994971269 6,016219219831555 7227,364146809371 1
818,2330624347353 27791,603078944692 5,022594214606793 64838,156648436525 47171,49903074973 3,746283835976846 2,701405289421589 1,9491013093477574 5,35735162840548 19,28359108703471 403,019229750621 6,013198000684235 7256,560249687539 1
823,2195232808159 27851,843806754892 5,056294492487821 65037,799097500036 47449,45806866634 3,7834955742437497 2,6827813511651 1,9400446488178946 5,365361132969446 18,387654365906965 403,2772817522889 6,020843412354975 8332,696335133729 1
834,3697759985581 27769,410030815627 4,975726238516646 58412,361302529054 37086,76281865888 4,280624145034032 3,092957789405832 2,3172056696918104 5,375228049220992 18,280078642436077 401,94788171780857 5,995830551769594 8304,989430328224 1
828,7000806812016 27747,628670020993 4,976728928729845 58413,56696590544 37178,90784944002 4,26870370073354 3,141068139365167 2,3290234307744115 5,37588205086632 17,38520256322687 402,6500220869001 5,994750537075533 8281,965812283155 1
830,4044606560639 27803,002720603865 4,975217999587333 65294,066298339334 36865,20908806817 4,266589882244079 3,0910975023402534 2,3188613874236537 5,314040135856026 17,190868124269365 402,33194878595555 6,038355479436762 8353,256693171075 1
826,5569030163505 27911,782196007072 4,993638692161579 64467,12531950047 61738,89769632467 3,8235392434955755 2,7629108743792816 1,6005955116068569 5,348596855362475 16,870024941722452 402,3311811277527 6,00530376851478 8344,27404458037 1
829,3865199583888 27663,5771087405 4,991398335759629 64585,70609849321 62103,63059890737 3,816442533187172 2,764471533374465 1,6136001340751387 5,339748407442454 16,79807329539283 401,5711983099261 5,987976039241985 6817,245618188937 1
829,6335401182843 27722,827301839206 5,030879823543046 65505,8691731992 65225,94930028633 3,344923745226935 2,2863388166214795 1,236958534155126 5,325173597498689 16,827974941784134 401,15541163277624 6,024689847372482 6830,8419223053825 1
819,8322326060912 27489,096636377817 4,9736630473552825 65422,95969024539 64611,37329424697 3,3183144897394823 2,274842576807293 1,244548271730563 5,359683431483145 16,73696480191787 396,96664524831544 6,0133647243025 6368,810408562811 1
825,0537509499519 27626,65921204696 5,020457891165778 64824,34539276033 65141,553401153025 3,225536400801903 2,1343385737976046 1,19889736422463 5,394626992232819 16,71085042058054 403,3657864297397 5,992289333500255 6416,2634869243575 1
829,1121482928469 27659,316223483645 5,038898997824526 65169,38188217511 64693,42257309555 3,2124944918722242 2,1414164064035894 1,2036288649571192 5,32858707146411 16,564996042476764 401,5853769151902 5,96122229439709 6561,99806162564 1
827,9201441625277 27687,279071956586 4,985332201349148 64852,707199702694 65201,58001347749 3,477616460970898 2,3478844447396137 1,4717403764408061 5,387978176515415 16,490667590447853 400,8992340435003 5,964054687997596 6548,468367959269 1
829,6577327616885 27644,24345158542 5,015242394890615 64906,568158795046 65367,80349071509 3,434624641182516 2,3566557436587274 1,4701251175286478 5,365581629786928 15,972296364503693 398,9535712993298 5,994899825003252 6571,249096915666 1
832,7948687804416 27765,87571128782 4,973483670302332 64270,679051356055 64531,35104505435 3,449895857997345 2,368326588806001 1,486237356809056 5,394830375562942 16,15188917913425 400,9244787729741 5,981227485121524 7486,177514041679 1
828,3729577348643 27707,54661645508 4,966368981720379 64778,18414965585 47868,49041009122 4,064184576138736 2,8555229033696006 1,9422096923189556 5,384639015765937 15,40751450686254 399,3849387480306 5,967114138948874 7430,2967522400695 1
830,7415471098248 27876,629137557196 5,011248894464088 65072,254321726345 48472,15314099437 4,0160187750943805 2,8068623455046127 1,9384534033076988 5,360631587236864 15,375033321030998 400,8618036027587 6,00849350487752 7670,186523024096 1
831,6683075569238 27676,338262314253 5,0499558613666995 64754,3297539664 57952,89720166042 3,8637834997712015 2,721687798100094 1,6913461588757546 5,363048036806205 15,415148428060139 402,72933087643116 6,034479498751349 7716,090211096623 1
831,8880416182711 27861,48464854356 4,95351906432613 64930,02261133664 57869,83719610551 3,8898325900392656 2,726054948144801 1,6791993443111386 5,312055506016779 15,082188338163055 399,4577114460476 5,012450808075547 6696,004736806417 1
830,0115579594889 27609,567481259874 4,979485177069007 65436,820514377825 64767,793529437266 3,2833459119077495 2,177058619448752 1,1002309566789767 5,356551023957625 15,059408737714755 400,8266458669123 5,002294136917128 6702,382891979111 1
