Co2(scd40) raw_signla(sgp40) aiq(ens160) tvoc(ens160) eco2(ens160) rs1(ens160) rs3(ens160) rs4(ens160) rmox(zmod4410) tvoc(zmod4410) eco2(zmod4410) iaq(zmod4410) resistencia(bme688) Aire/muestra
1205,995406124302 31248,149000065143 4,991771236858492 4961,237403511881 1705,699856675788 85,13670455174747 30,382403352105133 27,5747088833469 5,472957897595099 0,4548269918759229 410,70795296008646 2,003871731741247 442399,86521147785 1
1216,673497892264 31116,72295575639 4,980931392278066 5030,030621653418 1684,570859464289 86,24291101231798 30,633704133828147 27,427673626021914 5,4211390455556865 0,566485963841691 406,3425673500712 1,9939057091129129 429132,2962561429 1
1220,036873330104 31062,183718073953 4,996744741385904 4238,87563689402 1579,5167883717684 83,21160264437667 31,2041238773126 29,206697191738318 5,43874685064735 0,5625502880795115 413,0066133585273 1,9975916838443526 422048,3610729618 1
1218,9325870631599 31058,24177250965 5,000068279821407 4238,998622270971 1582,1521038486176 83,08057666898677 31,201759744074504 29,567807868157963 5,418720166259266 0,6630546649018763 412,72616615319674 2,002194042857545 425771,1126061341 1
1224,1474932517574 31368,71931517433 5,010750517131893 3642,7976386345467 1582,4013428155185 83,07874611094856 31,382632891447475 29,412326311295946 5,5023834610612985 0,661606099746668 411,2370564292082 2,018871405945331 414474,76381992345 1
1221,8013392817677 31325,427765716813 4,957801972494757 3595,546869358986 1493,5957757567846 85,39397481707913 32,72156221979084 31,229195020848007 5,455608804898747 0,7491749172188997 413,4139878912585 1,9904340975244499 410150,1661574727 1
1222,8326128313645 31682,14587038037 4,990223110173678 3638,9454931736473 1495,5096177510704 84,31660680013533 32,867505570626385 31,362743037028554 5,461683926808401 0,7503326013797277 414,6164247529093 2,01806711493894 402927,00878039456 1
1212,6693143757498 31435,95468923107 4,981688555535552 2934,2641283263642 1376,4192796250056 85,02499696835525 33,40200217203143 34,63838086296284 5,459109871530809 0,7546497480032013 413,2517607479359 1,9832919714624453 402557,3744624246 1
1223,1663908239302 31030,214065585787 4,9951387509159355 2917,0208145639804 1372,7446971480404 84,41781541474585 33,72220554159523 34,801456444200774 5,402740232336696 0,8274349586340409 414,1019902130372 1,9919642077325141 396384,5591110407 1
1222,9299823751019 31409,70518936228 5,037167159046795 2436,6506967406967 1298,8871731683093 85,49739129671723 35,39661741428451 37,12323063153442 5,4736948891600505 0,8301944188647136 419,8857279139538 2,0000533614695017 397589,9986582673 1
1219,773041445015 31159,02188102064 4,994539023238875 2435,5483010939874 1307,2390809668655 84,41095357922893 35,03838485510489 37,00994662755972 5,461890629619964 0,8988249304951322 413,86110504303764 1,994192113334628 389850,5777283685 1
1221,910652338577 31165,5254848612 4,007329157414827 2125,3549213590854 1236,5230281133897 86,62315403294282 36,810478556232574 39,201485938350366 5,450458309349694 0,9081622653667325 413,3307050708151 2,0092650478199814 393927,9927301716 1
1218,2672970627605 31365,731440097574 3,9588002455138613 2110,8577254822844 1250,771815971915 87,3217322384988 36,70662322893881 39,487001850529595 5,459424383141904 0,9597111943283727 417,3014297052758 2,0082009617787184 387641,47925540595 1
1207,5079361762353 31096,850077411804 3,966540161610764 1949,0173054625532 1243,1245296413165 86,721932599002 36,63608478616084 39,399983685018206 5,47050645443058 0,9598715683809703 420,595636570831 1,9894957880534139 387321,2300455503 1
1222,0756326164526 31447,220761871893 3,9810103878831917 1958,878713718836 1190,2682125946028 88,45262812623189 37,804937883467524 40,947324016695894 5,466116407136496 1,0104557757095312 415,2672292244531 2,008617584924338 386508,48298735113 1
1214,059266447688 31329,181852408416 4,0067350548168035 1940,2109554455842 1208,8607125698538 87,60428105802698 37,957028149063795 40,34078323328486 5,457768253307656 1,0097957365785615 415,79035117962326 2,007493199234354 381805,26961181196 1
1212,6547554899335 31316,34178627624 4,055407512297732 1828,9889623275174 1172,828558860792 89,57734233205063 39,550880809302946 42,10971563200307 5,484203070644633 1,0193849722514514 415,31180478302764 1,9996712932284528 380844,23087731015 1
1209,6166254198383 31181,537151598208 3,9930958612437895 1832,5470410749247 1171,5118361477714 89,72316833032123 39,72888615143155 42,37544607257055 5,44142422289218 1,0564530273539077 417,3888809497518 2,988236607221758 380072,45288474695 1
1205,5056026518273 31194,37921995474 3,9970780216160047 1540,7463987211156 1126,7731351978125 92,59764731049262 40,93269948950024 44,24164218187295 5,492888585612107 1,0588432027709616 417,75222021055043 2,9834129939518004 380453,2558075797 1
1212,1268755907356 31677,53436269463 4,013007208095837 1541,0718520565965 1125,172801900939 92,69834107162448 40,46646024746077 44,07001094881603 5,440374599539175 1,1008549237155403 415,4469904678353 2,99974942796075 380886,9271839349 1
1213,7432109240303 31399,395186881084 3,9993764562280356 1472,2825286477187 1111,9024240819285 93,93827289346774 41,94608457504443 45,204322256940735 5,396461299581622 1,104965661825487 416,57299631711584 2,979623484551876 380239,64322725567 1
1207,6532662866582 31162,849607741202 3,985267759702059 1472,5676051393575 1102,3630889941012 93,79109930108658 42,35906283728637 45,60701902683137 5,451054682756923 1,1410498216906197 415,29171308056453 3,0365182584267485 379815,381254651 1
1196,9466876113015 31346,73803113648 3,9859428587535812 1417,0743917083369 1103,2903570260603 94,192850000557 41,90224441154956 45,46202538694082 5,42863257180377 1,1406991278768435 416,91329922385347 3,0089705604795696 380529,275327765 1
1205,1294213975339 31230,046369871146 4,024493593623727 1409,3698457636247 1104,0494317740875 94,45635546420871 42,30704374392827 45,86872423551805 5,421574863033544 1,1662473378601477 417,1912480979497 2,9754234208744057 382117,46556776593 1
1204,093317169106 31399,77302969872 4,017757633764442 1422,7133526741109 1098,199027723208 95,22399602010813 42,159188525958996 45,82369953862162 5,375339560465963 1,1710248452932295 417,2012614222888 3,0124847121789036 376237,2883289853 1
1197,557160254551 31157,191429939874 3,998016505873504 1343,7695222484742 1078,3965851849553 97,0852737973232 43,80178531280895 47,45401608129313 5,435074159338379 1,1739587760080994 412,91048144622357 3,01239421438709 373677,33431455115 1
1208,361489481596 31277,30468347964 3,9719459212597443 1342,7559403697517 1076,6654721167795 97,23782817737545 43,91831439408634 47,61402031015843 5,442962039848014 1,1994708925923516 415,8210717077375 2,9809932117909828 367003,9968299907 1
1182,7732925836615 31464,670872342893 4,031317058874079 1268,8348078626038 1073,963116613369 99,26963514774653 45,219914785025246 48,43979342250651 5,501689239039962 1,197074190894986 410,5226424383685 3,0026710110214174 365782,4006651491 1
1201,5003178143095 31264,303709050222 4,009340175853173 1266,016038749886 1066,4087531034193 99,25444431324728 45,208105093216446 47,836582386308585 5,479824886606571 1,2266045876451257 417,1000044898136 2,978615315395281 378165,57960714056 1
1183,7913481462 31361,5385267246 3,974322730871276 1115,011603754642 1036,152831481816 99,19396528019145 46,3729631021547 50,13392864114372 5,419340575333954 1,2150577191675966 416,1766925176644 2,9686149879425274 378098,4228253055 1
1193,3152821394863 31320,464217573463 4,007657688496948 1123,7820650850645 1034,518360664333 100,19003219967703 46,316044642792896 50,38303700129049 5,477352374170717 1,2450639144467321 421,86850303234354 2,981863439783506 377186,3291255949 1
1177,1335042578735 31364,164260201145 3,990951516576272 1087,5646214690983 1019,2626956238488 99,9681315822595 45,9283282127712 50,15817390788357 5,444511099249115 1,2424062227382942 416,43429763369636 2,9935069992364425 373835,14718266804 1
1182,344993955594 31339,789797012738 3,992096384206539 1100,2156283731886 1027,179222702311 101,13308975716542 47,30888047169532 51,03182051976193 5,487365851203468 1,258515732101828 414,65078908690043 3,0013875054069574 377940,2961153331 1
1180,4552290244408 31160,111687236822 3,9995557368346453 1094,741321055762 1020,133938416863 99,25850309586104 47,15644681377365 50,990342179672055 5,473759479230414 1,253904818412819 418,4893215314457 2,9856370832243893 374297,6683629278 1
1173,0778163382859 31299,222638065883 4,012981957789572 1103,392343551705 1005,3898363038882 100,48328050451194 46,802681027322286 51,42822389214921 5,457313960028048 1,2566190914763775 413,302240725305 3,0101993125039814 376064,8381902958 1
1175,923267066564 31334,36233047273 3,9873349848219926 1104,2516207822591 1022,919175314596 101,31491762805749 47,09003183205345 51,074480755582115 5,426153165355074 1,2764808790485342 417,4663578935678 3,0174944328386486 367217,67393744894 1
1183,2267221650293 31202,201156244206 3,9994596190371823 1147,3997496947784 1045,0513750839436 102,81822963176613 47,56718360263905 50,27659575296595 5,476232596169525 1,2801371508604387 414,6807887771575 2,9871241066557506 366042,6946959722 1
1171,527632588043 31330,613151572943 4,002597370145769 1142,1494119205174 1041,0147803660773 102,79636181054704 47,840596573786144 50,17819972857926 5,484032606636936 1,2900585319596691 421,1395896714115 3,0230240185940067 364870,98638863856 1
1184,5254574270937 31271,998275732156 3,966496229505296 1036,318395520486 1018,8915853777672 105,48941042454359 49,21661411975092 51,39061828999806 5,482504133082588 1,2913180722590656 418,9412061259135 3,001596356731369 366079,437580474 1
1166,2112826875646 30949,4865272071 3,9651016587094716 1060,9186267263033 1014,3906344485998 105,3307727546441 48,77816414588505 51,91531581131731 5,443094142760633 1,2997559761581934 419,8632032019525 2,9951135654135985 366286,4257780654 1
1180,9057102219078 31170,438956171565 3,980972404794222 1000,241187833589 1007,9270197864059 105,04409360586645 48,91732652685274 51,772761786251536 5,450602163588368 1,3018275753934943 416,599239070756 2,977163848387 367608,62822774344 1
1161,478635533982 31421,630653351767 3,9865859327491364 989,1958503860025 1007,1781005869278 103,90081750843144 48,37840536256763 52,40134438176495 5,485294095332493 1,3040908235740023 417,7816696312889 2,9930102771458844 368839,40837844205 1
1176,2648076289092 31472,48637431345 3,9938025901927645 992,2448574286198 1004,5829202338567 105,04450514037983 49,31025479304868 52,50902994437055 5,429329064350439 1,3063902992522431 420,33146804263816 3,0086777431144878 362325,8645085541 1
1183,0593532537505 31364,21157238445 3,973210236984359 955,9421344302135 1001,9662199226922 105,62599287499206 49,03213822039563 51,86053458197367 5,47137210638265 1,306413812625636 415,3526303821908 2,995716463758684 364236,574214411 1
1184,4050457767273 31204,909918476194 4,001003063947867 952,517792445726 1009,8413701329631 105,4647245846051 49,058249923566095 52,13657551213867 5,450421602238765 1,3300567069995604 416,9892983594132 3,011836721934216 366160,8530906939 1
1186,659418950762 31231,192620555954 3,998398776529186 992,7894653237353 996,8165113856488 105,93732650740007 50,08768328938116 52,97155415503224 5,464825936692317 1,3187948754185936 418,8180313245435 2,990142501136525 365781,0389187894 1
1183,805966993553 31162,318693449244 3,9841518419107365 999,2534489305147 996,6693703909193 105,44429659705298 50,487640189719386 52,591932539421336 5,48129867519066 1,3299612516423516 418,3506287782631 3,0116399959312696 365382,58038263716 1
1182,945263179104 31112,34720545377 4,037553268432024 994,2199926184559 997,2691225168128 105,63894464030527 51,772981100329766 52,93530976159631 5,463309717479739 1,3262760692098037 419,32581024228637 2,989271365674018 367968,9476210479 1
1171,903442959552 31412,72128938575 4,0074478260224105 981,3472478393546 990,9770570731948 107,28569656428415 52,06251898721513 52,51494464550793 5,44310898106919 1,3363451201083296 417,1226512024221 3,0065892620604515 365875,9305349391 1
1180,2818646594264 31296,904460068894 4,001642697075334 1000,5030634551051 996,7395432566477 106,84408658500708 52,28219778988638 52,79827059733119 5,488884114960056 1,3333379704012647 422,34853425092996 2,993626500711375 361625,36280778237 1
1183,7318905837026 31224,4036888259 4,021905511459734 982,0843276368396 1000,2320865071486 106,00457585692278 50,877326300044054 53,9027918486286 5,497619656712062 1,3429830933411673 414,7470084484538 3,011917037226712 359145,58456651785 1
1171,6601358768069 30919,987515294393 3,9808126386257445 991,2573194445783 1001,0414133355155 106,61322183294949 50,982210002140846 53,83336272399011 5,464101132183475 1,3431942807955919 415,9320621964898 3,0100860332198174 358557,60391338344 1
1184,1388832222565 31378,198441715016 3,9426314983726356 916,6565841492967 989,0266531042389 106,29495720024123 51,378572540490815 53,39641806424317 5,403087021034088 1,3383116284891245 416,9162589446557 3,0092497438447423 363204,64948100224 1
1167,0554427066406 31314,817552764864 4,0063407644028475 918,9871320555363 970,692172448889 105,45712347838261 51,3956624704719 54,03747055877244 5,454884044965695 1,3413147334999336 416,56985005312754 3,004561427421966 362309,18259858363 1
1168,4848028570382 31319,472901228335 4,02790959524375 901,7515754323636 979,1853651463383 107,32116826143984 51,1612465759083 54,43006452103056 5,435352024814956 1,3449566992750461 415,8750475393473 2,9867348930567585 360995,13198332704 1
1178,1568458923057 31310,72239188533 3,9790149190000617 902,4937055002534 973,5909079086994 108,3189856400176 51,04961996441951 54,32190955743164 5,445923178116938 1,3547710182481847 416,70586173034496 3,0003418220274867 361994,378730762 1
1178,762212804286 31279,191601138336 4,009388738791494 868,0312783903826 966,1786922763165 109,4402804876537 50,8687777213967 55,06807676948027 5,425740752275025 1,3447845363438309 418,31091025924223 3,0042644111822607 358604,25250391447 1
1173,5713888202965 31423,700248172336 4,002064459119676 877,9928340614603 974,4049880713369 109,18752271141007 51,03023915325881 55,470701342542334 5,44906979761525 1,3407559640666766 413,675351144218 2,9935511145407965 361804,0112055123 1
1176,3314165487384 31001,4585874135 4,0150397908943445 880,5757496348768 967,6843554034671 110,3258298643814 51,05320255359032 54,58969535910152 5,4357502922427505 1,3531890885789235 417,6337018246672 3,013161437249695 360381,09632099903 1
1169,041215554265 31079,40015065691 4,026247603678629 879,8249178326614 970,919655091373 110,09267340447845 51,34483319673324 55,550633664800124 5,385883588322176 1,3601243789493236 417,75053580919257 3,002776618733642 359573,7591548926 1
1173,5701104629395 31129,961678288524 4,044561688489071 878,5230272268683 976,8033512598038 109,81346533249467 51,24346645969473 55,044544840225946 5,435704341670949 1,3461946956492863 418,42019980833885 3,004099187374192 363387,2311187922 1
1168,5291147828307 31310,71406447248 4,003989822065288 886,1860502431166 968,4676319500138 110,29632863948034 51,15803837465411 55,01957281539049 5,434722173767503 1,3587889002164284 416,9227798806386 3,018373032900122 357997,94668109185 1
1177,7819065025371 31316,501760174044 3,999372704218118 890,6101751212973 976,0953095040362 109,93509916459537 51,00335923436669 54,71344381177969 5,499920290756157 1,3560414295005654 417,92126632311334 3,0309680840460347 361284,79982196813 1
1181,6952079939415 31089,418495591493 4,017673426339186 956,9884008323958 989,202891682157 106,3657857047368 51,689539038839385 53,2022030834441 5,436010869767664 1,3720521127144114 416,6381882115256 2,984397755418855 360711,36781236087 1
1181,9769450517636 31490,62271048138 4,0051898077527275 960,483089603221 993,2404081149929 107,40533447909716 51,69168221478588 53,248749851292054 5,486390356068036 1,3583782462844896 418,6137454489769 3,004698599274238 361011,59301618533 1
1183,9490586875045 31029,830167303713 4,007220216863731 841,4234859467696 953,1270083310501 108,94119735735211 51,86419285567673 56,365704119894694 5,448591325748794 1,3637512269228658 419,0510471369402 3,0058979960257215 358505,61777794414 1
1179,725033730977 31115,708381458255 3,977136298793894 847,5516429939585 967,32468926628 109,01448652608863 51,32114882738171 55,332777586604635 5,474939061126936 1,3659392468117342 418,490328919431 2,994169581255084 357794,1066740325 1
1177,6034302461574 30906,652562500753 4,002655531356969 895,4956786953236 967,9631357851912 109,2421072966103 51,79879914104716 55,653275093099296 5,450649758404032 1,3433899163990866 416,0035986574834 3,0086076524860426 358425,11666399887 1
1181,931870716113 31249,72166941687 3,9838431903790648 908,0662501717984 973,440515547496 107,89414867686106 51,215609157925996 54,72745960055858 5,4225816407257 1,3580809707262298 417,6180968023833 3,0111086419788893 362401,58744966186 1
1182,2368394099333 31121,214318455157 4,029223605176745 899,8017006255941 972,671586385273 108,8577992407617 51,710159818380376 55,36742194861417 5,501427136450114 1,3761739920368028 417,4993205462651 3,0253625596275597 358666,38571176433 1
1184,6157358099445 31082,17986224698 4,008507754108153 906,4574048901028 975,060526235359 110,72040707774325 52,38233747443741 54,40498881926154 5,441096467749385 1,3569055139260218 418,2200310431342 2,9796531589631794 357593,7533821653 1
1189,6899109321557 31079,563330060235 3,9869873843130934 913,6521408426453 989,2376071135197 110,83697122804811 51,89118809994642 54,2317709217895 5,444448754893955 1,3646254419409634 421,6626086584688 3,0015243019162714 360912,83978834003 1
1181,2583281206098 31016,123349248064 4,025999269735542 909,3053230785497 977,8393707049172 111,18920871902414 52,69515368899618 54,438954337621304 5,480458304507226 1,3678503319882618 417,28331321793934 2,9649765179769627 355992,5676713587 1
1194,4454122925456 30769,017369648285 4,01292410207007 908,0624730589994 968,7896802051968 110,2386905798015 52,20226539420942 54,2650275489423 5,445321929439058 1,3636849865221379 417,03588551568 2,985123371681883 353664,7148077639 1
1177,3033137339414 31063,053649257145 3,9904835383767527 914,0596646773037 982,0946357844332 110,56802475512862 52,23217771376333 53,84468790801136 5,446622617196136 1,3670784596910819 417,3977397489707 2,996611893712318 358841,33696702117 1
1191,8301510553551 31011,57557651755 4,008205574588688 921,2535814855128 979,5460560837618 110,53590460042535 52,23933618051836 53,66439610327327 5,4750731639643675 1,362738246830695 418,83062576031386 3,0198920499274715 358284,9345040625 1
1189,1319085043228 30865,33805709983 3,9703006987095644 873,3825145511379 983,6210898787378 110,99754361778602 51,90509762660903 54,19032557534059 5,382929362105727 1,359218070195072 416,4274435869417 2,9993699050626024 355980,58334978874 1
1175,6542316610346 31076,15292943496 4,033586100487738 867,2963715743522 963,2212472795208 114,46218171617555 53,360372109962874 55,59802682201735 5,507116752061641 1,3629147437168807 419,4317276463899 2,9966865106767075 357601,0246590587 1
1183,4706247038264 31023,97077754765 4,008546130945527 863,8872245723531 960,1051123748373 114,11836064106065 52,90695398860873 55,86150267934215 5,440401586476835 1,3700486936237954 420,2208808805082 2,992284228353607 356755,3726717587 1
1180,7860418771534 30837,524338826275 3,9774895988813324 879,0119091222034 968,9184466000903 111,34992877474795 52,1815275037874 54,469082121611294 5,481328059865565 1,3580370382257438 423,0566404160231 3,0038362186687038 352409,5620934747 1
1178,087158546963 30819,05988498729 3,9930976904708313 874,2068267998277 973,3834543865252 111,37824399971488 52,104018385552585 55,30306397207173 5,474623541102267 1,3835018761724496 422,8029921530076 2,998214252546471 355764,1234045418 1
1189,6596290703856 30957,411443435696 3,9922319358027436 850,1171425605456 959,843424303749 108,20435028738586 52,475620915934456 55,401240170430135 5,44887466295032 1,3552824390345415 420,97272921414736 3,0134812947690213 356771,75926480925 1
1182,0790368831558 31064,360805742293 4,025640537103162 855,9118982679349 964,5800798161242 108,27273597598929 52,06821889081155 55,655565901300754 5,491122633016365 1,3712903862226882 425,8740290086588 2,9950605872039024 355672,77582318534 1
1186,2015234431055 30858,05684693279 3,966429058346724 903,0969963854277 979,9734455636911 108,71798519244767 52,269855209597274 54,676496920196136 5,4340126621987235 1,370950107208323 423,8982290579777 2,9980310794216596 352676,7439600266 1
1193,1628040691728 30979,94589831755 3,9919780810189716 900,9983950477746 974,7956488123001 108,83714404583763 52,37425306526074 54,93014096525862 5,435444057378553 1,3584172551289597 430,3981335765306 2,9837807118331163 353124,446671712 1
1182,2998193711417 30919,203549629845 4,028634049773622 813,1997309090941 975,638534315456 109,69379207939126 52,35384878076381 54,307229136165944 5,466727903321538 1,3522746339274252 427,56467138052477 3,0087665020083785 353398,25323687267 1
1190,333966570875 31110,414527379944 3,9860663124563342 823,2827720441786 953,0246233617179 109,28640032132738 51,935941760710314 56,339447771713616 5,461686816476802 1,367499837130595 429,14454354089526 2,9969343986006662 358423,2412969465 1
1188,6939128897309 30697,95674960952 4,010553034797262 824,3614532275961 963,8208464631961 108,95631448172652 51,93142380110665 56,46832689701021 5,489444481667577 1,3651252506085325 429,1278197571444 2,993009560131954 356793,26221155655 1
1199,1570299757009 31039,263872328196 4,012408740970466 841,0070397854842 958,7599281061739 111,04523407178337 52,78685656537525 56,2441853494088 5,444941920609171 1,3628302314992304 435,85283013290734 2,9700304643058106 352813,6749575818 1
1185,2465238850261 30917,027218591884 3,973503230812067 835,6862700012172 953,8529082962374 111,27308668254148 52,65071354160632 56,14158947711533 5,472257799293221 1,3697540669306372 436,815995522845 3,0109004903166197 353920,8860532624 1
1206,4851194793157 30667,688563864915 4,004616918877791 930,7393205368343 991,0831069749572 110,33953315353241 52,40419100632415 53,64231640512779 5,437828258769724 1,3567599898122804 434,20881625745596 2,997063544318577 357056,9956422993 1
1190,1583732805618 30927,867820636493 3,990875090072061 944,1907069416538 981,271511873891 109,17665089972013 52,150070307121425 53,814434652782396 5,483845962069051 1,3808426622963474 437,1293953402286 3,018211560302581 356169,6645708762 1
1193,9365550848893 30742,060907121024 3,991567010098596 813,0624752445964 951,8233126744688 111,99748447456967 52,69144932501286 56,73769815300482 5,447109384679524 1,3677081060200393 438,29828642954476 3,0245961229686626 354864,5312255396 1
1198,4900468734115 30969,182965022304 4,002034438661889 815,9314525448325 947,536756780717 111,68586640863587 52,112625098320514 56,252075499873044 5,4559204098607035 1,3686409003054756 436,32253127407984 2,963190790063783 354565,98028702795 1
1192,4871573388482 30811,537883840392 3,979685035909454 849,4724208194307 956,038320210064 111,54677505607481 52,36684056114296 56,46324114226427 5,404897031598727 1,3718509401779537 440,79295634774616 3,0013105272790357 350120,99739692296 1
1202,3257490108003 31124,664760397663 4,016982622373615 849,209431526236 971,4809019357108 111,54776022080009 52,483893828310094 55,487204489360266 5,437446675306559 1,366887002949857 441,2801778222233 2,994956561932753 351504,6084934038 1
1202,8527200790866 30832,394231785092 4,024716361044177 845,6831634135602 970,5608790024735 111,49391481764677 52,310338012713146 55,83320367582102 5,459236127979261 1,369804472957987 444,05223769885237 2,9815436958848487 348908,090084475 1
1190,691147548503 30996,30790007251 3,970641050482451 873,2848891831516 975,4216190656651 112,92142295596736 52,7519250959404 54,54208747337231 5,372474166878396 1,3599009798337354 440,988888956561 3,019847480138616 352082,5664645653 1
1195,0237737145137 30948,594806517038 3,9725674729038403 875,2020200773372 968,1151797111518 112,5719641540559 52,32704227662283 55,67949852819176 5,470289120747819 1,3740853169991918 449,06980564154236 3,027765162196699 352392,9567236866 1
1202,9708197926439 31092,36759563937 4,007910099037019 833,4034984022338 958,4506821809712 110,5794201002279 51,809872536169465 55,89639683845537 5,4358413500383245 1,365376879749885 442,96644676744245 2,992024263347739 353145,62736173405 1
