Co2(scd40) raw_signla(sgp40) aiq(ens160) tvoc(ens160) eco2(ens160) rs1(ens160) rs3(ens160) rs4(ens160) rmox(zmod4410) tvoc(zmod4410) eco2(zmod4410) iaq(zmod4410) resistencia(bme688) Aire/muestra
1011,903382203779 31742,443898425365 3,0016056775312503 303,7282472483218 812,8867796500822 259,06073165495843 166,28449131575653 76,59432807284371 5,397225590987498 0,7321180261972046 417,09914282440985 2,0039068149512613 486694,0110731059 1
1022,9662907310591 31910,549647644813 3,0124975448411324 304,750534773389 798,3042207840437 262,34074713278545 165,6824149109012 76,44008832955659 5,375206947588459 0,7365851968369332 416,7766028629181 2,0007069100041175 486086,47576304746 1
1002,3812856965374 31705,413815531498 2,9787586663764976 279,424470785379 781,7854896400065 258,8312419754198 164,8117261084009 78,85323222476008 5,431072224491835 0,7399887726058665 415,79045183906 2,013680048627304 484942,78252673184 1
1009,9240162138389 31470,140959511467 2,9996890657651227 275,5076630660401 775,3659043650341 261,3398521673319 164,08914234699964 79,68563399494627 5,42304367538325 0,7580591902972417 413,7916758587313 2,9918509406169154 481363,94029563444 1
1011,1798914935797 31511,350406776815 2,9986471662774665 310,530801480916 805,170112131744 255,8544687057422 163,33393304249438 76,02168528398755 5,420391564585224 0,7513688432377654 417,05203036918834 3,003498272846114 481931,226808922 1
1009,2117563511633 31913,048606749133 2,997273313848905 309,0121306423953 798,9947868612242 256,7564506787883 165,86267231262855 76,44524313252823 5,478867178763355 0,7551013399561803 419,4677215477526 2,996857678140306 482426,6451658157 1
1006,191579605761 31764,740695480803 3,0292683494253687 307,9596433456464 808,9122148360761 259,9156163493811 164,43698543153286 76,53853091347086 5,483938645635282 0,7656177350475836 416,03340718528506 3,007935779443014 487298,4951924597 1
1001,5656273155774 31537,44777602663 3,028756074554468 304,4626232319457 785,7957473478115 258,9110558624393 164,9645575442146 79,31428448754478 5,4185251904325025 0,7662077653264107 416,8400693944872 2,979193743717369 488596,8016843892 1
996,0744261145621 31640,75352742287 2,958992937627864 303,88171542282396 782,6462155859231 256,11325232278267 166,19504628977833 78,75093542856317 5,419972748668491 0,7696150205742535 418,95923888525215 3,030423377859763 477494,3928183404 1
997,7992632059919 31656,94767003578 3,005031219948117 270,5971195637984 769,8044944988616 258,9208440534064 165,53790271751032 79,50580389946703 5,418087150345887 0,7742987423584363 417,5538573400985 3,0105854773092897 482935,88272015133 1
1001,5133299167672 31449,542772090812 3,000803351112922 269,024980365549 774,9610798641464 256,6836245516837 166,21657823999792 79,49656826833485 5,413710989919619 0,7841141596929087 418,64810426583824 3,0264548098312694 483898,95267395355 1
1001,4688746641311 31733,38909698344 3,0021426110791443 291,5753054387376 799,5869569243216 258,8391062193699 168,127684427593 78,88494314046294 5,4381372804223425 0,7854362489799755 417,57696848318994 2,9971426802552723 486738,4267288992 1
1008,3442883780904 31679,37368467803 3,0198776926677 292,45516200969854 797,7328686068734 257,7480874520598 168,56380612490295 77,72596981594704 5,396275352585397 0,7929214906613924 415,40513846194574 2,9988994144845353 484748,5083860171 1
1006,377780257614 31547,482545815234 2,9887951640883097 271,26161344064496 778,4509212071016 261,66765782434254 164,85424554516683 78,85092011316522 5,461023456983943 0,7905415223019132 416,99968518855326 3,008929002084285 479020,5823421223 1
1005,255924646611 31611,925999116454 3,001662895179855 272,6494350133345 769,9896294758148 259,13413445253036 165,2721178549041 78,72003504953929 5,436895670475653 0,7988830866963994 418,4982334038925 2,9716862637933117 480044,2124022511 1
988,5536199608038 31698,416899880573 3,0220504244412454 261,69706512650646 779,0054065634328 261,9999916266383 165,34478568257992 79,44431537795566 5,420616644856177 0,8000554788038423 421,2480630875674 2,9983495403629727 479372,2910357191 1
999,9440917331093 31593,806344065488 3,0027047662998267 264,19318381384704 760,0198247894305 254,281998571224 166,22662727971388 79,88297480376647 5,398497127838387 0,8123139979105393 419,5290780041955 3,026482382820366 480559,58641135314 1
983,1057655565271 31788,25491289341 2,980851701250838 264,33868476119807 757,4129202953071 255,1106948392501 166,12369421186452 80,62745559862624 5,422387084634268 0,8004104410503885 418,473954794981 3,011640263665516 480141,3618309342 1
989,3062608145187 31843,534487346238 2,997287893131976 278,72610952784373 778,9350838606429 258,2851844466596 166,73240268453472 79,39783887468093 5,423958318900694 0,8151251130430678 418,42263051407747 2,9736197057590323 476774,8389904646 1
986,9455328300539 31591,61570956165 3,0235249361628256 277,5838979767356 779,5359652779473 256,37031581361254 168,24889397204578 79,198164928382 5,410227785118638 0,8123207541499936 416,1741817170369 3,002278312610943 477898,01437281404 1
991,3483320670637 31599,752901939526 3,0029899903748922 283,9526190698062 785,7528371282332 255,62261082682866 167,9851700337405 78,95556481521922 5,393778303963926 0,815046331103427 418,4628085642097 2,969580269708912 478075,2808400908 1
994,4665463675789 31782,174618180477 3,008335251239263 286,39882657990387 781,5077671366511 255,41876541314727 169,53114094572297 77,93469224853357 5,419188806829394 0,812254215000035 414,7610069759431 2,9983999653105027 478183,77044977853 1
980,6999141905595 31886,892749812097 3,008003295184791 268,1058153349297 768,903775453841 254,49801535333444 167,11276369723532 79,60203530461816 5,42410875162007 0,8155490832626793 417,17821818975415 2,9983315837677273 480527,7929832827 1
997,5198617798127 31751,69304832324 2,9896013556844445 268,4765524689256 775,822119564704 254,87682306059313 166,04750185611022 79,69614346687378 5,452675642728867 0,8295461245510235 415,4716166397086 3,0140931216158258 475701,4732260943 1
982,9663315714066 31642,480894889086 2,9817792985664084 254,0546503635909 775,3753764551623 255,66622379108944 166,2909092738286 80,18750036220023 5,412766176077633 0,8254800745623393 413,88785827969485 3,0016295506256405 476959,9261397489 1
984,9480127504479 31611,854727385733 2,993363346356167 256,7047865588995 788,4761302939257 248,70266667759228 164,1036740269996 78,45689486988852 5,376861636094136 0,8281522391456823 413,5608793371623 3,0165067516887216 471648,42927126476 1
979,3509873408057 31607,12258551869 2,9988433708567164 256,5843933728245 789,9867549009698 253,8120595482559 164,2650593384883 77,71069323617326 5,431414209644068 0,83735477300359 416,3753293197425 3,0064849951499646 479418,7908900573 1
978,3586797635376 31721,483194307435 2,978979140050229 261,6078691297608 768,1153048272325 253,75457744663817 165,0349758971483 79,95728229694559 5,379603127917085 0,8335998286374194 415,7584216188797 2,9931458097439223 479404,8707505558 1
980,5798312366891 31588,16770142182 3,0125195411148376 259,5663238296675 763,7777839719754 254,326491219698 164,83519549491243 80,96927759474782 5,44499865692029 0,8438027178996638 414,92627817944134 2,9936020232986214 477634,3260657519 1
983,4421650478514 31525,364337203297 2,9966335943577205 262,2056953795964 763,8447986040269 257,2839924629901 165,6778671402357 80,09616343783294 5,404439731843638 0,8318437817034294 417,5841980525625 3,0398999537530758 475296,72714950197 1
977,2021746368839 31835,949318618368 3,009488443116171 262,10604864186104 765,4475246104696 255,94655956848803 164,49259882181045 79,61856510788952 5,442633927453932 0,8329067802541078 422,92941426054995 3,003977656887682 474461,43943642 1
969,622084711409 31883,423422073887 3,0013589382609114 243,55685249455775 739,841680845193 256,1048776178019 165,58030706733265 82,27547292735792 5,373283084158546 0,8373644250559221 418,64883098384354 2,9863498311406493 475727,64273210365 1
973,371243966679 31515,03189472553 3,0120350512769316 244,02171373238681 744,5558736706914 257,2128639879947 166,55993648160552 81,8019515368806 5,3461598107844654 0,8424636577458082 420,9346517551579 3,0028214056461047 475100,8458339547 1
967,0910315881096 31858,375330292092 2,992253077734609 264,17483412802295 747,260527597053 255,72433943320493 166,64995987585013 81,05058947763925 5,393485938207992 0,8406395085627931 423,68008019432796 3,01056803671052 472054,5179963701 1
968,3020106608215 31798,742058256066 2,9988864569545512 262,035918409503 746,8086244086373 251,97194309248377 169,76030363513536 81,00340134597813 5,404598933907388 0,8518971480410867 429,7271592201155 2,9880243885885984 474647,7257200614 1
965,9020154917298 31661,227965375492 3,02381142187726 263,8620927970224 745,8360882627037 253,0020557342484 169,41343414304112 81,2729124105388 5,400348455384192 0,8508849049621532 422,2604933147405 3,0024585483240274 474361,4250597426 1
962,1012996722096 31806,457494659302 2,9747473922621968 252,4778327067825 756,0598527645369 252,0416180124595 167,50146545762414 80,71877310633843 5,3571089276344726 0,8489861446891727 427,01477892750336 3,0084086229414893 466923,06150939304 1
972,8235617433432 31777,784254477632 2,978745802188314 251,28493154151363 751,3625744330751 252,78572540492314 167,37031613271242 80,68361564193998 5,375969194806309 0,8502176154996536 425,1258289491808 2,990771081968754 474919,05055019585 1
956,8749691737057 31552,077563933806 3,0014706084704414 260,13732150880224 759,4678457797718 247,08140095513716 169,28246657775495 79,99673104115426 5,434717061875757 0,8478969713917789 424,3539810625796 3,0018003402904005 468673,5263377136 1
962,2676107362615 31737,090408505617 2,9800484799526927 258,05131862727484 760,2697944028073 248,45998888140616 168,96264701439537 80,79601155887586 5,370297295260883 0,8548627414384511 432,16130081362445 2,9884204423353435 471493,8868998219 1
962,8304821549123 31828,681834202085 3,0000231716083734 245,1905553818101 751,0806573556214 255,55665054859875 167,620555562834 81,66577472861336 5,40713966735484 0,8447357559289189 429,86649040904064 2,9949240861697732 470953,1780657722 1
965,9686832736234 31744,144509460162 2,9953401561300392 245,47941821507126 742,0928208140206 254,9776525214691 166,80053506510387 80,82977832490045 5,4066569698616025 0,8571946611078096 435,2839074431281 3,008932567302256 470046,9322816648 1
963,3351736762165 31820,369003414948 2,99165859035363 233,62900547784983 746,6294565602246 255,75363307676741 168,34662901003432 81,35204407389664 5,405744810973133 0,8479172929068799 434,5748169911994 2,9752785415774183 470701,9574855178 1
962,4693447917156 32103,83532534619 2,99293763530949 233,23044932977754 764,0570934194503 254,26503659907013 170,27886964691234 80,35329404025194 5,439436190285307 0,8555968580541451 435,5322702985249 3,0278644356901996 473048,77553761774 1
962,6851150633485 31745,62357234438 2,96845954044463 235,12135743579262 769,513174988167 252,04155118820336 168,744290096397 79,90451511659417 5,3917149513889955 0,8564055645169478 438,73962673579814 2,9879945286734184 470748,74824328313 1
964,5348998543752 31581,303004108584 3,0003048532702996 253,66113849914015 752,7808440708077 247,10634027991625 167,59280971396848 80,38604922534357 5,385831643370791 0,8562443304163044 438,262979743614 3,0110876372919337 473147,64319917694 1
964,1574882095545 31750,803314956476 3,0030659975414995 253,481248913226 755,4683156469918 247,6812015610108 168,7583660759153 81,4483260461497 5,430053312674702 0,85808703138069 438,02916199791844 3,021460569701031 464664,57139336853 1
959,1658913686065 31576,673566875095 2,991177882596961 256,9751941730389 762,8856308708911 252,61964277646297 169,58947979615988 80,4758702479235 5,367259068367477 0,8564557301846101 436,6043774531082 2,9946159383484847 467829,40829745564 1
957,6398532987341 31481,06845372436 2,983540370424292 259,73187244945535 758,2588762572815 255,2314734716661 168,48502986180534 80,33999168027633 5,364372817712673 0,8579731058145236 439,6997985166962 2,9767519149517594 475024,7272641053 1
960,537703506468 31546,02040223763 2,9762377634529336 262,8973771840954 762,980707847075 246,92881171601726 167,4617387392939 79,72929398053822 5,3734129125017205 0,8662790714256237 441,45049377691805 3,0340049824751887 469998,2232535119 1
959,7191746940492 31664,86655035189 3,0050317531693276 262,9145524884385 768,4851915196424 247,09449053876094 168,58443099675208 79,78954566231094 5,479363002655397 0,8657388792903988 447,7116111320602 2,983335208107631 474583,8647029995 1
955,7087461860067 31462,07502661323 2,98479281857502 252,38062997177363 767,5734556608331 245,90969437968673 167,6927114133315 79,82476810372046 5,413718490212976 0,8547789087484949 444,72229703940434 2,998202323682799 466030,3305995922 1
956,8368329615251 31826,31016594602 2,9902022134971373 251,7491888059363 752,8716355992394 246,32070879423887 169,329429990927 81,33988598380692 5,363861335076931 0,8663390403768635 450,85500393502457 2,9575449734982433 466438,60203715845 1
970,4059833077837 31375,65938605357 3,0198597665831404 252,8421940657562 760,2801642404835 246,0612751729232 169,76293831997702 81,28655691065862 5,407583885440224 0,8643744846108888 446,10762278829907 3,0076402373860383 467970,4828078331 1
963,2753029280519 31342,038540529244 2,9896286962507492 276,9669351684084 781,5688701241893 250,56897555412786 165,97425428849837 78,72877396272604 5,389871395531235 0,8635199793795398 443,38688569323733 3,014634480835044 467909,12098557095 1
958,3761633818224 31529,453038146956 3,021574277147211 278,43528980658647 777,020996225694 252,1398670254439 167,8331768266884 79,17270002445197 5,405007478766556 0,8676164147751407 450,106646695816 3,0020608717920645 465468,8468316904 1
960,2477009034735 31552,786284679318 3,0121415300547776 275,3657030177346 771,555643163957 252,39778452668492 168,70646835927354 79,22629726482307 5,418454112721381 0,8768185208431474 451,7105549941881 3,0029687623176544 466281,78413253627 1
952,1479555735809 31425,86759688314 2,997846071646139 271,95506116719145 773,9257122135023 250,7760243110582 168,7523714023975 79,00572496040408 5,422456918352717 0,8714109561720654 453,6155326022383 3,025690715313626 468388,89293137385 1
958,1090127310204 31716,314684932484 2,99582613290819 288,17951215027267 789,0094517967655 249,32802185547294 166,00736224250207 81,19436310774542 5,429057689149227 0,8653380151921595 449,5535031541056 2,978269800486424 470932,788378356 1
959,5661695959078 31401,828822945674 3,0248839572807844 288,63458102129255 788,6480190898333 248,75506041393191 166,0495887635298 81,18691761941983 5,4076614861987755 0,8731376337584236 451,73317771389156 2,9978225413150446 470488,71221674763 1
959,9444367147174 31542,134834799323 3,0049029478842746 301,2764544419771 788,0008994233347 249,67605636334312 165,52586864263048 80,8398562604076 5,397672423016021 0,8727304660390869 456,43053805857187 2,9621183651189167 466339,8395430461 1
954,759710384496 31869,644659177608 2,9876174420056736 306,0930547294012 813,0303770663265 245,9524131004192 166,75335307742256 77,08236472370835 5,403016194131694 0,8720140752722464 459,4272016946395 2,988159861641456 466366,898771084 1
961,4867431091363 31565,829381236425 2,980736058387926 306,9124847453978 803,9122448619568 246,39753626076958 166,19569830291334 76,60229514442064 5,428749236954504 0,8742411193322585 457,04164873137427 2,986411941200515 465861,8206560502 1
956,8628319437672 31395,63438790511 2,9926127871206445 246,4658154227906 747,4934190653269 242,29163420280975 165,01291767126745 81,27469152054312 5,415400601961881 0,8699976387205814 453,27778595065524 2,993209730599677 464448,67841293116 1
964,2181802339351 31470,968268819146 2,9906699035534254 243,65988606062686 745,3931608541785 241,43269473034223 165,43190297840908 81,50670010798986 5,4062285361510565 0,8799459955329018 458,64105930791663 3,011819090996169 460050,3517921577 1
958,5076025260107 31567,82184574139 3,007031802341774 267,65939608192105 773,9134093417169 248,1064332341917 164,1729685242237 79,88802427871104 5,385573995857639 0,8726881572337138 456,00179720714584 3,0040349207644863 459861,0466923486 1
953,0056396298356 31645,049204358344 3,029442926426117 266,61762357539453 768,247531171366 249,84940385688958 165,70026969726686 80,17818548330192 5,418599208216822 0,8757206333127928 456,8729519496822 3,0014559709540953 458869,99630495376 1
956,9728324075138 31472,891567233568 3,021354823312716 257,56068756750125 744,5545801716542 240,58364127680989 166,80313729563687 81,0375711953905 5,4109359404666835 0,8730199335293254 458,5478659668718 2,9885807771421566 459250,9969070885 1
954,8740570943532 31910,357661664493 2,993053942443117 261,97628845345156 746,1565156774324 240,07810472574928 166,00216927955427 80,59039997388666 5,380985141211898 0,8774107240824532 460,1694688218371 3,012421287510146 459162,67815821717 1
956,7090369573735 31673,996380345747 3,021691701812074 263,6415094991202 742,9660817118454 240,83265177988392 165,06871751767272 80,45679276219771 5,48011851991856 0,8728408778545779 462,05021110125216 3,0075795015587037 456998,20074557676 1
956,9477760471387 31425,649309706067 2,9896137624707446 262,0300454064418 769,6326172347265 242,64947045330211 161,684112283698 80,22883707345215 5,404043101835275 0,8814932049719457 466,72434532777874 2,9873181018958506 461243,15853091766 1
959,7029738542533 31272,866289715475 3,0135462911899493 263,5398916723037 770,4016532991219 240,42452271964987 160,93508074320562 79,42407975134968 5,413082191836981 0,8865040847650322 462,5168280128989 3,0026978674489073 461723,65095746267 1
953,7280793278654 31323,35341129146 2,995784886357357 259,5005904516079 759,2759374672213 244,33564838288538 160,74934821743403 80,9279162695315 5,39162839921618 0,8822798499612211 459,85698539894537 3,0176443732848774 464209,00016469235 1
959,1724870369222 31517,951752702826 3,013528055860273 258,33643874247514 759,0883662674643 244,34215956059165 163,36380322846213 80,35528630078875 5,389793496754623 0,8747271125081645 467,380462163648 3,01470059929792 464744,9964435025 1
963,052251433168 31551,294283581763 3,0108326552254523 244,88211226149193 745,4490394810766 240,84422874325892 162,55022365908627 81,54628075913676 5,393940094383402 0,8841128651298843 461,139122080917 3,0003997811278547 460913,37108590646 1
956,6116723193113 31350,814127417332 2,988749983346162 243,57284680925076 743,7986321028543 242,44087398252677 163,95875154162417 81,94369355800914 5,354782052885201 0,884309689809323 464,8605599098639 3,0185872788158408 458994,8425222728 1
966,2092369135821 31478,595446538315 2,9797595642243193 278,59169116281896 765,6443510024218 239,11810782526848 160,48605043857066 80,31519024491907 5,401494933749358 0,8864722300725997 467,40302404284154 3,013327118407905 457395,081640177 1
963,6699490838292 31469,14144105947 2,983038311097747 277,88595523021013 765,5996731657845 242,34375046069246 161,3159229636789 81,03361933490976 5,420651230813334 0,8800890631298235 468,2419943887124 2,9901058343751363 458771,2081245615 1
952,4687243290207 31855,82159313966 3,010894726267331 264,80690968840463 759,3868125647668 239,8940356978869 159,29107599252336 80,52071948540934 5,374628466077393 0,8893040155657284 464,2667849040115 2,975813057286663 457333,98382603365 1
958,5574002806106 31497,835952976526 2,992901814507537 264,30663236306384 767,9276152563692 243,81518193984454 159,79744975965806 79,9837022481508 5,350147530476015 0,8873507165077733 468,3336911289499 2,9940386771161656 455494,4642333765 1
958,1378421283518 31676,214509624446 3,015754033846723 259,95884439651024 770,0964277280306 244,52599584434716 159,42531105855855 79,80351617888499 5,400057938606542 0,8804549933481032 471,5300315545556 2,9919795096274298 450220,20212251344 1
957,5523285010817 31681,647999056866 3,0009567120726564 266,71102386424246 774,0032587967921 243,891198899402 162,1430004838811 79,85734114903987 5,431565211423144 0,8891922205762784 470,91165049152295 3,003611951608108 452903,22486228344 1
954,9191557774711 31701,169451814683 3,0052796319313275 266,6845923942209 774,6734060158923 245,79644444413694 161,24890029550605 79,97947112477786 5,425480286009381 0,8909690463067109 473,2874282118625 3,0147689908643165 457171,4427897022 1
953,7256601963202 31685,890283555527 2,9889825895271773 272,7769121590829 775,4769593894532 238,49179224979147 159,6977126843722 79,77816505087479 5,418227087996823 0,8853973453048751 467,3679814866716 2,997841464135142 456339,7435521455 1
958,4496982445194 31686,025552435105 3,0060312613231974 270,1708425578586 771,2868345798961 238,7399544223794 159,27044110078774 79,38781621598515 5,375563297536416 0,8789714224602773 470,67280081517185 2,9917453165109573 458026,1284721463 1
962,7273980200799 31369,745166369197 2,978876399635049 267,3369904160265 750,8718480910951 243,8549380449906 161,8655203815738 80,85654528297226 5,4326382728621345 0,876492502491798 472,5015428323467 2,9912770925847614 457348,65518777276 1
963,490854550846 31728,644534795207 3,0038345832509217 267,49691358012717 748,485017692865 243,15764525170724 159,9270258318618 81,3642129855289 5,428049996042249 0,8867072073961181 470,4698688697453 2,9750039981059038 456717,5657675048 1
961,1130878086327 31574,8214184338 3,019829912584953 266,8221022745926 748,9726259872227 245,8079418495186 160,26144712792254 81,42051296000348 5,429649398652943 0,887448228765208 471,74864232960454 2,9881613458759104 457249,52892499923 1
960,4521510687989 31399,053596141428 2,989012646483458 266,07365932678505 767,0518873785244 243,54573518237527 159,85484411072383 79,85537148339716 5,4089117153187525 0,8904032870673556 468,8643582898698 2,9909296150775386 457428,9736481864 1
965,6497830152578 31569,637764656007 3,016656120798973 264,4228670927275 766,8297011601517 243,67365453133226 160,05787791195996 79,29669061200842 5,38456465341915 0,8912330376806121 475,76546245321435 2,992656789777561 454480,64790526946 1
969,6522422735525 31461,48816284545 3,0102229198440043 283,25246833963666 788,7633053504919 234,83250404885305 161,15622220076884 78,38452984260391 5,382152713813184 0,8925867069306277 468,0096462634449 2,996851582531369 454901,6411357027 1
953,0183855157348 31490,165914465753 3,007472487297289 282,8980512041317 785,5252621888789 235,9820419736738 159,83896331233996 78,28377141465882 5,4179803949489225 0,8972905485101386 477,6979896651905 2,987841460027098 454311,81149844103 1
956,3871977304734 31557,642479218437 3,001634058798103 224,87010440885456 720,3460849423975 241,5676141817226 158,84353197747228 83,7875746182784 5,386162936287927 0,8835046858983625 477,5737965947947 2,985423268503939 451649,01582064334 1
961,2460898144996 31382,136652604506 3,0000088802289433 225,66476705798064 725,4663267133582 242,92950284832617 157,64959459867185 82,47830587760042 5,380392866141731 0,8930335168287354 479,25212301441934 2,9750309150912386 451559,186449059 1
959,169822200434 31517,476329418998 3,031263211113387 272,70701901809747 770,2315498436692 242,64547298726765 159,4750305596119 79,73756400985805 5,4396153007677865 0,8869232865227229 481,19639194045607 2,9822379943777477 453150,9213588322 1
960,5146506306335 31649,0835904464 3,014466674805394 272,4506025783977 771,3286965982688 243,29574492221641 158,19477929653115 79,99836225494045 5,4311476666726755 0,8938595736945727 478,9177938405322 3,001457821987123 456519,59085189505 1
962,1610510561655 31801,690196646105 3,00421796918887 275,217304205356 766,8876689784477 243,93003367008026 160,51768359278455 80,16420610129275 5,412935688177384 0,8975514213869743 480,23927383612903 2,999179295266568 456617,94198541064 1
960,6834170066729 31346,84881078247 3,01098603642568 276,5110207442605 772,3351398354553 241,54323787346624 159,52364949052392 79,44587511566912 5,409811464095475 0,8966717390995846 478,1462800343553 3,009654184042878 453440,6504989512 1
962,3834779694959 31362,883385776953 3,007859959555476 274,6292515339072 784,6360786360979 239,43960958728417 157,79256076010844 79,30773555320538 5,406700693300174 0,893262880332485 480,10550493929435 2,9825173071732722 455040,5563199143 1
963,852033032793 31468,887648277385 2,9877158325435498 243,10117603596382 743,2376376991075 237,54403467563785 157,6438283761157 81,43525417622409 5,41651503264853 0,8944163475547994 481,0217890540491 3,004774624982389 454027,85466472345 1
