Co2(scd40) raw_signla(sgp40) aiq(ens160) tvoc(ens160) eco2(ens160) rs1(ens160) rs3(ens160) rs4(ens160) rmox(zmod4410) tvoc(zmod4410) eco2(zmod4410) iaq(zmod4410) resistencia(bme688) Aire/muestra
1118,824045125632 31660,028121699856 1,987564548633037 146,63236627573505 623,1668110497851 377,28279535864806 382,97326723852905 92,61013828849244 5,391188611362233 0,3333471178206143 446,55532736578255 2,0048832770570013 515944,0161541952 1
1124,5606147675387 31838,11785154034 1,9959467599705902 146,82251587117514 625,157773898185 377,8516748989515 384,1406771165958 92,29091516815714 5,414462108416941 0,3505471578802284 450,1514400162001 2,012595281447826 517861,51569689554 1
1126,2400964903943 31812,124192806255 1,9824604345980767 158,42504387264546 627,221860409562 377,1756184739341 378,0980243535406 91,37221487038059 5,393107022020727 0,3471887503163549 449,77799108722616 1,9996834220610407 515379,89463329304 1
1114,62949096751 31791,700906664395 2,014633186534977 159,77011548121044 629,4946006730472 377,7070545712445 375,9284467214331 91,36804592019493 5,447643490784048 0,3609598932260221 451,94867552496703 1,9930483059798998 513853,44904255465 1
1122,0650488152398 31842,172963014673 1,983320720934606 140,673307906774 608,0304379830026 387,192746413861 392,0125998377858 92,03003924075728 5,423753127601983 0,36286948432931604 454,88720598157687 1,982115610881501 515313,99732650776 1
1119,6799449404969 31955,93327920625 2,004809370763911 141,2426547299031 619,4012201481537 381,701109981888 393,1803710941515 93,8966813271878 5,460743141874605 0,37369282884625304 454,13504000480015 2,0001079750270088 509156,5057991063 1
1119,6918865765442 31795,434333792768 2,001343623738601 161,05860439953088 614,7817385452664 383,0532148756313 392,7578566664798 94,06496131101869 5,371452299153833 0,37169009566959793 451,28020761646457 1,9891940337724916 510893,4423283138 1
1121,0323267916929 31765,37447941512 2,0057332287096825 161,82336536962333 644,1121448169969 380,00048415917536 380,1716417410245 90,28020838919733 5,4738987252621945 0,38370747570429375 460,62393628895285 1,998313623436719 516310,52292105847 1
1122,3632395238278 31807,022893151854 2,007366497679551 162,61679698873962 644,0131551613393 379,8204763388913 382,33880583826283 90,7196761998034 5,429538274676268 0,383350817665721 453,6095077365755 2,002410437923093 514021,3320008144 1
1116,0711804844705 32180,57285627092 1,9862714940759285 155,9635676985435 632,5467974110417 374,9198816760045 381,8288585934867 91,20047579251843 5,376351327480417 0,38589030844749184 456,33697542742914 2,0037221036704445 512779,1942781182 1
1117,0749302369113 31669,877809896276 2,012050535619855 156,7007859575158 627,5161992074151 374,8656719154346 383,21828019704174 91,85348571314258 5,416219128535044 0,39785528512422724 457,704400544805 2,008338299673765 517906,3525448939 1
1121,0078224212798 31724,0554191364 1,993886457014793 148,56187056342503 643,03401145578 371,2462582635599 382,49096182272206 91,40939650494079 5,401387119672724 0,39682287387356047 458,2945067878586 1,9992529271373136 510640,9539730354 1
1127,1259360348313 31521,743700687395 1,9873999183566793 148,81588669199513 637,4477268822695 372,17777619907866 382,9617990718497 90,78624836730661 5,403223119819359 0,4041412897826358 461,1032468541148 2,0183503183525704 513387,42591199954 1
1123,733066596822 31726,882687835514 2,002839536811903 174,80060399888268 659,8684442797951 383,3590049397625 385,6823198771752 89,1690479273812 5,382507912126191 0,40125152073518605 462,67175992180603 2,0058828338393457 509013,5328018685 1
1122,34521664534 31888,99417658645 2,0043966922592316 174,9381972385635 661,1302652854321 386,45737406181377 386,28491702269645 89,12896880718503 5,443843333969073 0,41412560541488375 466,9560411547472 1,9890322136674168 507400,36007075384 1
1128,8087815617353 31692,108505356824 2,005780311573096 148,6197378265096 663,8129276004862 380,9252570665026 384,75894186645905 89,74241272441033 5,401788670987052 0,41869996958989 466,06632519674815 2,007140067192604 516026,6192056576 1
1124,0383282133405 32093,74923661461 1,997549943118021 147,23385535730526 626,3711393745489 368,01562358566497 373,63376030565587 92,95312247510883 5,424838074949242 0,4270954557441084 466,7889412763129 1,997762612634474 522812,8932836314 1
1125,373630252485 31588,36029193373 2,0009965492746535 148,09421675276343 624,0514360168561 371,3010124140571 371,71748852116457 93,23850540167327 5,424240942978684 0,4262260312329614 467,15322067174947 1,998787534871331 512069,3951608577 1
1120,8821675624647 31850,696198512895 1,9870755833975866 165,88132490104206 643,1325814104212 374,3276260602888 379,42100692012053 89,80055461505737 5,447738718525608 0,429857749403526 468,6305007031617 1,988773861368974 508705,6045949974 1
1119,0893618709572 32133,509015411375 1,9752312688440357 164,22578088011576 649,6068332726472 370,85999846952944 384,57346503613525 91,28524006388417 5,412327200188444 0,43410797012857444 468,8767661932828 1,9941632012768054 512148,5273893597 1
1129,4940938369405 32013,68934540821 1,9984677155377026 154,90044395683756 644,294528828445 370,53442790601747 380,1307149343653 91,59896744877035 5,405530942423119 0,4354207120650876 470,34930002200997 1,9911593518305566 512404,40624337713 1
1127,6047452629764 31629,713356437114 1,9873584937367297 154,58930839983014 642,806884867754 369,79600506499395 380,4151752369369 91,41476400342448 5,403152076635055 0,4416441864736658 472,02522940189016 2,001518253828887 507315,79183162143 1
1127,6285416492483 31617,239601923287 1,9973088062502304 151,1561812280644 629,0221851890767 367,8727020283063 377,64130153936685 92,14968260535802 5,378470266723559 0,44380575141986833 471,2964880985634 1,9987524181839624 512277,19301332295 1
1128,616973224835 31694,114382305997 1,9944817765111642 152,85948999785478 625,0573070778586 369,71332864396936 379,7065888394138 91,40792442455391 5,407444074021239 0,4556564830641044 473,7727850395105 1,9962439019525824 509337,6832893229 1
1121,9538855908118 31719,066168585272 1,9848775628357427 158,5641212237865 627,5580286726047 369,98789962106633 378,0557421983975 92,05752608037419 5,418240940749805 0,4578538164654028 475,7174059822993 2,0084164318680693 508837,8274880709 1
1118,4482305733702 31637,588270529384 2,0125508464506217 159,0414413121829 640,9650376745183 378,96039943275787 396,33606770510494 91,362016677915 5,42360602467222 0,46622397967823487 481,6388844543362 1,998930280958379 517544,79003256746 1
1126,5912228858904 31482,805936136512 2,0093640768264516 158,6577256267312 638,9433065208365 374,8250047060172 397,9474365312022 91,44782964035437 5,33867343284281 0,46586944629064014 479,7589188682254 1,99209655473737 502934,55126842484 1
1126,9755949007936 31582,931526929187 1,9898126263472935 159,95659633376624 647,7314221032927 365,1213589625749 375,4946965351365 90,5486076153284 5,448358316610811 0,4625551607699623 480,2104008332316 2,0032640212123987 516713,98390058207 1
1120,3894418470684 31678,919794047673 1,991489608937399 160,16370631998143 638,4260231735383 365,9370566600725 375,38096277313576 91,49283069730565 5,398340708275203 0,4776241546879774 480,5145249995987 1,9775149732889352 511408,9539806448 1
1124,6531765477462 31873,82382553391 2,01744685937479 155,5313343606724 642,060465716296 383,39015324431534 374,3922467947441 91,09527572165753 5,378864532411551 0,47582888195872136 480,3107093005672 2,0007000685125695 508976,52958568785 1
1133,4305111441397 31446,70804451181 1,9902043648867551 154,01485873006487 636,5228084752545 379,2138007803996 372,3613784057786 91,23642388534208 5,410535123606625 0,48462431308725146 482,9691247357657 1,993187615501048 506482,5029655151 1
1123,6254275716326 31996,765304606553 1,9901947418048112 150,0743358937859 629,5011998353041 370,7751657897472 373,0450703539143 92,93193854070049 5,444278713424844 0,47875662179377465 486,9381500543603 2,013919971663749 505478,21353476477 1
1111,1344971814 31902,412794368127 2,009584709953978 150,8358725188852 622,5193021621777 372,2448316727766 373,24988111228123 92,69608883097683 5,397180152197308 0,4889407938964651 485,09927171476147 1,9777283133107706 508807,0454488233 1
1123,9580688732656 31759,10319911479 1,9958387020875126 154,74945194347598 629,1698461817859 368,83012774346975 378,0109176343365 92,53640016516708 5,416847605609424 0,49327046685662723 488,36432234080024 1,992808411056736 512397,8376359844 1
1138,74789758036 31789,819985344617 2,006965537883998 155,0998894704652 634,0203009884209 374,96586340550317 382,7683581789613 91,18380292222076 5,425239037670303 0,500571998314907 488,92924174445966 2,011138057391531 509905,25042072474 1
1128,7281177515956 31885,401740172656 2,0148621795956263 154,483406943068 634,8883594981286 375,86982445653234 378,9892509739872 91,49540755114528 5,3544731678636435 0,4954281536722878 487,1154928329217 1,9975571460979447 507289,85573812993 1
1135,6310780308752 31945,405880962335 2,0088644660211368 155,6528538279048 633,1081674360212 368,1906459085209 374,52742658149833 91,89947828792181 5,411495428721072 0,4998506117637529 491,0330436079019 1,9971774111536376 509785,2417305822 1
1122,9914013839405 31924,570301155803 1,9936047696122206 154,07195163478332 627,1251521876371 370,0979543506781 376,17202305704626 92,20479221839939 5,428138642664712 0,5013326215156699 494,16425709353143 1,9961642680138822 514179,32163616514 1
1136,5597735951628 31682,686767631454 1,9916816562139128 151,50315446327468 631,1491470873978 363,96696544930666 373,6910660341333 92,12539662664697 5,369919727810329 0,5041883624773865 492,67077458219387 1,9931574500108773 505622,89710910304 1
1132,3087133809747 31534,74812533362 2,014909223646383 150,0578537944936 624,1436570150053 364,7980562445086 374,901870858658 92,93310396584769 5,442811107522885 0,5107998627156852 499,2114754938184 2,017226210163502 508352,42634042853 1
1129,8305497039216 31652,188000306167 2,0112040072361457 155,4401787500473 627,4010709073281 378,40313066709797 381,3879125123745 91,52482092146313 5,4510118406884835 0,5121655933906851 492,4405405902345 2,012392485223417 508722,6962633602 1
1129,2550191419234 32036,07298141812 2,007271711512273 154,18644109748925 639,5036604541851 375,84746335202436 381,0323167802958 91,6452581813519 5,4016032716755635 0,5183002791112029 496,47695054708083 1,983878143052561 511150,70547906193 1
1122,1017747362978 31832,183630265372 2,0007278608410157 146,2118142315154 634,198576097128 378,94872945524685 381,0980984525711 91,90560253944135 5,429262323487001 0,5142056837275488 495,17671471943754 1,9960298043061049 508652,4429743726 1
1125,4869654108497 31835,3549824171 2,009411621175527 146,77368028599392 619,3895701994416 378,6340044617428 381,4746597430324 92,1451678156235 5,396266585292881 0,5204258784729193 500,9394449402999 1,990479900321128 506615,17381693854 1
1119,4540519762545 31826,603071955007 1,9923847104566637 145,9110684938424 623,4456384987262 377,82749889228785 378,3600446522281 93,30897323686924 5,3943240972861854 0,5198652517076878 501,6997040157942 1,9968785194200176 505485,5133231587 1
1124,1071346600525 31733,491811721145 2,015497529597867 156,29772519745256 631,2757876188919 366,192359377011 373,8241617730519 91,8943399471949 5,429442599712048 0,5230578543642012 502,0537370766841 1,9978923358428364 512512,5317567268 1
1135,3369494561125 31718,559046338345 2,007964025090438 155,68684973386505 631,8197097320486 363,8006301029813 371,8973446811706 92,08585172429122 5,391400253105244 0,5305427515598912 505,2269808667132 2,0028443248708303 504757,08693977137 1
1135,2668526929767 31525,514759399575 1,9800857962330136 160,05150762701743 635,718413165816 363,1746139484007 374,42864632909993 90,72538048252619 5,43494423991494 0,5307315426693218 500,911089241151 2,0097385804013728 509600,9750032242 1
1132,0746215086835 31825,371540702203 2,0006811254264893 159,52651902703263 646,2036088672625 360,9412198868346 373,7062057614384 91,14947555745077 5,409418427370693 0,5339577954694791 509,5733467404724 2,0188231072267304 507742,8654236467 1
1125,5282575430826 32011,88390753888 1,9898146892693558 153,23630915642238 632,660816230385 371,5333521502368 370,43542702034864 91,60998193838554 5,394009872748007 0,5364893854426384 508,87282715024764 2,003403795270084 508904,9945418206 1
1137,0651634493497 31906,65824781756 1,9863225601673755 156,16692897676518 633,2197983623445 372,15002234133846 375,4963348611392 90,671483964331 5,382191956526935 0,5438869065114125 511,90059439047945 2,0028335271056323 502700,87266740616 1
1138,443881534217 31806,847145363263 1,9951619492828732 149,62222930624932 638,308367704228 369,59574919988876 374,8143617329964 90,43425587634927 5,381009704113808 0,5431618899282942 514,0890338413066 2,001696166949682 507798,6971391059 1
1133,088950754087 31753,2522994798 1,9873089794755747 147,98721256820832 625,1769720836799 370,365500730838 370,7235560034705 92,24287280986722 5,430269433264261 0,543952828898642 509,85705053623195 2,00005428622844 502619,54013108026 1
1132,5693917562405 31865,75709449656 1,996829822336242 147,63574262665003 622,8634968988011 374,05807980798767 370,3690587357495 92,8220702306212 5,410696917428248 0,5479369491871997 515,3024999664286 1,9970867445216267 507035,72110245324 1
1137,124508429344 31612,258843986194 2,003747053659274 156,99456053284217 642,2727570959333 366,42100171838104 371,1125890157764 92,18007949338853 5,371266587868398 0,5411583811881125 514,7608435279806 1,9850111879449515 510783,2313179115 1
1139,6097223167794 31795,77210929223 1,9875447024611628 157,64344989845844 640,289633892904 365,1382080578913 372,6956843141076 91,70858537574802 5,4108585407698495 0,5533834215498089 513,4618274137333 1,9886320774842197 506550,2016907676 1
1139,4927564802226 31833,469391365074 1,9952558653567694 156,8584356747657 639,0874702396279 367,87509528582655 368,154039692973 90,73608954055304 5,411428648983332 0,5512690820246922 511,9993306156818 2,0142870150460483 504325,3031044008 1
1136,3291138934856 31519,11133937908 1,9872451127738946 156,34103526221594 637,2070537134715 362,53809111060497 370,83467234314753 91,70312011294577 5,397005896549444 0,5566746864525945 515,54048526751 1,9901098232676409 508976,5687037543 1
1140,7993952545107 31650,514335547316 2,005728099392987 152,1148794327462 626,106902082193 371,59806788186944 377,26300387829434 92,05990110619686 5,397727099883208 0,5523449095070475 518,7572165553199 2,001051406237504 505552,15931722283 1
1144,6116129496613 31755,279775796713 2,0053559562600616 151,02771210343442 632,1706815272656 367,038717496918 375,36718243114444 91,69119269082519 5,409620844120295 0,5639657551200412 518,5548508189751 1,999299098856879 502005,13223274716 1
1143,198763683967 31749,194707666767 1,9843821149232528 153,50378916256443 628,9153251889547 368,0388196523078 374,9800256150423 91,832991857278 5,440777946481662 0,5594440732311454 522,3702531092321 1,988488058740986 501982,5277038657 1
1133,3305351212705 31846,358857248124 2,0105043576383537 155,30018085064128 626,5091584404513 362,77856014943893 359,0440471533084 91,512725244762 5,401264198333172 0,5658298932363591 520,6257065061563 1,9913703488329382 505687,61123711616 1
1140,1470360535477 31519,915229327235 1,9987763099033988 155,1583231063604 634,4703310448504 361,8862627641955 365,70536395750776 92,39735567610202 5,410358505946369 0,5599717446555189 517,7569293332122 1,9935896702782423 506466,81620875886 1
1158,0267711337829 31712,075569330915 1,9937799275002022 154,45006973359236 635,0611722999092 382,64268110528457 371,9063232215299 92,18201072657773 5,405580090390395 0,5618676725951793 526,523920266745 1,994779402372554 504055,0855151121 1
1146,1816674117 31758,173471378046 2,0150599955727397 155,83537629497414 627,3169928620663 383,4323663132533 375,24452976522684 92,24315027314353 5,427139858668698 0,5666327784916082 525,7250035930609 2,0020026290302617 505709,50221868366 1
1145,4475663099404 31785,676857462426 1,9981647708884012 151,68992833993616 633,9854119852466 366,3860464914063 370,9875200664287 91,86989034022771 5,424809663947935 0,5598403859265071 523,9571081268178 2,0000926310391938 505038,11582032527 1
1133,4407333547108 31516,940676811417 2,011962659790643 151,8105000163686 629,0957035603708 368,6670651704979 372,8274665780449 91,1557238363031 5,391663297526524 0,5714545556376049 525,0502319504947 2,014656786145442 502264,69663766306 1
1139,2825281686096 31915,383948046147 1,9895885649197442 160,7884993108995 642,61510248717 362,3844359661424 377,9118182976337 90,6351308190552 5,3853487516761325 0,5698298108506036 527,5789801262458 1,9930983062161933 505581,7230233661 1
1135,3845998413146 31907,43765973 2,0151609477587016 160,44681251044886 636,2540433852953 362,6886486045901 379,12036564323404 90,77564019407016 5,391618479423515 0,5683885762528683 527,7230466690391 2,0067549458887486 502215,1554878678 1
1142,1812089220641 31394,281650294102 2,006656999719068 142,02201294819244 644,1954125304779 362,4346603707371 381,7960342156784 91,00276828483476 5,407002819955548 0,5758280031128773 526,3035874189408 2,000081582155249 511774,25655390247 1
1130,9489953543505 31520,7567986741 1,9913834759874074 141,85699070645856 616,628792398843 366,4826667917701 360,5707832973963 92,85441277854898 5,425753633414981 0,5799643292761542 529,7403660372396 2,0105241733124326 508107,58802983677 1
1144,137514055438 31815,49874844908 1,987012410009137 141,5837374334267 613,7436015777018 361,4568669400351 363,6063335586501 93,64922871050412 5,430212828001966 0,5768970763269166 529,6418467247638 1,9992210400535149 507712,10257915815 1
1139,0986607358932 31707,353739704926 1,9951063319984699 159,66970720934316 622,4843345221403 362,98346284863254 360,10664951246224 93,48933614971932 5,41928560804408 0,5827968033033873 526,5099549562239 1,993793972098234 500243,94765819906 1
1149,218461617364 31728,22868099911 2,006978935495832 159,6634548961677 623,396469866227 362,98879389316136 365,1189086810213 92,97867613966686 5,404353229366635 0,5837106803238983 533,3845178334274 2,0175378772719568 503435,02311360097 1
1138,5737297368491 32070,13626611012 2,0011376399422365 154,4222368000096 635,5481762435996 361,383416338012 372,7443109234278 92,52319880014119 5,447034952305855 0,5748840542974414 531,100703656608 1,9976662036640491 505813,32595381927 1
1142,3000935769387 31876,630496138685 1,9828289791726605 155,94527935504428 633,6003408895015 363,24860379215426 371,377273493232 91,65773604125305 5,470292392137084 0,5880263371126959 531,4310130656214 2,0120248669107474 500871,2529290558 1
1150,5678672396825 31731,764413947778 1,9927264178896087 171,35525226883288 655,7538187282995 364,04251407655903 363,543827161857 89,22735199547972 5,342869140981623 0,5845561837569168 533,282430867435 2,009442047974089 502364,6361745029 1
1145,5035379177543 31701,25070668136 2,0037187852596166 171,2739958274898 660,3677506658759 369,6458282614715 367,46882264898653 89,44281755370088 5,363616907018319 0,5894699109784114 533,9932263749891 1,993232518583551 503731,97435057693 1
1139,350144932425 31905,85576203521 1,9959158066289797 150,2584855569571 654,1181677186601 369,10558535425423 364,1309516040822 90,03156351773227 5,461055551868708 0,5857390227721028 536,6816408261133 2,0062051877065796 507980,904062141 1
1141,6280358056335 31601,656513976945 1,9999749737352066 151,3010007740828 631,9570539539701 364,0295915952836 367,6241106238327 91,87877570386013 5,367510932631152 0,5920826169277293 538,970018288764 2,0049486800147824 504992,9099838796 1
1141,1000626858477 31565,10977604306 2,0003487053518105 149,92189568258357 629,7252092355343 367,19134548523834 368,6930587757208 92,00057659360587 5,437963894212914 0,5878137089817331 536,7263440857963 1,9993113081127158 502693,95511428674 1
1148,80019499629 31808,42019505666 2,0018295354677353 144,8330707227742 641,6951124231555 361,2821580197045 371,92336736935846 91,11055814783519 5,3837692112641555 0,5922300347924436 542,3382407305445 2,0089652786839864 499266,5713390487 1
1141,6585586272533 31856,40088644799 2,0019675797857324 144,97817084040219 642,168761000157 363,25097678232333 371,87334943861157 91,20324493316492 5,375843243469568 0,5909218245587905 536,5122669177281 1,9866840959284948 503847,3262817399 1
1149,3868880327807 31637,660363281266 1,9783921468885106 136,34788618544292 603,9274393338529 373,6635840669089 364,52608440828396 93,84533858325766 5,418180912490903 0,5871268473429306 540,0912710958589 1,9903048926228022 498898,33464531373 1
1144,941815583121 31956,73030781135 2,0055083017298623 135,61536117475507 606,5678204226894 371,3508553046049 362,80654944921406 93,77713064391881 5,407313241518058 0,5950198216394784 542,0640662103527 1,9935882862776728 510311,563130878 1
1148,3595491877409 31819,85844151465 2,010711739391088 146,35737136370116 617,7682955269119 365,6248925182763 365,22574625548793 93,01894514983573 5,396970467359337 0,5977654260743648 539,7401501761223 1,994831924423499 504759,0332006183 1
1152,0109060091934 31775,115362032764 1,996408559984935 146,2314947396143 622,6269557845869 364,55550836287375 367,5307697404626 92,98043401620907 5,366082372700875 0,5972444511952948 542,4537560875087 1,9932925556425745 503978,6851793662 1
1137,8035123561888 31658,166194177764 2,022857661401593 158,44209108458995 617,2310730297543 364,2603382152956 365,1503310313777 92,95880520492315 5,399301948589254 0,6007664850538862 537,8799991461378 2,0068728566101717 502199,87059819244 1
1142,084851757646 31674,548843253306 2,013966810322704 158,80819979671742 638,4833782805886 353,0732872083464 368,2173847255838 91,93952046039665 5,446373065006321 0,6001647617332035 548,7197054886507 1,9873425117203203 501085,29378127784 1
1142,608158997995 31395,0719294198 1,9877642420569217 158,71225727958952 642,5373548709558 357,15500894842273 367,78617446946066 91,55656801875134 5,441152382408281 0,6067112668588658 544,8836272903011 1,989064901533334 503915,60574072663 1
1137,2964106334869 31759,621696330127 1,9868894027205384 141,52663299175413 623,7894960093257 364,2968464309652 358,67084101330664 91,88837159704305 5,393347524418694 0,6007149311270241 538,9566491223095 2,0061764032609397 501156,3642533994 1
1145,3282728876502 31740,631342321354 1,9761797618769585 140,5601935901805 620,2807696022685 358,22275704258067 360,7546276640605 92,5106261332853 5,430132504193849 0,60273323417046 546,8016726286276 2,004914136476827 502625,09523045004 1
1144,4790441798762 31262,84360160634 1,9981157641074456 171,43606214130963 655,4577842751386 361,2312150069472 364,09313151733454 89,76153839596881 5,436362779844623 0,6031935179750807 545,2768134832573 2,004292960232446 507794,6198624166 1
1140,247986321834 31678,385799089094 2,012705745101369 168,94556151911326 653,8878191100944 358,3299224066529 362,25979806155345 90,60409420246775 5,41284718263781 0,6114235732775007 548,4321862700662 2,0125570573312097 500402,8987939899 1
1144,5048388370283 31686,178196932022 2,008476023007694 156,75696309464325 628,5902041497291 360,71681955608625 359,9304472522288 91,62379845552604 5,412935837789338 0,6065574202752367 546,2158200718231 2,0147558725841663 500069,10982190794 1
1141,8145447609752 31705,02965327261 2,0044685265469226 156,10251257103994 634,4076917185149 367,46978439567465 362,9635361695576 91,90317938139641 5,420723724708554 0,6037071682930226 549,9409344822263 1,9946627770296366 504788,32988036127 1
1136,352055819171 31552,739359183906 2,00811303866928 149,32544447068918 638,1938095181147 362,61123605813356 361,7098346982925 90,8778786309344 5,382720502728981 0,6118225689487922 544,3244985252845 1,993277175245517 497187,3346368113 1
1135,7683884250434 31692,881589870834 1,9840011913155295 150,99545296189882 628,8189123298346 368,40697146258407 368,4247099289831 92,65577521012948 5,458649337419248 0,6058229478096191 551,3048322462578 2,0109867109949584 498117,5592345363 1
1138,9302207732485 31563,140209720135 1,9988461112278915 151,75188609791206 629,9399605439863 368,90418182787295 368,7684440998177 92,53072151608217 5,435717110399466 0,6066991821571283 545,141780985061 1,995584961282515 500773,152395189 1
1136,552816276786 31450,700829766647 2,0085190075124606 129,29666145067895 647,2463711940408 358,5977748526304 369,48167112333147 91,7184863238348 5,424529949150703 0,6093659497179759 543,8488643543833 2,0042912427778266 498829,0535100695 1
