Co2(scd40) raw_signla(sgp40) aiq(ens160) tvoc(ens160) eco2(ens160) rs1(ens160) rs3(ens160) rs4(ens160) rmox(zmod4410) tvoc(zmod4410) eco2(zmod4410) iaq(zmod4410) resistencia(bme688) Aire/muestra
1161,8755222426582 32452,327498666367 2,008938547126831 151,0076348660159 626,2540267327387 446,21833741505975 443,26186265205416 91,44706846768653 5,359468850272157 0,1050540185977168 421,59778164764214 2,0299539411744276 422959,22023690166 1
1159,3279423278752 32653,277089332365 1,997351072665487 149,79681816021653 633,4464105348111 446,5602622977152 440,75879005782747 91,50052333201519 5,332065451397347 0,10784856573006768 415,2367596968445 1,998787888658139 421340,0257146851 1
1163,5981639113766 32709,51648083165 2,0027843854989293 159,70244352059532 627,0590689080866 434,57633718385273 433,3413182572444 91,95926885005875 5,407911243452615 0,10906130179115807 420,75520538609055 2,004856189400832 423861,14762139716 1
1149,2882419212592 32448,25028676797 2,0006064871843052 158,99608808984348 629,9384113745783 432,3372326664178 432,7514672120205 91,23291982926213 5,407054220200712 0,11202167709435067 420,769840551524 2,001214489373857 425272,1960863163 1
1148,0031000161894 32766,972225893882 1,9855565708220257 145,87865385717078 622,6401393093074 446,15273317971116 440,28766145986197 92,16169310004459 5,392947462732759 0,11147314269777513 417,59991366192287 2,0067414401421564 424703,7614366783 1
1163,5949505456817 32418,278879319518 1,9985076993740725 147,51523506717047 632,159112665761 444,5457191615527 442,95681668634563 92,10955406795814 5,393897968813005 0,11596131034190577 421,9747471792485 2,018029391599833 421615,3358200045 1
1152,5584978328384 32988,474961111206 2,010716837859307 169,24609093770542 622,8677308934317 454,8790586782786 442,56199120946434 92,3071728240721 5,448117135562665 0,11536486978621605 420,45390178866046 1,9857924541189298 420004,53465955384 1
1167,5480794983432 32408,760431905717 2,0098916055834506 169,38453680327044 656,8945707827645 444,9370414012171 444,9304530124833 89,4632037495354 5,405038774435921 0,120041830105214 422,04481147567844 2,0180392168403674 417898,05974712985 1
1158,8486367306339 32963,53270514132 1,9979636305755109 168,69012523490827 653,7013741083131 442,54054595283844 441,30781149197946 89,27015409826943 5,379265155591115 0,11977983127247673 416,9746257721945 2,0096764157010036 421954,94459737564 1
1157,5951130393055 32886,1433630554 2,0062291218931305 156,51255023219116 634,815918644622 446,5830838540652 440,3916828397903 90,96129002564291 5,400894417278651 0,12037196176135784 419,84528789840033 2,008239684744954 420465,66619512567 1
1165,1623637730145 32549,349762798818 2,0100853328676407 156,66346876392132 636,0919006463821 445,1027647054158 440,31380520733103 91,32577516620294 5,398719617470212 0,12436691831035149 425,8108519227365 1,9941360989514112 421457,0361621663 1
1163,7410518274153 32820,833588438625 1,9935697225017077 161,690767246513 635,9384870116081 441,8236738760432 437,10403866235873 90,39535075901925 5,370602842643055 0,12356189515361397 424,4872557062762 2,0145625312571642 421420,85294623266 1
1156,812033809347 32500,38487515182 2,012088336199532 161,9520048706075 635,1261697595794 444,33476477769716 437,56106108768876 89,92412039734684 5,377319925636493 0,1281917133301472 425,0782461961367 2,008713796519351 418286,1803479522 1
1159,1856060099617 32605,487070123952 1,9872855345098603 165,34450760412892 647,4524731268682 428,82603436103096 440,621603666844 89,96597272505251 5,4289887879609235 0,1276448962108107 424,68896811000786 1,995813430533175 418699,1159830049 1
1166,6730868784703 32282,65240408709 2,012843269474378 165,8928252508752 645,0224975898624 427,92619672594356 443,2825419856514 89,37316557209749 5,372396879203936 0,13294448922756055 423,6032096079425 2,0053760423504534 423469,0362539135 1
1166,8320164531187 32516,44806670164 1,9996620874374407 177,04222339473364 643,0945783112031 434,69444560244403 439,154071858502 89,66588279964948 5,441249933898571 0,13294209243958716 421,4163102834636 1,9980873616156771 424969,4404583134 1
1160,2999515712322 32377,99029608488 2,0194672825798814 176,88910041374635 663,5019524039635 440,46080379934125 431,9095849311593 88,88253925589402 5,335764817659254 0,13615261867454104 424,56991768575836 2,0048185658647957 425873,9076181268 1
1162,4073786747222 32501,383394449425 1,9881513725805677 175,7856295773807 664,9603554245216 433,09498399933835 434,53964529155854 88,61524538378754 5,435690287506852 0,13677562472449672 421,12341458425743 1,99759669801911 418259,73098041455 1
1161,982158458491 32555,300920757287 1,9920956899321915 157,31899781833562 637,5295845340747 436,95065662119964 425,41189982643016 90,57088634805868 5,390589757795979 0,13657395697719973 428,0103034050163 2,0018052975735965 417298,76008003834 1
1169,7114036694436 32666,032583217773 1,9973909196408177 157,9677144771413 640,5344889373803 438,46451331788853 428,9382924804648 90,37190430310088 5,411029752434712 0,13892691965090292 428,0256398557849 1,9943258126370362 420652,91122447606 1
1155,8704450363418 32335,422158924488 1,9997541748500185 178,81292802070848 640,5224163727306 432,32443369693164 432,2328189030327 90,09231615264561 5,3887278642532115 0,13886224950574197 423,3530446079726 1,9955960180629935 418230,18640092626 1
1168,1581884816958 32820,5184794441 2,0056136582695476 178,98778118329307 645,5553535102019 433,3663738173785 437,5187543421379 90,01248088500525 5,382899602362922 0,1432488065092834 422,80246651886245 1,998525477234177 417883,9000030259 1
1175,9446649263537 32466,115913753252 1,9898230025770451 168,30593178735396 647,7754901245836 434,3030733055747 425,51908766724273 89,32652158574442 5,425188425769367 0,14168236689889535 426,83565543187353 1,993107951617984 417267,3618816586 1
1177,4206304945853 32372,083040096953 1,9988307372673928 167,91310771720796 654,3629875057516 431,67042387803883 425,0970810161493 90,10191397647026 5,375445046937076 0,14616284212067904 428,73895654814226 1,9920676977593537 416610,3798442704 1
1171,264728080745 32602,937405307744 2,007706321155637 149,59728069054447 653,9291923297817 430,9113404162784 421,39553245399037 89,15940472389075 5,377420533451304 0,14600505240114775 428,8030456443082 2,0061511356440045 419642,8721409353 1
1166,1580898970228 32857,84620350565 2,008844543070716 148,49919006624103 625,6653362664179 435,3814214439591 423,6988040706241 91,66393718439878 5,416396569051479 0,14886949840768018 429,94352316609826 2,0063855168417506 418607,11063539423 1
1164,8285097618145 32791,95753529982 1,9919209312105837 151,31034023951744 626,5980851180902 435,6202898292109 424,10204007420447 91,19311124927934 5,3579684170947575 0,1495468212336936 427,09729239955567 1,9811761585967667 419948,10135812714 1
1167,9633269094766 32456,31546939202 2,0142717846820566 170,9963084570648 656,7275721014404 426,54632320261135 434,9066559207082 88,9846923131758 5,400432599872313 0,15047844885343667 427,8882404628167 2,0050457611578025 416537,51522590104 1
1158,108763474378 32416,5269880128 2,0110427265144617 171,63439428005628 652,2315315920085 425,89255026702716 436,5393092588592 89,40104359483831 5,349664657763812 0,15327605554992677 426,8221619975757 2,001471922080809 417324,213507776 1
1171,4091744074863 32878,92626765114 1,9868986729195608 159,44886699945246 637,2516910023987 439,74472586837896 421,47225016948414 89,92204892425517 5,395960022924932 0,1535792075668654 431,20080178888304 1,991627998133535 417118,36288169405 1
1170,2715226704179 32494,932388703877 1,9927136332639477 158,2645289684317 637,6572824822392 439,97497557989084 417,68082652600634 90,06908683564693 5,381567664097771 0,1571398925955969 429,73283813057543 2,0008834484868734 416757,25526182255 1
1172,0250115245474 32644,316415172867 2,012021375117619 175,94489341401214 660,1502962727776 435,3092719630334 418,34106691467383 89,06504121024959 5,427021466254822 0,15594404035977097 429,7695889676674 1,992056135282457 418285,8368398569 1
1162,5775647259184 32649,758041826877 2,002780948002416 175,2421111892562 658,428401941801 432,3135129973877 418,5916241921455 88,5234974024664 5,396400902068728 0,15719021694459615 427,37226869369437 2,005977431187077 415429,3701160239 1
1176,1897051274598 32939,897042708675 2,010624032602262 145,56378016310816 662,614579507809 434,58097813740915 418,56541035670756 88,72693087363365 5,363388461899387 0,15903105822166722 430,0688989863973 1,9862869061280195 416241,50998990756 1
1164,0046521079528 32750,86589326153 2,0202003597663443 146,86282479803282 625,259367328904 426,50788915764605 416,8402513911657 91,85549117532727 5,369545343916312 0,1608854374327795 430,623791680515 2,005334980024092 416091,0476711081 1
1169,0002991708384 32516,998064834555 2,002713548530534 146,02811668050217 620,4988034939378 432,6109676702511 424,33414962993135 92,78071468327215 5,396196754480503 0,16055974210381793 426,9639973960668 2,0002092730322225 418528,9990873051 1
1166,0252256776039 32612,331152409984 1,9943676679100717 148,60493037213604 623,0564062269422 434,3358159282706 417,47748900232136 91,58261867755971 5,3732504297790555 0,16039703539105318 428,9667645433036 1,9931222899445251 419993,34145483153 1
1169,6675003678508 32619,301775556843 1,9977913293496052 148,69758566325234 629,0485212232096 434,5018069256842 420,0419201524401 92,13087038960671 5,400620253923501 0,16348905642773517 436,8942500884726 1,998397452465892 414233,15043037105 1
1171,5008244168955 32630,15125362913 1,9968217629895422 173,07037923694529 656,9929247133059 418,44753187502084 418,6279334797904 88,56308708402445 5,420337429938588 0,1644627137007333 428,8153733770425 1,993567028707858 416491,22993602935 1
1168,7168974428391 32820,92787229856 1,98503250085736 173,176993282173 659,1918714420176 423,1604722180291 415,2118798296044 89,22362225610806 5,394260375306148 0,16498192913065376 433,10009400259446 2,0130341790698574 420569,46737885085 1
1166,5535627719241 32318,371915659263 1,9970667088631673 170,52891507216995 651,0519101454196 428,82536597502 416,1784424817777 88,8066742193615 5,3997922077455405 0,1662885935455726 433,3133994366833 2,00612392351943 416964,0515357057 1
1169,2550491075583 32568,523939162187 1,985396318917457 169,51548689124223 651,8216054058717 425,63947908431334 414,917209291171 89,41063487358731 5,412738558305499 0,1677267244867763 433,7516801833475 1,9886962729227955 416718,00576909 1
1178,1043825787185 32633,690249122687 1,994188911979504 151,15894128349294 657,5913323085001 428,34631537963946 420,65366421813997 89,20075534785278 5,383024406114905 0,1675325926547714 436,98996797571306 1,9874604867767816 419099,74348161597 1
1173,1126969942977 32785,9679277526 2,0226061218199005 151,3022198271581 627,8970943023728 434,4313332954545 415,23326323406815 90,4682381114072 5,402383127495289 0,17279535162376913 435,21156299694707 1,9883054868904917 417110,72848156415 1
1172,5154004933536 32382,13930636489 2,0158283513199273 151,1045832070607 632,1031473439759 432,64267737357943 418,0689041874057 91,29227772297585 5,391242889007712 0,17096545020939743 435,7806740233884 1,9980981664030681 415317,8264618043 1
1166,4447012547491 32834,643569258995 1,9975861893051559 162,76868984470238 642,5165005945197 432,8905762573902 418,27887178557125 90,27500335953731 5,398179610428023 0,16978904024990144 433,7730721841361 2,0112573866592762 417725,63659073657 1
1177,571478358424 32434,175182058865 1,987075658902672 162,59327068307755 636,9303845052439 427,69054226309726 413,8998986590403 90,26468162918148 5,3587911790020675 0,17303299983262233 437,01050312164426 1,9978703674287088 412885,2382289141 1
1166,9729027967865 32779,666154922044 1,998611642616073 167,22127694035655 652,8457915819647 421,01052627679593 414,14521681660443 89,67896187356492 5,407387607060325 0,17506086401465396 432,86151669083335 2,00121759813355 412369,3589114902 1
1169,3072615774863 32386,94248281912 1,995058197056862 166,50342921623874 652,5382169170498 426,4452460688794 411,5417490901114 88,97354741750048 5,373905315556567 0,17662121969415737 438,10243915055094 1,9966920721837043 412943,1504193188 1
1177,117797809726 32739,380751456963 2,003055070629466 171,5321279664018 664,3300875674587 427,22695247395137 422,9277203429875 88,48730141522242 5,410080846508057 0,17505546837651292 434,87322564423414 2,005591965686937 411996,2311031405 1
1170,4643482413508 32418,338047997633 1,9892431461842128 171,18938875067803 657,4222147277189 422,8301663571455 420,0233072642568 89,49233599738116 5,40664491911888 0,1794719052157617 437,56938465294604 2,010409501005902 414225,05643568287 1
1168,0331727861815 32306,092284575374 2,0197741307330768 162,01642604781887 654,6101119423481 427,97470932211706 421,744462265588 88,58510519036872 5,378161931790499 0,177875050294943 437,4593079262551 1,9895950822087758 413620,7109848655 1
1175,2409390105774 32510,24957530169 1,9957194422873785 162,10309519091697 641,7847707834562 416,8332346230041 412,71408856201094 90,67016309206473 5,392917987556275 0,18160515363352234 439,7131009495016 1,9964987872687507 416017,75305511407 1
1170,8520889817435 32422,291273311264 2,012099635654867 161,5100281433083 641,8653457331809 419,90464596572383 413,3900431251638 89,67238353302572 5,410593901609804 0,18177946320121066 439,26485585028104 2,008400384707414 412771,35410753154 1
1177,3587625505659 32449,71835710401 1,9944802843671252 168,94862843559963 638,6885492356297 423,4251250503496 416,5094957866048 90,92896192293951 5,368947638662032 0,18158975809972827 441,0985863622268 1,9883608867888012 412443,02596852335 1
1176,9670019824232 32297,467268994387 2,0024544134219027 169,83570573824798 641,7079649445568 422,61957055441314 415,7715372578966 90,19365049579046 5,458252726846697 0,18691792658206802 439,32970403876817 2,004845427645813 411548,82599734346 1
1183,2837363120223 32497,49226526586 1,9982770792858011 140,49216447592374 609,4878276093611 430,62305265859965 409,23047707031554 93,01612820351924 5,391806079240032 0,18449736311344375 437,56901488846125 1,981343832462573 413893,74751010054 1
1181,5942183703796 32112,31447779168 2,0013601160326555 138,52197590794452 610,6918323567031 427,69172084499417 406,0096413851501 93,18560814468765 5,37999048208769 0,18725121541180656 434,57327739780754 1,9977012768977296 414636,698840304 1
1172,7499711996677 32932,8271795371 1,9890785259326513 172,03318711107457 658,5048375950848 422,8517107672503 405,46482155903385 89,23751719820551 5,3661199491374 0,18740128136062045 438,72704058034 2,00349312517872 410605,4267839534 1
1178,0366572748865 32460,13590543045 1,9975389575918023 170,3062446034867 660,2808988593621 423,37888212226187 409,6682684069511 89,39483613635947 5,431756809145749 0,18855891072516184 438,5107761249969 2,0096705495284306 409162,2484283776 1
1182,1077444314105 32740,14946919766 1,9987799121528933 175,51768136987943 661,3872556329725 425,3255512898062 403,32461110493074 89,01722248724407 5,384333164985377 0,1894374355771788 436,25704073478136 1,9947095668342694 411999,96379324625 1
1180,7575586689597 32525,46375398508 2,0055395507275953 174,45671020684796 664,1803615888218 421,52984618668654 404,40269565595366 88,45262685392896 5,40594808488108 0,19021787777595636 441,5679784992519 1,9853113024748392 412292,58579384594 1
1182,1267400936833 32392,42963488738 2,005520876313795 176,86451571376944 662,6492736758833 418,2219131210377 402,93930156219886 88,16153183183724 5,392492712148841 0,1894984591582734 442,9703103716933 2,001424475606298 411336,17633045535 1
1173,2270031499795 32540,050098722622 1,9942150898912654 158,88082700806757 632,0058947632643 418,5198882107193 404,5680432667856 91,275470883682 5,409561088254225 0,19065842016697754 442,19579742165104 2,0194722170239037 411309,7930759051 1
1192,952577463299 32352,17820183252 1,9937149526762852 158,3285799161257 640,3468563897135 420,7560618767564 404,81501409903836 90,94408484101167 5,379745964548782 0,19200148205174672 440,1014987474154 2,000722041195585 410948,80311793345 1
1197,3145647713811 32562,37075313024 2,0069955561456916 155,0812563513069 626,8804255638831 424,25744901998615 405,5386090147114 90,66667206434676 5,396606228676439 0,1919789721213189 438,57245613576936 2,0004683333086937 409223,75986576773 1
1179,9001178676115 32129,649137490946 2,0161229096635824 153,61952915961947 630,3659674534383 424,05713104620804 404,844470649117 91,42571658562484 5,370393550035481 0,19530823466729738 443,8268491849001 2,0193168563167947 407654,2095892621 1
1178,7885575229259 32225,93049283347 1,9921306182966168 167,66085941332722 650,7268185361029 424,8549707296169 412,40313370821684 89,24007290895828 5,382423727759259 0,19548520615588735 444,0874264362074 1,9963028308133004 406401,1723288005 1
1171,5761209097616 32296,976543858353 1,9857808663619254 170,0262549122204 659,5264662549868 427,6896471851138 414,4724633656012 89,13549083938452 5,391587953644891 0,19660082341000862 442,7279652985195 2,0083406341907177 410254,8958222352 1
1180,8345091808055 32549,83430089832 1,9963587027210772 173,47644022363076 653,6122464169506 422,8580746304836 415,93029805789746 89,22502694560856 5,427674434677672 0,19730415720777833 443,56532451126344 2,013786836179715 408889,07745140564 1
1182,9492271159322 32493,418879209374 2,019130031232811 174,35399341831402 663,9080777981063 421,0917575308322 408,4657808139948 88,47303279073859 5,384048063938126 0,19964128454388194 439,86833415891437 2,0034646769694158 407435,118016233 1
1192,0540828052344 32374,547551764634 1,9857809427407436 172,67630644058886 651,9263402958422 419,1313689017056 405,9200730480692 89,57565365166828 5,366023531106238 0,19883514647570308 446,66872956291155 2,002184056131333 413517,1040433808 1
1177,3708361355305 32286,316362498957 2,010591040101043 161,1511149529626 646,5795175051478 415,7434494638146 399,9870047985384 90,51001874744826 5,41421929334609 0,19894335360107115 442,18474138664214 2,0198274504387137 414169,69833741646 1
1178,5341441250428 32119,14414687687 1,9982796128649818 160,9564535974047 647,0402383175444 413,4709922037057 404,2355836695381 90,82970159690714 5,374050829940021 0,20359787755985156 446,1670384797491 1,9816450981698657 409524,89874706505 1
1191,5845525857758 32452,73886232921 2,021607396053458 169,08917240654262 651,5121317269495 423,162709370272 408,70134277736196 89,29858235369579 5,3663924303294 0,20036217056417846 441,7943916146318 2,0232166232278948 409712,9430992155 1
1182,7360506075856 31975,59498130675 2,0243137419816035 169,58496458532406 654,9868286625763 427,6683150552219 412,6997160790094 88,75988502903262 5,358282077765862 0,20322992712340462 446,8137850122645 1,9963584973006356 409177,28691051155 1
1190,2114101136822 32519,54261304775 2,0018608747871487 168,70159174518554 651,7337012113593 418,13901572008666 397,1674438637376 89,87804852265496 5,429695513366428 0,2026000452049107 449,7835372459835 2,008961725497422 405544,11377112806 1
1179,0255295781592 32180,630593185804 2,014556043902228 168,40750866964788 651,1069726915615 420,72944245217894 399,82826447806787 89,20273128640042 5,372194805614555 0,20402116750687493 442,6711385771654 1,986884619636146 407461,36012267217 1
1177,6463689061081 32533,993920795732 2,0143063531912264 166,663733106104 656,3985747078301 418,66217095342193 396,88660366590426 89,49480493313106 5,3803686782327205 0,2034955797660715 443,4817840308519 1,9865402498800162 410031,6687617955 1
1182,7588788839266 32573,26900770188 1,999281492366286 168,8465258188664 652,7282306423908 420,31435727798976 401,1219711177098 89,54743319953063 5,393980423787407 0,20672815387879007 447,76435064792486 1,9882547351301694 409896,4936642487 1
1186,122833846155 32258,506288576016 1,9966666455169386 167,17093211452016 651,9175905293209 416,5284754799835 402,33765841145726 89,42555872277241 5,366071641468425 0,20445025722634522 447,98679550463663 1,9913319268331864 410693,2822581253 1
1186,917147175219 32745,598836303692 2,0024296745218155 176,14373011564612 662,9471013597836 420,8736176852365 407,2274578037384 89,02324987744396 5,423869741307209 0,20486204354084117 445,40332751246433 1,99965221670409 411136,0445544998 1
1188,6426028318995 32694,309373099684 2,0026112833313365 176,67769764567322 663,4234879927772 415,19711423651637 407,434613211213 88,96169141376166 5,363836781864303 0,2056259904797429 444,6595939975325 2,0102771892496047 410517,8086904809 1
1185,93905236276 32436,86491430562 2,00267340787269 163,60961261248258 643,9175707245439 423,43478663594004 408,7212415780885 90,40398893584488 5,366905137019852 0,206767284512612 444,6282744616179 1,9992486446744915 410465,04420921876 1
1196,32474114948 32628,216797378827 1,9904429803084436 165,44637954994548 645,7910341945468 421,77091052903796 406,7606592832389 89,77089928823091 5,402054646535465 0,20712358806739156 449,304383118414 2,0052509999241144 407810,3110179426 1
1178,0523091844325 32417,285924913453 2,013804305536482 183,17339971302047 669,359224834013 413,15415340930383 398,55970379212886 86,72735709578873 5,418234301223314 0,2078082414282439 450,3128132065494 1,9830037597218377 409454,77173897147 1
1180,0358420406333 32153,83228011677 2,0137182444395627 185,64021734865813 670,6842865156581 417,44727145924145 399,6117794916314 87,63207042357502 5,443568347599325 0,21120151812778365 450,21800758249265 2,00558647650412 406352,5687110992 1
1189,8757365987722 32431,884702565432 1,993258756746733 159,97488383959558 674,4494122222511 417,710575636051 398,22872411725217 87,83818233155175 5,426575332228096 0,212190748723892 447,5759620018162 1,9903040134535481 404607,106746781 1
1178,6153667866574 32617,571526007425 1,9968960553566268 158,32970694482538 637,2853910749939 426,8946944671556 397,4340275185176 90,87912905248353 5,386996653794131 0,21062216559817193 444,0182918929921 1,9798953884187735 405889,10486173147 1
1175,4946573492057 32389,998349099773 1,999812655686486 158,66435787237637 641,9621289770149 420,1029277379825 403,0270527685169 90,14805475664191 5,379937566253673 0,2110625633252777 450,57429882184243 2,0210718407676556 409777,4927721759 1
1182,5443764049994 32365,880479163032 2,0092747790906316 160,76666416985006 639,7753914338743 420,68854871051815 404,17744871406495 90,52930929909736 5,3657323395823955 0,21064594500613246 445,33052025605855 1,9967662760185156 410159,3473568634 1
1186,3149442351646 32613,21806190506 1,985219251350787 160,77679204291113 643,7750512041048 424,45103491178304 400,766154385776 89,8129104655891 5,3832306297145935 0,2119025145635587 448,64780588351135 2,0113541126588976 408083,2597122003 1
1179,8187562645091 32701,129606174447 2,010411370392897 162,56317453002492 645,0720959356179 411,9559337936898 390,59439766019614 91,41373963340504 5,348654494325313 0,2137070745097855 449,46926089119427 2,0159196281848986 406494,99494466104 1
1190,067276151004 32298,550233800433 2,0030931298055568 162,64220462737725 644,3602263507847 408,7747998657783 393,0066478232099 89,77813321817173 5,4204167801951595 0,21643568208992084 450,13745327026464 1,982063093614746 411444,58069055737 1
1185,6444304993963 32683,27387205657 1,99751389832554 149,58161314938278 628,8750377326096 417,5586708040805 402,8888875347617 90,5942371172781 5,353034618563596 0,214133378018062 450,0134319974064 2,002309748050371 406975,3703683373 1
1190,4573918140793 32785,841964709616 1,992343451746415 149,04423152165364 624,2806267873599 419,2222439673588 400,49767378430437 91,83498316572424 5,378432489929626 0,21761747631385903 449,3553505602762 1,9978086241492967 409149,67113876995 1
1167,3005032797332 32659,646687742425 1,9988810080018036 169,8664384677355 626,883802227681 418,19748423601874 402,3653427763068 91,07612312933576 5,41316862021575 0,21707429316661 452,6483112402028 1,9989007384699353 407875,6974505997 1
1189,5899596126258 32581,30148846364 2,024507147158569 170,36155176938385 653,3754091536132 416,0921410590194 401,7585362273588 89,35519598842009 5,372960612837954 0,21801096209423101 447,9778935716964 2,0037563175085107 406355,9669844093 1
1185,409121232175 32282,61197049057 2,00325069835105 168,98347886956057 644,5931882921226 414,2786987429709 403,25371279419875 89,1560058379294 5,37555157736403 0,21561849393720312 450,5838733659792 1,9952051845018144 403377,1865138728 1
1190,2470634864821 32655,194957749147 2,00836193676781 171,92677314022197 661,676344728602 409,0799863799946 399,81265108181697 88,22363835127248 5,4051200425507755 0,21751506749446656 451,6932189399835 2,0000230489407116 406070,63306737365 1
