Co2(scd40) raw_signla(sgp40) aiq(ens160) tvoc(ens160) eco2(ens160) rs1(ens160) rs3(ens160) rs4(ens160) rmox(zmod4410) tvoc(zmod4410) eco2(zmod4410) iaq(zmod4410) resistencia(bme688) Aire/muestra
920,5387769638945 32453,271550122114 1,9833876516330802 186,60073560173475 672,8414023467034 413,473975332742 389,15210286846735 88,53989755464265 5,422943951829708 0,0961847931457986 413,2368924866407 1,9914639484041003 429216,4385387821 1
926,8377397515933 32138,76947117434 2,003678586366541 185,59860415891467 675,4779204849591 410,0363278862904 389,2704104533804 88,48340958110285 5,394063573975592 0,099593727982952 416,1515227703513 1,993095513152208 428339,3584153089 1
931,962702277784 32240,23259709026 1,9798143997673023 189,94934489953766 672,3363415610795 407,43254786681183 393,63170561235347 87,843968954765 5,401813276445757 0,09934310166720102 415,2648335219017 1,9978234867394267 425007,76400666044 1
928,0117401678702 32121,336556291666 2,0013980655075088 190,10191099357937 680,4392535624834 419,68319906134667 384,7557728069792 89,19688409016437 5,363924046960446 0,1002487504664777 415,4939906821367 1,983710203007955 425256,91491249495 1
918,0646890718718 32041,0455554419 1,98848653121921 188,92928030552156 681,7221672660321 420,88465234399627 383,3674609785867 88,99535227831053 5,389872739873527 0,10118643534691064 415,6854939719755 1,9910346012348827 426687,1879445145 1
925,8889877086888 32223,311578159122 2,010165586736253 202,45097263905302 689,2864595732402 409,65983357773206 389,92375369989986 86,99093358886523 5,401543328134531 0,10120231573792882 413,5900867170544 1,9968151526159696 422774,37598287576 1
924,5435857237276 32439,573333554294 2,0065710833345114 202,3003748875187 698,488329662766 408,47010055688895 384,7116007826478 87,28414237038736 5,3945526524797645 0,10317001646495062 416,8288585906639 2,0054891415322755 428404,2990409303 1
930,7626603610191 32302,58029833228 2,0106363467952226 184,85225002060392 672,6097838555887 413,4784742486951 390,79829522947455 88,94539362907038 5,369203126180713 0,10255675287612143 412,8636387752605 1,9798467966883593 426993,85169571056 1
923,7263982657192 32447,06238880794 1,9915585046481405 185,31741126253652 672,5433923453437 413,058337075139 391,1895849116797 89,19520179518531 5,38976254590285 0,10389510081020073 417,83499776685846 1,9895221813465291 423048,7832307253 1
922,9492055473 32541,639168238566 1,994978669891545 191,41416931800507 681,7096859707193 408,7606201084112 388,0779596647627 87,20604936739356 5,392465434480609 0,10445300477661906 417,33365554108883 2,00609601213126 423620,7518033878 1
922,4802062616061 32203,463902046027 2,011513031858678 192,04128485139088 685,8181272239176 404,46487185937025 388,5114959939062 87,46580170146258 5,4295480801191 0,10646976039302986 416,2208288163605 1,9964669384740765 425300,9271501585 1
927,1337038633754 32260,205941143544 2,000676069232513 196,4139965314866 678,2497430816808 407,0081200812603 392,7953803533079 88,58453818664461 5,364216743101057 0,10760809556469793 413,6547456557402 2,0011459596616947 425021,4851556916 1
930,967497987212 32194,371817823587 2,014839788973663 199,0644423570387 691,5749161185483 411,011686258294 386,2985692325086 87,09832067247837 5,3621934309878005 0,10990537002590693 419,41183164865237 1,993626547379391 423093,54694444675 1
924,1889488334615 32111,37689484056 1,9984363514216301 196,68869137637134 689,4046476410593 411,0029837887108 383,62983319741 88,05884835531087 5,426142441598668 0,10730210879463 419,2208720935892 2,0160526206163936 420416,17399689823 1
924,3053207759074 32362,04273337497 2,015696706420888 182,76541231370905 680,3003942218133 401,79153431875676 383,43963792349416 87,77674777834943 5,399861427871256 0,10860283269640687 418,6840483993199 2,009061835054903 420816,70308035245 1
925,1520808360863 32345,95359447909 2,011700493996785 182,82866502585694 687,5078483577566 408,8538022087406 381,47352748108784 87,47425757528467 5,356252794107136 0,11115795256876206 416,75838455733424 1,9976697706155429 425078,0667318607 1
931,4787788760123 32125,119277444395 1,9965717834424634 201,5131150751415 690,4071447492101 400,6607852323085 380,67906924543456 87,1545019628825 5,3565357335926995 0,1108547589105821 417,53546319401426 1,9852293722769865 422379,4021597986 1
925,2024080852976 32518,611474937374 1,997171514374712 200,12139496776427 696,6752950995178 399,6181000269332 384,1509713609286 87,36192664101871 5,387335223611539 0,11243105252306318 419,8945381562824 2,010284499261452 427107,85507104226 1
924,1736187411535 32178,955711907107 2,002797815796678 199,3752057908087 697,7179101538078 409,55243047393543 382,10880428493357 87,61737372231079 5,397882696735156 0,1122187795341038 417,50825587651985 1,997138092432797 421965,3979598077 1
924,849682480743 32392,72538219834 1,9907361659841483 197,8378717961664 691,6650821867993 405,2429769027658 377,7144805730149 86,72984897384941 5,399152077404109 0,11638697325044849 419,85496014310365 2,004207791973174 420055,5868088232 1
921,9178648817845 32246,924501168793 2,0017611075438833 174,86107507357454 686,8072244293916 402,5256002287217 380,9978244433382 87,43367155520303 5,443256376622323 0,11601474939032595 416,32296138247136 1,9923751828791154 423497,8903744347 1
922,1230404646814 32606,179626330886 2,002339748304427 174,94062529865553 698,2944472632028 401,68124807361744 383,0478698502518 86,77882506976438 5,425966737908804 0,1175235840378736 417,481348588397 1,9960991692169219 423622,11489332764 1
928,9830058919663 32271,841057557245 1,9933767011514987 173,39335622333996 697,599742206222 402,3634173253268 384,8346442867315 86,34699651054977 5,401854339857546 0,11796913632530558 420,37420353094615 2,007819173339571 425318,0664644151 1
914,4471547296963 32576,863705286654 2,018766722149308 175,48845526000497 662,5877060151273 406,1971113824446 383,5263022450054 89,69386546391914 5,381482431773344 0,11746126595099814 418,26869579175997 2,012177438799988 420845,55316461873 1
925,5150006540925 32356,28125298803 2,001182353012797 174,95748654580134 658,7145454724006 403,0350871147318 383,2315805776381 91,08286065551212 5,384915806720476 0,11827567341023196 415,5190682493069 2,0043136346984274 423009,06066622806 1
924,67251671663 32100,64089321297 1,9926396734657241 199,6167339712212 696,6614836615839 400,1698001665318 378,3839240415803 86,97509377665172 5,416663779826698 0,11891825548656623 425,7392193909759 2,0082767950386096 427379,38742761815 1
921,7820061166522 32177,683911712218 1,9939205873221901 202,328530755075 688,7965462061921 402,30362114832036 378,0652683252905 87,49377766155338 5,394444166148576 0,12181873205137758 422,6794705286854 1,9944006186057668 417455,86228953267 1
926,7596528834166 32540,366028823675 1,9954068256844046 206,26720992894255 703,1954201539512 404,30813845741204 380,2468198894688 86,29249827519718 5,400738626012152 0,12089255854316025 417,62964844372385 1,9912613510041193 425695,57904809574 1
932,8375040366799 32084,06434982882 1,9923653399040946 207,25701093406164 698,5155986117582 405,46901314093384 382,4001229476969 86,55026960933357 5,3808564593294745 0,12141121770615797 420,043710221885 2,000432464754607 422283,00084735325 1
920,0617577344473 32423,623183872463 1,9897908576722916 201,28008681119536 701,4426060845532 402,34406091233177 381,846951321474 85,9642050243528 5,418117155645885 0,12298921346610113 424,65700757679235 1,997894710669894 429117,65248371585 1
929,6249273252606 32449,37011277239 2,015081799917646 201,18309005710375 659,9607164568553 397,6776087685624 380,1599824969021 90,61938289139438 5,361405144896162 0,12205814043017511 420,93283648544775 2,003368115278464 426979,08837061067 1
921,301930343674 32224,160621917872 1,9983976329188808 200,35080075687608 659,5157285653868 401,69609870190567 384,1067965259036 89,86192034209252 5,375684355192156 0,12323163520143102 418,2730395428498 2,0247436162196175 423514,9556729486 1
935,5081770583033 31938,091910070598 1,994717073388314 201,42079600230906 696,519332889317 403,12197971477735 389,7751096043675 86,81544868494052 5,395511829615878 0,12356886721777245 420,80211073298756 1,9685351119131411 423878,63127925916 1
920,493668828884 32543,884759363074 2,0144334472126912 202,4710955523066 694,2187740461865 400,60101990317713 391,30206740445533 86,61114288617665 5,3481193583714095 0,12359523307535777 424,8206798853977 1,998855251580155 422905,7149018422 1
921,4850677774908 31890,720580278794 2,001271299481619 186,77623363762584 673,1042992481296 392,4073266281209 368,72903364845257 89,42807317178271 5,3838565162980965 0,12260808896202854 421,33543851755144 1,9968531806164602 421046,7128954042 1
918,7651434753212 32386,113546242337 1,9877761513485437 186,48861083383466 671,5692883043652 395,19710698466355 372,63465841192135 88,62695770914016 5,39214880871283 0,12367656105018465 423,89861115815097 2,017638770961035 423720,20054547733 1
921,5939722729075 32005,051132863307 1,9857301835949508 181,4950199764114 666,4724769272085 404,1866727746985 378,6137344529763 89,48574091116951 5,426396013794063 0,12532081191519814 426,72739649320164 2,0030333254987998 418090,6595040344 1
927,9374632372578 32227,680426174036 2,0005410878848164 180,2183344567292 674,9725344374231 402,51666075843326 376,1337867791248 89,55207596396473 5,33713503812539 0,1250470888366665 422,02260660947644 2,011558428305785 416215,6499757183 1
926,3636492083458 32086,03051930914 2,017086747192771 171,75328709058854 665,2316878617654 400,7687951340889 374,65328274779307 89,5538780244991 5,4357794063367 0,12418976041877543 424,9151939178142 1,9760374947551709 418630,0600206385 1
920,7364088687605 32424,46624613217 1,987751838501308 172,7817348931997 683,9821124658832 406,7368415274224 377,9140431288995 88,27584816998804 5,375693306598259 0,126150570663503 427,00397121369724 1,997407747739042 421266,6189660215 1
926,5161599510375 32366,103823585243 1,9855300963490612 173,4147272477768 684,4882049666842 406,43813955403186 380,36273675007595 88,56621848340323 5,345444926360083 0,12651186865934766 425,2259126241912 1,969417206031887 417223,94544119935 1
914,6321269151547 32201,375344869615 2,005547565102555 185,04701110190152 669,9641283535901 406,43074823965134 385,39977004486656 88,36574035023747 5,3663234351829585 0,1251245463189504 424,7075692844658 2,0179319374781337 420080,89214569604 1
922,9079658867732 32345,37816200176 2,0068409688183872 183,5641019855094 677,8566280111536 407,66239535955316 389,25233825175775 88,6172730180075 5,378238222152112 0,1256225997491189 428,5968914704945 2,002845195945662 418767,4290149318 1
912,900283255843 32364,48249459973 2,002453615957117 183,42356819366103 671,207451901048 403,31155441967036 384,08952412609375 88,16928391577825 5,433084825964141 0,1271053592870815 428,45211853943033 2,002390964360235 421743,52835824655 1
924,4784046493459 32499,634818396335 2,005762602582144 184,4582552973103 672,0642661427457 403,3316830782955 381,3291942118 90,09370546168411 5,390742774975801 0,12491757907658603 425,8060356743353 1,9884843325744965 423159,9292196604 1
929,7945954886596 32096,977555678684 2,0122396797549533 184,04719881468978 666,1457072155305 396,3394566604482 386,31566579727803 89,04882599055965 5,435600213402488 0,12659563618054034 427,28863239995036 1,98885844213887 420141,04591818695 1
925,2534730611997 32306,39556300526 1,9890054833644173 181,9600788403945 674,0867309481868 394,8208009572185 380,10574393673147 88,79380263380638 5,346193229754212 0,12659375410249474 427,45274981263225 2,0023912197071834 422548,3082972114 1
926,3502291893535 32095,865869592497 1,9890456498066793 186,29962858810524 670,9709262348921 394,4286351286839 381,7946888966153 89,00692278718125 5,363596014210447 0,12724513920920413 423,4406752164086 1,998465287789654 419532,94721378316 1
926,2971280793304 32186,589726293976 2,0015027091464304 185,60408272971532 686,2193946291135 398,763274795162 377,46251797682817 87,61542395567459 5,428752712331791 0,12642715490167936 425,9835890355994 2,009524039368228 418934,62674369616 1
926,7166216235738 32409,854537463067 2,0043628462624974 186,65718208737582 685,119695559204 397,784157894621 378,1677214196619 88,17624871207377 5,397796021272166 0,126028960305289 427,258276802129 1,9982259024283187 421299,8617102671 1
926,8062060754845 32442,472194060447 2,00467686404674 182,18279210144794 670,6539452190325 397,9373324432111 380,83514587855444 89,38988998304565 5,329263894230152 0,12717570234160824 427,69237014460987 1,9902027425035165 423396,8901584317 1
924,9589352025484 32238,194675892737 1,9900585430732303 182,01468307326098 678,835255542432 399,7296195808237 379,9848981142885 89,39978966561567 5,403650703282817 0,12536493624768597 429,47346940429514 1,9929355306671421 424134,8668183069 1
920,8609549906741 32325,550467466757 1,9979503980381035 207,71403940801346 699,6407972817672 409,07147713469044 382,18421493455827 87,21151429217574 5,3145171562253655 0,12557687668738096 424,9141917106274 1,9894485176633132 422613,4982048276 1
925,0697737566118 32251,840691658916 1,9945425411366149 207,01764232884727 701,2756736070576 411,6234935693057 384,33235350802863 87,23189628355844 5,40197669219433 0,1281977420622423 430,227877595184 2,0060457340585556 421003,6025283984 1
926,6191571998917 32434,60919471979 1,9914109604572297 201,79757113140218 690,9208070428646 396,843500565351 381,3501760627177 87,56292365581334 5,380862439674257 0,1270629253075071 425,4782743299758 1,9994101516114182 421812,5390468398 1
918,2317025294775 32195,263239676857 2,0069988929203153 199,20530992015583 692,417066562931 396,83126197065076 381,66947594845146 87,7814359520103 5,386111574614684 0,12645704681549041 431,4469342569058 2,0039836090948766 424656,87453575415 1
920,5812287218018 32307,588100671554 1,9943561208905718 179,36268155371934 694,9820612606701 399,4217871639482 380,95684300982987 87,3075469439044 5,368630895615905 0,12693816549172385 427,2540683520623 1,994866959955692 425654,79120089166 1
930,1238946858391 32326,49217071316 1,9984478209945624 179,46920537396616 680,6180972117345 405,3713608540704 377,4906844985427 88,45629795895807 5,401309197909414 0,12713654016676407 429,8485065473751 2,0018743858879064 419807,5201449197 1
925,8099011108741 32453,093216298515 1,9912941446697723 179,51987968476567 688,2962056453965 406,24931495175923 383,27646296615575 88,06344600543018 5,374416547261515 0,127409027811253 427,76991925012044 1,9955141447715992 424641,336632854 1
925,9682191667721 32174,09759414473 1,9998827690593288 193,29799557098318 682,5917114263453 405,1011109764557 372,38353395048074 88,75995710677002 5,401858759596486 0,12660758773501343 429,433955940387 1,9941719683855201 420781,9590947198 1
922,6900670933156 32269,549612019233 2,0016007890637333 193,529447593193 685,1917401308256 405,65140670887246 376,5235213220505 88,19883994719196 5,393123326706516 0,12664149372163908 427,90798099403787 1,999977066644558 422156,27008838556 1
918,8563314445124 32133,504231833096 2,01016467530195 179,14329433096984 669,6052624139617 388,9006821184767 383,5050966463869 89,6152301906061 5,412155355983145 0,12727285601273827 429,24007798779513 2,016320229306223 420738,1828829578 1
929,6241900760654 32222,035293102377 1,9965664867003496 180,28103096775476 665,9496089541848 396,0496051479198 378,66318681365425 89,35481601373677 5,387996335556212 0,12776073569193155 430,9294059219537 2,0068732569030803 419800,2645124828 1
923,6231246461194 32247,58606499208 1,9761825422869184 183,60802554950504 678,2850369231318 400,1867406736942 374,6514609365111 89,67127469347271 5,382447218319205 0,12696074525408965 426,93816299715365 2,0049090840651944 419634,78422300355 1
917,4514662147523 32238,44922348522 2,0125037737410807 184,87389377207467 673,333802065072 403,4703552097943 371,345834621102 89,31182107195143 5,415084554036846 0,12786381076412687 433,9598281485411 1,9889783025234693 419206,8971735485 1
920,1645830587298 32251,247277079667 1,9833438672035213 189,68620558012253 669,4933767384165 401,74451287572805 371,5930959062389 88,64800937432022 5,381029517699195 0,12790942231039074 429,6881174087624 1,997848733540567 421375,29040992673 1
919,1092070368335 32151,84485200438 1,9972161787260077 191,11084999217277 696,7230006911387 393,2352065807828 374,69716201180694 86,11708500281073 5,415162161548596 0,12916532794235921 428,1298802827229 2,0200861008873767 421717,88440863526 1
930,3683518437596 32192,528424599102 1,9929818084511404 192,0480629793573 693,7235995396085 393,49494779953653 373,4189553654556 87,15911061597916 5,3529046687264366 0,12933554428600888 433,5135902731172 2,003390695036846 421227,4603050165 1
915,2749567609463 32124,460928174183 1,989783344397648 176,73925216711072 665,2536230410972 404,0001764715093 374,5160396069796 89,73966744370378 5,380283489667915 0,1289022916891027 429,9803543334378 1,9941562573992635 421950,04717501474 1
913,1559186696342 32259,556588837386 2,0165719871453054 177,6194323955178 665,8935079750074 409,33633937452373 375,27868507595235 89,41626505822569 5,332073942566826 0,12900265867725505 429,32317806273176 1,9892861273486133 416516,06420923554 1
925,7418929504253 32477,18657620094 2,0057644142823468 192,86711206254262 681,1256556096882 400,6165672540741 374,11346829656094 88,32784591517887 5,370223518065282 0,12997146097975165 428,5593320949195 1,9758096529679587 420389,5454306951 1
923,4222495080189 32091,55874650185 1,9888363491310974 192,35150974023443 676,4090415731108 395,56604540099795 377,0506547626958 87,45569609101925 5,348592416209191 0,13017512495316233 428,6643777411938 2,001982443892283 418027,4278809245 1
925,5072961345811 32310,389853704542 2,014213574397623 184,3605453925393 679,8831611428562 405,37636856370136 373,36928043184633 89,6671742557043 5,411252214011622 0,1301992633413511 430,1436066348456 2,0073807995470823 417692,52755704353 1
924,7763206831744 32188,841640562518 1,9914088935204444 185,63006065752455 673,5518544725057 401,02222697715666 368,8376050866266 89,44130940371244 5,395820227712127 0,1298057973579689 433,40285950907656 2,0150014114394956 421224,6754906089 1
919,7675635167195 32202,92087075396 1,999052629790048 182,21190126601547 677,4191132794775 400,35749438417434 370,87709135436 89,13919178505695 5,447571544104693 0,13030697801157826 430,1117513564051 1,9954094871353159 418513,2888576811 1
926,600978661717 32463,204816793237 1,98910314828778 181,0790207587604 703,5908046810833 405,2405285463397 381,4840390609541 87,73378719764578 5,391866337172471 0,13063355226954806 428,5697647287064 1,9845848204349674 417717,7462075638 1
925,1488566482238 32113,07077031396 1,9955773566463246 179,83791116170698 694,7072969912199 406,32884814821455 381,37025414674076 87,01902121523992 5,3870463563569775 0,130135982708913 431,9502577042545 2,007253964106807 421440,8022641261 1
927,5627001578971 32240,61963940432 1,9987370992244617 193,95367352853467 685,7122031088737 395,1363231816712 379,9002835556899 87,15306642016805 5,4059548967543725 0,13112146806702105 430,3197777773194 1,9848704661885395 420524,343217491 1
923,9105570306378 32334,23919962758 1,9964824334899476 194,8935749308401 691,2261524338601 393,9920626382847 378,3567464817678 88,56727518194499 5,407618476338346 0,12982747457967236 430,6163311836499 2,0001020696999667 422636,4617189136 1
927,5784252687322 32136,11842084882 1,9931290068030307 197,80855841388893 687,2877583635915 400,3864226886339 368,57829539194245 87,92177787370132 5,34375288053321 0,1297629251872794 431,6207678631003 1,9955343883089462 420381,2538466272 1
926,0896265366401 32174,17102131789 1,9963025304744102 196,2092322731721 686,7308945594292 396,0601455043388 373,2020284170412 87,61119508773852 5,414272276354706 0,12953376521416668 433,219706806933 1,9948807821913475 417946,92075816996 1
930,0398231186279 32390,226175171207 2,011797704300679 185,0119005646734 680,1956112778653 403,95030114464697 379,7081217293425 89,40622059821048 5,384825916239494 0,1304378099788698 434,29117511821494 2,00935512783424 419837,0552200662 1
922,6970190718633 32259,114875514206 1,9949933061568297 185,71794904975874 680,9227271593052 403,41205503013197 374,1620279682525 89,11936657529589 5,4164157864835145 0,13010497463536214 433,88547391658074 2,0142720461528762 417108,94562258903 1
926,9053408679615 32376,596013970833 1,99286781167273 189,54638909079918 673,1030418314675 400,94996608900914 381,8479752941865 88,51096020881847 5,35383798032351 0,13059601812317956 428,88484506237154 1,990800439577581 416573,7009292732 1
927,3209161946756 32373,224189891687 2,00312973877444 189,82683972139225 682,450504939567 403,6644004009067 375,8586668993232 88,69599476272317 5,375722551374595 0,13228620949873265 434,218491363278 2,0134178814592487 417216,93815220054 1
927,3761513200782 32116,871827131123 1,990950597036353 188,8659125245723 678,1914548728748 405,7737330381418 374,5161372831485 88,656067984413 5,445659856829719 0,1330604239425312 433,0386687327857 2,0213057748105983 419854,7409099989 1
923,440089733385 32282,981497832778 1,9865747525083695 200,0283323040558 700,5357091953464 393,56309627581976 368,10035047725745 88,26472354538853 5,394011393840605 0,1347140439673266 429,20817021686537 1,9883468214170972 419828,77740967204 1
916,8738632978261 32527,675619290363 1,9812703101082272 200,8771406500899 691,2254485398261 392,85243386331376 368,22382618976496 87,33702771020941 5,367836090181848 0,13430635415060102 432,11170979407484 2,0037840355229095 419079,9890488332 1
923,723632564143 32303,48689827038 2,0043906283380903 210,9539787751118 708,754790143184 394,92708414108984 376,9970728078807 86,3087090929836 5,429643999013746 0,13357896612587572 432,93575879783606 2,0099664272510274 416501,8552020642 1
922,7922119693548 32172,350708160204 2,006347345797666 209,0299866875396 701,2495353658023 399,2723292178258 374,38744945433035 86,62353910890778 5,386301746368175 0,1328066643825887 432,29779037236324 1,9908598248964866 414230,1886310423 1
924,4047964818714 31828,363576999494 2,0005577557517866 190,51006842905485 682,8025379355804 410,07354260415156 374,44825040046425 87,68193088287315 5,373167169839752 0,1333728769408845 434,19768207021906 2,0046246999760475 415433,7160807365 1
921,431072025238 32210,638743905318 1,9876753724319745 192,34269099298888 685,138718288781 407,3517160462327 373,6054643279207 87,22034533026368 5,379693871296384 0,13371388418799973 428,0882043174955 1,992215218604102 418314,2371954368 1
926,1215121625925 32087,505009096345 1,9955606763389906 205,2866721023705 682,2098354279699 407,37290917569896 374,2102294724107 88,01147205452556 5,365344402847373 0,13283677009302364 431,97778325538235 1,9834602401893238 419926,63143330236 1
925,4145789270666 31997,436044763082 1,9956739671084982 203,36195968041778 691,6184994424775 392,0538014177127 374,15100249895806 86,98365793549002 5,411878960225706 0,13469912198140122 433,26367800251285 2,0223500077702754 418230,34283890144 1
917,5106657143477 32014,67092789343 1,9968309064803234 204,2256283668698 701,8246413963107 388,15651245129607 374,4352427573577 86,96963429110077 5,388806188212091 0,13515320411522497 433,5521447084287 1,9973977293180099 420148,51011341106 1
918,9313896927689 32164,78058271475 1,9992126730414566 199,40609221750785 696,305782929034 401,69740418545 371,99830900211373 87,51381079435211 5,405888670818574 0,13411752529894763 434,5349480676465 2,0170225902796077 415633,26834467915 1
924,3329008478892 32324,074941281237 2,002106391719576 197,92270038025958 694,1309244614808 402,8608674945851 371,0060714274443 87,69380421429732 5,390677528605071 0,1362329959115725 432,3379883049283 1,9920785509574133 417711,31107459305 1
926,9119253524932 32102,106525282445 2,007579512858291 175,47801588006192 660,6252626541932 401,1434907996924 372,94957721489624 90,01731704610792 5,356343907652396 0,1366805181191789 434,86454209615357 1,9910023722046264 418014,2900175893 1
918,8651962899368 32380,207552174812 2,01247270780111 177,3163195687892 662,6617913727201 396,00224047179915 372,61939525425225 89,90386868628411 5,393448849632182 0,13760967158561752 428,8614549955002 2,006756255153314 416842,0105312891 1
925,6713335673186 32179,65478541794 1,9972314525263526 181,68981852440956 686,771925541471 402,96684722423305 373,2327076325894 88,49674088539814 5,388589403235826 0,13621174804886643 433,8222012040106 2,002816127151147 419724,83228907286 1
