Co2(scd40) raw_signla(sgp40) aiq(ens160) tvoc(ens160) eco2(ens160) rs1(ens160) rs3(ens160) rs4(ens160) rmox(zmod4410) tvoc(zmod4410) eco2(zmod4410) iaq(zmod4410) resistencia(bme688) Aire/muestra
1178,2301707592221 31894,711664322524 2,0180833729496412 139,2074259444324 613,8674345933476 379,36795624250436 397,3754131791022 93,98902261137536 5,369900065345356 0,3340814127413638 455,28626312624016 2,018884362591396 517621,5196070784 1
1185,148826211818 31973,40413351331 1,9906408851006336 156,95386176863886 642,8555362662831 377,02166578043006 408,5873149549636 91,0602150377869 5,4352500677585045 0,3356461115956639 456,5113573877733 2,0108378683484016 513476,8964393196 1
1191,0763971812119 31653,92146420887 1,985289302584652 157,45217110271824 637,1166930636628 377,8121645211155 402,8295199081782 90,8387679105553 5,41400628502285 0,3444488554075228 457,96898040485104 1,984756614089037 515997,3028864672 1
1173,14146618735 31977,0237378075 1,9995070686179708 163,5350990485022 645,134593499367 382,7293104216855 395,4460651920982 91,54183015350914 5,410536610139224 0,3418497405720621 465,06971615896134 1,989626668216064 514005,3581026525 1
1176,6282527431717 31935,075783119453 2,0044501040014113 163,812936030802 645,954225671381 384,419366868175 390,76679938972984 90,12684204696343 5,444960552616334 0,3515668550971956 460,5367557951294 2,0010946992955945 517041,64898344164 1
1183,173301216052 31806,359601347027 2,0046896369963494 158,35616238370957 639,0578803349937 384,7168513377278 407,06495191468497 92,67744909080655 5,414495330705279 0,35138996720026666 462,532633797945 2,0022829126945165 510536,4575803472 1
1181,6475788134946 32159,808545679396 1,9960583472844065 156,76109855450707 629,2398697108512 389,175002401796 403,28396277390675 93,1556700969479 5,401186552056689 0,36194225751501397 463,8513074395731 2,006826924647395 507892,4068952617 1
1172,5784735098732 31872,43873186891 1,975557001825611 158,706621189727 640,1336375198896 387,621267408169 406,5705326524205 93,04470027860148 5,366317949809766 0,36156629311580846 466,55217596755614 1,9838989659115887 509832,31121573714 1
1169,322900743359 32276,071356394725 2,002396731601252 157,2654588280947 637,8430396516867 378,70694939794987 387,4916011522425 92,39204447455879 5,4176754208090125 0,3708665345500738 462,2233369183434 1,9951381989978125 517460,45735296066 1
1176,344245113988 31467,837710054766 2,007849307242274 156,9548790345375 636,2722632997545 377,7360737951811 389,7928562204268 91,40106818723042 5,42100680264841 0,3717114379089673 463,1550536785884 2,009848255710509 510925,75201069034 1
1177,6008893901706 31632,812031614314 2,001835000467119 151,9569821041338 628,2058083472274 380,76840733654257 393,6793294170515 92,02420477390126 5,419543352339656 0,37134857293867496 465,3832691757114 2,003806898770307 516349,8577352268 1
1181,0214284195974 31973,497879320996 2,030958574347996 151,33483689222012 628,0655438726749 381,4536645935534 391,0413109196865 91,68036388013803 5,387406634583797 0,38081110098695753 469,04720338877405 1,999709116298853 510496,88884315727 1
1184,673162137711 31900,998777057077 2,0039950712433487 134,52537902942785 607,5744516982827 377,9293725210542 397,2980197654119 95,05032493227867 5,474213632984008 0,38179309358289126 466,0386019752072 1,9913025882485218 512924,2775687646 1
1182,1133486808337 31918,970642451266 2,0093281341925526 136,251356912616 605,0582023000843 381,22186218732793 396,1853224983806 94,09667118332727 5,370520279714147 0,3941388525238546 472,3296908748708 1,9911237373107264 503733,56436875864 1
1176,7737585936438 31674,374551050896 1,998390720432749 172,08937092526722 650,8312980537683 397,4453400875667 394,00409915506776 91,0816993593522 5,346995853087929 0,3912306858313554 466,6117710311657 2,010426055986122 512477,247701997 1
1174,7217454899337 31820,54513286601 1,9881252278385562 169,61037417120534 649,6421062259052 395,5424020457653 392,86054162189663 90,58188558250409 5,417149257993589 0,3997383044086177 468,36730419836573 1,9972657176296804 512737,1307009891 1
1181,2950241499916 32060,983256890566 1,9993923555982678 150,67705828638785 641,8954911640172 395,63308986201383 387,94965401253603 90,30692880369702 5,409195341749195 0,3948486830355401 472,80436293300664 1,9999396554617588 508220,38557297434 1
1182,3301070278162 31703,944085388677 1,9996952953655645 150,56963888900026 625,4080959696411 380,47404379999887 393,1010183735581 92,51449746616281 5,421074690224282 0,40886505963823433 470,5745555534433 2,0076274646466485 507124,7099071975 1
1188,556762267204 31823,408807813805 1,9953164211634349 150,852042419083 627,3744463188716 383,5422609482516 397,1636325575102 92,48076207938783 5,431884180520767 0,40840463357148027 472,92308321469125 2,009669111278219 513151,5153572829 1
1181,540246573442 31612,968703633065 2,00471769758496 178,3666464237631 669,9478529395598 390,7139872489961 395,8922219374561 89,18427631810395 5,402299854293144 0,40837426303693386 476,31520790416664 2,0008118552129988 509517,12639307766 1
1182,1926072276613 31751,670743864695 2,008310355152839 178,36283470252968 662,7786942822166 386,58587170784745 399,8540307538243 89,27414092864443 5,439895304697256 0,4189740941338458 477,0908467303496 2,022630358155829 511245,5606912064 1
1190,7337503001904 31749,735314793343 2,0143562281614766 164,40098038898634 645,3642986847028 371,76982885816204 381,1830384736623 90,48744748736272 5,440261055661262 0,4143150789796445 470,485242454916 2,001016369600047 512838,4375040109 1
1181,5865345041336 31819,045256688547 2,000574792747939 163,57027035179397 649,5938612790197 370,2441270310248 385,3782990611275 90,37463703047975 5,413177757889725 0,42619943444006925 482,2022980040586 1,9913126618862977 515718,87815647083 1
1183,5989487678228 31815,599995178618 1,9830638767702857 154,82473776370682 649,9094541585802 378,8783237725612 386,3362932422121 90,36812010361498 5,382072183329398 0,42221974093169756 475,3956456886495 1,9978998300756685 512333,569608628 1
1180,9583477635733 31607,24476794906 1,981892371759993 155,15878435627516 648,531413657498 381,6894092372638 385,5367165833797 91,3128619954649 5,351671007359357 0,4312842513701313 479,2401991073946 1,997704663423492 511178,5142672948 1
1177,7746905618549 31661,695386387437 2,000313655338398 154,00319004217818 640,1607083053841 380,3818819134875 387,16305756472974 91,94027571818478 5,483733329170299 0,43231092992781833 476,6450942428492 1,9790291888162632 512476,1251792613 1
1177,7944374042736 31930,20816748592 2,0015821696364644 154,98979805879634 627,1353020566141 388,38651450944127 385,3139467424464 91,50074493023214 5,4729375230673165 0,43410142017114217 487,57961542656574 2,004185747941975 512525,4179955261 1
1182,6411936705654 31738,385003379975 2,007625891959363 153,86804679330982 630,5384260642475 384,6037583677786 386,39469830929494 92,36087274581703 5,431222528218881 0,43891258898657853 482,9072864586644 2,005977258925708 514691,18861882144 1
1176,8850625087164 32059,052701838864 2,0114961762505397 174,14464506053034 656,5664200493882 379,0850681285587 383,9308080289017 90,28897137606313 5,434235114575566 0,4427207501278653 480,3989213998332 2,0053413722527114 512918,1613126824 1
1184,4027320381829 31890,444609590842 1,9832400519020112 174,03677563845278 663,3097205936399 373,45311564656396 382,94319151092304 89,13184579974069 5,401036729653054 0,44375773875690894 484,5268306826248 1,9900267342425977 511617,11813664384 1
1177,4977300140347 31963,75084749222 1,9968313302098333 163,904939473665 648,216789890651 376,3232637850237 387,44286575636477 89,96931561996038 5,372755255277711 0,4473648689296564 481,7225959258022 2,0192593588772105 507596,73380339454 1
1173,6843583796967 31906,682696469088 2,01082565014893 165,04367806051292 647,3243399889852 377,324877329024 392,2882142298677 91,3486853407287 5,3959197599582 0,4550544148991943 482,145693736229 2,0026249603041495 509664,49368901836 1
1186,6810004757638 31792,28335062648 2,006349224145033 177,4825344098622 617,0191402325855 370,303092409462 381,4395936979929 92,8818854831087 5,410576255939614 0,45497890536265106 490,4186869914379 2,009516872898854 508447,1777288345 1
1183,1871476409153 31965,383975538385 1,986409661823632 178,06868950573272 620,0178221419252 372,3704125153377 383,1287741611761 92,87644767583492 5,417491390418928 0,4573452074099319 486,806722861926 2,012446838476594 506771,9742922896 1
1172,444646531191 31937,77879757966 2,0126226685797377 151,26812837647432 613,8051262860802 369,20644605097175 384,3084781581159 92,88188318055803 5,402541972999556 0,45687002703880986 487,7488701924154 2,0062302350130574 511945,10395554797 1
1184,59328570035 31578,064632083275 2,0030746447534966 151,60571439882986 633,8741502977721 381,9823087725182 386,1449115344308 92,2781038614398 5,408865896272756 0,4707949310852424 489,1631669761408 2,00995646185414 507706,80261242273 1
1172,8758822002544 31769,439936975916 1,9927562865655912 153,14737987274847 626,6610847309639 382,02804817901836 383,14850184628716 93,10292480481205 5,394180742769496 0,4660623703427413 492,836420034919 2,0025717185382725 507813,4893800436 1
1181,271510638946 31649,371241223416 2,0139288760814757 147,7473864059873 618,639233466956 365,3144743400596 385,6219544378835 92,94620929899749 5,402134821549185 0,4650539714730669 489,2539354797197 1,993982329149933 499436,42086901335 1
1182,4965446965466 31701,844485408088 1,9719009849624067 147,18898367777268 622,9583395241222 363,52135759890996 383,6043724069054 92,79330806747868 5,454752689273479 0,4757750626438952 491,3091145122206 1,998450427317175 500626,97871780366 1
1182,1837567523473 31691,64923935822 2,016937367204203 156,38027452427824 637,0802718961045 372,4264207891762 382,02813918425534 91,89944055964412 5,355918516004992 0,4734091967391843 497,7012853218695 2,0024387135809465 502978,58354608057 1
1186,5782071046249 31586,622202795417 1,9996719317013152 155,17213191167056 630,5850046834811 373,2402963646634 385,3681914454791 92,10785663790178 5,37767431589603 0,47325270259096697 496,95868427200764 2,0094219916232587 501233,07625773194 1
1175,234709894811 31741,1951689194 1,9939166839273539 161,244237345145 620,1569871147201 386,84045396811047 378,8020238205642 92,55514689355691 5,424334959551505 0,47577844233096567 493,5061888873601 2,012425996636572 505053,9093433226 1
1178,8027337263259 31695,703516434896 2,0045731598131886 162,39296528115807 620,939355845404 383,9005380491001 378,0710998605731 92,08905288818373 5,402001167923237 0,48507256255261066 499,81230193403564 2,0087657445928 507180,40671887103 1
1176,0627837697627 31735,51568073849 2,000336202158956 159,70496468722035 629,2766868714887 382,38009158370346 376,16518346622337 92,14968870649918 5,3992476649281 0,48032984763444186 498,27286801741764 2,0013484077264914 504121,22042495664 1
1176,819953954561 31588,728349873974 2,0291530252287258 159,26649412381846 643,6768147525823 371,72725163603866 380,3559664463157 92,19808365193282 5,409421142980952 0,49360628867391027 497,82393352141094 1,9863585863738782 505725,4742340776 1
1174,447184315782 31808,369686893402 1,9869954210224952 160,60267018681293 639,2907555207066 372,36751818168 381,3833428197315 90,7836112418396 5,413800096090856 0,49241999219428917 497,87155625645175 2,0123826778410367 507459,5913486524 1
1187,3925975053412 31739,774041332046 2,007016450202619 156,1769690932718 634,2031360456532 373,47051599540765 378,8139203801767 91,60151836194454 5,407538353435656 0,49256180350101875 496,334221027758 1,9970382374984939 506068,5712554352 1
1176,8594945791413 31843,02671425639 1,9977537892425195 156,23091246156605 638,90189089787 370,45070771794474 375,78090320115604 91,41927228396797 5,479367032713441 0,4972156351187067 496,8111165434907 1,9973992336660886 506390,77413055307 1
1180,3011735986365 31827,24324907123 2,0026318371563887 155,01206020366806 640,5251879235691 368,18961547764917 378,2310887973096 91,6073891045246 5,4262762777235 0,4969856693116695 502,8905797795032 2,0022302136915666 508928,61094834766 1
1184,6058501845707 31917,769854475457 1,9876232953672592 154,71369332529187 638,7866643034611 372,18667287719285 375,9413104421038 91,22554221769427 5,36951915450796 0,5015126208538345 500,00751150676473 1,9915284030953442 505408,5829656328 1
1185,1636290583874 31548,215817239092 1,9839610994053027 179,39257526754844 641,3384449198261 369,4679864734811 378,9305787524458 91,2075141674636 5,4445204301187475 0,5006884432229359 504,32115351057143 2,0000498086085083 502620,5619873307 1
1187,5016541679454 31665,020842202655 2,00409568171755 180,31120577358612 646,2476236090627 368,016722447502 379,01951606781336 91,61894933936918 5,4292328124435745 0,5064514579727681 506,1752591552432 1,9912799724195909 512328,19469838974 1
1185,0713621683578 31761,044996353063 2,0081503120590978 157,90262574720575 643,8662244113063 373,0463855413498 381,3698374882998 91,328991869248 5,385774761988384 0,5049689823482536 504,4878245487467 1,9971500410850054 505128,1998461243 1
1187,9503996462572 31659,552038545364 1,98869992088552 157,3807643406797 637,379612351184 378,2563437838161 373,822045661541 91,53830463767272 5,415149721497706 0,5046874009718096 507,3911316265277 2,0112545600347653 504966,4046059271 1
1181,9746660131193 31885,515401291454 2,009306787122368 157,69427205955233 635,6057301707253 378,6724263608359 376,28781540072265 91,88389598937334 5,4307653105020055 0,5042986283738243 506,8835938626684 1,9975622384948377 512478,58264123276 1
1185,643540101525 31807,750219961425 2,0134819965113446 157,2388856860252 639,010884971021 367,59633520205045 380,73517982470116 90,74752955621358 5,401737340997662 0,51298164707696 504,5344360416534 1,9829367448394475 508209,1847248972 1
1179,5835381174409 31597,20165698265 2,013254015023964 157,4008915016602 636,3792488643468 370,512684909978 381,27843071416925 91,4068805162188 5,4496393706643165 0,5110396714199208 506,8173598567471 2,001926005080122 502023,2676813156 1
1183,7541570377673 31787,831212246805 1,9985159975821642 180,95924246076285 664,9874959081187 364,703825884701 371,43056259063974 88,69230098950295 5,389767742112034 0,5065593134807667 506,7414428823943 2,027203987860932 503970,77829018456 1
1175,0270685104879 32121,12491365577 1,9988465420862014 179,7449765961527 672,0218661619081 365,25709850309363 374,6971042401934 89,01444764207122 5,392061509138414 0,5168777348336407 511,9700657953517 1,999360469233196 502989,3218763571 1
1181,406303011692 31477,505081928648 2,0035147796264314 159,36249960998103 648,7377402891469 364,673377914869 372,8571467699514 91,80150775675699 5,437048044376781 0,5152106318778411 514,9623761342752 1,9973320598571722 501379,70821655396 1
1188,6321609030847 31507,55760526307 1,9957360840874654 159,7595472466615 652,4541180380224 364,87792706414865 375,2768408454356 89,85849713260909 5,370540183824038 0,5171634710418261 515,4627588664189 2,0148025032618926 500543,0328085756 1
1182,9924055310398 31644,518696555064 2,0096278159098633 146,63496543227902 652,139520276685 363,1408229017008 374,7707039030381 90,23669425126712 5,445942669212832 0,5216933903374886 511,36639258801716 1,990921582860906 503904,34563358524 1
1182,2451499927583 31630,084258802563 2,0023023746026523 147,15778644472212 622,2416613923665 362,9470522920483 380,8618553425506 92,19963701511297 5,396652317483827 0,5242150322423403 513,5453451915437 2,0014640880180865 504749,28405563126 1
1189,2353709042036 31609,20057722098 2,0055366382770554 146,64045168292765 623,7769812670655 360,3750574278148 379,2711854700937 92,30363425935298 5,411701060433493 0,5187887765821438 519,4251627765451 1,990327846705003 498180,4148463898 1
1185,1235060292695 31589,85231150568 2,002258344252544 151,27432580153138 625,076505302744 381,77839011385055 375,3609566655946 92,24931693045389 5,388906332359816 0,5248466146340369 513,2959307209735 1,9941337408389013 504039,66712208994 1
1183,311802098907 31773,372101582616 1,990297540104323 151,5631304891635 626,1356483007789 384,15884554456 371,00657518136114 92,32989496191081 5,364297040826178 0,5310164744193834 520,3544487516247 2,0025137528628276 502358,7942629243 1
1181,6956841473414 31593,838025225275 2,0042816764407076 143,48140100731652 618,5767031956428 370,37497505727254 370,3370117269614 92,73714446661795 5,4509924022414715 0,5325659549379588 512,8474767380771 2,0132900421075903 505687,5110790686 1
1197,7106215964377 31970,32382363692 2,0141158324848485 144,58883472962196 621,1946139995124 372,24108330513286 371,9132139137581 92,91593039515912 5,340310812627991 0,5352568703786839 520,9871730228764 2,006469885690088 502156,01556896843 1
1185,0246963856832 31841,86780021105 2,0072429229916784 153,6566093708881 649,4143315715742 361,16397315664636 371,4882704350238 89,84973624224166 5,4100002073487055 0,530724070302131 514,2663509723469 1,9773148470992514 504994,84084386466 1
1194,7967959282375 31469,463676660263 2,000900764514813 154,12595645016629 647,8720661387208 361,24827671614617 369,9379025768213 90,32319247178728 5,4486257209200595 0,5352796767793089 517,4949486626963 2,0040973014638053 500650,92709018936 1
1186,9558574838622 31795,081806234342 2,005108896638986 172,43673278814134 653,3567580554263 360,8856080792109 370,69324622032667 90,0614808818509 5,387764177926284 0,5384201668870123 521,0743038217603 2,0051718025987944 498302,2039152848 1
1177,8758248207387 31715,636085512975 2,0100270704638517 173,39645897136919 656,9317759741595 373,7308429740058 371,4124627673117 89,55440293948809 5,371927402679737 0,5360170622225783 522,9152020729374 2,016329541649506 496737,8314850989 1
1188,389325332365 31822,7326079815 1,9835421766604127 173,09533368371225 663,6525702558026 374,638262243843 370,28433633895685 89,36242422200128 5,411183768368352 0,5366788744457205 522,9198620310607 2,015983338657276 504004,4056505934 1
1184,7399276471913 31659,1770122523 2,0067221999298277 163,5066899392799 643,9731511543075 356,6866386496577 370,1006182033033 91,03575756060998 5,3979537541522165 0,5404508737685193 524,0344676959162 1,994819841404677 498257,6571695066 1
1194,32696756101 32184,826480201533 1,992732161039888 163,18189496092765 644,0598507860286 357,71539279698493 368,26643583241236 91,13104472966062 5,442310325757787 0,5422394325916374 528,3103009472312 2,0060493956093053 504358,88497902756 1
1183,6270388536293 31812,340433685258 1,9943432434030575 169,9200097070961 655,1772927220145 363,81323453246176 375,89447669315035 90,33054637584111 5,382911815065382 0,5398180876047812 518,250083904267 2,0004767640463617 499314,64590676024 1
1193,7553530719983 31674,40410163484 2,0038486082627727 170,0773286708517 652,9965153851772 364,7780574709509 377,82196598851414 89,7234088376969 5,4299864313711135 0,5406919483604256 525,0863554231635 2,0098079281534145 501337,8231003039 1
1190,641386229674 31534,059079964256 1,985569778258798 162,8118794629348 647,3939427505776 363,25897235698363 361,0686007660798 90,6460508077786 5,415205941994233 0,5387230544641766 523,9696753193085 2,00056951388697 500303,36881897575 1
1189,1768824656112 31521,395758298557 1,9892798367925033 165,17883752767287 647,1476374786674 363,9035267791004 360,85354265516537 90,00223211537754 5,416552899418563 0,5435944550725391 532,8808063354134 1,9963072871048586 498081,48113256803 1
1189,7565976150715 31907,84219847078 1,9950732793929784 165,34958575632535 648,8301053319892 364,9074664413906 361,2785769223749 90,13629599490653 5,44647759921756 0,5457958470634526 531,0935702456136 2,013978308117214 498865,83811526495 1
1192,2274001089934 31811,791244125317 1,9976264270524866 166,20363567436524 642,0771450440636 367,5453531461172 367,6875276654376 91,0485831356522 5,365578641236591 0,5509740065243046 529,5074160861624 2,0049243524674645 503156,21857398504 1
1198,7287130790496 31574,055352432835 1,9842908469402418 165,89838955188017 647,4834124956183 370,8610771531962 363,8033733387945 90,60660587077959 5,449134266752348 0,5485370911958094 526,9997960956907 2,004681302845817 502020,04871410946 1
1187,46049739318 31437,620494043298 1,994049545339229 167,01142815628197 654,8825847611812 357,4116903444481 366,1572454131981 89,48077103788475 5,424035405926085 0,5495409648100593 530,0955378255653 1,9973824554406379 501258,34626096446 1
1195,602005704488 31548,531109604348 2,0212041809194194 167,33087405413033 651,3241910061458 360,6681049746895 363,93096841171746 90,59500028266143 5,360793508937369 0,554351937178765 529,938939821174 1,993875916626695 500519,23713940574 1
1194,764281144834 31491,45139642214 1,9919520388427787 149,97955367737313 641,4428448240664 356,0593771874683 368,55512223149594 90,69263098163614 5,418708709423714 0,554064514147774 528,4556639718695 1,9910101319267934 499586,48246219935 1
1188,7878997277298 31511,97146469913 1,9956207230262861 148,89548917960823 647,9636117635987 358,4467204417526 368,75540000462985 90,4023331435646 5,409468662752546 0,5561705668650697 528,5962308763653 1,9945825880565051 500893,7871612567 1
1197,1125076832961 31681,278459612127 2,0013748160856273 183,19676912655942 653,9741336137041 367,83954871977 373,82958650773685 90,11696356646836 5,406315332702345 0,5535175494447564 528,6541626219575 2,009213902208458 504622,896450318 1
1198,9224294025066 31731,154625512274 2,0051732239956177 181,4014126939242 659,0457650268694 369,3499952819682 370,3974164996901 90,07832620027135 5,419117951399904 0,5545000666487051 534,6225466322146 2,0078226137297635 501742,09933838417 1
1203,4800526058584 31766,21000739271 2,01569280915632 189,04885157837998 647,9043794136472 368,8718282348865 371,10979100634853 89,1858305811129 5,4332118083458045 0,5587824827452467 535,0789442365754 2,0028137598599294 502452,2783674198 1
1192,4614030239875 31848,573085536256 2,0017518590145853 191,20277466627982 680,5189004694557 371,049278898607 370,0778889417894 88,00970775146104 5,405336657682991 0,5522219009761802 531,3746296920013 1,9881996107322895 500788,45993339916 1
1206,1196102500758 31472,781419350296 1,9978222134283916 191,22252771847593 675,53385370349 367,97123507545393 370,8723811805439 88,1823231315612 5,40199256688141 0,5561418018542611 533,109120284841 2,0117311858956284 503391,39020738745 1
1193,2087768431702 31379,75200587091 2,0089062003967397 155,21949350364756 633,4471897153396 373,61676768931864 363,33896755417265 92,60753912720267 5,382802247657234 0,555403295515338 531,6285666926377 2,0133308046295753 499878,04925538844 1
1181,2074593488 31729,803461236417 1,9968121877510583 156,34417398943364 631,3670788585895 372,03319565576925 363,33586697957173 92,05784892937908 5,441031778839824 0,5618148042391155 529,9841625377896 1,9892527902341768 500414,4474408628 1
1198,6339095110036 31666,21666022964 2,0007350061019196 154,9768341343305 616,2952158996344 374,4010495537693 365,3236275424142 93,45249017018243 5,420240796466679 0,5656451166459381 538,703249485865 1,9844349587659103 500883,7735395146 1
1194,2782152491002 31519,84048338696 1,9865201772539935 155,3566874517599 619,3736274372496 375,1139426620522 362,8818762500373 93,14309657078822 5,416595459467479 0,5625685704237352 532,8690509206458 1,997166054160606 495805,765351824 1
1203,4878232486299 31892,555041970696 1,996128137070956 148,64237809844843 626,7045665063115 365,95870058826915 368,6260058489011 93,03701318770065 5,385819588877819 0,5646511691128124 538,3362744928072 2,00148389035502 496295,59325516346 1
1197,9466067414644 31926,238882483387 2,0141374588071215 149,32131216769056 627,2906786424566 367,47562216944107 372,0490051801916 92,72086480399628 5,42381066500797 0,5639019433212855 538,298260296952 2,004586766016076 493285,19435492496 1
1191,3700629139312 31604,77023688182 1,9720906629617756 148,37318784770437 621,6801277071272 370,28003475524395 373,0645038248169 92,17738129896483 5,382045982610603 0,5686450718524171 543,1321285893168 1,9925387948244906 498737,7190908269 1
1199,6427263240903 31842,593663272426 1,9890226062948542 151,3201745708029 628,5799888286496 352,65295374577136 359,46629740995945 91,89698211447434 5,454424709073896 0,5703184324960013 532,9867366941329 2,0064996593380564 496314,08326135745 1
1205,4415617635773 31586,676618365513 2,0048082212836245 152,24255705334434 626,6835581223174 352,9114699142534 360,7102466512361 91,75487802472007 5,444449412540462 0,5626103699464784 532,6440655966007 2,0059100890617807 498594,8745684592 1
