Co2(scd40) raw_signla(sgp40) aiq(ens160) tvoc(ens160) eco2(ens160) rs1(ens160) rs3(ens160) rs4(ens160) rmox(zmod4410) tvoc(zmod4410) eco2(zmod4410) iaq(zmod4410) resistencia(bme688) Aire/muestra
2242,195922249605 31569,527169083383 2,9861502708950094 293,1079561747753 799,1116564650359 381,8075269835471 376,7214346449419 77,79881789318965 5,44375617681597 0,35315335881322313 420,34112809873744 2,011471199742059 481202,27764494513 1
2239,48773474651 31689,350819930838 2,9938774509734865 252,08199036449955 747,5966612955109 373,32079339749055 387,53023863668454 81,25471984768109 5,4077085423652544 0,35585665101037095 419,14372911401904 1,979447701832872 480557,97024664003 1
2219,136556958821 31718,286037787253 3,0053022782210492 250,83723915019667 748,1181713416465 372,46013602413984 386,7942045954595 82,08445617677026 5,448764215228654 0,36446437514863256 420,2001335928502 1,9897664524282042 476760,9471989898 1
2234,025961527665 31974,212610820254 2,968058775169049 282,9185178661756 747,2505995086751 372,9646593130463 389,88889303833486 82,54886061622217 5,405755899205197 0,36897022354227194 420,36600998671213 1,989593972755068 476310,6241024933 1
2253,2880995777164 31947,828259073096 3,016774974565328 283,2845964501036 754,8848068931499 383,4946327923149 389,77803377913085 80,71344317108802 5,379817660772076 0,37904060794536476 420,869024059777 1,9883530090741355 476683,6954057291 1
2237,5073881250996 31362,7480746913 2,975794524960339 279,82189186482645 757,1193321567911 384,83552959661534 387,7074720537013 81,76932407880615 5,391649001451345 0,3791489036480476 424,6587502745301 2,004154519443063 476986,4509863404 1
2254,3678971470326 31408,508038112694 2,9832506788267965 260,38571854383395 766,3444297030919 368,6283186874324 387,5646999558897 81,38897273660115 5,41205786161121 0,3778180466949752 422,39254369055925 2,019052712549427 479476,0245137482 1
2231,8801247729834 31738,879239403006 2,993554083651169 260,43614005358376 758,467673796796 366,1070684708251 386,52849085847134 80,71415889869708 5,35694932873562 0,3904002544101373 429,1796410144098 1,972350280954883 474180,7758965514 1
2259,71461995131 31641,210564064455 3,0071164235386645 270,55562647328964 770,3278632872169 373,2909280946424 383,11966673787316 79,97623346000148 5,454214278978711 0,3897296310697022 423,6854173866149 1,9891886869914377 475219,1614417818 1
2233,5528963378138 31699,008902056463 3,030278684988329 267,75598237109557 774,2819112370954 371,1673785074231 383,470356313946 80,1434451927913 5,450113277051172 0,4044080989255667 422,99647506515197 1,9861642243192457 479927,8786062911 1
2237,7665250771447 31817,51763701838 2,9741048030709436 281,6134586587228 783,5136173542459 369,79593748651484 377,8168808968051 79,1351718000008 5,408618930451138 0,39563001446858514 430,0594975880548 1,999513729707086 480881,3084784458 1
2232,455483278311 31551,803434328453 2,9765009582423323 279,7675683957134 783,2498332453628 367,4277102878602 374,3709389777924 79,66584075417359 5,392643170516008 0,40617473825138806 427,9907705860147 1,9985587611229796 482940,2775286474 1
2246,371335707583 31627,607936510612 3,0172830775920785 266,26249549889775 780,5891964185099 367,1082977770933 377,23346370282303 79,04500502956574 5,400252794990001 0,40901405084638226 426,51157145433115 2,0142647855089235 481188,3625879236 1
2263,0489265239707 31758,53075666991 3,0062880256584537 265,8462119324519 757,9407288815049 364,3619438206123 390,238459099616 80,76788528600258 5,413992089036652 0,41085142476356834 431,5571458556772 1,9964040130216252 478537,12806188996 1
2253,184039858013 31665,945118122716 3,01962876175972 266,7086335028229 762,6063108869557 369,16132169098626 390,2548363401565 81,56254419129199 5,372476142056498 0,4145979765717762 433,9149983040302 2,0161044122096325 474906,5379677821 1
2247,6394782883517 31641,33762984716 2,969275979369012 260,2444363481192 760,3022653033516 372,16475075468855 387,01186834158784 81,48654938995907 5,414574350071817 0,4137417481385717 429,89123981761975 2,0081264681203406 479793,9095313246 1
2249,7549310484565 31519,42250956122 2,989060463520389 256,7272613753164 763,1153385115625 372,4730493836062 389,30001916094653 81,88041656475451 5,442317903862209 0,4208090425816655 435,2485044608905 2,0008884309023904 480181,59457311116 1
2231,957343451836 31818,045195269166 2,994622910851074 248,59149361502597 755,3617547784612 360,9228297325104 387,88892671244935 81,1077673167469 5,416263521245039 0,4249685064770954 435,25533956718687 2,0003636715530733 477740,5549243591 1
2228,4201563616634 31543,242181838945 3,0416512715099806 250,55766543059994 749,0792736576876 361,26831646413603 386,1841109978506 81,54802665094864 5,433794752670785 0,42758468244811637 437,3145365210077 2,0184839402911128 477375,6081282685 1
2251,8671199789137 31609,075346042206 3,0338447299280915 264,1860491767244 764,814304746223 381,31416315393056 389,27135203918056 80,79505165214537 5,418992484894047 0,4266974746236904 436,76022744500824 2,0149354691600516 485518,0593890531 1
2252,892441673147 31513,08573904212 2,9936787115932564 267,00177956422704 769,1111499595037 382,1057667763929 386,376336529329 80,19794313430747 5,36235769741312 0,4380680320562577 440,4114760410215 1,9984349256035885 479560,1049779654 1
2238,178634723328 31628,804417045263 2,978619848416034 276,4302466587509 769,3838461476856 380,9022934826772 385,86814481751475 80,78884433346845 5,428231992491485 0,43360929410515153 437,40000105013416 2,0103031932312976 476747,0445761613 1
2234,4298403508965 31454,38916174175 2,995706519872708 279,3672647374715 755,8539524820244 380,19672066703976 381,44246416765037 81,60236654343258 5,430477831664232 0,43736639582138437 439,1533879959878 1,997699752236576 483881,87692358845 1
2230,506267380192 31474,62233407745 2,978894993963177 277,7513474343645 751,2060044048611 381,5081550568839 379,378583489575 81,68346455795452 5,367922915770678 0,4384415164471765 437,7536243077832 2,00764408644246 480088,8827510481 1
2217,298837113255 31869,48048159826 2,9748686304139134 278,13126268309776 780,3458893626323 374,40542847581446 387,52686342284017 79,04125078994787 5,384923887907966 0,4401240354162463 440,46084206515144 1,9882089421170213 475084,86617907917 1
2248,8071497899386 31489,97075091875 2,977386323389703 278,0251083041951 784,9279987375054 376,79276507282566 391,44838810014323 79,83729870395669 5,428032430297965 0,4424299331464687 444,3723249520032 2,0080794992965383 479112,8213388052 1
2210,41487230287 31657,363642233562 2,9933992565424297 269,31509058250083 772,7553367970739 386,53739146004443 382,7245979332522 79,84201563681711 5,411695245152131 0,44759589109546777 445,5864522250112 1,9965216311958807 475430,4211344226 1
2234,069907168838 31588,08303139746 3,0131299170347603 270,749773092961 767,9433911203565 383,2845433677432 383,8216763695496 79,9201973367879 5,3910784618631045 0,4532083465123084 446,3542826937527 2,0000986899713125 477352,79484153347 1
2220,636928201159 31503,953352863442 3,013899292477972 271,1130753864532 779,3266205877567 375,26458334601824 382,1451586553285 80,52477021137602 5,416225909242515 0,45254818867043756 447,08731388139586 1,99900496308389 478365,05066571105 1
2241,9359063516167 31491,49353064956 2,9806711316761056 270,65181181326915 769,2740102830755 370,1153418701863 376,56550384334815 80,1740539051062 5,373080671127958 0,46054108495789137 447,31443922949836 1,9950670814364784 476495,87879771506 1
2227,2533547454696 31550,8200014684 3,04153909705781 256,5146610612853 776,4650727405128 373,5245328849398 380,03888937136463 80,43349001706983 5,4398593867767016 0,4585432054960768 445,3947061349341 2,0114630233902884 479466,2763284417 1
2234,4955064803125 31331,05865432131 3,0079198968327656 254,7653630037348 751,108176702093 376,1465197013064 375,5561629355873 81,11466972463437 5,423341035044316 0,46090741162037735 447,3598813603696 1,9994135727921418 480975,2649801509 1
2233,659232489413 31712,621853804725 2,9931814460466395 258,1309632254733 755,4493187243435 375,95110687079284 374,77500141998075 81,88097661648727 5,417496713346279 0,46789508416124415 451,36507239445007 1,9870736497499513 475196,75606671284 1
2246,3106791593505 31628,298645077182 3,003528175094308 282,38132024214025 785,3602924770785 372,09953480182475 378,4030639858382 79,94080215723916 5,396571883831324 0,46570081758485665 454,0259859625574 2,0002840992964215 471156,99506376754 1
2237,6190914861486 31281,606845210245 2,9827755427757174 280,17482977600986 786,9363129286139 369,83356800463065 383,2614586725217 78,88206843349138 5,38868571102731 0,4699946792502986 450,0143534494808 1,9979545990944079 477330,2285164919 1
2230,6512702258333 31598,727366492018 2,989633415738598 265,2893038471857 766,3454909522928 387,0641900910251 378,1592168870677 80,03911634865857 5,404651231713588 0,47499531012276597 451,5165290157041 1,9903731791027275 481658,33994843205 1
2230,41709967828 31512,68833268394 3,003832396353597 266,8153720187462 779,2965339171238 382,04185929065966 377,71652382428675 80,27588044395827 5,383464823174193 0,4751631741699736 458,9667859139 2,011243487825237 479801,21183640335 1
2222,61101999087 31505,817652541777 2,990164504686015 254,82152660045816 757,6081629481798 376,66801655025967 376,65537605057636 80,93040391044103 5,404488502579352 0,47568607775649213 455,4436064818837 1,9993904081221696 479868,0008312776 1
2214,3738152499413 31326,72767889778 2,9774184794907717 254,52495328447307 760,7217577434875 372,0739389294868 376,59361046801575 80,39569575218191 5,358756521132226 0,47942246663117494 456,2018731175403 1,9917332184221024 483897,10101311817 1
2216,040280224941 31457,462449970604 3,0120199452171796 270,6545202393643 752,7870222202404 370,2077514029749 377,06685546092075 82,14940605662275 5,396772616774831 0,4805540113150788 454,5592814878545 2,0041311470771466 477391,80704695004 1
2239,584241663285 31737,47948773328 3,021680345741571 269,6832603002575 774,0441080896672 378,5992296112544 376,7075872545588 79,75402133117497 5,389859822229031 0,4878177376053746 458,83561224969554 2,010257856717543 473782,9543326879 1
2227,590644608865 31596,529885971006 3,008792032358694 271,66859931773433 776,525981936113 380,3970915172835 370,2504331272382 79,682232158906 5,414124128724658 0,4879368414148811 459,91113343219735 2,0065704772677173 477702,24467410875 1
2240,731003607597 31928,085474543866 2,998869074474896 280,17337554055274 784,1263333638351 365,77370669437346 374,63933052001954 79,58715325637932 5,433705927763968 0,48123235516853835 463,91568304817554 2,0059715177634287 479807,4950390419 1
2231,189506797161 31615,590935211127 2,982310625197705 280,7212081821339 785,2917076385663 367,086907427807 373,30416951661067 79,42965665599883 5,420566832448989 0,4843173584859545 463,84159221530894 1,9990972841525647 477463,1197557145 1
2235,9761614606864 31416,169230265918 3,00503100644888 270,2186593277726 768,4391320128225 378,453673745884 380,6543500479412 79,54199439163253 5,387286978622646 0,48883131917790273 464,74604142322323 1,9848581734867403 477728,2709928733 1
2244,239538510542 31678,673149094197 3,011763981537642 271,42422009022175 770,5633891235132 374,8606328983115 376,66962400289447 79,48488421799966 5,456264790089457 0,48833873777211656 467,82999238918836 1,997930922602754 478075,8758155893 1
2203,9120057609052 31636,05569302929 2,999930866101664 296,1081172314999 803,0759006073076 361,1574836347225 376,35751279244255 78,34146299127326 5,37914180524127 0,4932378139188193 464,84410734875524 1,9892986569408138 477086,755922121 1
2225,1549777707464 31774,970141335274 2,996885724415367 296,979783321509 800,8114075767397 363,33118256995056 374,6522324236604 77,55674633181806 5,4209139506484885 0,49327499224523785 465,35830986934525 1,9999819442610653 482798,2290241073 1
2197,5013669457517 31771,97277662356 2,9877733886675415 255,29026668368635 797,9461081259822 364,6728596946924 376,1173352590511 77,88504432183478 5,439080395646509 0,49220490832944463 465,113145766487 2,000741976632698 476837,9029064251 1
2232,8607155670475 31559,864143926872 3,007305539268745 254,6033427211798 747,5485425251387 359,9160663833442 377,97059691502983 81,28236183259139 5,4393457634018 0,49969716302492817 460,71512000621453 1,9955440532127509 478389,9898064889 1
2237,30231758538 31456,044261345858 3,0300858271590765 251,91840669330216 755,4854859527817 360,4817939585417 374,8778659615631 81,65951981637306 5,4351674960899246 0,49548685997880815 462,357493014027 1,999816896022396 477598,35336766066 1
2238,433874417111 31630,720723462317 2,9831977868126254 257,3540376303311 765,0781068787569 376,80699587436135 373,4492810918401 81,19154201151017 5,44181535056577 0,5034306089266567 465,57520432048824 2,0144584207963017 477166,8137765848 1
2227,064245943603 31795,18749906137 3,010669085820437 258,3883349514726 764,7795007783714 375,52696149143816 375,6210090956911 81,15664984331005 5,427524702666072 0,5024021578163061 470,40896347033294 1,9913763813263994 477825,8668042865 1
2226,596847714833 31314,194861035663 3,024813807558438 276,0876337319339 777,3786730238339 374,55494768550557 382,616722643191 79,65110471535306 5,421485291713664 0,5015967095806504 469,17919048547196 2,0139971558971466 476872,09328495216 1
2240,106171667032 31510,76512803786 3,0167262461941915 275,5909715109317 778,2978310843941 375,8004565070111 380,9675762464079 79,0674683697146 5,440967687397016 0,5031331206413027 468,6185267199995 1,9917879542856871 473498,9397653351 1
2200,228099169554 31680,107782437946 3,031912689381093 252,7453509759752 765,1015514425508 373,72622191717164 378,74215139465656 80,41589568554546 5,408911117447249 0,5061743658609834 468,7442192183612 2,011210753712727 472529,06635388476 1
2202,8801236914605 31475,054016019036 3,030373753981306 250,8337832688145 767,9091803395706 374,38915223383304 374,39156566588315 80,41087147450718 5,403290964090003 0,5108437805770486 473,3043785493289 1,9976629266037123 470530,0965523615 1
2218,4257180460454 31518,878750607357 3,0220286680474975 283,05860471099896 764,1808090976671 373,0052013930605 375,2421443466889 80,905004606738 5,4189857885009305 0,51174548307928 470,2335000503665 2,0014217353860073 472453,69695936644 1
2209,6917667763933 31720,638645218547 2,974635956965373 283,6898831130513 791,5552084536921 362,5649253630217 373,9790122585409 79,8515492330597 5,398122404078566 0,5108027920374857 473,4012267546989 2,0007566365250793 474069,7366455961 1
2206,3474982363146 31382,680993087724 3,004504032372344 284,0790574022921 792,1338234172412 361,77555219429416 374,79728476717736 79,31761577482514 5,412807553961873 0,5070943682395801 468,90167366762086 1,9907137321761568 476448,7435321472 1
2214,2140994384076 31687,741732779232 2,982136161162762 277,24813158366675 784,0617035773278 369,3661136063429 370,7995643192061 79,7094131013972 5,372651256902273 0,5098867563525197 474,3664509810842 2,009478328154122 470394,9747050544 1
2216,866845039887 31686,422816804523 2,9899000031675023 279,4401878596961 788,173519619785 369,3805938426327 375,87226366554063 79,12123675544997 5,399312484455848 0,5104944415568161 476,3804671066985 1,9982159338013497 476873,6751425304 1
2205,421469708597 31633,00630573344 2,985319765233899 259,83308097566754 753,8567271991424 364,5792908911409 382,58935466186233 81,10902147578189 5,391311247264515 0,5098353581799223 472,1311567584353 1,988667541983705 474804,26150933915 1
2191,803264409226 31723,7939820321 3,012945639192388 262,5138394053108 765,559422673651 366,524053136272 387,4579945204246 80,67421101605576 5,397367051156807 0,509850658301044 476,8151081622711 2,0153241086793168 467481,31944191584 1
2194,915096522488 31946,869618264027 3,0204310463718462 250,54652721321042 767,4900048844364 370,8214792948797 376,97138601638153 80,63445114291785 5,412117990217643 0,5131552789854888 479,0035853413213 1,9943159179945151 471693,3647500724 1
2212,0863330899215 31546,52163118429 3,0170762651704544 248,67397620493176 770,3014826718382 369,9096785582813 375,602356277338 81,06219910521723 5,425197277472921 0,511691309694518 475,96244558548057 1,994951524441737 476863,37795348774 1
2218,971120372482 31615,52312224372 3,005864229120026 265,1804603235591 771,6731657283253 373,57622423492865 379,3526853856028 79,98025365721456 5,443854036694736 0,5188568794469811 478,3942009234456 2,0147351429045157 470852,3577456508 1
2195,1730571924827 31639,651810544197 3,0135001373102135 263,83050129634927 763,914070171798 367,2521522325009 375,60292200400454 80,72842419460186 5,402789326427217 0,5122813153168398 480,8530346131794 2,0035476204231952 472591,1027559441 1
2209,6121585433125 31919,124938201025 3,0013120800793267 267,3572867251825 767,9886761841524 367,9595276244931 371,8648774798172 80,7654980914793 5,396672774133416 0,5173553865276399 478,52627395759015 1,9876411307868929 475055,5789617592 1
2216,3761897319596 31334,52148461564 2,99907822520529 250,2366210403499 745,6830488234044 376,8837675275336 380,29620722730635 81,49981940526197 5,391227117646181 0,5113470115522 477,6124523091667 1,9905502791263643 473917,0379968644 1
2210,8024181329506 31622,956289610127 2,980773337068775 248,5616854970305 746,3194294477726 373,4743323490316 386,04478406460345 81,65272774409904 5,4606092042032905 0,5150820349003412 481,5087229073367 2,007393028190985 477070,0346734596 1
2179,0786843652786 31758,750815564305 2,999858097805058 295,0830614004928 798,5413804494074 357,58385695025754 369,8309153190598 78,29251908621396 5,425028523531186 0,5141433260684405 485,13025800815853 1,9923495226375443 474384,2866833781 1
2197,7571732250535 31328,168206137267 3,00602996808112 294,9766826848152 793,9068207412456 358,2415474600628 369,37515773258605 77,93849603750631 5,404239474292924 0,5148536785295044 484,55081432166963 2,0025210995938463 477296,97474217706 1
2183,1062268040096 31719,511916754756 3,002605456986811 260,1546186802525 783,3986943230167 357,1224843487423 378,63649040040934 79,35956132881063 5,3936253748978595 0,5142263424303435 481,2540890236173 1,984896266711015 474876,2080612733 1
2217,5356482302323 31384,788067274327 2,985105438652879 261,1564289207365 777,0724943725775 358,0510956805265 380,71690302427083 79,6883651689419 5,447491379512975 0,5170100146215666 481,311699909996 2,007222262310951 477337,5091511747 1
2227,52321785711 31428,49635069054 2,978756447504563 282,08818327757 774,2648542690159 357,82772332410707 378,172175107202 78,8460530286208 5,390599192863353 0,5213635096229725 486,9346921993389 2,003303183658619 479751,1035412106 1
2217,7561919900363 31656,49890549717 3,017450749188663 279,3217624703679 780,19849271276 374,86921618516175 367,82270830336597 79,25379534972787 5,40381533891354 0,5198105089387525 482,4258300290488 1,9876370120243487 478309,0219041249 1
2201,285897941785 31419,832216315946 2,9946897991627597 279,21701511412084 781,3791292833843 370,43285344619073 365,34143079520203 78,97404374554796 5,398619867467458 0,5166285718759094 486,5032906821014 1,9933445677138084 473721,3055839426 1
2190,566248796571 31651,498749928276 2,9946821136134623 253,75787831068718 754,9833944785092 354,4496026800445 376,3631613951472 80,88545287166548 5,438160570105401 0,5166290252768627 485,5588788856528 1,9935919204046966 476521,10597917385 1
2198,6043187486666 31502,513016156012 2,985202041076437 253,10977698542462 749,7917165708581 353,36387325280054 377,9717730510122 81,21566850559324 5,382297484871878 0,5200772456387555 484,30560358355933 1,9930554809284686 477716,35874105885 1
2175,649213513282 31655,573149345026 2,997840655867159 261,75599687023197 759,1363607793108 379,66985685913966 378,84116830253043 81,29861559564307 5,423100304290602 0,5161187136984281 487,36268168991967 2,0236052156778976 477336,0478157754 1
2195,2515736853397 31642,48028787944 2,9919083591493143 262,41714790915694 761,2706105101872 383,67578815334144 376,6811038600685 81,28147713094141 5,429658345958611 0,5182189860354268 486,1443101671047 1,9967604970560164 475786,7138931536 1
2224,929418078894 31887,99171281764 2,9927066228005135 276,47782795277163 780,3336862638921 361,64568152678305 373,5733830535046 79,54994565377153 5,411720785149264 0,5232386635992022 488,2625320733482 2,014444017205192 475863,51405325584 1
2195,058773943923 31472,60997851053 2,9978380970989233 274,06042631160847 775,3506916926419 365,4891961132834 374,22947816365513 80,16616673512966 5,413863129452733 0,5218914068757605 488,7997305315638 2,0030875359818796 475139,05210698966 1
2204,33200594021 31723,055178974166 3,028009940861349 272,12518712620636 778,6798811719146 360,39478631098945 371,21664109145036 79,84522242546953 5,43873776972873 0,5201405064125272 489,19343474987306 1,9985266436622653 471759,64206448075 1
2192,583168230947 31621,72137582056 2,996258480009192 268,8221174502921 769,8124608613288 360,4552807124646 377,4396651580168 80,13796812498337 5,419678292007308 0,5217639967732913 483,7810300944137 2,0135472769802027 472119,38916172436 1
2176,297482947029 31809,22087176723 3,0070352046809985 270,8550324387887 777,8627419211374 362,3001073068182 374,2020741037211 80,27296772777721 5,431800572435945 0,5184723140575486 487,57048942980157 1,9980995177963028 475201,91619070846 1
2178,0870845722934 31878,390271751745 3,0220383001276376 267,3940168118218 760,3445325309456 379,5641663995853 373,34993297570105 80,60513554971031 5,384654689334799 0,5249901192307338 490,5730550901108 1,9970458452328699 475751,12090542435 1
2186,644937870681 31485,829409298836 3,0305622139899473 265,9657373425338 781,3829916589008 381,7525463215746 373,48491232516307 80,98899118068564 5,433212933903524 0,5246906207896203 489,02201404640095 1,9835994455578907 476694,35051907727 1
2197,715867787842 31655,114315149523 3,003935757097406 285,89131258393235 791,9418459060478 367,1576417207426 374,51028245178276 78,75626356005459 5,382492712132351 0,5254531916053231 488,32619591395036 2,002592712011856 473249,9357875808 1
2178,663719642249 31409,030099102336 2,984294800359995 285,6233475314658 787,2221691642894 369,7338803589812 372,8233310376874 79,46786793478825 5,422963208871172 0,5282417407424598 490,77494383782147 1,9958131406655348 474325,4362326096 1
2172,59051032801 31457,7254738262 2,9880137155756223 295,57662090126547 770,4004369980647 368,02340235262454 377,66439256176596 81,0606805834868 5,449731662328586 0,5284577382028286 486,5634524128833 1,998709545737181 475501,2152961732 1
2173,6850212366116 31572,70450610295 2,9921036104455396 296,6448407995768 769,6301017433531 371,73595113947624 376,1845829265507 80,88484841354634 5,421237903422266 0,531767808019481 485,20569640977124 1,999512437960639 474178,12691631017 1
2161,5328241203374 31895,605207819837 3,001089270963496 249,86668410046778 765,2633093699974 370,48183391706556 376,3563912689758 80,22151712101592 5,409669579767597 0,5327030323781001 491,4602059224365 2,006517518658925 469283,65554479416 1
2209,574793417733 31529,996427671995 3,0125974879744897 249,2499368524422 755,1246761708442 361,8426514526247 377,4147734574707 80,7435095404698 5,380227067343859 0,5309163140051008 488,763212559348 2,0039261921438967 472778,03597469255 1
2157,2203214857514 31738,611662658706 2,999486061149804 251,08410154446372 752,0843011193556 363,1249100895248 373,03298248016245 80,89211272966465 5,391009296262616 0,528883010745285 490,841702588594 2,006741345073094 467784,5888321281 1
2167,7061761434375 31766,721103263037 2,992888818504425 257,53680167373375 763,1562102513498 360,41095912347606 372,92615390743737 81,20127094932649 5,356931871313688 0,5291836076251686 492,10518721793915 2,0131402065569532 469164,35676350066 1
2147,133109039509 31260,71721659028 2,994858302620066 258,6341559387499 754,7863145293675 360,0166656771897 375,302577654428 81,614845643448 5,338768769983043 0,5311937909735708 496,9668519177025 1,9915979074996393 472567,304659973 1
2182,317649561407 31930,30964979378 2,966202771170962 298,1191612059402 798,7138744038843 374,33561048496813 370,7440693137983 78,10881302691625 5,350704477804397 0,5316146575260532 498,6286979573989 2,009598228995266 469363,1198053008 1
2180,077096763347 31667,684087743266 2,9936525616632808 296,41295536624716 793,9929483738338 373,7975258296829 372,18387870248506 77,82461877844405 5,403198918112124 0,532144678471532 499,25391265299083 1,9969657678110417 473093,7074506218 1
