Co2(scd40) raw_signla(sgp40) aiq(ens160) tvoc(ens160) eco2(ens160) rs1(ens160) rs3(ens160) rs4(ens160) rmox(zmod4410) tvoc(zmod4410) eco2(zmod4410) iaq(zmod4410) resistencia(bme688) Aire/muestra
1708,685038881219 32444,144843058824 3,000614695668845 491,183011122276 858,3941132398949 441,139794503175 383,0876507482606 67,3906623812115 5,399638778628932 0,11226611021481347 415,13374027681886 1,9997384372422684 427191,8540352449 1
1727,2226287183748 32615,710420621566 3,000727854657738 489,81440435533096 864,4436190114341 447,5644832798932 376,453171275406 67,09901386256918 5,363236192051009 0,1211257650304777 420,6656872940504 1,9914919931148365 427314,6575220724 1
1714,1476514257415 32668,70245237597 3,0257305690767993 487,33699430670487 851,846026400807 435,63751014910525 372,39638109498355 69,72280884605706 5,367363800327758 0,12247130163621742 417,32727677786 1,99204391694083 426329,05859165144 1
1702,4937370777513 32305,935955779998 2,9930487402373327 488,02841984132067 853,9544603778862 438,94656392707594 376,1256763047348 69,8840043412482 5,359111631139943 0,13097822542925766 420,2961599839764 1,999179698580955 430126,84511676914 1
1705,4619031336838 32497,340633650194 3,0129311911809014 451,10020203925853 849,5884697269378 436,2503141744762 370,40575084697997 69,6020477156438 5,4268465591584745 0,13088214014373373 421,53627428926393 2,0046636587908386 424909,44505027717 1
1709,3640454489873 32249,345408908637 2,9980671778328962 445,1350105692473 850,8765106335234 441,52825226618586 373,43590727784203 68,94930128865532 5,345261071141597 0,14305392700466327 419,6138211978521 1,9916023205572442 429939,5306522308 1
1722,6657976690378 32563,14956197501 3,0317216775055646 449,053890477461 845,3179318112105 439,47496295797777 370,71673151006354 68,96408307415547 5,38801995238501 0,14200425482820994 419,00989547813066 1,9935259543942137 427210,69367718726 1
1717,5421451940756 32311,37284561086 3,0232587413464387 463,4071534450208 855,7397366184066 433,53919867637893 360,8226609086369 68,53548078856866 5,382050852706115 0,142499522319189 422,81294552510906 2,004151348295578 425545,42817474937 1
1723,7316548241934 32157,279305715572 2,9957397217786177 458,6375540628384 850,6825929932189 436,39903041359395 365,16229723605915 68,25745610644402 5,308174254937842 0,15147217260885504 424,4234902809878 2,0038003414526666 425327,2032226711 1
1723,9115445616626 32231,63400989977 3,025484733765336 411,24240293843917 837,1276486657777 433,97689018446425 364,6613908280321 71,79256134391972 5,364826888917637 0,1537013391233606 420,92085607041105 2,0010440190671517 426765,3738649616 1
1703,276891600461 32169,584969516567 3,0159293368792848 408,0549293119425 834,803131161351 436,89591423109783 364,1202306939901 71,64208377613676 5,385041381942025 0,1618988300711138 419,44126520482007 2,000776652370137 420558,55101377546 1
1706,1144464093961 32701,713560989563 2,983527487377524 459,0348415131936 852,2254461122111 433,5728808286133 362,1543889454105 68,76343257577575 5,334048959724574 0,16190290771630866 426,29112750884366 1,9876245623426585 423776,4254117444 1
1712,9112496981759 32300,19871392575 2,996286568895171 461,63757817302593 854,9426604767775 431,23764647086716 363,1181890928048 69,09105128762414 5,369800163566259 0,17287332189694996 422,4061692706664 2,0044164072122457 419900,8102021058 1
1731,2777387333501 32082,416169021406 2,9909569659854713 460,33069437467645 858,565991431881 437,063865321988 365,2558451316778 68,92255571950372 5,378867306607985 0,17337746198608706 427,5444691487746 1,9857297426283722 424293,83661183517 1
1726,8726889149175 32364,428373649163 2,9918477032611754 459,9389693885288 853,2991420651102 422,8148123289824 355,08841902645577 69,1105766946018 5,344173378027674 0,1825845429454159 423,3393888148598 2,000487703840325 422533,691389314 1
1721,4542295275073 32389,52166857513 2,9987903999162713 460,486930827797 851,9921248509387 424,8032788827898 354,3915595383569 68,53536975777135 5,39334490922581 0,18259039869667756 424,4608850573859 2,011665855088553 419519,56662588054 1
1712,0173959688532 31883,02617564024 3,007988335890964 456,4362632545407 857,3019896776815 421,6552760754788 356,6698985836998 69,0283690936251 5,351250754815313 0,18334182078296124 421,99919064358477 2,0026286031070732 423037,0662304681 1
1699,8676368728732 32316,174599285474 2,9983289244575633 456,2994438129329 852,977455755506 425,2608599150793 358,0152370507175 68,82369029248426 5,385562886063649 0,19478897523371808 426,3356994258478 1,9804137750020847 426584,77313717286 1
1708,998208837881 32412,800848257088 3,002365060899881 449,2790578929786 853,0037475843034 422,9223927460787 356,9567030639771 68,94183769632349 5,364919323522515 0,19330694017083616 426,3906744820524 1,9951641689350832 423516,62451284047 1
1721,342676619243 32255,976708322098 3,0408842198585466 446,8923044920323 853,572669746687 423,7354280482072 353,5661580207993 69,02612495663098 5,3965761906813405 0,2036395948770329 430,4311485520053 1,9753412933375658 420429,4479637953 1
1707,0105143970086 32305,909800474245 3,009604137432959 498,319066897021 839,4475998174014 419,5801424514016 352,12868649722714 69,11091495756341 5,368219774323483 0,20277999867315863 427,8002978761212 1,9974466649253335 418164,0549595411 1
1716,0092069375382 32392,90755115192 3,01903727246471 498,06037705388763 849,6172008402121 420,4898776516633 351,8863535821521 69,54511022643538 5,339536691147791 0,2129783237420086 430,9225406826287 1,9994021263954314 421635,18276769674 1
1718,7317124189753 32061,73024678936 3,0180544437605845 449,30897788341554 847,2237328893095 422,5726042315723 349,10168282328993 69,87607024475109 5,378266373374241 0,21601759216485517 431,5656983207787 1,9846370226643384 423744,08598980115 1
1724,7666449236494 32148,29914728221 2,9905342305600513 452,24627515625014 850,0699356171397 415,7969468649325 356,19910423173684 69,46306022080059 5,2984401863935675 0,22347536301110923 435,1844501198025 1,9971508359402554 424016,9256010545 1
1726,8705669097028 32035,9849534484 2,993676992401789 451,6257232414948 850,710742399131 416,23137174880287 351,71773921539113 69,41215960335306 5,376285231222105 0,22218640877022963 429,2762258693326 2,0105539953147598 421305,22174388904 1
1721,9134541271512 32348,568577465445 2,9917779229895767 457,4973604995084 859,4518803040156 427,3490655993724 348,0295278202224 68,68944533198332 5,379353114259836 0,2222608331637362 436,71282358903414 1,9857721679962734 420094,3287984766 1
1719,7588926106362 32246,767700342054 2,996069961107094 459,6160046969222 855,2863092584686 432,6044941679171 344,91644890608956 68,46464668060393 5,379313238298304 0,23070855341310695 434,8730872497614 2,0174015021570235 419644,8652660723 1
1718,5862012598327 32271,841393098355 2,995375077661659 454,9977501340597 854,2271727124399 417,8758728890697 346,72877564423146 67,69265116278747 5,367422641873946 0,2304576924579561 434,2210881824041 2,0064045391965104 419737,4096119434 1
1706,413080878143 32279,94041702249 3,023827963950704 454,2235067160925 856,0197866451496 420,6657518630465 350,042653826666 68,38018922880997 5,40716577588223 0,24264104933809383 431,7489374777142 2,008383181031237 423222,3097342218 1
1729,4011989493533 32144,922343286835 2,994338890721157 457,4397001890353 845,1840306968855 412,2098678492455 346,72785915840143 68,9677183046661 5,392399623267269 0,24407938713329164 438,75372058549965 1,9849027740036753 423544,14651825675 1
1713,5739923433716 32271,300264579684 3,0154397084199758 455,6275810588516 852,4920331635003 411,7446114579561 346,0031797307396 68,89740063394409 5,330793368315057 0,25165893268116113 439,5874279316364 1,9998238479114472 419471,6040415037 1
1712,7708659972097 32222,80447995598 3,0002539650539806 491,11785576807466 855,7098824293245 410,5630774658966 345,92619913213986 68,71552124348797 5,370692822804259 0,2516401629955017 432,71981304124324 2,0056481255192256 422674,7450310314 1
1729,1590842750736 32100,010348950113 3,0306635527464927 496,5873074159826 856,5668332450851 410,39706971826894 342,8176916712637 66,78116792309523 5,341834361853727 0,2596789074818837 439,7568457587171 2,0057250235795183 423114,7342464302 1
1717,1927764469326 32261,490213653524 3,027110165639765 493,6212664195879 863,6114250675498 410,3021137856428 340,52152405946737 67,88995781249709 5,36684324022292 0,25754916640220354 440,70618654706203 1,9920239329278948 419392,6594616957 1
1722,6689947759323 32427,85048902432 2,9988143798379734 451,300089176276 855,3570411188983 419,78351062635517 349,45837613404825 69,1209022091678 5,373225594942592 0,26054512713215733 440,0795009531221 2,0025901328004148 421095,1784345556 1
1713,7682332147613 32294,807639857114 3,0128611010588138 448,0834637700838 846,6885442432589 413,0919916634208 349,49287301088816 68,89557255639006 5,369965680307535 0,26769032385810554 438,23850239038006 2,005194010095791 417651,1062152131 1
1722,4520631695598 32476,23278881239 3,018468518827338 503,8029111516002 866,9496782435064 407,4463024052795 341,44905075598246 66,87044230844234 5,388187926786658 0,26627273734342094 439,9655599472735 2,0037197282470522 419352,82559998886 1
1727,2546160496463 32123,809100927323 2,9897232150282367 503,9810486912943 868,6647506901817 410,2124587413619 341,193578026058 67,13734358030554 5,306036498576472 0,2731580239375496 445,5125696270392 2,0199672801533857 415336,9845050384 1
1716,4739889004672 32181,460115549915 2,962197816416628 471,8709152583199 847,7776826033432 413,4705865877787 332,37461327041325 69,5361820173057 5,350926184323675 0,2718142126685805 444,347003401679 1,987999500656444 414670,55726853805 1
1713,1106749563799 32471,7094285432 2,9763501524080684 470,6354748169118 848,371276731761 410,7554780533835 338,95265958274007 69,01741295540536 5,356045438322373 0,28030155392944045 446,72926743673025 2,0043231602120866 420568,8514609689 1
1718,8793357591755 32164,745487206925 2,995454905169556 473,2768932891717 855,083973703536 412,17429881812353 337,6619863264275 69,24104768476337 5,391333701055535 0,28096916986658593 450,1432275059972 2,009108769657065 418540,0526650876 1
1715,4644705909877 32144,714277179402 2,982204391093948 470,12247817179514 853,7043964609263 419,25865505946433 337,6312777776926 68,49872865412034 5,351538382844567 0,2841147540834004 445,4966558410382 2,0190815610835573 414341,9417516768 1
1728,125055095866 32345,74261580299 2,9955830493028808 467,07686473992607 853,0396804229783 419,23106858026597 336,05605284467464 68,32166954147222 5,346817653774408 0,28682576433741375 448,7798054609175 1,9861884753940056 418691,37019507226 1
1719,7071348698953 32499,780493987644 2,987035158318471 507,4310243784246 869,3641738929418 408,343528467879 337,5909384285719 66,36483064121104 5,3573091128325245 0,28751236695479127 447,741923361962 1,986525360624958 420900,9129354244 1
1726,2195074209476 32445,762414319564 3,0193354246289315 502,235039532612 866,275277250244 406,2958519966089 338,02271502753956 66,8522459787189 5,336911975814622 0,29518746346871305 451,3758675240499 2,009449369232633 417066,44867527456 1
1728,9012488578555 32227,520278763805 2,9953951650970203 468,98020734650476 860,5750702169738 408,2170152824727 334,4523202896995 68,00667447103761 5,387004747720957 0,2935072766113171 451,2125912018708 1,99371506726996 417628,8422618915 1
1723,8435118658308 32417,112833523555 3,010595509119907 472,3708840981915 847,9898406960743 409,24122545386047 334,2140103408188 68,39097256734682 5,363829174571426 0,3007555762579537 454,6407971218321 1,995432488120507 423216,49377329584 1
1713,029943213383 32069,176930404992 2,989372451498343 468,8454195602793 851,383228401028 411,21837675369136 333,9481198460811 67,57679263634856 5,362608410872379 0,2995465317310806 457,6982163477674 2,007480227871285 415735,7071505303 1
1726,721941071093 32148,321608247756 2,990837436184822 467,1462210639818 854,0719907917161 410,18865022903725 331,25187387164226 68,49394803299346 5,393140628413401 0,30400473362630126 451,6723285336456 2,0124290499446174 419486,42313281645 1
1735,8765238821036 32271,1602124301 2,971971527081669 456,63537004735747 859,3385378422782 409,9476293939939 334,1891660985296 68,53742866617158 5,380104739133854 0,3009351641306365 452,74941036979465 1,9986115520988803 417998,7163703264 1
1728,0635820900814 32185,649191796572 3,009482501407204 458,28626906633883 853,266563876314 406,5055638400758 328,9984192832585 68,84880522170327 5,400004565303074 0,3108603725275024 456,47970674185314 2,013286006664822 414436,0575634531 1
1722,4072027428172 32162,25596104418 3,0172774273862606 458,78017131181537 854,9680812751744 406,56599480758234 335,56692414098643 68,68815267064024 5,367126824997552 0,31094140087985495 454,4280822302531 2,003013545827524 419092,35485369526 1
1717,3530911826458 32254,55732310749 3,0056450362595273 499,8211789985866 863,3315667970787 400,9148826369568 327,1406759271406 67,56226019426035 5,332907063293585 0,30943602332388 458,1048366421702 2,0059415289052067 417130,9867644626 1
1715,200823075152 32198,690885830496 3,0214761706629893 499,6398330366544 875,1625599415553 397,5788798144683 326,3318900333673 67,3632738520033 5,3903675423480335 0,31768435300608505 456,97440018484843 2,020526258002654 414543,5742320048 1
1719,196951197359 32004,02732122781 3,0136369871730277 494,9722714224085 858,513878989465 394,28162018297326 327,02732265518995 67,01075666830324 5,373568732153067 0,3181139235541923 457,09366825520095 2,0249905334280918 412998,43907923345 1
1721,7340109623447 32400,90725917561 2,9798722060929643 492,13507038201203 872,0894742552516 398,9899742017552 324,3019096993216 67,76339597093559 5,3772328649077075 0,32163797068731 463,73189094110444 2,0012875984034237 413509,26116382435 1
1728,723326777626 32045,29343970284 3,001893190681457 468,86757602308063 853,7652322675646 401,7615777282166 322,05714287739096 68,47916263843487 5,350653265621005 0,32307285303751354 462,9104697353144 2,0206039941175096 415883,4361625092 1
1701,2337480621854 32311,21418239734 3,013557769009567 468,0710561500508 854,2201617277807 405,2635197229255 322,28362195614756 68,5449252199425 5,350411344202923 0,3269859782319341 463,91161523507907 2,003427096691393 415243,69289877324 1
1711,6621261467108 32116,737356675676 3,012093512098571 454,63969136244583 858,6114463012306 403,4424482972498 323,7202550844795 68,67797126778974 5,333872107475088 0,3271843958664929 460,0486325037286 1,9867211615195588 413764,57183357276 1
1735,57656113573 32265,298932095826 3,0115796832803348 454,2829285761256 852,4196874033875 402,0887942428675 332,75747109749693 69,23419687476688 5,373074020744914 0,334679456447475 466,2821647013833 1,998707155579235 414208,18162504904 1
1726,8486916400987 32206,70215125637 3,022932143596817 454,70501646933565 847,7569751901119 399,1335722266841 335,5017024307666 68,80009908333187 5,4047436262716735 0,33568624585370654 465,04616204845667 2,0228415733139644 411169,55507780885 1
1710,7912342150794 32163,666264347918 3,023430034792055 467,4537300001677 858,3946878737346 396,0808994210489 328,56494927793284 68,75634110996214 5,411316344709921 0,3329565643960379 463,3239958758677 1,9959175529188873 412979,2819587409 1
1718,5702767266837 32262,41277397722 2,994308713542123 468,67737216891385 855,8147486942156 390,3649183459265 327,9143632478867 68,45566364496274 5,338051196069498 0,3368590494494305 461,7151133055844 1,9894559934367302 412936,9738128762 1
1741,2204168071394 31937,464287267572 3,013064004642401 472,432340101872 868,9881606007029 399,4773420217901 319,74807682630245 65,69636159397088 5,359333684831397 0,34078330449625754 465,51378130136874 1,9917607016582732 411902,16733774735 1
1718,5023978667366 31951,287082331615 2,99273217578014 471,3224636637966 871,6416688899448 399,762013162647 320,78926823948694 65,71809096290274 5,350160284609016 0,3445254858488977 466,93370193182875 1,9709649357449528 412239,56350777653 1
1721,0009659163154 32300,184809385522 3,0060887355391888 500,8428118144514 862,070630864364 397,51394913201534 331,8377856571363 67,62643352095557 5,392918044221926 0,3469310586783869 466,52771155689817 2,008416736788531 410033,9179315355 1
1728,6897501650255 32122,570763501164 3,0185928735268535 508,3637091572758 862,6563020353551 393,8147346187561 326,62874815884106 66,7843989532393 5,391584076305043 0,3494857764821149 471,72608770611174 1,9937922492623403 413620,9118215747 1
1714,3484113983463 32293,28421507936 2,9947478190621504 471,21537482246896 861,5026399299168 396,7425980884567 327,6721634460881 66,1400899651619 5,397669580763295 0,35027325890954353 471,69175235607287 1,994166189949637 411706,73740746226 1
1714,9696515705411 32404,565684730314 2,9947026009741116 469,80959868867376 858,272045659642 389,14691089074796 321,85744413370253 68,58211487557097 5,353741755683866 0,3542596199970296 474,9868191342472 2,005050922699517 411583,48462824087 1
1721,804298782125 32063,59005581953 2,9957944916292405 472,2921903324986 854,3185212478003 391,99262564340626 324,1793831909119 68,35591591492462 5,353249030837496 0,3541397494924766 470,50250988557775 1,9981341139333888 409143,31427440466 1
1707,8044728272582 32092,82336846676 2,9938766867925937 463,4945666952415 852,423858830181 402,65434559865326 323,6396296340503 68,40537107941134 5,326984829821327 0,3553131216444722 474,0480816947934 2,00439064838445 412717,3394163533 1
1731,850057699966 32018,89996249319 2,9833877906294832 466,2837540935225 849,1757115690862 400,3289999310143 322,3225903907423 67,97801445717086 5,348629957119174 0,3586232546111614 473,01240498526005 1,995086752401902 413826,1262036636 1
1721,96759014486 32100,99201036681 2,9915969471904793 471,1720592447278 863,7578084111578 398,78761801846275 319,9898749384984 67,0099976020811 5,353525704183577 0,3613780837223567 474,11949465277695 2,0032729790756187 409760,8576028245 1
1724,1563223556007 32265,79411837402 3,014764821053226 475,4597967128405 863,1348323312544 399,88557773029646 320,6584159046263 67,64650161571652 5,359293145173808 0,3618035337377692 478,04137405834047 1,996250708789797 414838,91045466677 1
1722,7581013431013 32112,948430462264 3,0050367325571767 435,5841261655386 852,6695482878582 402,63571626721205 327,4520657970975 69,73150200108546 5,386552709132695 0,3632585682282692 477,68459769998185 2,0158533449559037 413494,959726447 1
1717,9368620215294 32116,533786518426 3,0065596578857052 440,3184221884268 855,40180743145 402,9421004050566 325,3826413177473 70,31055629556329 5,3746011358925445 0,368109343744945 478,6610507005436 2,006845371831458 412018,26958045206 1
1709,117287315472 32263,703994345226 3,009833683670985 507,3959741228461 854,8936884160481 404,41139718608946 326,75044262228323 69,82918352565335 5,3914901738234375 0,36554748345973104 480,95535862935026 2,0093289329212234 410266,18639066984 1
1731,531879388677 32221,150362852542 2,9838327883384865 502,9791327046933 861,737016475542 394,38117500677083 327,54007313294255 66,73996212202039 5,3497173790519605 0,37282810140925804 472,61359089296053 2,0158238438587976 409510,4598544674 1
1726,1119827901944 32288,601956313094 2,985759588119497 504,0959804763011 858,1036258251289 389,2688010250974 329,6952669794402 66,9057788517003 5,367918535712057 0,36872155890584823 479,32891213842004 2,00633197259772 411003,4894501422 1
1729,7945115102814 32421,069776172902 3,003781199035731 498,0129406381186 867,2378240141002 381,9891424921089 319,7606508312332 67,71352648339618 5,374090212941499 0,36994716083684737 481,7393595768717 1,9925282978182246 411571,1766813078 1
1723,6483281892163 32050,465716225848 2,974082751898205 492,1546151004873 862,8222399471532 387,0807226665849 322,5584500498251 67,5257115880007 5,422657518381941 0,369594524965104 475,2962507607032 1,9951757609209662 407065,78794260527 1
1717,132449816191 32355,847962938646 2,9646934658862554 472,2475877130138 861,8374851081327 384,88028480022274 317,42454941660526 68,81022808871647 5,3671921114597785 0,37066353756624054 479,5955129198037 2,009705139849833 406301,5995251271 1
1737,5582825206436 32132,75720370559 3,0222986017946347 473,1174624296382 847,9029500273904 380,36915421166685 316,82827585769707 67,55636960535575 5,364782667368851 0,3743810817170481 483,3362687151272 1,9909749233577092 409973,2932941718 1
1739,5517992608934 32075,123403307178 2,9959285999455316 502,8161242505001 864,6889684525922 385,98423102662696 321,27110554884086 67,21886231913648 5,40562022038069 0,37347137500344846 488,2423685962865 2,0094507679401064 409176,7525485534 1
1735,281160177014 32393,648748035826 3,007736953332093 502,9288360654221 861,2587439800889 385,2267539569504 325,0650808545104 66,91267594782268 5,342798826951836 0,37892183830161774 484,77482101219124 2,007115780269204 413338,71409070585 1
1729,0907548428343 32200,76994559381 2,989024514248474 521,5863116201787 865,2962619348692 385,6106965840084 321,19579876421716 67,31035907313512 5,403888105634561 0,37589353092510164 485,3492268017386 2,0045851894807183 412180,9626783179 1
1726,1508040820302 32108,610638799437 2,9948802397675927 517,9013902175069 874,7770324038191 392,2978399150978 321,1151202764495 66,79780761632712 5,337022013218475 0,3809151691296737 488,53234064521274 2,003430446701396 407957,5718594218 1
1726,1474549552652 32013,33970738262 3,003524018831129 519,7384061428774 867,3698727203321 396,7645991429709 318,6992279016923 66,78440832174209 5,4001450044199935 0,3800270984482436 487,35556535533414 1,9669425402659635 405287,0775444667 1
1729,8593312805656 32226,22633405231 2,973658609842225 490,3991443086643 859,8384802100226 390,3809017296608 316,64910526815675 67,17372467455085 5,373618030505898 0,3827303844828684 485,2053227158883 1,987886521194619 409089,00672250864 1
1712,7768318006865 32347,416071582928 2,983909146215301 492,08726492548465 868,0417362409223 393,0659291775821 315,3143191465735 67,2954850712229 5,395886190312388 0,3825230558731543 488,2907349346589 1,9944033774046253 409434,6224662579 1
1719,9525242972918 32368,20002636075 2,9970458023419884 441,0465715745315 865,1858883530942 388,6754251500078 320,2714632117269 66,5716818709077 5,344834217951315 0,38053511879584884 491,4949667300142 1,9937785317672834 411193,942476896 1
1724,6557839297843 32264,658895783006 3,014409178599371 446,23846138322835 863,4170809361957 386,4372259620847 314,908928918325 66,55785222773464 5,39252703006802 0,38563081399999233 488,8573101681856 1,9930990236197168 409833,4311608801 1
1726,2066376117632 32352,72071186856 2,980548970423239 437,58532258726 850,9036796870113 390,922360132522 316,6806407433258 70,04010858587513 5,335085812740314 0,38204369453343484 489,3020593753363 2,0028846807547187 408871,23767800874 1
1734,6539412897703 32141,775838708327 3,0210508993440977 434,1191776976605 843,6390926177778 391,8122641296434 317,54203282540965 69,40678051427952 5,410656868720789 0,3900331313838631 494,5374223506276 2,0019988116701666 411017,5811198776 1
1725,761604301821 32325,51518491326 3,009274447070452 478,80124645719206 843,431633720855 389,146896475056 316,8873491390096 69,79766353213189 5,391588608748055 0,3922360736423502 491,2506489912769 1,994274348597444 407085,49174396734 1
1740,0637383633455 31914,09064385885 2,9822648510977334 480,77626935321774 855,4580927159657 382,9295385063288 319,3705121892266 68,65040255197731 5,37382052182764 0,391995592480688 494,872786950666 1,9956164879196743 409013,73081242124 1
1724,642811777636 32418,21238171707 3,005037858037479 474,6964120318465 862,0015784952874 386,2362976307504 319,7553560264033 68,78870796210099 5,413212908643057 0,38874794736599416 494,44237858465914 2,0110780699290367 407799,449085312 1
1708,019184516359 31848,14793405584 3,0010568345591917 490,0789337434456 855,7188749371759 381,0673219257916 313,6484221391044 67,18040490396955 5,381746110163425 0,3908404775413186 493,15283257658956 2,0077260200976235 408435,715408014 1
1736,5915241731411 32225,845332822963 3,0205941590622496 491,5299834093719 862,5266282155444 380,99800491797856 315,54981354348064 67,13445520745184 5,387092314440338 0,3931344721873571 492,003106287289 2,009193118942588 409209,2353063396 1
1727,6446641225841 32114,579756249517 3,0128752464492408 470,78371805505657 871,7150244436122 385,46443314692806 320,70704023371195 67,03157084294425 5,350952898238175 0,39463408317671456 498,64322845115555 2,0086913445188372 410657,5416718551 1
