Co2(scd40) raw_signla(sgp40) aiq(ens160) tvoc(ens160) eco2(ens160) rs1(ens160) rs3(ens160) rs4(ens160) rmox(zmod4410) tvoc(zmod4410) eco2(zmod4410) iaq(zmod4410) resistencia(bme688) Aire/muestra
2038,4331474500634 31611,718098901652 3,011408716423102 302,95223737252616 806,9558526323106 342,6171364531306 320,13791792870387 76,95256813472295 5,392650416790262 0,39747704990652755 409,84953202582284 1,99664390134181 485262,42659318016 1
2020,442411828869 31856,40907799732 3,002233873944996 286,92378961037474 785,9986498930504 365,46003175263326 333,69619436351013 78,56812816081226 5,346196928732698 0,39858432566241275 411,0972634870201 2,0106949895686217 486285,66174404544 1
2028,2367046923853 31527,240501312946 3,0100694995563577 286,27340606908155 792,8371751857283 363,6316021070419 332,25103511141367 78,30930127057694 5,423070925236919 0,42303575511096536 416,2130105667656 2,011571524069306 489864,0232104406 1
2025,3920388988404 31593,1279216861 3,009184479944553 282,53612874297494 798,9633366238902 354,5249375400361 335,72543522027007 78,09822857301279 5,405776711536226 0,42793943638534004 416,59922392555285 2,010585780172907 487318,929414616 1
2036,2136960456287 31560,166375550823 2,9902237060617516 286,49839632154834 802,9599097733362 356,05304528492843 334,11906153168866 78,11877260650347 5,380674229563649 0,4531659779431432 416,21671640296336 1,9956449566160313 491016,84470963886 1
2013,3428231643045 31757,781552242624 2,9910575865703533 291,97834900960345 801,2623200904296 352,0859718557593 337,60517712079115 76,72377909927903 5,383828176129743 0,4524759301199024 417,7605663074625 2,002048983927877 490794,8360060307 1
2028,9859947340465 31900,735590858305 2,9999961607691357 292,53948833454194 794,6603116443302 367,6710152649603 336,45641212398954 78,78964434197944 5,432725314510259 0,4732014911324656 420,8302413857148 1,9930415209004295 489100,9448020862 1
2009,6579916945518 31681,39931879217 2,9923680245363284 291,11813404775273 797,4179439662533 370,2261604220923 336,1746952443343 78,15095664591996 5,390584757773713 0,46836828572014694 418,31896409463013 1,9947218746689541 483503,90340510284 1
2026,8865093067984 31574,61416399248 3,021860021661476 311,69282254739653 809,0656482920375 371,87130495091037 337,08982049697676 76,96947185898804 5,41049710939251 0,4743254642129284 419,5932042224429 2,021065787666109 482384,39278624364 1
2019,4921751369195 31759,62032596823 3,0152507139080837 310,79500950157643 799,3966143419166 369,31324324424236 335,1811580777142 77,16961335543088 5,409389737271331 0,49730342100708125 421,6522014154033 1,9824567070948718 486561,89874561003 1
2027,886171176217 31320,58475593428 2,9909116994765585 292,52471108982314 796,5449844251133 355,8999706184789 336,5621620929064 78,16967114059699 5,3917006207686065 0,4927940051623999 425,26820034432194 2,0153790310036994 480118,36112462677 1
2016,5221159560112 31779,006488272684 2,974167163453326 293,0739750617252 799,0890717692894 357,2530862878005 340,13076380799606 78,28828952793828 5,43717057266034 0,5109343269547748 419,2280324801625 2,0038967961003236 486462,3619619018 1
2029,8243797951443 31917,555710450815 3,0326134563669935 271,3063540067467 767,5623049023962 362,51463084453246 350,82775604101306 79,91813212998373 5,380031097377109 0,514152361538291 418,1932456133065 1,999460837530767 483235,90417115967 1
2046,818936807502 31621,980767597706 3,0202768263764423 271,0955169655859 772,5236495739464 360,1821808772444 351,0536305290635 80,14586527215081 5,394961352251804 0,5307996718241834 421,03485931381636 2,0058537744439446 489046,1926861646 1
2016,8509309512192 31839,044871507114 2,9818849720585856 268,30427468926405 766,5321591423426 363,1135711016285 355,25104628875033 80,55787145677046 5,344045674596271 0,5254493279826171 424,259127029632 1,9900765323532357 483932,05647721206 1
2019,5078681533914 31630,098489400025 3,001740449082919 271,3248305481589 775,0956557106939 349,3865973618636 333,85613315231046 80,08635616041428 5,432867049186132 0,537871375881214 423,8317523255081 1,9871864696247243 480735,51533541194 1
2021,6166535374675 31341,089793221327 2,9961080798343103 271,98019864816575 772,7325598043492 345,3002854039644 334,51422330541834 79,65176073202966 5,400053224405617 0,5396224860342728 425,4734791425934 2,0127585246708466 482116,19950915675 1
2022,5711440943053 31550,350092048975 3,0222443171235547 261,39118490760194 765,0902568293412 357,89000677170924 344,55083533952484 80,76514027577709 5,415614571676826 0,5365646817622934 424,4712896676432 2,000690488302583 483579,3289774375 1
2031,604172740889 31539,631278820507 3,0197107320995342 259,26686648597223 763,5686599305214 358,6296274272458 344,9430241897541 80,1099337641498 5,378267707853136 0,5542921905100789 427,4128573880758 2,0171206470432885 485085,53544593544 1
2031,4706751261292 31681,231359699894 3,0240726804703346 293,3169949184991 791,0419330427529 354,6487019995338 346,881915145838 78,3648912885602 5,393649041935464 0,5571248038576183 424,97027883963915 1,9976075561532207 484025,1950416815 1
2012,0968548100818 31419,87755138329 2,998778090291397 293,25792364614097 789,0134739982933 362,4475474380557 350,2643595774406 77,59600020706382 5,416412849854964 0,563665775473643 423,394608047305 2,006954991081566 481170,2778588332 1
2056,1743162660964 31699,277311824575 3,0068957921165835 263,40127169117375 770,5695468743868 361,3911400770697 349,14181843146713 80,96301953104746 5,39014354312175 0,5616271255764563 423,681972599738 2,0026954478855834 483357,014826164 1
2044,1906970477055 31709,755734339262 2,978967117107857 264,4084836900772 763,666574688887 362,2682717821855 349,55165161931257 80,06112062965394 5,382436336025957 0,5727472147633044 426,5634926701333 2,009860162737417 483361,58969190164 1
2049,060178901461 31559,242766424297 2,9887623228317453 275,37060698408004 763,6068060447521 363,9924116873774 348,7330198645839 80,16511143304335 5,444133484552976 0,5685404792358855 426,3709126628217 1,9981779094584777 482697,2486878684 1
2046,9722774176794 31636,9563493539 3,0250690989868794 275,6662917731226 773,9282427300315 357,8455100551038 355,79834963118134 79,11069520326205 5,389992056855667 0,5777003933034779 427,1369177749782 1,9913035485994406 484837,5535840307 1
2041,663966836276 31919,45241363541 3,007764443077898 272,6569710458049 779,115920319933 355,4921317320052 357,63291687838944 79,0316862595278 5,398682038677896 0,5785939116202511 425,84987223915186 2,0002599667948284 485636,0679599596 1
2047,4370228451814 31425,69047667069 2,979247837247617 272,38471869893664 770,6648310231236 367,07136505015615 350,7885866547169 79,57344463468122 5,4414043203906965 0,5869890078565401 426,18671394587784 1,9880239180945587 480153,32072957547 1
2031,850631081142 31490,910320571904 3,008506929203273 268,783816552837 776,3473464326073 366,88325742839004 348,1707782103301 80,21761924862084 5,415645304897416 0,5842095027170124 422,49112895265085 1,995012218483515 480778,6608355523 1
2014,6123359585752 31692,113703946543 2,99014159766159 256,29493685309313 771,2786935017989 366,5907461411734 355,48185288329125 80,816553608308 5,418503876926894 0,5871597934998544 427,0114380139322 2,006506993904928 486413,82089985826 1
2018,8034978642413 31613,30685678795 3,001206663045701 257,44448787586725 763,1377074528342 364,66458532920933 353,90285670705975 80,58811507328052 5,407503109465045 0,5892005799767176 428,8864888726147 2,018345974102069 478800,22730998765 1
2048,270362147983 31610,412353362917 3,0394638070589015 267,9404541380329 771,9810178620195 371,0291920694088 352,67494821869946 79,829234539872 5,3980687464489225 0,5890176231743837 425,9890066224167 1,9937834930872176 482431,5521861874 1
2045,2765833056922 31579,55202451483 2,9998152801627125 266,9643263525672 768,0215346457421 366,48601070173714 355,60219289115605 79,7195678478813 5,421925350094557 0,5933710095195159 429,0898677013984 2,000467072173422 483687,24319119216 1
2038,7062000156423 31590,719645933907 3,010464019681178 266,1921233255768 772,4853603725745 369,10665436271796 350,82202246466807 80,01736090279411 5,438828340069286 0,5920403632762508 434,00036610106963 1,9999642894178946 486529,7699874387 1
2042,0314034175217 31824,531986252507 2,999092923082445 264,37508655374353 766,9496967134965 358,74857353538425 357,7222924231191 79,58650818789899 5,393335620035534 0,5964924011654466 432,131374361104 1,987782223529693 486575,891995777 1
2043,2962866194825 31628,489211642376 2,990340943821378 263,9910387398037 766,8323338878339 362,51005512951673 356,83536085130334 80,5239179450772 5,413601413378127 0,5994689813263057 431,5633892674875 2,0131605752007635 484174,5296801368 1
2041,242114515162 31519,545271125487 3,003136365555112 275,8436430154835 787,1740604935432 359,4997379082602 359,6165327588579 79,69583298549105 5,442232873558553 0,5962470272074689 434,25604618096594 1,9900555850391737 481066,0499509153 1
2028,3706658907286 31730,624119323104 3,0145774963168788 275,2908850385589 776,4657349467235 357,04478203830286 356,21809611452227 79,6893338270036 5,464558053514938 0,6001539043456043 432,7261526389797 1,9987709610783593 478182,3246677285 1
2035,3307235756236 31660,71671756839 3,0086441338197845 241,6637681263586 763,1786789201127 364,57084345753844 363,0389469028881 80,26779170342148 5,471841460274742 0,6010665662027398 435,2663536212321 2,0045806253135305 481640,7829913986 1
2015,9420209497223 31462,729529013628 3,0071650785075974 243,8566889083845 762,6666995815025 364,5863396604702 362,36157652759 80,72321528870448 5,385918668041302 0,6008035161006955 435,738385126063 1,9923692080107096 481900,18998281326 1
2026,8341677815597 31811,33966726998 2,9792457137591812 270,04024830741054 780,7829745895782 355,24721479074253 356,60273325182436 80,07696381241307 5,413429032398906 0,6096294295705156 436,8122906723601 1,9866992376059265 481951,0598741821 1
2056,354799140444 31563,07341402986 3,0130876792815595 270,24022519848637 767,5477655224139 356,89051630523664 354,54882283750567 80,06383045780169 5,375937947302162 0,6038215147904726 439,0211836239369 1,9856560705403294 483917,2228994565 1
2055,7230579786756 31512,694517412543 2,9984404156467663 251,92901168093914 776,5048970757066 353,2628474835917 355,0735088576588 79,69369954654827 5,416438769594482 0,6021782950185791 443,84754794123904 1,9924659615081144 477264,6730084309 1
2061,1106086442674 31349,805012200304 3,0209764492887365 252,93504968711946 753,3530903729803 371,96625195492953 358,6032334326066 80,43981873412926 5,393159296274129 0,6082722935389041 445,1169192153478 1,9902161757516212 481797,9982796764 1
2046,6667130152164 31785,016987816154 3,0110729619258816 255,91962958398233 750,767519850772 374,85724568421506 359,0069660064436 81,19387408095254 5,431078238871739 0,6049623345469369 440,8926728786856 1,9811971298221083 479241,4223233635 1
2059,2625290638584 31635,09956549218 2,9806588303388057 271,48652666516966 779,671361609044 356,2229196455538 355,0700903205068 79,19537702341012 5,3821570289369385 0,6120137004792174 443,89281486708023 2,0047110207126746 484883,41104153235 1
2063,65663135478 31609,27748371882 3,0007234391138318 273,7018427888482 782,1934128843593 357,3525200265206 358,1548280719142 80,03402779821029 5,449414653042219 0,606316014554489 446,5980859540408 2,003929160049263 477055,99440060626 1
2041,1722072916577 31428,054724783935 2,9901726661781654 275,5828617674258 776,6486672286447 355,3124729180991 362,4693339149426 80,78691325252159 5,380836044248198 0,6094056106973978 446,8286059567722 1,9950103596693758 474595,94160507864 1
2042,21525072898 31564,32645326384 3,0102775564314754 274,6929610587056 770,4181761301892 355,2205967790498 361,6407647354865 80,71112208621436 5,45635251229455 0,6071752841389126 448,9366824067367 2,007225144490145 482702,01723942143 1
2042,5853379255775 31389,36337347971 3,0036057004691212 272,8265759312093 776,6205638117052 364,47113013221787 361,0672355300708 80,02695642069652 5,364081112101473 0,6076702122299618 449,24837858882427 2,003143378167122 477616,4076482047 1
2051,3676095683277 31601,185899279575 3,0062336711677737 270,81126841698534 776,9633855626658 362,77812060224494 360,5885453576145 79,72640415696056 5,428580377014837 0,6094494602590061 451,1808574908931 2,00786155528349 475727,27973997337 1
2064,506478881894 31604,319619896058 2,998357558111541 278,5980443110765 779,3772381198444 363,6490067596723 360,4496144519443 79,659720513202 5,4229898739154985 0,6063141379186034 453,75066803258795 1,9938697205834974 476343,4900147167 1
2022,9327290670265 31732,214342329156 3,007170692684072 281,21402064826674 787,5984218408012 365,64935402074485 352,3467627429034 78,91673865957564 5,424818482699283 0,6117251948045583 452,70672734370356 2,003442809451871 478240,5384761541 1
2049,694746918048 31518,941650817964 2,9867042135757034 282,3676143503595 791,1577217760187 366,47450029084956 359,1582137866639 78,29966731131961 5,416428059375835 0,610849633987054 454,22714226602744 2,0008610106257643 479673,0525503306 1
2055,785203233172 31550,66757933732 3,0123960304692936 281,88705326841585 789,4547781330366 359,05501093503875 358,2753205621631 78,76532769088567 5,436990691876828 0,602443141955622 456,35085525425393 2,000348697890382 479711,19191625406 1
2067,532557055905 31637,00877556082 2,9575339056415233 282,6909229206709 789,5370309682883 362,15708253308355 357,3819379024787 78,39100119721152 5,415506442447665 0,6064387192400795 453,6513480652872 1,995732099960707 477515,04379954154 1
2031,8524742924344 31400,990211657238 3,018797784771502 272,7927868131969 773,4854211291372 355,273339280022 353,040447784192 79,92138791614826 5,454809029849428 0,6064853014128468 453,2512252071432 1,9839586774594222 477067,29378797504 1
2064,759594807935 31447,59523292158 3,001624359206301 274,65413226390024 776,9098034761114 356,0614417205667 352,02551353718053 79,39818659469479 5,431804398283027 0,6018208791163139 457,7807778791412 1,9878711457170428 476648,13336511736 1
2057,408500420867 31570,588203018215 3,015533572642764 254,48405179782367 757,3334073636759 357,0111490769639 360,19802606555356 81,09943296818612 5,385989283087641 0,6052236878746072 457,0682663522356 1,9945835617495538 477867,63118666154 1
2054,921187130346 31736,40510948004 3,0016240050198437 254,07102824704148 756,313531158069 359,1393197893855 359,79902857857417 81,13260692115512 5,3350906688381 0,6081541586125716 462,2118311367554 2,0085236598803498 472139,9085845977 1
2062,2200368493036 31545,487982152208 2,9757564418362286 272,0704701677591 759,1025370901242 357,9312091035115 360,5722642602924 80,99949888920169 5,421034656967109 0,6077309986599645 459,79966861820736 1,985052385367514 478008,78871772136 1
2040,0208542945654 31436,222045854316 2,9813903556431596 274,14450637818493 783,3083092191723 364,3727656229963 354,14116759183895 79,52947580654401 5,441297241567203 0,6107231361718883 462,5388237252001 2,0066829222311067 476684,4545824287 1
2059,0628874749673 31342,920838836777 3,0091696862022883 273,477886196723 779,8406003901124 368,84904481767416 355,43931504028654 79,7093266781571 5,394456803002511 0,6048404359183264 461,7952341505155 2,0126857098086437 478655,15463053336 1
2059,0324074861123 31366,12498713929 3,0068514499471624 267,6568880224224 769,1484923925502 360,18136298541083 358,8395013572953 79,70501314456891 5,387671676638631 0,6063779948351801 462,7724667249998 2,006689534065765 474520,64595300413 1
2045,5061835026718 31634,357590708307 3,0089828060408674 273,37470144333895 780,0839040831529 358,14133720419915 356,83723257781816 80,6490116490016 5,414080858837101 0,6111975470306508 463,47625567913076 2,0045168591543865 473618,7707742364 1
2045,323324527082 31887,560361663778 3,000733804108926 239,4193981078506 757,0782402482804 355,4896191347431 364,8159485292264 80,61503947502965 5,3679583971546565 0,6062801681793484 464,536746240126 2,0015587321508486 472562,5498861011 1
2036,9861254221346 31579,381718792265 3,0148862576140294 241,6999302446822 758,8772646607456 358,01287736635385 363,999530543596 81,35552155794464 5,435098571469886 0,6107393054019825 467,4662125251208 1,9937291175164795 476353,0168355818 1
2041,4506505852808 31500,3343346443 3,0271131129159574 257,6497830778751 757,7876314208573 368,84674143092536 359,9847838293523 80,5800306408998 5,383402260361278 0,6119925682210849 465,3525987747416 2,0042365251119203 476812,19114158076 1
2043,941602185822 31391,02161962449 2,9998180779578885 259,606989113021 755,3106829452482 369,1948562588313 364,39613812534077 81,25691472631691 5,346386525055242 0,6029524172384757 465,34549367811496 1,9952097435863678 473430,2013188856 1
2057,4920636729216 31540,54051793093 2,9832371025912368 298,2269523441653 759,9964714480625 367,30990208640736 362,4127274326634 80,72628097941224 5,387003855823646 0,6070705825939268 469,77794110216684 1,9917260085456168 469890,35868378764 1
2040,2718543427955 31607,621069311226 2,995743294285669 296,7029502946156 793,7435054275871 363,56252004094995 355,3524312257875 78,2547267169807 5,418839110315511 0,6092887050220779 474,5807097345971 1,9965665109116404 473313,195718179 1
2064,966427099582 31455,031019816863 3,0215695211629496 295,23744240091065 803,4657954849928 363,06953666816304 355,1128704097342 77,74956919743103 5,387766909756087 0,608681529728568 469,9185559016032 2,0084410629060665 473798,3569473253 1
2065,9846620094872 31712,90077044662 3,0305707541727487 241,95485224530574 743,3708655253631 369,72830590754756 368,972866957127 82,54167436513055 5,411586796476308 0,60525480782826 472,1751646099803 1,9793525224537947 475502,51393718173 1
2038,1400509345924 31376,796068134623 3,023635901097155 243,63957471662854 746,8808896371215 368,23477526648503 369,8885545203035 81,68502397630114 5,406127203128976 0,6114824221321158 466,29593825526507 2,0023747097131515 476188,85411926475 1
2061,7636797488904 31334,692346165313 3,012183584344368 240,0034696690305 794,9801845325277 361,3738219985097 361,4451920292032 78,13127920520749 5,369730352933618 0,604262465459557 472,6920510618504 2,0020817072379913 472094,4519446482 1
2046,141985593002 31589,7169320196 3,009435277998154 236,44392838737622 787,2785102985346 361,50207889302754 362,3617093770078 79,15180550064171 5,420025477083851 0,6112672375979874 469,3384338895363 1,9982447483235781 475065,95733239566 1
2050,1785154022778 31307,545101329782 2,991155039482509 262,03802434119325 765,0793228567642 352,41121012321 359,2651262210029 80,37623984386198 5,443793509775109 0,6086046467345281 474,0528639919745 1,9938868355298738 480641,4762819982 1
2073,0930997208006 31853,064070949204 3,000508551372561 263,72857155750273 762,865177639584 350,3352869591945 361,40028189458025 80,3004389580745 5,392214990482169 0,6073515457710196 474,009107772047 2,0045451034793245 475621,94238880434 1
2068,5035511511237 31386,877258241104 2,9974202805512524 268,53322239680125 760,5206437753308 350,89608162943637 359,167531086065 81,02477001060342 5,339577915423826 0,6074362309792375 471,85299121366995 2,0077243781043794 473383,5668732769 1
2059,2170299825275 31657,405160742364 3,0040473463659234 272,18622063875495 774,6944921698936 359,51324447172874 366,1639993456312 80,0075792697461 5,376245313552051 0,6010393754690478 482,74734362645967 1,999566655440511 470666,97056910826 1
2041,7039041916103 31655,807728639735 2,9944694950232655 270,53973437088086 770,4464388661684 359,1546573466334 362,33322190389526 80,25328974294129 5,458980716544163 0,6045473364043372 478,40936309207586 1,9959200092710647 469448,63840760954 1
2070,6994050143635 31387,01723890628 2,98807197693653 289,55840617119907 789,9005693651061 363,78957402961953 357,49330126678126 77,91696860913494 5,407705827426294 0,6021202143518181 472,7601796121008 2,0071947492509836 471435,04633863387 1
2060,7291760656085 31526,86064512251 2,9880444945396896 285,38265855759624 794,5083635703093 365,2586784160454 354,22235490161285 79,08594341271122 5,392298213816827 0,6060662139721057 473,6022769596173 1,991796607059212 473326,2689552576 1
2055,4619029069963 31579,524622459583 2,978978445433532 286,1503238124621 795,3609127441752 367,093648730737 358,7910886245945 78,79128109143569 5,372247879348251 0,6058321858308751 476,35487888121725 2,0050830702530376 476213,6107802776 1
2055,687568738472 31426,813969369643 2,9800158056551362 286,0827812259484 787,4833553861846 366,29576210212247 357,2691195845169 78,64804148274091 5,388441834487793 0,6092599283593428 480,37394771566477 1,99551006714369 471240,2105184625 1
2040,326115866192 31621,626787857287 3,0252825806245185 269,17632710595234 766,6970755973963 357,02286662987814 364,4224683120629 79,92548314746472 5,443068068457245 0,6020722660626429 472,311585680029 2,001605205266626 472401,07381972665 1
2044,327152999569 31478,48153214031 3,01548424821989 269,3739019453175 770,6032494931392 355,31426971502106 368,6699482868543 79,50905566804941 5,407669291286791 0,605767714497875 475,49296800495756 1,9810551486771502 469874,5648683009 1
2059,4773964270194 31715,96436058376 3,004717829099353 273,06870168027507 772,8680674728724 355,3438969265614 363,6526821301592 79,83271056454397 5,362732403443519 0,6020646703076692 481,0510210274753 1,998682574262421 472231,3809144511 1
2070,788485957403 31736,669868550158 2,9679097005853787 273,0140603450896 781,5013066046081 367,25247384164345 358,0893138443146 78,90962472653526 5,353592893137619 0,6088934797084221 482,1850911933684 1,9966964476630686 468837,3111745354 1
2045,0836468622138 31893,55385266845 2,9856219519377207 271,2549456882262 777,9543177670785 368,3278688863073 359,4302570774307 79,82261011307577 5,392580159016849 0,6030309328179407 477,6653756892799 1,9929879998188218 476615,11323365255 1
2064,3229796606693 31446,29321716681 3,0177524808310805 286,70085323312503 787,6718332787545 359,90334860339766 365,9983252961256 78,00306622535334 5,453160972644789 0,612646321323773 484,2024743426885 2,0079538693941483 474956,41913830506 1
2064,8399624437884 31584,403865955595 3,003112734011957 287,4922002428644 785,5793790788996 357,4163319033681 365,9146630275986 78,98635247577143 5,435009984166172 0,609968999314093 477,20659937577665 1,9974773078477457 474649,75691917725 1
2066,054420406536 31288,542442950442 2,996244863348079 316,64503834726975 811,5518570297708 350,2682827299945 355,6456646153452 76,13646101696315 5,387242907503667 0,6101350084186019 482,34155631226486 2,0015372077971265 475489,77653783886 1
2053,413602212965 31340,269255927666 2,99153900698262 318,88440913553586 810,8580934618989 346,9366731232112 356,5516931689858 76,11143889857186 5,411077835990419 0,6090299596006924 476,72840650388815 1,995796198850536 472992,6001250388 1
2057,1095863975993 31506,373261975707 2,999491101042304 259,5756815565877 763,9549751765363 357,2764576581996 366,24976146713794 79,72863302154889 5,4010167410623815 0,6091205915119061 480,6805580860859 1,9965822589656452 472312,3464650911 1
2053,1067495024568 31500,43972889301 3,010679284693055 260,25766920280387 756,769251741898 356,0486676709901 365,68644951373585 80,9761608117488 5,393594791108738 0,6001021570062754 480,4749758379831 2,0084372645275668 471306,56329258083 1
2031,3729364837473 31596,078706910124 3,011887138027852 266,82140055680964 762,2448969468996 355,5839919568117 362,22299186429575 80,77666683183132 5,460171195521762 0,6012858055033036 481,83483325709466 1,9914139550404093 471774,98080056434 1
2055,501082120889 31541,692786671047 2,994342773015515 264,4203480278848 766,0959182593242 350,1763315504591 367,8314831921457 79,95830187804835 5,420354291746546 0,6046967144808986 480,6303145975978 1,9993872187902364 475217,1325525164 1
2069,1704190301025 31771,13021418371 3,0418779634766144 268,09486516373147 775,7898284031279 354,6230958659635 366,3839663604367 80,28627927010712 5,448920136617474 0,6035429179818707 480,5762455089255 2,0045795051712654 474478,7004055095 1
2055,1987596109548 31438,89479934034 3,0122441501145962 271,6781738200026 776,3948777982736 369,78275091782234 362,7710288593979 81,95577782690235 5,385736770712276 0,6101748984303158 480,11091521451505 2,0060787384098493 469586,7552035515 1
2071,690318574289 31641,41454545746 2,9999116924205897 269,9623603878922 768,9791498419488 366,7100399279358 365,280940770339 81,27673607441844 5,399490513597881 0,6041962147882314 483,00546918401176 2,0077888599845006 470847,6076217157 1
