Co2(scd40) raw_signla(sgp40) aiq(ens160) tvoc(ens160) eco2(ens160) rs1(ens160) rs3(ens160) rs4(ens160) rmox(zmod4410) tvoc(zmod4410) eco2(zmod4410) iaq(zmod4410) resistencia(bme688) Aire/muestra
1271,7789420920722 31405,85716987222 3,009472535731371 350,9105254096638 820,3224672126574 212,03169644075675 112,29081011955434 74,81032733624296 5,47054486413665 0,9982166749339227 405,3594655427594 3,0063983581210936 405032,0416706905 1
1264,3961354938247 31106,916930185973 2,9942697649757166 321,27715989903845 817,5097384224146 210,0658415399934 113,12462011386357 74,7757540142742 5,49337569286143 1,0003110057149838 405,52278812576486 3,029473717574021 401326,93045434897 1
1271,7878467612277 31085,440473031114 3,006164800793775 319,76697711582995 808,0399002641038 206,45511988557774 114,69027569629401 76,60196034341705 5,458849571313285 1,010280442810577 408,51512244880007 2,988495934095522 397903,92611515964 1
1264,7694653339172 31228,782410117812 3,000079246566329 320,2072038410448 810,8842484706521 208,92061367785567 114,27228595461243 76,740712033695 5,488928684012449 1,0093550560302222 403,19770537684366 2,9747440352993464 402408,6960712824 1
1264,0391695376713 31217,132732302936 3,008395852471059 302,12947883542387 820,5940107169944 204,7554644129185 114,77378362505053 76,13904565517474 5,415288703770795 1,0044610187479575 408,1363480047919 2,976344451972747 400475,085396611 1
1260,3761290216453 31358,513886411933 2,995778234347518 303,492381078249 810,6927003690719 204,43710733666387 113,63568198040063 75,97619613880332 5,4876163889734855 1,024817066610882 404,7350030024322 2,9804017722689076 401011,69442270655 1
1269,9633981702534 31410,802370747515 2,9865048639702425 273,5907225733067 774,5354337061439 201,18973533039292 115,26412608024278 80,5240693238877 5,457377100116677 1,0201722421027086 409,2144205371335 3,0187328010941252 398886,40448585345 1
1267,5742357913778 31208,61676955271 2,9930938826528877 269,68126012565705 782,1233106988587 202,6339943928535 115,21259872010077 81,07789726404044 5,492360766780742 1,0349301784050318 410,4984527140395 3,0217558587342177 400525,6315384999 1
1255,5773020673073 31385,123876976682 3,0044604174094762 287,6276265993178 786,8383294592489 205,72935929491948 117,57180774122693 78,75499177050769 5,422499995948841 1,0321303593076159 410,74823106075814 3,0176605235706715 399234,3384955344 1
1264,0391171729514 31541,61078370903 2,9946681660882435 287,08611684132785 790,5595818724548 204,98312587490136 117,58220583654382 79,33057098055559 5,4541347050096745 1,040405615783287 411,36658087562597 2,9807039517143172 400949,2795370483 1
1268,9220815315036 31421,53751704107 3,0275106623783694 270,16068826220015 795,2314754671298 204,42900260637848 116,79958078007299 79,2069447754996 5,436277908461743 1,0416647300963113 412,1203712373716 3,001739084774334 400210,35087277874 1
1261,0930716625546 31184,563153905736 2,961951132257825 271,78776816785194 771,1673973241293 203,88320161140388 118,29296279798747 80,9977588258975 5,47429589943113 1,0450378189137948 411,78479086972357 3,011347953867371 399204,95674009714 1
1266,1890028244882 31344,68035375739 2,9965781157071802 271,7297872248031 776,035931210852 205,97566270046832 119,35443899952936 81,43079480627082 5,491179023384458 1,0416598383883167 416,31766025939294 3,0003479024200823 400986,9572567813 1
1274,4767501275123 31480,726245770675 3,0035496912885966 285,7465312409956 766,2968639062493 206,13230681418494 119,79526564659199 80,92241894398727 5,4776605551697655 1,0541870190912357 414,4469853612799 3,012031851723699 396751,35154041596 1
1269,2990422169466 31273,453392948868 3,018178102274234 287,9254155856646 764,1508280384257 205,5720974005796 120,28340143664627 80,63871050480896 5,43744613301187 1,051789247448536 414,280570119674 3,012444281971783 398768,7379156715 1
1269,6486360560637 31410,66858907843 3,0192971848111605 262,13818542118594 768,1564998314177 206,05197247581933 121,5609720358804 81,4328195289105 5,520021121867326 1,0672386489144734 412,22884651182795 2,997167595756255 401439,96266362973 1
1269,79646868069 31650,581576400535 3,007598794623605 259,2894778672954 759,8942537814919 204,59996017341518 122,71112152099023 80,40053460411579 5,420760589126861 1,0536870949348405 417,0988188573491 2,9884551052073434 396558,72671846655 1
1268,3100811765355 31261,506944787307 2,984680898850213 262,80725019857454 770,7990239459244 209,78996028152756 123,65485560006427 80,09146814510153 5,456276268255753 1,060877031477684 418,9778791290377 2,9855888915521582 399809,9773365174 1
1264,9319729937904 31480,078770446715 3,0022088423181117 263,66323882429367 756,340407359904 207,73338364023678 123,48325640517719 80,40008189815099 5,4485402738167545 1,0790100759561208 418,1628422283542 2,978114135983544 393950,3271611277 1
1271,3065418819306 31243,089951077654 2,9956391065441377 261,28746009535985 766,816351963069 207,45886629737433 124,68403097553002 80,83975358229645 5,425561889091003 1,0709931727828688 421,1774343621558 2,996593797903654 396253,01617385837 1
1265,8660204707671 31493,938775434344 3,0173577977759334 260,84493098340545 759,0270762402064 208,7252716924014 123,77221220737594 81,79838306726431 5,462268620075961 1,0689280099563174 420,02425094210224 2,998265590238712 399367,01231524773 1
1269,0049278201648 31138,962574613422 3,022620062836331 259,30231110867624 755,3333988196208 207,98861621657093 125,23185571242226 82,44704362880626 5,499076435437348 1,0732208696755756 420,062503529044 3,009805290230209 397224,25453218474 1
1267,3998902683957 31601,660601424617 2,987097552301411 253,56141721643206 753,7201932268075 210,65812314250016 125,51187020236256 81,76327479017138 5,495220843276811 1,06809832624953 423,5454257380449 2,985530258675108 394808,01086986205 1
1263,3494234705515 31102,843796390265 2,998011274314198 254,48110201536832 758,3613815924783 211,95773589656508 125,1377425194229 81,59141233110095 5,4498782870759035 1,0694572462368779 423,4735573619202 3,0154128754781886 403364,42634376575 1
1274,4280698050316 31410,953323630743 2,995272963260712 265,5240873365607 762,7102191159051 211,71331037940266 131,47440453188105 81,20330537022427 5,51506140234689 1,0870789925843702 424,4053840825551 3,0025775645318924 401471,011601565 1
1280,8567228391053 31070,068359590794 2,9955035765138724 265,2326987350316 771,2799986855968 211,6191997188656 130,91424316715023 80,3936888746319 5,409806916343721 1,0829208545006592 428,8587363364873 3,0006353242074857 397647,98936310376 1
1261,5371442101505 31340,02193634648 2,9900200743246534 251,33625209089084 755,8063487618741 211,83049553317053 131,65494001668444 81,66075668149207 5,42642825788202 1,0885798833760454 424,7524197838193 2,9888795315158285 393768,6460554023 1
1267,0097144966321 31878,299086662402 2,989874624737646 251,19282736567985 753,6959738652954 210,62699711847472 130,84692874460694 82,10877565170551 5,436589706491415 1,0755381796126506 425,4751820610641 3,0059521675155527 397742,5690540445 1
1261,5316133651245 31060,189699731956 3,0055515532782264 249,7723522904996 752,3300194641749 210,64904019907218 131,6144222259369 82,21735977466248 5,4848484496545815 1,082181895841061 427,3553529681473 2,9885173268899723 397976,8624592569 1
1274,6370933923013 31368,704101950378 3,016943268248283 250,4859866328333 743,8263556461677 207,45983616674786 131,855547236794 82,87545626436118 5,428344819746373 1,0853853419175297 431,3029369387483 2,989227919610099 394310,3995102256 1
1273,9028850361908 31406,418939992705 3,010736010396431 250,88273903936775 746,2143797816738 208,87539755810658 130,67574137999526 83,35172849765496 5,443235917702369 1,0809498509837754 431,29780278233517 2,9830491847486167 396127,90029490786 1
1274,6415554396579 31389,453071531992 3,0024624197982455 234,55384238409505 735,23157853833 213,97357959791435 133,75971499828933 83,32064034814044 5,448725744985702 1,083542701296486 429,1671500299039 2,998015982968252 396752,23615166865 1
1269,8395569306144 31369,468035901347 2,990919474694058 235,81813515967664 739,8018733284073 212,28083020833319 133,8810036447209 84,08521876975855 5,454002540553193 1,0892309014911172 434,1366111478391 2,9867456027057377 395197,38442992105 1
1269,240309769566 31334,866232032487 2,9869617841171485 237,4128147480614 737,2576351936847 213,7593855975286 133,77077504715967 84,00953729785716 5,415238685159175 1,089643192241823 432,6664005496721 3,0077004980025017 396637,8384692018 1
1263,8959053257568 31219,90196068426 2,9868196656336328 235,12342587641427 735,756262307671 214,14353189726407 132,81816525131643 83,77791493875002 5,3963744891814365 1,0920625441796266 436,4306236445943 2,9835575080404766 391896,33179297124 1
1274,0628560803987 31281,793854414813 2,9770303606052835 246,38831240940732 746,7585320168722 210,21561591107985 136,84660676499874 83,02019600111521 5,509636552882658 1,0979023034014463 438,39289525966393 2,9982451615999075 397582,0795065291 1
1254,339690460753 31283,85281426052 2,9856555786408907 245,3326432236586 744,3196493562201 210,35226685709006 134,46782269961287 82,98406921055113 5,443721221429793 1,0918154400361684 437,7145365131129 2,9982949331747024 397735,0844226193 1
1277,4303333632688 30966,90267236153 3,004302402586538 228,39903950717533 747,4698844373431 209,61369471952807 137,08604476925592 82,7707846912033 5,436864161960643 1,0875376166460022 439,2718724014022 2,9959226064021593 398439,3332021993 1
1265,2637585851057 31250,671834271845 2,969172388025332 228,84132864522564 724,89894696195 214,62102328873743 134,76016976245913 84,6195490732752 5,519109533092268 1,0864601466115924 439,7380308224652 3,009254777574906 399341,6684785034 1
1267,427880948656 31121,669153026796 2,9912253806421867 227,43512062267664 731,7352656971593 214,5798621166987 134,59068127512302 83,5614541541746 5,470180854755102 1,093957035767043 438,1019587075426 2,9925533819914243 399253,3539317111 1
1283,4744319943068 31207,145441943365 3,0045394618695256 254,55911930034586 751,8909760872534 217,71809410752977 137,52123748643882 82,29422962055772 5,432037060642298 1,0998738250151383 436,25958908504185 2,9969978428581725 397759,03057658393 1
1256,13663946046 31645,219010765093 3,0005664633935805 254,55352202867255 760,6245415206786 215,19616938848554 136,9400974423553 81,2628644483069 5,509904559832208 1,087343737034089 441,33129810686074 3,0112334305629016 395619,0459719147 1
1269,0979976695296 31316,465965332533 1,977171677254053 215,01202843206457 703,921328004024 212,01706845389148 136,2728064813629 84,85294850752693 5,511842675980252 1,0899322417656538 436,55575450694346 2,9890957902890656 396623,9184994194 1
1271,9660347272518 31388,65362405379 1,9852550794369448 214,6846033852372 713,6837517107718 212,90616739895484 134,8121185135304 85,56254950157067 5,459998080920026 1,0985706847905232 443,873492373951 2,998177474403373 398385,6419512276 1
1273,6474641126347 31253,20156606052 3,009147459214442 222,3919323805544 723,0215444299774 216,08776925629235 138,1160699930277 84,38472665836227 5,452283191883841 1,0995220052942924 441,8335568844671 2,986100697950014 399315,0303626239 1
1270,037495632372 31252,293628546744 3,0123865496829163 224,18538495430386 722,5016798478047 216,60796080209147 139,6066076311029 84,85253151395052 5,457430970257192 1,0964909060278463 440,8464542696262 2,990425979598256 396722,7465306945 1
1265,5745594737805 31321,558826248878 3,0057894379117314 220,05106844674506 724,3213338716458 217,01836029294896 138,9051247264341 83,9910157874187 5,475681023134239 1,0963789180116963 441,33151334526787 2,996227909919381 394736,5153334507 1
1263,106363291682 31037,96666282618 2,980075169622098 220,92662077757527 746,4199495117431 215,85250729433207 137,28324228013028 83,41963396424369 5,510181087912781 1,0883966302552608 444,6306579915414 2,9972527499007784 396152,31356009684 1
1274,8230737044053 31543,63453601309 2,984498258240211 221,00175670478922 744,3281537269422 219,38923538558637 137,56486254546633 82,41470375885969 5,39972720416485 1,1100294341427668 443,9539125139724 2,9962840377705593 396938,88131044793 1
1272,6125721607493 31519,804303240242 2,981142381220847 219,34134497655606 714,173269731242 216,54415320482826 141,42065408286112 84,10520736968864 5,439711611652245 1,0901462480204775 448,77671459538647 3,019827400007972 396426,2035733271 1
1276,2046449571726 31139,87833181451 2,9965329153707643 217,78439028551665 714,7762223491349 214,57771866150424 141,019658699136 85,23885943135926 5,488007694822533 1,1050208857913475 444,30470668211916 2,9986250273004162 398947,50281656417 1
1268,5541277319098 31265,07416447826 2,9920320218237704 220,3549660569086 718,6157860075092 217,02503633146455 137,94669559712588 85,04696221845309 5,453425401239398 1,08435679304302 442,8387116265394 2,9901025139408137 399518,844556742 1
1275,658051966608 31388,155368585718 2,984593999419029 220,40341819521328 715,7905516817893 217,0117012958549 138,29308738018352 85,44520736582044 5,4814321299236575 1,0913379347008096 444,6816719140568 2,9974234804004665 394198,1124247977 1
1266,7580231485658 31235,847937008715 2,9966980494979962 241,98807242927046 741,7972838639166 218,33721665334937 139,90906912662965 82,50712045943858 5,450302799813249 1,0907003260220955 446,0900900024352 2,968663136941734 392154,65121086646 1
1268,105452817353 31177,218885493294 2,9870996772620666 243,8547908083816 744,5754186014478 219,3199165024677 139,25097512746208 82,0679635344545 5,4456602906263605 1,0878524154281937 448,93926140863573 3,0163837497299895 392507,01879950345 1
1278,9737117009445 31270,8819485558 2,007683220046841 217,33979711679262 745,5852412241536 219,9977536398613 139,23190918042346 82,37212297032632 5,418225350518705 1,0983788244370956 451,23892342474295 2,985963417749769 400899,62463959143 1
1274,8026174143938 30896,866308218636 2,0017077348057706 218,33730963725466 740,9533442309707 220,10947374453949 144,12368672954526 83,22174527608163 5,446302997149189 1,0961974948485331 449,98616720589337 2,99848302202357 399974,75777124625 1
1271,052098065207 31232,5596097389 1,9980826531148104 217,60792196308455 740,522517690077 218,41299502451312 141,74684825825287 83,41901101661075 5,415665853465812 1,097781422060556 452,2300661567801 2,9985112144082047 394415,59011853323 1
1282,8108244642744 31431,287503369746 3,007534829025442 224,39325268438364 723,9157501528567 215,33512734577454 139,3766492735954 84,82552933050934 5,445143857246687 1,0982242929549029 449,9943070874341 3,0016076777381557 394523,5131535817 1
1267,451045748723 31169,332069504617 3,0196634238177475 222,08715226187533 717,5898894409942 215,38941073391712 139,30073834752105 85,51591939273636 5,4234017663448135 1,097653081680556 450,3725224680489 2,987291778718608 396568,6966248326 1
1273,8913039543895 30733,77048943396 2,008533845217745 203,61349317780056 697,5076775513115 218,34782582499867 142,26834036561655 86,49918237238424 5,441373750606198 1,0922015021420979 451,5281630821169 2,995158774002484 393911,82997688185 1
1285,3893408542262 31166,492122717336 1,9836806536617277 202,37563213125816 696,5939141282798 217,90017601983686 143,63115507576035 86,34946210716049 5,457842923338973 1,0946435798280736 452,48532057455276 2,973027362457951 393358,8280345656 1
1263,8018048478477 31219,78719232156 3,021615720689063 230,059547268913 728,3993977069507 219,01921489656954 142,85031471161372 83,26071541514531 5,465267589423321 1,1006817204091477 452,5773172855219 2,974066754761983 394818,93889887846 1
1257,655980740151 31336,922560631447 3,019372467440636 230,3547077621233 726,0280461699982 213,86009931714028 142,34816922671033 83,031967902159 5,467715887110893 1,090708712024135 456,10192754723107 3,0045992841335507 393926,0797657484 1
1271,9339619629673 31684,580733705374 2,9930691267355574 238,84411034889604 733,7636154647136 216,87667520951666 142,58071150266792 83,99242436956901 5,452866238948789 1,0973426211126507 448,971088296835 3,007360566915815 398541,46377649443 1
1278,4450848424021 31343,368951297296 2,964937582359312 236,6481205415214 733,9816201271753 223,6021674621351 140,35721260458683 83,76334720461908 5,4639874735148 1,0957334084124375 452,84045220862953 2,978942373254048 396220,17406074126 1
1279,0993374861314 31238,832621753034 2,9990160175505403 237,04405681253553 737,0629090686755 223,32238894857474 141,346945767224 83,40097088770905 5,487262097358488 1,0986173012477816 454,15417087836465 3,0047644276332246 398769,6839804536 1
1281,0270964668955 31315,11032664854 3,01768451111048 227,96984343075422 723,8415673251741 217,41988351965293 141,2824381557986 84,67618783375987 5,450212563727249 1,0944883577193891 453,76305114499587 3,0025028109067087 392119,26705150324 1
1279,4955704139263 30942,991859182017 3,006204210032714 226,80943659436423 727,4371473341347 217,89962297316436 141,98735631296375 83,70894925245506 5,450822111709618 1,0960740431587666 460,59811907559094 2,976817021484035 394294,2914154935 1
1275,8216337402164 31392,094418600565 2,9643695972766952 232,054646588936 728,3146909994575 216,74099981217537 141,70840950127814 84,59822505988171 5,48155886392963 1,093283339742936 458,60473503740945 2,9948484692093675 392382,0169345087 1
1278,8234358325708 31444,752614595953 3,006240302438943 229,9723597657763 728,9784080240058 215,9704863498456 140,69000663937263 85,04286774774337 5,473663323314485 1,1010592599342532 456,2578304660314 2,9991658284481346 395112,4409600816 1
1277,0147483543417 31061,770031665055 3,007468427546863 242,76872836920555 744,8408751317254 218,93867728174365 140,75720652139287 83,2206639606945 5,451443719275575 1,0978649712592277 455,4985112574451 2,998471355918765 396486,270816843 1
1260,8445359129382 31265,381519410323 3,0045474192150943 241,25893673506852 736,1084550713119 219,9068308736085 142,62956241074224 82,51831548378311 5,446548144207951 1,0918305060560392 454,3575895535296 3,011184485756654 403978,97329599824 1
1260,6585317727347 31375,04351296669 2,9936175965743237 226,95477169801745 745,3664209368872 218,43095044575662 141,68727904289 82,50148423051091 5,470735663210661 1,1025675549740794 451,87783135462047 2,978302086115405 394843,6457528244 1
1268,8725089073196 31253,201310889686 3,001058271961659 226,6088423688721 738,871057179822 218,39745257161258 142,13428950403772 82,63189506990707 5,521474857689814 1,0918931536836889 450,6767215638349 3,0317639461557837 395735,5455402122 1
1265,0783771656706 31392,798039520818 2,9815789567988817 224,7033712855579 736,290509886902 219,94018318272938 142,71168845882195 83,16153905137537 5,455562860249451 1,0935940187889546 454,96177768337316 2,9918311623682436 393372,6193426304 1
1275,555322113814 31377,74682416198 1,9713333566547373 217,5684169146112 714,3276121307091 220,45509528089084 143,9891508333043 85,16419889521383 5,526154707094 1,0954026553479776 457,2649659876209 3,019950260549502 394794,96968687896 1
1273,9241799833728 31440,019569241416 1,9929435896947965 216,29731965577602 715,9244207264206 222,20685378578008 146,00714701411525 84,77264906062213 5,468537354500578 1,0978120218183325 453,2664609979412 3,0080507009555726 394858,6473189682 1
1276,3626304636914 31151,11643181349 3,0286465146714043 224,07765174055143 726,8580698310356 219,41210064866496 141,23023308904538 84,11726063157131 5,495336555394922 1,101796167972014 456,09114257645285 2,9870121710237 396000,89349277125 1
1273,914115637939 31310,580152032326 2,9892333281249184 224,51112075831563 717,8320193624867 219,4826945976789 141,78538365061868 84,91702538112742 5,45403099959994 1,0853212703316073 455,8747577018606 2,9870663670409807 393414,1314113337 1
1267,2830256139455 31247,706460892827 2,988003321084246 240,04697054220424 738,4450689804149 221,82504521372172 144,32657813241633 82,86682792281727 5,472043320422494 1,085089790433929 459,5850935562455 3,0073505693603915 392226,33701430826 1
1265,0138224671211 30962,189154195108 2,995193215789233 239,3357222154354 741,5660118669841 220,07035422634544 146,37221601829643 83,67299119218974 5,421368610808535 1,0959782086832635 458,1611320708512 3,01329989683978 394174,60315841343 1
1265,6256611015922 31223,348791415796 3,010265987821887 221,629356166737 737,57520644068 220,55654791637915 145,36955303344718 83,18870133704142 5,493813806887804 1,0924586690055835 457,3672867283371 2,994590433271825 394635,1100044397 1
1265,164427055349 31131,204576082604 3,010488533520776 219,26062047214606 709,2658640347837 223,46868326317943 147,41123292567485 86,3889553041776 5,466665730334202 1,085513990211113 456,85960023663876 2,9578254426643564 395879,241837001 1
1264,8023013526386 31334,758549819413 3,005673155754625 218,23117276019698 702,9945534983561 221,0156007387669 147,0168200934145 85,30095311080113 5,457061968750717 1,0959211639727315 459,9610746551952 3,0218036773596904 390782,84580092476 1
1273,5166012270056 31436,53019126286 2,029142459642254 217,7065870500582 717,3773222456119 219,0813615889656 144,9300605321769 85,08710851529297 5,4589976917148 1,0955207474908604 458,73099100907547 3,0098162133871327 394545,5657468837 1
1272,6422040678124 31427,587464486296 2,00740912695577 218,21137077685225 714,7564188238292 216,36444020852142 143,98021204232933 85,65317815612674 5,433564867333149 1,0942091073408762 462,144023655929 2,9699953118780713 395733,28836731514 1
1258,8067313210001 31339,824801930157 1,984355365607648 199,34466452227377 686,7468936581008 227,53663085158848 142,1401013924499 87,30367943721342 5,4719471861754325 1,080140465655244 458,4387608578568 3,032634912535886 396728,30624379957 1
1276,6818938190177 31253,478921046793 1,99515007394277 198,1244512938169 688,4862524957542 230,0973874410307 142,88593818003542 87,86887929942532 5,4779383996616025 1,0901696496262596 460,9630157372123 3,021972001753968 391762,7464405797 1
1269,8555155407084 31157,553647297915 2,0037674760919826 217,78799310003274 709,0803952266118 221,8062747288766 146,42224655214375 85,0198463676449 5,490740261968086 1,0957951020425851 460,6233009258524 2,991752387149958 397821,57687945076 1
1282,7907681929903 31357,5935377874 1,9996598547499198 218,47864604668882 715,6795845990301 218,97417804017184 146,6383186548716 85,26125897850969 5,510591535276175 1,101754427987177 458,85125716789213 3,020846787867897 393770,68842260435 1
1264,9406261287636 31267,71884697148 2,012492083925115 192,81328253213837 719,3198321984726 221,32277904121122 147,57558923698465 84,85010900409935 5,459326930361505 1,0963998379839466 458,85497297916066 2,9537998044258478 392889,7801525306 1
1272,199770650025 31186,993927547566 2,0011186754720587 192,72345083824368 679,5792932549867 224,2157957480979 145,17371001900491 86,75289572424781 5,459541122661241 1,0943210936881167 460,5904949262109 3,0031633908702986 392739,40073963307 1
1270,6803320353872 31445,61046526053 1,9873801951990464 193,06711520465714 687,0216945414855 224,67848007213954 145,85138654661193 87,32796052437507 5,4638870035767955 1,0995106193198498 459,7189087847013 2,9809455679788557 394060,58045330114 1
1273,2163888845805 31400,203436311054 2,9985608611952332 219,89949576083524 721,024989058066 220,4835469647964 147,6704379473918 85,51029685443969 5,492230584548749 1,0930973773591481 457,2720648814962 2,977239920465158 391251,37327966036 1
1276,898584458545 31294,805516850054 3,0032488215654842 221,71250919682822 714,4625429659019 220,07755058856725 147,6196835936125 85,4173079205388 5,461456866531181 1,0914215242471135 460,329284422209 3,008048322242151 391884,04030505527 1
1274,5586015025242 30872,14228319173 2,997018506483204 222,72589865949539 723,1891160160922 219,39861173477243 146,56706580628492 84,20695528693177 5,433103383487523 1,088968821100536 458,00956137241246 2,9766586321554653 392711,11742954643 1
1277,5218527351265 31222,06960869469 3,0087767962521568 224,2251848132144 722,2982425001085 218,217704883731 146,2208562785714 84,81527172671296 5,463189808750516 1,0947880859990222 459,56676110694417 3,0157250402103566 396886,7778637784 1
1276,3662855319924 31074,950356017132 3,01633017241609 223,74975548130286 732,2856402021335 220,38278601405815 147,87032504217203 82,88122069419417 5,4363391473558025 1,098030567459223 461,4607213368506 3,0026784981835366 399453,9733221434 1
1270,7928347462837 30976,495814001235 3,0088444515794786 224,17044792413304 730,6000972921457 221,87159762049208 145,90069745845818 84,13837589480384 5,473293948849041 1,0909308502576438 461,15407905476485 2,9795820650791547 396026,3577021498 1
