Co2(scd40) raw_signla(sgp40) aiq(ens160) tvoc(ens160) eco2(ens160) rs1(ens160) rs3(ens160) rs4(ens160) rmox(zmod4410) tvoc(zmod4410) eco2(zmod4410) iaq(zmod4410) resistencia(bme688) Aire/muestra
1148,709304474419 32820,339784402306 2,0120166428233133 157,68383308683482 654,4914345693483 463,98737415062345 468,8035894415159 90,0204993703193 5,359973058719989 0,029130278587458973 401,7309687361618 0,9967808507421635 439935,8734023368 1
1158,4161778757018 32962,26387750611 1,985851742080361 157,22340908123618 650,2507195411455 460,90527039642905 469,3441416150291 90,60665816942394 5,406829588642508 0,028851857050688493 402,333729597293 1,0009491554777545 437525,0983155462 1
1154,2548229779838 32413,787974590807 1,9920160229540023 179,88856543292044 673,8966394336488 469,29973989843756 463,76910721251767 88,85551814084232 5,345060115625801 0,028676786388205075 404,62911724415574 1,0044816378422525 440736,20013784745 1
1157,0665965103642 32560,011382015142 2,007789202753491 178,48128252408856 667,760800451536 466,517557245436 464,6605698080986 88,17667348360479 5,359844146986991 0,030370283289795987 401,37144976869325 0,9951282748699268 441427,6861328305 1
1163,4889792311114 32931,775301269365 1,9966558035362876 189,85298482254709 678,2017842879961 467,3242055065861 467,4560766241141 86,9665780208482 5,426151394796935 0,030391364707545474 407,95421717647037 0,9924560659027138 440126,8065048851 1
1159,0280429872423 32755,116299429024 1,9852108397363162 188,49511372190122 676,9532569278316 468,6437192314355 470,9558080602881 86,97161860050825 5,335997453346935 0,030811668258339996 398,0757566686085 0,9949092144996989 437491,28011230385 1
1153,8695679878367 32722,642240604375 2,0038878950813026 172,46368735627206 655,7737000796898 465,49820047049997 459,5836274337616 88,94516603839006 5,389107919425955 0,03121860848447294 400,41387431713486 0,9963381248516107 437748,4154422605 1
1161,295033387398 32747,695994735845 1,9973185526117896 171,09211741764628 652,2068930982457 469,02796176715464 460,04519719666 89,7594150046067 5,378245180032273 0,03204866760184328 404,46679408047754 0,9972173338043719 439651,43891895167 1
1164,1333289367456 32509,639920752183 1,9972378709676561 170,69777108990152 659,7114841618753 463,6511363626293 458,9864427753569 88,95023945542377 5,400276967684772 0,031600997355471956 402,17750999477914 0,9988652369843012 436073,92076076666 1
1157,3097267123603 32716,640530802157 1,9908881877769535 172,19972440807564 655,9065115064637 468,25542081767463 458,8897163525081 89,24575464676234 5,4266027410938085 0,03267538149250008 399,1254330752329 1,0039889312384715 434661,3839357311 1
1157,4978949931788 33056,40951212435 1,9875565290266268 172,06432682458237 661,0365348964061 467,96417685996374 455,7331500521581 89,77269765527629 5,423527886284061 0,032892270170159686 403,31692125773384 0,9960950759533851 440872,1010107434 1
1164,3432372498226 32984,529811399545 1,9976591067828284 173,9540748568005 654,2455342846667 464,2718004054359 460,05742964050853 88,52639509777181 5,364129189918596 0,03268406684730864 405,66448219192426 1,0026469616939404 438454,44552419794 1
1156,0311038564548 32448,429932265342 1,9992556193039084 174,84679614141112 662,6129161355943 462,49790357228386 459,8426650932378 88,80168952646387 5,40023132524144 0,033338688051195595 398,75820790379845 1,0020677332063364 437698,4572241861 1
1159,144456907459 32765,509671345088 2,013082492851108 163,86189304889004 647,3243775590157 459,8961137181155 466,84614052271405 90,85092026498828 5,38701737761079 0,03381072620370509 400,9131158907786 0,9997438020385835 442334,28880529135 1
1171,649574308998 32916,859000056764 1,9994676947846977 162,64959601508528 639,3784878334255 456,13625555415337 464,28474598914624 90,40515234279286 5,349655774574453 0,03505395934882076 401,4647684895629 1,0075621969243043 438131,70428154065 1
1167,234740596172 32311,5337928062 1,992831387626451 162,32811852429847 654,5202498039947 454,96478651519783 462,4090088365681 88,5626348592096 5,390739316868767 0,034606514150863917 400,04968973132424 0,9934022585600477 441315,58820894774 1
1163,759445479638 32434,197591649085 2,0012872720170045 162,3673450336651 667,1424462422598 459,17882634496044 458,34159987151094 89,2477016115945 5,363679175276793 0,0354547987746098 401,25143060314264 0,9942965942511688 437069,5316607642 1
1166,7361654528893 32445,923210883753 1,999518054751872 171,2020397134015 658,6436873554562 457,3042692331021 463,90836121422035 89,42623274415877 5,3942645833942136 0,035436520190412074 401,50126255632904 0,9930130540285507 435727,8946412823 1
1165,2068741484165 32851,22060833184 2,001534121705979 171,754863085702 657,5320586424023 464,01090093611003 452,4224027971351 90,30203276024301 5,366396141061882 0,036614076717190414 404,51131524869993 0,9984833776401477 436557,3814052056 1
1160,2394424332642 32715,00454048428 1,9980496653623667 170,76531325414163 662,0844120963177 463,96649772523733 450,74726335431154 89,86846219025794 5,3353792131327715 0,03623419061556198 402,96575125412977 1,0028815658255903 438473,4902532603 1
1161,0665985772198 32791,70153532952 1,9910136084096877 170,46098500054785 656,9497931581348 462,43483632955275 455,7429773649882 90,13469748063369 5,390726571897185 0,0361283321438015 404,38867293727833 0,9996700147973469 436617,3679772185 1
1157,5479471221395 32892,190636056286 2,013266053435249 169,6900706356017 649,7239581624232 462,0887818817211 456,9911298452202 89,48869878239998 5,397308781654551 0,03692911775435475 402,07589743513114 0,9935973438772903 439953,9857496148 1
1170,8471323469275 32531,040591460107 2,009864682550349 163,76827671317082 650,4044726613034 455,7673024851816 455,78694687986615 90,6285809890834 5,4805184127909214 0,03648307211148017 400,32303937250026 0,9986876236318987 437702,2799979212 1
1164,6252409455842 32726,52505366841 1,9942819261608253 163,66582242783238 646,94192880899 456,90784817369536 456,0069803120491 90,5720648838994 5,367354838610432 0,03765374580945635 403,33426907365197 0,9998665943319748 433449,7458566629 1
1161,0963502825657 32730,289800438655 1,9862640629055965 167,25466215919036 671,2058600189362 456,7746964989697 452,72227903687815 88,23129493898617 5,392591900217868 0,037800850419672814 400,4851300119709 0,994777747059782 436396,11268794653 1
1164,6070938830278 32833,10682772215 1,9975047150662881 168,34589952551426 672,981459267095 463,5009075519647 450,4870576317127 87,70108451837342 5,393184725353626 0,03825643650442425 401,90168823074663 0,9994476829278794 438551,5660851508 1
1164,620788426114 32579,952825069977 2,003000060972717 174,1476054985282 669,620154653731 461,8208716164958 453,68115990227204 88,27352288589762 5,340034100609839 0,03841890258161584 403,0597583745963 1,0029098833362615 438267,4160254609 1
1149,6596564353308 32665,413008418534 2,0124766235146256 176,3306852368902 663,5614451149276 454,7925568030459 455,6039805163753 88,94498381238891 5,340956729084321 0,03945273135545218 404,38023686539844 1,0039302760563527 439739,63026063325 1
1170,3568663141884 32730,96433993216 1,9998833021640718 177,2458168622938 661,0719867707414 460,78483416573636 453,05184358846293 88,81167921529921 5,410653617502625 0,039149801196033555 405,46013335470786 0,997063884578192 437148,2219471477 1
1167,788067027587 32532,002911202424 1,9960674475836426 160,2017729221128 642,3874387533089 456,5453853134251 457,8653784284368 90,93988343419463 5,38585500815611 0,03916638846470792 402,65667974511723 1,0008654846963068 437249,8357191511 1
1173,1542996939652 32580,4090072382 1,9961976607334804 159,67953761982284 640,450448119948 455,88968016125676 462,2939500741617 90,45578916564308 5,406295608251081 0,039912664656823776 403,49491934250904 0,9934551151661346 435156,2021224983 1
1160,2105986283386 32708,06383698859 2,001217584987224 175,53671765098625 660,4963164594077 459,4573277346762 447,3636798011886 88,27751325809632 5,347315798124378 0,03986214298620602 406,24280854451786 1,0005262573481186 438678,4544191105 1
1168,145631417472 32400,31601402865 1,983652001160842 174,37588169971676 658,7609802802594 454,99529384009395 444,58800403466046 88,86770491879452 5,36078097708137 0,04042938102908361 404,1152814373029 0,994626284234568 440179,3495253241 1
1159,23768976967 32719,827211188363 1,9985194609459502 167,66573901213786 632,807219305372 456,2153229541822 442,08815923332116 91,4375609089188 5,410790510352699 0,04012474865018937 404,00414310741263 1,003034927869044 440204,66638090386 1
1163,3758826008025 32731,1809081882 2,0082678822951214 169,12739185417203 634,4936589455334 453,0986816003673 447,5879075231738 91,44072572053258 5,366645210142888 0,041283197253388346 402,0892799878915 0,9965746475526428 438251,0568353074 1
1169,1661635563064 32836,59384107427 1,9944974989850395 175,2650400679222 639,0312033915828 454,75219924082955 449,63661611569927 91,15621497883565 5,319298801065613 0,04145397958361665 403,849316303714 1,0068613824334625 436556,708485427 1
1176,3621678683182 32440,657970065076 2,0150316760294125 176,4873810987745 660,2934838086989 472,600384919056 452,16640510993295 89,20173749834507 5,348521399505274 0,04169671459006127 401,70233024562776 0,9896652889355545 435021,0717520988 1
1170,5146257085466 32543,77888638804 2,0097685447673217 175,1059373700837 659,3728743920868 470,0735426296624 453,45045122011345 89,11953873156249 5,386494917678363 0,04188148902503805 402,6447422544157 1,0029735617358688 437334,50921274663 1
1168,9376474676872 32978,871656667056 1,992214415480594 183,38800514642315 671,1986543005261 464,23859685047785 453,3933801527838 88,49463623711235 5,382472561820485 0,041751892756564365 406,67038794672965 1,0024227072754452 434703,17858143186 1
1158,9333453833467 32793,25142654767 2,0041394135678767 185,62809644049554 673,1230098582291 463,26161784078556 452,7142526595596 87,768495959691 5,389070925538716 0,042179032417543956 404,4827878138394 1,0043162867051434 433037,2067052684 1
1175,3509809848365 32542,760535821162 1,9809116282526724 183,8891108743259 667,3651161015651 453,78432859533194 451,28688647324276 88,87371586898585 5,3913675095329054 0,04238362260576043 407,81087491015165 1,0029198951227616 429648,9171633658 1
1165,1040417324195 32647,379114586864 2,0055276825904635 185,15640153244553 674,6988578136629 454,83683517362493 454,3290197527959 87,93904966976453 5,377314317443262 0,04258153909514654 405,1241711948907 1,0147783315616679 434743,27632714756 1
1166,0630906696192 32572,864794175555 2,0119041594152565 160,8815045920091 660,8032935639038 453,4458384607173 450,72059303610075 88,00415033796217 5,357911895100857 0,043031107089349034 404,89317942477714 1,0057119566414292 438479,3992296274 1
1162,7620409196188 33105,85256424494 2,007306815213189 161,1715965556293 664,3404579996171 454,97135574979944 448,0428090017133 88,0391648323402 5,3886174408461995 0,043583931784974606 409,7320300927589 1,004371623838598 434167,31825107086 1
1177,6812745224488 32541,228034840875 1,9973990811716955 197,18350676097842 662,2352235826936 451,9038067858991 453,3698373101386 87,47457962411018 5,429634738362173 0,04354875512399326 406,366776746391 1,0013871853500291 435416,7116800781 1
1173,2527698960553 32555,28217467829 2,006397380424831 198,73684797148013 684,6069621253946 453,09475001669585 449,76836426818795 86,95149088702809 5,33982001763878 0,04424622095509594 405,64338091655253 1,0028398373527156 436627,727209307 1
1178,5923502022506 32705,00502628944 1,9803376962379693 198,91882598506345 697,2223643638389 459,41883361960964 448,23917096096187 86,73084916880664 5,3797818044078625 0,04357413383083114 403,325282919255 1,0003219830752121 429183,75493816024 1
1173,8685230171484 32795,51603357903 2,0084308898871392 168,38532633570063 646,7505880656763 453,25359554054916 442,3635184247655 90,10191148897104 5,411749008185456 0,04357794810152517 403,7220474334766 1,002533899919548 436627,4208660182 1
1167,6026333993127 32746,764305735094 2,021848392118557 167,52551188469272 651,7218001177241 450,4933289605375 443,18956429289176 89,75499904940015 5,391202077672323 0,043820158809733584 402,8339675230468 1,0012968621117775 435685,08993263403 1
1175,7392208703363 32595,462965717383 2,0067011216874655 179,35984455369547 667,694836273004 463,3509765088135 448,6795376692862 88,55761914863797 5,419098505290161 0,04404423188583524 405,0497794516994 0,9971804994571907 432295,68471895077 1
1183,4163055563954 32718,584707883518 1,9932397153912924 178,94781822142585 670,840145287959 462,5440573902399 443,7416062863193 89,10218047961472 5,367985557872139 0,04496187984345821 404,3751245244517 1,0049109587312752 433111,96700066724 1
1175,3281074423865 32407,11448352121 2,0275083550119906 161,99350244522128 669,2591513053534 454,37859645092277 441,0220783930626 89,2424086256281 5,381923991241965 0,04468133018157081 404,7909690471889 1,0074023789070747 431754,22859750106 1
1171,9336850510326 32599,12273926624 2,005481794292731 163,03082068316306 664,1405328829168 455,6683890633384 440,3959886358544 88,93282398807679 5,355254725364796 0,045340457028208984 407,55070211460884 1,0074838767751673 431858,68168340507 1
1171,5544132798811 32830,74057447266 1,9880376444239438 168,14376034679003 667,0756777522668 453,70511172569036 440,5071146192449 88,27088981255301 5,404197064612821 0,04539690911555273 405,48120302798503 0,9968366342938396 433025,2907592197 1
1158,4020927526265 32609,347009548612 2,0180465002670918 167,5871254834595 650,5599562491808 453,48124295703644 433,097360862242 89,75097213955868 5,362405026635329 0,045861700289154095 402,20583652540506 0,9955413589886644 435498,1580819267 1
1167,7168933842502 32638,42918145379 1,991800831415595 165,68012469351646 649,1003719435762 448,27823284481207 440,2120960866922 90,24385304551299 5,37140545130841 0,04661444259003566 406,4603756453803 1,0052735293706447 433161,1510515426 1
1155,4469677127222 33041,37095088065 1,993469244330148 161,80746109355113 642,2105064567781 450,27593699693324 441,33303520419383 89,99154211867541 5,4293217376322565 0,04620528704733885 404,9568174632167 1,0091973264691858 431144,4058995905 1
1170,0283700562247 32868,05734500978 2,0148841612523403 161,4584157640168 644,1539682319466 448,89517022514315 438,06495819852876 90,56513100122169 5,318887929706447 0,04645269177763903 406,2552646381327 1,0001501941898248 427406,2703279683 1
1176,3839481228126 32705,71283685499 1,9876551483340665 181,4547592220718 664,3563037817952 452,58324899059363 446,2382559515987 87,57674082883804 5,413188819795786 0,04692720729768997 405,24967414333776 0,9931558917401111 429357,3982585769 1
1178,5897501283387 32322,39465471715 2,0008014895808373 182,36742816645352 667,3755883472412 456,62532247987355 439,30220919509185 88,18081894078543 5,354423368076914 0,04671208428982293 408,7032350988758 0,988996415560008 430027,85931789747 1
1175,1068297400152 32726,27708453827 2,0012735294013004 159,69577480291878 648,9268703479272 449,5446715335158 444,16204081827965 90,57468918080372 5,339721864574491 0,04689526375412089 401,7722968515293 0,9951945087465867 433242,8932683616 1
1181,6393463081406 32701,399543237654 2,0063424703086157 160,3778998193022 643,9532949390707 447,95497522952815 445,72618259518947 90,58244022421671 5,3757755871675785 0,0474579100128794 406,7345029295461 0,9999329998717529 427889,2909297257 1
1170,492360891648 32551,73801980825 1,984556315234089 189,14078530730197 650,268039146061 450,06279142753925 445,08529885371104 90,71103138430496 5,345657315930284 0,04726119567863221 409,0551172472393 0,9973418309270831 433851,4409409245 1
1178,5753755589317 32476,547727513254 1,9978112888043347 187,75459162223385 683,2614779384 452,83157023955783 438,93391587934565 87,9226634088679 5,393551732286407 0,047587874562371756 405,56162755866535 0,9888570798194569 432454,16377633903 1
1168,7136979222992 32680,882252723648 1,9910620585525813 188,09605808530952 676,9656108916132 451,2913182292535 439,72290898234024 87,22559670379778 5,391644125270658 0,047289884008271346 405,1843236289206 0,9934023045936337 434429,7481813235 1
1177,315406587242 32624,107901664724 2,0194269397663946 167,05233075891425 644,4702679102434 449,97466816101974 441,1745987535811 90,1404868969024 5,34892103620376 0,04721797298815072 403,64957155787175 0,998627640681457 434746,1790113517 1
1170,2818654929886 32492,309335513106 1,9888362676358122 166,84791054091139 651,3779229225781 450,86971213538976 441,37164881438537 89,69211408537296 5,411612127521687 0,04755472352485568 406,58465947375896 1,0048843098319524 433997,6205086047 1
1158,087054229605 32660,98907579342 1,9941985301645127 178,47936896570206 668,4593628956117 448,3023352665533 439,80671358216836 88,45544104738012 5,392594694476463 0,047860696755238616 403,23966684207085 1,0013824036800667 435765,65061572875 1
1178,2311956658527 32634,80405567196 2,0015376137628595 180,55767701848413 666,1172452922503 446,63008965803647 438,63917439465104 88,5695420965934 5,3781077329661775 0,047700514782436074 405,4363897860635 0,9968190124450772 435956,45213061455 1
1180,888850298419 32521,78728584677 1,9952178255871456 152,029562492124 665,5438334957689 444,62901634075877 442,2839241628071 88,84310849468982 5,334815746689972 0,04812570145489447 406,149104951532 1,0064456161546578 434101,61896595807 1
1171,9392332360276 32357,957812375695 2,0126543450969594 152,18468887715161 671,6656354871351 445,5777311605398 440,5782112355374 88,8723990546278 5,3819911942676475 0,04794559413348491 408,36531501367966 1,0006228202130676 437675,53788816405 1
1168,7662704065424 32792,88125632202 2,0092839471144326 187,45757486874638 662,3784512653434 446,2584729525233 444,8566812921324 88,19660615588691 5,3781298061598175 0,04770740567002698 409,20543311173986 1,002446660610997 432655,9426266149 1
1169,1097940375573 32829,97968823177 2,0165173728619474 186,463672341472 681,6861305298295 449,41487882845894 447,1304268639375 87,98530093851346 5,423819902380754 0,04802219780492601 405,6548234455982 0,9998335912273699 429174,3893164026 1
1171,268784805619 32379,44449504252 2,0164832479059314 187,69634782200754 677,8937421802563 449,12244546160895 448,6134427237424 87,29276379361325 5,438024516382724 0,04813980479127263 405,6516888158963 1,009814935079533 436537,4622735007 1
1169,471291906973 32473,724497302068 1,9951890976282929 168,63021268763524 651,8479456514737 446,0731170485213 441,92980791511616 89,47834821263817 5,411789680662732 0,04826478988016386 407,3762123709108 0,9994558521474688 429736,77491685946 1
1176,5350465298668 32350,009007505938 2,010640086460753 169,0170814230033 654,9629574646466 448,6286775261572 446,99154651300614 89,15618293370979 5,369317797942265 0,04852476853461579 409,9367344431062 1,0056212162184015 428135,1275007051 1
1173,2940530695566 32572,448071765826 1,9910793580118207 169,21635477502022 655,6564167966881 437,1518132974462 435,51306874128284 89,29731585472223 5,374594652702204 0,048882140730796046 411,46922617251084 0,9991502322021726 430998,9625288898 1
1176,3129121063018 32539,90700312421 2,012615480460594 170,20406105179734 652,1988404566475 436,07190541992736 439,9441328015408 89,34533039054331 5,3789591533779415 0,04907234624296217 402,9578119787299 0,9865035492352412 429457,4108782795 1
1175,4742913067487 32637,162765123507 1,9939835799450643 178,77637812176934 667,3646725301032 447,96987892307226 437,10494482927913 88,41075613281038 5,425318437412733 0,0494515446716079 407,7925390569616 1,0023945601687745 430736,3796886871 1
1184,095577313593 32720,711655172556 1,9788900836044934 178,8558895191059 664,7585069328968 447,11712069065584 435,80794141803005 89,12655231073605 5,431027180783696 0,04897907412419445 409,04262604242393 1,0007602573901087 430822,1443517615 1
1180,9455662577664 32483,477384496928 2,003691707639068 180,07533833927113 666,4758977044324 445,29385360654777 436,6488508923527 88,13429607034682 5,4094501955859124 0,04968448178073398 405,537176698292 1,0029700642746129 430324,56921261107 1
1182,6810917186074 32665,955113861703 2,011010825038357 180,79348257392226 665,1494549357889 451,2126085741532 437,1060914836011 88,91692448687773 5,304020876355572 0,05005493469822313 408,86000893237906 0,9994885472710409 428551,01334128063 1
1179,5991155921292 32530,24298465445 2,006347917221741 180,8575783672924 664,0187774659424 455,80048036670627 432,5624509708911 88,05446096162156 5,409442310750039 0,04966935611192785 406,2239726366936 1,0042451108787542 425772,97323422536 1
1174,6433486811304 32536,762905223968 2,0038255772241507 199,56561781984328 689,7283021817557 444,84482596658466 443,4115189931437 86,6662194853 5,353956154857914 0,04982943283423015 408,27380124649926 1,0101413929927507 430820,0533630688 1
1167,6230639137902 32627,266087540047 1,9916930093883498 197,72884594835978 691,3331128514342 446,7775545041884 439,5479035036844 86,60941937638793 5,346213119636932 0,05001232190278551 408,8866546995446 0,9981240270667112 430811,6891800208 1
1178,941285462297 32316,162485762714 2,0055750716003677 178,1852883977095 664,9957256309854 456,0723871885036 435,3581686671489 88,33783275700564 5,393704202838714 0,04994827304204861 408,1705348693289 1,007494845997744 430452,8990134464 1
1174,2356169292907 32580,835276533297 1,9988324186944673 179,41639965711386 668,4997527184728 451,6426644522384 437,1915682620997 88,07620698524995 5,384906720608675 0,05050215594533149 411,01798317885704 1,0032658604419904 427584,23681035603 1
1174,641402744829 32834,97168700148 2,00161534282443 167,81888811124497 651,0320802403842 445,3103218256106 432,5646174558935 90,70895016601833 5,3869634038376875 0,05002150997688135 409,9236545557103 0,9918957789704482 429106,79876171413 1
1183,034103328916 32536,44794343232 1,9910074844684806 168,3461691719199 651,67041362799 449,50437436426824 429,59108899079496 90,02580164915805 5,434330827881017 0,049943825817576094 406,0635918060674 1,0057195340095832 426433,25231213483 1
1174,9072720438182 32662,994314939286 2,0055814725782066 162,33475372222222 644,3375617317303 451,2211560430988 430,2671102363586 89,82516015299045 5,433884854486765 0,05049313332480999 408,1520094825519 1,0025629339467101 428858,55513302033 1
1188,5672376693756 32550,99497801535 2,000696639888137 163,25226217440442 646,1296192784274 447,87355025791726 437,2863013330997 89,85202174625846 5,366924806829113 0,05045923157588941 404,7415196761419 1,0032695940071228 430323,79056010424 1
1169,956547697689 32486,903330289544 2,0188874540274586 165,04332284014384 652,2285558911999 453,02705813657764 436,99793106218857 90,48761566099986 5,340851949461171 0,05132766249342729 406,73266513541705 1,0025136664398366 432073,5017439552 1
1179,494615246102 32675,05422627141 2,010810867065574 171,53426155025147 655,4840904903834 442,7638856258893 424,9959941474136 88,81061299692024 5,366671184290464 0,05061312878851828 407,09638663351797 1,00131053380776 431466,124671641 1
1175,1481291290884 32740,545272025396 2,009362563844495 170,95823183238676 662,1588242835684 441,5617067362939 425,9632022737047 89,62293746813462 5,389827872386439 0,05166061974043238 407,3986440299207 1,0031681150834677 426078,1867459966 1
1170,8327715621535 32403,42353377409 1,9862333866487034 176,07382582996718 664,4978544038302 447,0190896388178 427,6428965641495 88,73466932730474 5,410339000746973 0,051295008874181626 407,0924169830512 1,0008668101378275 428379,65021868446 1
1166,7167154236313 32905,17792008469 2,0023565191853927 176,8619579304479 662,1984914325149 451,9941981964843 426,4514397864302 88,75699064096048 5,403406670750059 0,051826152773984835 408,6636658183531 1,0064828837175357 427232,10539606225 1
1184,5775423517105 32643,42434473809 1,9996586810815233 180,9601391242756 674,559122676921 452,28325938502127 429,07387221916537 87,75766404922737 5,376421352667454 0,051595509314199636 408,5885110121762 1,0048486283173832 431081,4975959559 1
1186,694417241659 32700,67785732135 1,9915831323673279 182,88559933831965 670,6234079280024 451,7072292217511 428,1685886257293 89,1825480312756 5,352190866069914 0,051729496876242155 411,1945040788656 1,0008408381353895 428366,92969706265 1
1181,6107292898762 32172,65535023195 2,0148680393202074 191,2237258329073 677,3244449669352 453,0705986498893 430,33062369348295 88,41348754346168 5,365685273723168 0,05201206647415906 412,54938655446824 1,0101598049906746 429664,7488911633 1
1176,1910638385991 32417,373644084684 2,0002446347586176 189,76428275987735 682,3471434307489 436,64006753622385 430,05914701778613 87,1311547367756 5,4034632091821635 0,05195718189187256 406,4770281978465 1,001228691088136 428604,9170555282 1
