Co2(scd40) raw_signla(sgp40) aiq(ens160) tvoc(ens160) eco2(ens160) rs1(ens160) rs3(ens160) rs4(ens160) rmox(zmod4410) tvoc(zmod4410) eco2(zmod4410) iaq(zmod4410) resistencia(bme688) Aire/muestra
1835,8638663257057 31504,039568705877 3,0035103503069607 245,57880549858334 759,7063492026175 403,72315070819116 414,5821814209434 81,83745630430106 5,432162569800354 0,41121552245635695 412,19830918217576 2,017353500013374 487518,4946499516 1
1840,1339155530923 31649,47224143714 3,001684570501032 248,70633717878013 748,3910166578147 400,1213733037362 410,53828300810113 82,05642158325787 5,436435119240213 0,4329209090274695 411,746061132532 2,0109464502207977 489445,58333807293 1
1852,5209444450768 31797,9809428572 2,982809192510917 248,28246836769887 754,7541700860043 400,00152665934246 417,1590066733863 82,32249969338717 5,43201479064407 0,4328301260138991 414,8427215872519 2,007033055275276 485557,6587174951 1
1849,0866449921846 32136,07179285202 2,998402931861755 272,8695383863623 789,0846704294441 393,8873626828155 410,34705500433097 79,60868515766515 5,415264064504653 0,4306588585777332 413,1771345129668 2,012455187068282 485398,54353382724 1
1856,4664039089878 31905,603817073054 2,999979516722445 272,8217030883967 779,0343961329369 393,8769924898324 410,49647129362603 79,69531169308678 5,482848381373891 0,44328811755254455 415,10671010760603 2,0175759886929656 486843,88024629623 1
1864,6003632850557 31744,35582848492 3,0228567421562547 253,91134173819404 755,4069537961113 388,44417505194536 407,00767579953447 81,9601330176744 5,397111609397577 0,4499488904911959 417,19345220652485 2,0159424360888645 485263,9520708543 1
1856,278827223551 31834,94472354726 2,9998216445869144 253,1916397733924 754,6444886431506 391,97537583532596 407,10231121332225 82,00368555657056 5,4427406595037535 0,4634150302661356 415,5586524731378 1,9932418847709166 486837,28360480804 1
1863,7810290858854 31680,1665691242 2,9968413002800305 248,91347134091347 741,85125921443 403,28385796899727 414,9489934792971 82,6892386689864 5,364459738228944 0,465935791468917 419,85231940109554 2,0078478158222635 484352,2279226549 1
1871,802221153575 31774,389895869936 2,9920650905937545 247,901050429205 750,1206479145618 402,87940096911774 414,22357920125864 82,91501798970984 5,418725631623177 0,4805305752886676 419,82939790596345 1,990342897524742 485255,4201210747 1
1856,0075206170645 31897,00644139588 3,003907186123851 233,709430270622 751,9422926457455 400,32054454803006 412,36769636761795 81,91026689097498 5,377381630000602 0,4726318406242593 415,5600904000899 1,9973951826693301 488201,3291067829 1
1855,179455334486 31899,49644718376 2,9929941437674423 234,05836682555807 730,1692396107453 402,91819949036244 412,48377352683025 83,30944364500594 5,446471054023233 0,4951942323156637 422,6217948041904 1,9922471571082696 485241,31149913685 1
1878,7111088736617 31826,521754271533 3,0042033086581137 235,23656611383808 734,4254416123665 406,94482952982946 414,1839365406933 83,38132905687785 5,403270713206422 0,4923944966642145 423,81146084760655 2,002366168659267 483420,8885775231 1
1864,9392453623236 31740,406578484515 2,975347349564581 258,91267954012017 745,7377214860743 401,4181613294546 411,6784764159905 82,01784761802136 5,42321984283238 0,49456047783101287 422,46939205263186 1,9947407013258456 486407,7382495912 1
1851,4294768705893 31613,08579846304 2,976939876038175 260,56345144038386 752,0285443163278 401,22240565611077 408,77896599075507 83,3748164771507 5,383898097811715 0,5102176486663551 426,80046121607467 1,9900733773182013 485678,4201171217 1
1869,6942812226557 31898,88870148738 2,9960699005068814 250,726528934747 750,8553943506023 392,78920003095124 405,66070768419405 82,09346253178789 5,4312689541840315 0,5065114328387083 424,44344670694795 2,0232424202098995 486466,39256178105 1
1859,8448284506046 31699,899410622507 2,9976713902576906 252,17266376184995 755,0282607268132 396,0066697826719 405,8679383120002 82,06281174548693 5,407612245094632 0,5212387657989124 428,5122657812157 2,0125009997898933 486039,7028072232 1
1873,4735584369746 31554,18041861774 2,992665017963872 266,0885451665307 771,3193771191048 403,81597481405134 412,6276582453542 81,00314946854922 5,382367950369776 0,5195104687470451 433,85660667931836 1,9799640740598703 485670,8488294915 1
1866,001865119676 31973,002090697104 3,0049519043229984 265,6624604899593 770,295644423383 402,1833989094286 409,15953312748763 80,6855880226175 5,413662336675369 0,5347059132504963 433,412148465654 2,0147705607620012 486444,2291507839 1
1868,7107839717396 31958,506057465653 2,9904660305076405 280,8121625030036 770,491701199089 402,3069539457114 408,088956495548 80,96913085592846 5,387526306585034 0,5329091628527242 436,3648659687093 2,003416667769546 484493,41463587957 1
1863,714936977942 31548,69406753274 2,9987753342847374 282,4569852719218 789,4416664968431 402,41114669994346 403,8202161964183 80,31252074393642 5,4390162294948 0,5457294782258831 437,77754418904817 2,007522212561716 481262,6659612475 1
1886,0852040185355 32000,518218277553 2,9685349863561994 278,76343901315204 783,5978682285713 401,46479523043706 401,62004150206417 80,11780665188465 5,400417785423698 0,5432049440282705 438,51380478428297 2,0062934989296517 486292,72252937517 1
1876,4512382872047 31663,779045480864 3,0006429412028974 278,12327531759547 748,2693508369878 396,742421340285 397,31431902155816 82,2707178902631 5,398447110576497 0,5436870590865927 439,5181302276209 1,9952540843562314 486780,6245055776 1
1868,427971981864 31569,268983605583 2,990899659438538 277,30948004980786 747,5068687112445 396,02575585495543 400,9397575804577 82,02089928611106 5,398188564429816 0,5566291748810419 441,1151733313324 2,011673393946395 482986,87396833533 1
1886,1880633062954 31633,73119232451 2,9912619630978963 246,61440721554018 749,1012073960223 397,3824380479168 407,33435603975767 82,33258008041359 5,404741566396137 0,5546255404065316 441,5924880670918 1,9991755659811008 478743,9639733805 1
1869,3636969185961 31893,48101628634 3,013496656924223 245,89531710886004 749,5207317588593 402,85170233700995 403,1168557362499 82,35530310576483 5,4032011605144135 0,5637863123057215 439,88391169403127 1,9922469181446738 480602,0297293765 1
1879,5760486051347 31584,70464305315 3,005444744493355 262,96141576936293 763,8090719781612 389,3854119791988 402,5173897643747 80,73281354470338 5,393753161837624 0,5593519702225859 439,9420554517292 2,0040963171553217 480139,2362668215 1
1881,6211768052647 31787,547112356035 3,007390698389051 266,04022604121013 772,0426718484699 388,58000343689235 407,74556163945294 80,98898456298193 5,431592873836769 0,5726919066733283 447,43199523036714 1,986145159535461 479964,59305566916 1
1895,3232222811032 31542,015177672693 2,991024566911262 250,90788381532678 771,4296183820771 386,0278389677958 405,10843083780054 80,81226548555868 5,436483762488609 0,5745450548817704 447,5636720585612 2,0061408929078866 478284,31734786107 1
1894,1337319487236 31453,43161956739 2,989234263007842 253,64567776492385 747,0719659388542 391,8595795770863 399,07589901438973 82,14423726828684 5,436032914513575 0,585543457283112 449,83552781908656 1,9942777828941145 481121,2207717831 1
1897,4339141697133 31962,36824880529 2,995474083125701 251,19280962666156 744,8868165034349 387,86742880607136 399,63579544374 82,72448496905363 5,434675306202495 0,5802745060866583 447,3303301816124 1,9971417882179152 482167,3117646944 1
1890,0529545938773 31795,563462257425 3,0033437067451287 248,11471583516948 749,0875374722083 390,9850959263548 400,68364832382224 82,62860197130453 5,4818272785846425 0,5849450488963779 449,2158849792515 1,9921546280530829 483306,1208968856 1
1888,298739365709 31231,72818278046 2,9812968107239284 246,65163395414032 754,4938741632901 393,16098085143904 402,8395223469628 82,40551899886874 5,4242368476203815 0,5889142221981074 453,58741093177173 2,0023445011205645 481617,7962088435 1
1890,7346013856964 31217,24087417562 2,989518828906026 264,34723035304506 761,6151939055786 399,87217535614826 403,02753945814516 81,56674339956838 5,451240793039268 0,5880051980492731 454,9747868579466 1,9979581553738706 480447,2713923017 1
1889,3731495860275 31692,085456767298 2,9819555212162685 264,09962183025925 759,872351433808 401,5872126965464 401,44139702122686 81,02252238529744 5,414373159659772 0,5964723305558092 455,4588367793739 1,9967113548177295 484680,42500899796 1
1894,7727683843045 31748,218048305647 3,0206909162953055 278,1619797993612 775,9647550879776 389,1186531062939 401,7217209509122 80,60999172803488 5,388866704197519 0,5974934189198134 458,4864498111302 2,0018310589207124 481209,6889675823 1
1901,1639693330706 31635,37027062433 3,007720656914187 274,89093433656296 777,1384257074013 386,2752388039963 402,78381507629894 80,11991226400137 5,422654530856416 0,6046765164821813 458,6550401619731 2,0114775786046586 480278,9248422101 1
1894,167624831357 31726,204998150544 3,0108742925094143 267,80582374175077 781,247911972194 389,9626410185593 398,710203825783 80,37477110757351 5,498051016071159 0,6032544138704022 458,27280862727065 1,9975764891361962 482447,1652451235 1
1897,8465852253491 31393,095221727734 2,9799903772627863 266,1291362612663 785,645886722848 386,69766049218754 394,2372090486694 79,99627518434913 5,398167478599706 0,6145881666960048 461,0470366665424 2,0030410794247553 476537,9842394548 1
1886,4965299134149 31827,79597189135 3,0369343127484925 266,8089966694783 775,2358749422713 384,44934577017733 398,8835240644459 80,46298547624963 5,4440118560744795 0,6094842981780525 459,61426525518596 2,009338331501102 478163,922242319 1
1883,506616150565 31568,66222252749 2,987168072341907 254,64192598339952 753,5664455880061 385,46859138019636 392,6173428719589 81,40484930336207 5,420214712103021 0,6134246451030616 467,99089646008076 1,9927553036280397 483032,46317737893 1
1896,5455212854806 31667,823715538172 3,0003116418236164 251,46501008493493 754,4955172210102 391,5577411811408 394,34725842347046 81,42580605255564 5,376024768706848 0,622727694137098 468,14535555332174 1,9822035670277913 479567,077706624 1
1909,4636246325383 31770,69051251118 3,001935265610184 257,3738624529839 765,4907973660167 389,9764201172141 397,83207498470523 81,14348709954471 5,409663965184731 0,6158388290462223 472,1495738432988 1,9808962375801624 478310,18459289597 1
1900,7462384304188 31952,88246939897 2,989563553969896 259,63709319120466 761,9610397751944 388,23448335775953 401,06980869156024 81,26539976716836 5,464013484732186 0,6241696725906738 467,2595445499671 2,017064380922121 479966,6288323646 1
1901,9197461303704 31810,89375905838 2,9872691059118255 249,56320049232943 748,3893743349184 388,60455069506946 395,3328734547182 83,04489318337 5,456133633167849 0,6260854663445978 470,188406808832 1,9935246247035017 476127,7767532631 1
1899,5516890914646 31486,868195951116 3,018609835357184 250,181786114796 747,8448599798872 388,06396977032176 394,46447089015237 82,41266594606176 5,410939872289458 0,6294326707315293 471,6248579800967 3,000428798868851 478997,1020754424 1
1915,2118811752093 31516,020557354255 3,0231058886809024 273,009085459118 749,9434308533284 386,96600282837727 396,58101057952706 82,35094543687974 5,42053882400007 0,633959836154117 473,48434200653685 3,0130704784848628 482177,1098232055 1
1907,543896399125 31538,93601839957 3,019715643739464 273,3242598301471 756,6714253632674 386,3704675915168 390,2223998051983 81,83631672816472 5,42873657778509 0,6291599007787334 473,2108670615499 2,9882045655153497 471633,2760238545 1
1893,8572335379115 31819,425320882972 2,9955511507599506 269,5469093645936 758,9626543547813 382,04218992381226 392,47289178796086 82,12096949204036 5,415788199668383 0,6365839464230464 473,15975042558614 2,998041827664177 476303,40993378503 1
1909,9666584110735 31389,512243816076 2,979879469980995 293,69024582641504 789,641853336381 393,0542176288166 388,66940902037186 79,09718789461866 5,426332496494724 0,6332120205495946 476,26715104208404 3,0178024170534963 481393,90101172094 1
1912,707134322514 31685,285867316667 2,9986147900991864 291,996318493541 795,5361391443959 396,4838837248922 387,51937607424077 78,61943599926364 5,394527958677224 0,6467799117568864 478,5468468972517 2,9876699729030483 475366,1152919773 1
1911,7247565046662 31433,29492469632 3,023911579952224 291,563749806658 798,9059669106393 385,5097564218528 380,5536548110413 80,00613027583657 5,364253886200375 0,6418659234605549 476,76989283342493 3,0165545656127675 475515,58457611996 1
1903,0665269707972 31621,807687839704 2,9981438552063153 293,28219833158477 794,3251160948402 386,988890197496 383,1384373641036 79,24072037178145 5,431263820869983 0,6453283976950258 485,1703950395458 2,999076025959037 470105,6011266431 1
1916,3625241366406 31863,417000017012 2,990717923492758 275,4476220703147 781,9218763428199 382,723797992353 391,1095300534396 80,4633797902017 5,456357741721635 0,6479885109396495 483,61833262710763 2,9929882173312405 472581,84288209444 1
1912,2005140059853 31646,722164204864 3,0054775389176207 276,0952326624296 779,9162950995752 385,96793565882905 391,89716026955386 79,96918837725194 5,463864983726506 0,6549185291416749 484,15494134001466 3,013397467914432 473195,8301148035 1
1912,4979638959398 31444,049175610624 3,0049156444714837 252,96180642388657 769,6428177480543 385,2615768193602 393,76550042490294 80,84318566589039 5,434228109167332 0,6499458157388522 486,6798405988936 3,0018879293124123 474144,7009801398 1
1925,5219824606224 31523,625289581 2,9918521662703306 251,35758313632238 766,2195020890125 387,0017285145582 394,5396963494192 81,51573220966577 5,467843867158394 0,6545196561772553 488,2709988202371 3,0355598288612224 473183,4980179942 1
1904,4615102654961 31393,79990697149 2,9866499540032097 251,2335247844341 764,894737738711 385,3356052771795 393,7527227480014 80,90252517748765 5,436537728805994 0,6570033384917611 487,6417164974079 2,988891603675394 469341,5216266489 1
1918,8808260506255 31356,192483785704 2,99728173704427 251,87623914233654 750,5167096793787 392,79757542823234 392,20111410943497 81,4406451206907 5,452200816104655 0,6570445233247874 491,34942569897424 3,0000610511514556 475455,8695231473 1
1902,7214082446235 31566,198319044848 3,003097421874799 249,39154856487193 747,3620274668456 391,10162909993966 393,5709864704913 82,60016796360192 5,402803311620906 0,6604191227951763 485,68685521954455 3,0085626365739486 474211,5710667801 1
1922,8805314200272 31510,346913638572 2,9918310349220074 268,5533477990338 775,9648240997225 387,7712511170084 387,03930754145614 80,88446482192943 5,389027673114493 0,661594797997553 491,06249706913206 3,023415177031467 475311,2679697274 1
1922,1333161442137 31670,623469878643 3,011598309647601 269,8266484094789 779,4120521558884 385,72746410956523 389,0534267781866 80,53042399042192 5,427768856426339 0,6649893752600862 493,37045131093583 3,0123017547205277 479137,3211317364 1
1909,4356245252663 31711,773403424264 3,042583124530848 260,3752046930028 756,0457074544357 390,7807773842092 391,7361379267742 80,62978069830083 5,38238761978351 0,6664058772251622 493,3098374373253 2,996993950122191 475671,13884457125 1
1921,5073289139937 31680,452170392353 3,0044511304445702 257,93406181813936 762,3533264474463 392,9899351870991 388,35493703338875 81,42972375787919 5,466672867549182 0,6705905181457298 497,41908939843415 2,9912666367110288 474206,83235246735 1
1908,7770951432874 31608,74562925617 2,9940493274850324 275,0326704005293 754,6495153647805 392,709438670517 390,92474744924226 80,96940983950655 5,454574872420118 0,6675145516150912 493,9992450096303 2,994880929609173 472973,17627652746 1
1911,2574498502393 31677,315871917417 3,0007143455053154 276,7420639096814 805,7580681944094 392,19282554413326 387,8726053288071 78,15458948719508 5,436707263196076 0,6808607824002295 497,4640589931345 3,0172968398341196 477311,70752039365 1
1914,796213458382 31699,83990947132 3,0353024708382987 274,25395314623 804,563287382539 390,18820686860397 386,8209689369985 78,6763516630296 5,418665701766679 0,6716761048940374 497,68242495921663 2,9997511303328652 472043,9980537696 1
1923,4781539668302 31891,723038275377 3,0219179708624067 271,24827373405856 770,8639024997084 406,15810363131015 386,4130933916997 80,80476700840357 5,436308637381203 0,6744958042598357 492,18158373886246 2,9934395210907874 477025,9928138178 1
1908,5142715889153 31574,53816036176 3,012975130343859 270,0771045323876 781,3837545032189 403,65188350655393 387,4849653940958 80,63759965610936 5,43364016755013 0,6822145224803503 496,7110910428061 3,0218644369566268 470216,9313766819 1
1920,2786861372194 31698,16628300755 3,0017371249617115 281,35133383461624 784,3116714865046 392,1913494588677 376,03682146446414 80,41778676604974 5,464690149341308 0,6793975881792368 500,63576584992796 3,004300709423924 470909,402713839 1
1908,5719855589568 31602,014555285692 2,9952336795020376 279,1691152222143 786,3502423692698 388,82691964212887 379,1959224220395 80,52377173401904 5,364376964513795 0,6827168976735952 500,3488161596433 3,003129331696408 468670,47606347187 1
1920,7861990978813 31645,427280970427 3,0062295030840946 260,0653671524233 760,2779877951309 395,1899716107512 385,12963777591426 81,54728309496461 5,418943628142915 0,679325018183273 502,4190463828723 2,9985563809577496 473909,8590717263 1
1918,0462142978197 31832,432281860194 3,0032153789398635 262,7353782763216 765,5092348730758 394,12117274349896 386,18147360064887 80,77063722919851 5,43565233359098 0,6833309555508046 503,4442469760222 2,9956378857286445 473158,4169499289 1
1935,7756672421401 31678,553318420698 3,0014113145759187 308,5891650501545 764,3447742398912 393,9813654677821 386,17366647495436 81,59303507588325 5,434869704500396 0,688202527496429 503,2284779122122 2,9938766474268808 473124,98360388004 1
1918,3847223774849 31761,1020866911 3,0011402472554556 307,98551572145175 804,3712048845246 373,1667433284748 379,24640845250394 78,62691932439823 5,411674896408214 0,6892169191956273 504,948374298191 2,9997909758979615 477045,19731633604 1
1931,9559218712384 31643,809687105277 2,9970898536031854 309,0759507317217 794,1124942139268 379,1617527181472 380,8141492226818 78,92513320744578 5,402085675302662 0,6948524495659527 504,5126848391366 3,020987556729288 470011,4210773324 1
1931,9494358490397 31665,170263685628 2,9599651753271696 287,16143124074614 789,8053915275308 377,61459018206415 372,0689512996197 79,8478401164804 5,395365200505329 0,6971028511247556 507,4773182767646 2,9952297325246544 474727,78347784246 1
1929,9643238868232 31705,65457052418 2,985950842725922 284,993760741643 793,6980473725722 375,77070237359936 374,0533946914489 80,01422971309479 5,450476890955334 0,6930216625436398 507,56298586803007 3,000992097041528 472588,4449119421 1
1925,9260136443372 31633,308426706768 2,9927365724376482 279,4881226507814 785,280477097907 387,38211141336063 376,3619725547808 79,85867670342897 5,386901098118694 0,6934041794852758 506,9244479112178 2,999663193277668 474341,72297481797 1
1930,2954242367337 31774,54120597104 2,987049647538883 278,2233784767556 782,3073808280468 387,1220185957136 380,6506704966647 78,9023923227409 5,385266647478449 0,6984526788609843 505,31062795538026 2,987730631567756 473105,3202587994 1
1950,2137165146028 31528,859746442144 2,988701739869374 267,90901542549346 771,786542744432 373,1228533194721 381,1300093558858 80,72395833851348 5,378123927350021 0,6943620850429736 506,1579171728524 2,9763340543929515 472674,93686446233 1
1920,483943847299 31664,151972499636 2,9751389005440263 267,3457743247577 773,4945525511299 372,2402430150858 379,6450587362573 80,7944373471714 5,424485591275971 0,7021528847877099 507,2646466175626 3,004263426832207 470081,8757059578 1
1934,5434996867496 31685,454650449712 3,0195214120189244 296,28252648566615 768,8475326857204 376,9486345816355 376,1180731827338 80,50251432125481 5,381641933008508 0,6949386990675058 509,3492094788858 2,9848912985121077 466488,6578788326 1
1921,2339481864 31622,775995905635 2,979425037045133 296,94685871793035 778,6749821559453 375,43055964802267 378,8274699002452 79,97789292342594 5,421762473918872 0,7030907574076143 511,06578626964307 2,999238036272569 469658,43016651826 1
1934,276517240282 31377,249178443482 3,009648786770602 295,00579557105027 780,9254530287889 373,31843266983265 375,934652994957 81,01674712017699 5,401515045803198 0,6963691801887465 513,4709030593347 2,9892968677120866 473583,58925825614 1
1924,9385761208 31890,440514954138 3,016175656786862 281,546720709321 781,3365841001764 385,4204692394387 380,6992140422169 80,2146581425597 5,379409480759845 0,7010454403078328 514,0784555976053 2,99870837369097 473220,9549153831 1
1930,8553661920516 31614,510544591463 2,9833423068490057 279,61258151751076 788,3340879073749 384,4919317084992 383,7910147487253 79,39445517756711 5,425524225721294 0,7035565894177129 512,9045223245664 3,0122205859091573 471511,99764187523 1
1930,8995358065729 31604,17828568757 3,00896748243599 289,7022738895484 792,9917457942014 387,7829226558628 383,93083912777354 79,32042630060059 5,39466950457152 0,7059105277068785 512,1306536096919 3,001501562956302 467662,51279330906 1
1926,688914287408 31644,38358033317 2,99610877853701 287,74176639208974 793,6159634198573 390,7060478158464 384,08788727047147 78,69192382415784 5,419862311104982 0,7062815465493599 520,5936098682417 2,994430491128633 467594,2638882777 1
1925,3675978939814 31473,087369407094 2,9908548306149605 279,10284183683694 783,7675181640566 381,456674671154 390,75917077051196 79,21160855730734 5,417031309188377 0,7030299771932591 518,7015530057365 3,0155663761152613 468519,61841434 1
1943,2734019070504 31762,96776717207 3,020374134257197 277,6965995115087 787,1545668954402 378,32727259394676 391,9674400008744 79,98150736674289 5,416714727334618 0,7097067038908825 516,732630724209 3,0120350259044537 473453,9685780913 1
1949,547867846966 31662,413589113225 2,999184892102619 261,806796459554 782,3661636897397 380,511865926329 386,59990847174106 79,56153305781754 5,4348826894820155 0,7026624565224491 511,9758626747598 2,9940112481464443 471320,31529420154 1
1940,2477389534197 31514,45936638694 3,0007613962968707 260,08690963789303 788,6531642544353 374,7599667331727 380,8000390734772 80,3753801823432 5,4005893726657 0,7085533907215407 524,6956889973892 2,9917183471768345 467433,51317308575 1
1946,4910391152441 31620,793521113923 2,983439079356854 261,5229561400661 793,9099330050491 375,4213486547408 380,63193703046045 79,2316703987518 5,401129157895897 0,7091277387757973 524,9515018511073 2,9965219644294843 468267,74637932103 1
1919,272194433114 31513,54795925548 3,005134608356933 269,007710910548 769,8996103669258 383,2485073290881 381,40182434804564 80,93019472271453 5,447472638459428 0,7083032910312314 520,6968738233367 3,007155281506985 467993,05073467694 1
1940,0515079098254 31902,43887150339 3,00309734374499 267,91090465180685 767,4627291993671 387,42148244687854 384,55678387137635 80,9850450551467 5,4110339566925125 0,7120803433732882 519,597663961595 2,9965058098252095 470080,4555411595 1
1920,1539819634859 31629,627259965928 2,9966552861716846 262,3158737135213 768,1578070526356 390,3388035060415 380,3800365932617 82,23843840185253 5,393009101407137 0,7055277379454605 515,9811548441188 3,017011552498647 471536,36438166216 1
1952,344179738242 31836,141111342105 3,015410637257241 260,38934658556485 761,944994335601 390,6324348465942 381,75119641142214 81,5203833484635 5,39604780530307 0,710209578609268 521,20267955158 2,9914001892243856 469843,54791990627 1
1938,4560392387984 31550,05957486428 3,003914980916087 243,99848182084585 745,8723072854111 383,39901778288305 376,40412072047866 82,7796065047123 5,4022082650624945 0,7075444850503532 526,279956470882 3,001140103178197 465878,82015845826 1
1933,9956729910873 31987,60832306652 3,0118920816718546 242,02122038999426 745,4007919117322 381,13151729250353 382,18699472465255 83,0079240849977 5,432883810681497 0,7081815206230041 527,2183832409203 3,024085907103382 468442,0360252038 1
1925,0745064999103 31705,500746097005 2,998785880167886 286,25038678557 741,5275520467277 383,7597906653196 382,19483711830367 83,38158053630713 5,417395947107185 0,7192077275531502 529,3904330480054 3,020227524913424 466003,7295226168 1
