Co2(scd40) raw_signla(sgp40) aiq(ens160) tvoc(ens160) eco2(ens160) rs1(ens160) rs3(ens160) rs4(ens160) rmox(zmod4410) tvoc(zmod4410) eco2(zmod4410) iaq(zmod4410) resistencia(bme688) Aire/muestra
2054,481935241592 31666,579097871112 2,9936786055605538 314,6686224191162 818,887357457278 420,51967213658924 453,5433497241188 75,73555718567849 5,438062603692177 0,24713531589909138 401,5114014684191 1,993054638676798 495508,44509610726 1
2061,8274296498253 31661,59260187543 2,99868096226771 341,9245831204613 814,5538787444361 435,3197506111462 449,6741480514327 75,49155653678008 5,406825052843228 0,24850458844280449 403,8854937428329 2,0044359848229085 499033,50739358616 1
2058,2162325121726 31822,12886354446 2,97813524739173 341,5725924173134 816,781404975628 429,3728757879255 443,72972445703135 75,02443792944742 5,435373803373786 0,26647485312384195 404,3889959807941 1,9871081819257996 503215,1337769747 1
2048,449147904323 31634,529960310123 2,9986658203695553 315,9311580588614 805,5214967500222 418,9200972184487 455,5345946045287 77,50069421397927 5,435711649486102 0,267726838810119 404,16748200159793 1,9951612995897283 499873,3920814075 1
2066,4094884551814 31511,292392713673 2,984217073761716 314,0801622014196 804,9865042619136 415,5288642362427 450,72304803684773 76,99550874254014 5,416878338898698 0,2906127511582372 401,5097489688386 1,9881433908876107 505764,1938889144 1
2082,412681744299 31816,80095955735 2,997386971258823 292,67202043717816 811,7135837112388 415,61139370709446 455,2434132370904 78,0886408427899 5,348007937452617 0,28786987323091573 400,0506683423661 1,99537561418559 501152,6131844958 1
2067,2077826529503 31588,906922132122 3,010097148631357 292,687923444624 790,2689406795408 422,10396431998333 436,92361248060087 78,61674578611184 5,446642658164498 0,30767946997061835 402,61224213280343 1,9968468747389025 496585,4260959549 1
2079,8015584369195 31585,791935447247 2,9963248349394562 292,03386339181753 791,5813107135026 418,8543389576088 436,6952438426584 78,61434521458563 5,406588350341704 0,3081707651208389 402,29312218081435 2,0126427120886357 491555,52324316144 1
2062,877158357192 31588,3914211267 2,9903607734525766 316,9600456193148 776,0263616685507 419,08441827447376 448,2473144681329 80,31779228119592 5,4411019603037545 0,30571269983565635 399,98586170506167 2,0123231052780564 497545,97657912754 1
2064,1535800661113 31699,308580019897 2,992524146439601 317,53571755199414 776,3740516427971 416,7259332220748 446,56704332850586 80,76716286742995 5,429171380618241 0,32759170404034 400,9166569507071 1,9887468727355984 498668,5295385049 1
2060,581600271027 31762,790639198094 2,99813972954796 297,5621305032379 799,5801338674218 411,313760272014 436,3353159813703 77,83354189124388 5,375769515955838 0,3249799607636839 404,17998052799277 1,9964744543179938 501356,5581357215 1
2060,8700528225568 31488,852657874166 2,999005487699643 301,696408248853 804,5831901429608 414,63304790428214 440,8561763785427 78,40215899547657 5,386613380797823 0,3429849715714111 402,8944285581289 1,9918608040289134 499104,0309540571 1
2064,4389074495434 32011,27639240483 3,025141386676305 318,99940346014216 808,3961597929239 426,2482465007059 437,89867371059813 77,26585221233753 5,436420736910368 0,3441572305651788 407,43088623421363 1,9860423369445508 495095,317004695 1
2047,9331345683024 31750,030399248513 3,0100380021400426 317,29009756263065 805,8108587018089 421,46070572902113 434,2659623089652 77,65196773061436 5,430169387203772 0,3633241893077367 405,6478675538275 2,0235495523307896 494969,59141799854 1
2085,323391878431 31695,13763192059 3,0008524765926934 308,786679134852 809,524584307923 425,0312076292179 429,1593716572337 77,06592876426124 5,439276163926827 0,36178947649816456 407,5175389919516 1,9863570368079673 500756,61747890513 1
2061,7410569114327 31861,11657018844 2,966903498504282 305,2467430973546 800,9880020587934 412,7671818725498 442,69514370031646 77,73634028808634 5,440183783787899 0,38690776154213796 406,2105072521074 2,0015807227112354 500051,95144742914 1
2061,7829706739203 31506,593755442074 2,997258981829484 311,61175520705615 800,0066196482292 418,0518818003029 442,08486547021727 77,4047257266823 5,389963337264979 0,38495217980163327 406,7577194492141 1,980192157409652 494425,769683778 1
2067,384230582118 31755,850041775146 3,017011630053081 289,51427391340593 805,0298821195362 422,31573313626416 426,4610773253594 78,08943017866451 5,451644494315543 0,3835716186640781 414,3625971666151 2,0030918476659916 493162,54962640966 1
2068,6588789252173 31698,732624769855 2,993240432400452 289,30603442666234 806,7150045045919 417,3514681090162 427,7562111801162 78,60881546437335 5,386435932881119 0,4046676341580197 405,93546239454963 2,012379710159347 495414,5137156564 1
2072,100386918214 31515,174039950194 2,993017458789878 333,90295028056306 811,8793550394294 408,21061970423233 420,8799291818069 76,39198150819752 5,392698661287674 0,40398954264365866 412,0015295175834 1,9785639651976161 492236,4872380964 1
2072,22147754235 31936,750088003715 3,0289020327555534 331,43654938923794 814,8841107019884 408,6018978838445 422,10368404920666 76,16378872828356 5,414584812924005 0,4233111135070258 413,3630270319385 2,0078676261970614 486656,5113775754 1
2063,558116736669 31945,261894278545 2,983683909351386 311,30441266531346 807,3265598639235 418,1545963242636 432,1736577973113 77,10787503844566 5,438859465325341 0,42368507087592533 412,8888580740282 2,006809712562095 491827,1399585271 1
2071,3446433187346 31721,107502437655 2,9854670672237322 309,24830484376355 805,9768650378423 419,73246692582876 434,7397129771304 77,8105787585478 5,4036034892244995 0,4388974166714968 416,60463675674583 1,995735113219219 493580,2371509041 1
2076,4572337404343 31620,11262286761 3,0025168755400546 289,46346117230826 813,7720571316274 414,87098588146023 428,24163525993356 77,9576577486167 5,435602758551504 0,4420045062558457 413,8707837549369 1,9918341031412103 494315,9899488796 1
2086,419232334601 31812,624465789107 2,993882195615827 290,17360312683473 787,1391478166448 410,71033541510866 425,69514438391917 79,17615937529101 5,4664394677076 0,4549886065187936 419,5803684834532 1,994552611787474 495833,38266781735 1
2093,0916412472848 31714,94956072797 3,008670774364147 292,64744152462345 794,3754885647589 413,28722214578795 424,3953024939992 79,42398341383459 5,471016214483664 0,454051159745114 415,0127173325373 1,998408040804841 493083,41424530285 1
2090,073042049721 31807,413919093513 3,012841355474973 284,65861913077026 783,3804357251482 401,6673866438434 427,5825855483884 79,73843360201525 5,47862686902625 0,45361278539955957 417,51331668854465 2,0169655317041513 495503,87709930073 1
2085,4224324296756 31684,72234719277 2,9825706034715553 285,5676992068197 791,0386708088339 402,1597457792478 429,2080012189439 79,66539279150898 5,4784235607219935 0,46986279866861336 425,3059912789255 2,0114834145608667 492738,16879611777 1
2076,5383734129246 31699,599169558714 3,014001908965726 304,3537001461319 803,2259968832124 408,61743152084256 435,0370343355834 77,91486666569577 5,459296825822554 0,47248709173954373 418,55263738683453 1,9952014901969521 484154,7492319302 1
2089,0972039816506 31572,2211991893 2,9681499249001506 304,7806719850905 796,9003911795314 404,33049963480494 428,9591517979736 78,55739788534456 5,42856551703468 0,4818584943217649 423,4827647804493 2,0034230686529537 488012,07465483935 1
2084,654186020284 31664,144200186176 2,9961591603273363 285,39792252414804 786,7883239362636 412,71784886697634 421,8315263321938 79,83975846366866 5,418407015059892 0,4862408350916144 426,26611843891465 1,9908946550849427 491091,53973233106 1
2052,6012613784646 31931,210958800883 2,9863333263643668 283,41478050361184 792,3271679337145 415,3860232313462 420,3204570124631 79,64213783883068 5,40859031804199 0,4925223150295652 430,54317805509856 1,997156359151936 489691,3571426189 1
2082,7977489394043 31617,23120069261 3,015602249269964 289,66593268295185 786,8987063574453 413,050302748379 423,45320111650705 78,85805956104839 5,4483656778973995 0,4945638065789216 430,38066903667266 1,992011733293898 492402,2225514278 1
2083,2430494141845 31573,781753568168 3,006430416666894 290,3951793983998 793,4821140917855 400,35458581709474 416,79062362204616 79,52072447420443 5,402761480563844 0,5085181339326353 431,4143014342545 1,9931064366249376 494605,83657373785 1
2065,169224682518 31685,64131853104 2,99695104276105 287,4340867880257 793,027678788491 401,6215299145742 418,1156956322798 79,2629436199381 5,413727688354338 0,5106279685617269 432,7327978206187 1,998678382406587 490608,79780320445 1
2071,0954444497015 31728,1696425497 2,999480753025347 297,5493543476174 797,3407941537577 398,22583380061303 418,82239351366974 77,47190829243138 5,449632566623286 0,5046017089409097 432,97037902646304 2,0082283930920113 485149,8477444525 1
2081,212428787867 31559,95613962976 3,020654835008992 294,44632245205895 803,9828187346411 398,42792937807513 413,5027624009325 78,14525278813785 5,4386841652533455 0,5156946997293178 435,7855265798163 1,9969244239327164 487184,85474856535 1
2074,098512739381 31769,02727606694 2,9835359695437544 313,77417058030386 806,7383455410334 408,1158449750859 424,2125179535781 78,05774326693614 5,426988723933385 0,521154853024446 434,3461105911626 1,9942446955772393 491415,2049032359 1
2072,405887497702 31415,11951950567 3,0042160679484047 314,74124878411925 809,0837022344078 408,2387519589723 422,2771984200891 77,16018347447562 5,4036540992468876 0,526291245760504 436,29180684694927 2,0106015068420833 491486,132508199 1
2062,876632054115 31749,78479552353 3,0020510950673702 314,99266078242687 806,14663421384 417,7007537347827 420,9597431753625 76,95741136703714 5,430206061389667 0,5244581881441409 441,20218566805914 1,999235074383242 492441,67556836567 1
2089,3077542800042 31724,95365665925 3,0017083175228825 317,1640726439746 806,2233487104899 421,1677157378067 422,7026165517531 77,66043788769545 5,427967195823697 0,532307545228565 442,29119911178753 1,9868455625490182 489454,84279746824 1
2090,9929285309386 32065,98748502381 3,0188916928430136 295,9317590858565 811,4744625868777 418,51758873496954 424,20325192840323 77,47357705171646 5,43539192806916 0,5401341706538965 442,0520933800106 2,015587208140004 486423,358483204 1
2074,44509357371 31800,754185179587 3,021651437834815 295,4546184282826 800,944735302114 402,88356350221073 412,7780534831334 80,14185328562087 5,418544578664755 0,5503433863865749 442,1042740127907 2,007599916150305 489135,4900014937 1
2078,8930690682855 31796,154394410172 3,0102142298173513 297,72616173926326 794,2225783567512 403,5662599750002 413,19831800901807 79,36659145635934 5,492210142136328 0,5416407291437746 444,993783414441 2,00534858491751 488681,92533501354 1
2058,4905326530084 31389,69634560911 3,012619325227072 304,65116440922543 808,8244028576311 426,9068747722169 417,2985735645371 77,7325184039029 5,378991004781563 0,5544090340025842 447,52458356230744 2,0094148977421833 487657,3634247651 1
2072,510235447624 32017,214114191956 3,0174560739894627 307,30837152320123 799,4585971577054 424,2280093989714 414,0934701280895 78,38230466474491 5,410162486137948 0,5531091216275733 446,34334069049766 2,0024010349217476 489851,4290773919 1
2063,513771616038 31684,98296477922 3,000608106038639 292,509593824488 786,6644105729061 401,3926916468526 412,3302134067966 78,81517766743909 5,426790917851008 0,5526775657195655 449,1019500501891 1,9885750392878054 488395,9273118545 1
2073,563431650315 31977,39285209309 3,0017298770741885 291,5860669268696 790,8686075228261 400,4011070093225 412,7155652619081 79,19742029917305 5,411722294305322 0,5628532092076854 451,65948996738 1,9934488339239433 484563,64732563036 1
2067,8903953524323 31769,3737314488 3,020177300846795 300,63634499844676 797,7614086693286 420,89459762907154 418,5175197525976 78,01816845646658 5,413439487625948 0,5651434964100872 453,5056579899603 1,999176885959771 486276,10056621407 1
2071,0839942061652 31569,444817299285 2,9802043683947006 300,00771647219926 802,3509550538556 423,248646097128 421,86646299138664 78,98138617559792 5,458954590372243 0,5690728603361371 453,3663413519038 2,0018811187993584 489992,6210663056 1
2066,043401807502 31914,26754215767 2,9860720080501997 313,3093585958197 800,4096520094023 420,57845709547996 417,2297967275924 78,84410817402112 5,3805317455441175 0,5786330462793202 453,58996792829413 2,0178548397590785 483417,7418690619 1
2082,4059520357937 31619,662552208363 2,992513711495724 312,0170029877991 803,9504611618862 398,8574684548447 405,43238586268154 76,45887955353484 5,388389838665528 0,5828252744032552 459,9309764697036 1,9903868975943753 489854,25224254944 1
2075,0197873488187 31615,2335264307 3,005826496336087 314,51290459892954 807,7699696219245 395,79904763054 406,5793834093519 76,42115841031458 5,365052895746225 0,5820917471049247 453,42214972225474 2,000977771791129 489679,371304876 1
2072,396328974388 31779,145530549824 2,9995205569813 274,9704351061542 775,445679113357 407,027712116773 424,53066453605805 79,44813884105763 5,4161689835061795 0,5847241900563309 461,3370886132732 2,008104858793155 489087,19914993696 1
2039,2054621151708 31735,748511773734 3,029608932236073 278,6047612806584 780,3164986746309 409,9906078639565 424,82910656837464 80,26462173940833 5,430747471276677 0,5925146023839505 461,2573094822543 1,9982686260495564 483536,03032383946 1
2060,8025125094778 31565,291369380237 3,0050426316260395 305,10782371711923 803,8629732324835 396,89108566689697 416,9117419568428 78,47573356999243 5,393909438431787 0,5857854972584553 458,8031944258532 2,008686997071604 482382,15754235466 1
2045,6856494897763 31925,589487315112 3,0068363615201337 302,6198241192172 800,0751095577102 397,93493380658816 419,724176798815 78,27831286676273 5,378825985390713 0,5954579217429192 467,9728680811483 2,00504973326714 485656,3723790236 1
2049,613002216265 31972,41704977296 2,996726587687846 297,23374784418036 798,8101087293927 403,13789757268944 411,41206228675065 78,15547244968423 5,473138800304973 0,5966044082564085 467,8299026823728 1,991711335911614 483222,2749399415 1
2056,367890887552 31839,882166650244 2,995141327317998 295,8832529583623 795,4823747480547 407,2631152823722 413,2504106006816 78,52736123138777 5,423322316188118 0,6064121015741172 470,7108408090303 1,9986407655706795 484002,07932359824 1
2045,4978523640816 31709,032915178006 3,0147297602910172 298,9997807125145 800,9027635283325 406,0039972642384 410,8058777809512 78,30611544843585 5,415561258164179 0,6065393819250837 466,8470173019586 2,00874489981885 486418,35961658915 1
2051,0854468254815 31736,083849991322 2,975247131976279 294,92821622751154 800,479463549307 408,6950483409876 408,6680323626525 78,81326472935943 5,4260250159344166 0,6068169009599759 474,6350238413898 2,0246824681028 485775,61901297007 1
2055,7113806982215 31782,664676386998 3,003838157441313 296,693663798066 793,8751147618998 410,26769521302754 409,9481951682879 79,10513537831582 5,424904247350404 0,6126196959857978 471,85817365521655 1,9908882599587938 485984,42429749854 1
2038,2216183268908 31956,0776552925 3,000229946837724 291,2813296342037 801,2542125862235 398,9558135503342 413,2108824626028 79,09675158989516 5,415421620157168 0,6067842185518814 475,3079465126759 1,995375400207811 485714,66214747675 1
2058,4329830089373 31834,87246816576 2,9981209272806755 293,1288551065047 792,3946923370701 401,7165962706414 414,5041241140958 79,18487543820078 5,419790119434829 0,6207760671551986 479,59198776024624 1,9960176230352507 480665,75181993755 1
2035,880008398424 31863,132225408932 2,9967440173475395 319,0307398601489 816,0215560860112 407,4459848799041 414,00868845352625 77,06720381125965 5,394950358937247 0,6154740145243143 475,2938444600685 1,9904197991397419 484400,830309256 1
2022,7978007530064 31626,41707037204 3,0009345979187048 317,00178194356283 807,8968888285297 415,48953829119284 410,6532405104197 76,99362622094253 5,414352984188516 0,6273512462108671 475,97001177726884 1,97518606424633 483627,884008007 1
2038,790850090642 31717,865458207023 2,985768333330224 311,5480766123389 803,9727914488061 409,3698058912313 407,2455536101158 77,86157955381962 5,4008530202775535 0,6191241395700882 478,85594589684376 2,019674392879176 484848,2060862743 1
2014,4663499897624 31598,178253653976 2,9783180154479547 312,93047514393334 804,8183376172906 406,5999159207189 409,84572075086766 76,81684078005627 5,394916673417869 0,6306685754787943 483,18559293549356 1,9987475577224236 480217,6958008615 1
2018,7778421712067 31906,349213106005 2,9933586234763965 289,5875272098049 807,7358805628 409,39998779182804 407,44792417174807 77,41483292649532 5,458362266743128 0,6256790367346864 482,48172291005835 2,0026084535018116 479650,9762022464 1
2035,8472658755486 31639,149045595284 3,000378678547597 288,61706933553546 781,3583917796294 409,08769740323197 409,6551221657404 80,04664096510584 5,433593899953363 0,6377115765105584 487,67931382803107 3,0064124361759297 482624,46749662736 1
2011,3425199651567 31516,277432706578 2,982235963462765 289,57943241322386 778,7604938571737 409,7232290529817 409,2723175332124 80,4666346063426 5,466167781732242 0,6284928113973883 487,25627803727855 3,0049333641428366 484732,44890839525 1
2035,4907351608997 31630,452277705564 3,0029967019625747 300,7974404778744 799,935897112609 410,8572522723361 401,3291238142319 78,55587697265116 5,46238139304176 0,6343586169058838 485,56333836607945 2,974726220160849 491010,53527241264 1
2021,4478883944757 31736,659474464646 2,9981581484608886 300,4909452460882 797,7016308689755 410,99789711817994 401,649486546468 77,97232661273593 5,433063283825944 0,6404124894367444 486,3604653336349 2,980516588103298 482441,02227899415 1
2025,0919695696755 31483,402474077764 2,995621312092357 305,9675165195439 790,4417686128292 403,89073907700237 402,27025410743397 77,71803288259594 5,444428368946079 0,6388480052473773 486,35553964035853 3,0119111274236485 484389,5581966734 1
2029,0206343440675 31842,832347640775 2,987660352121405 302,8765872202802 803,928973981539 404,3126511622871 401,02358866719885 77,92868378724913 5,419794248204529 0,6419337451549973 489,083373803866 2,9981753155305633 484000,4280721027 1
2001,693704620465 31576,449343674296 3,0339968152141044 298,80766061033734 802,7906218488106 409,73505922083507 405,55387790210784 78,4233001224656 5,4127544165106105 0,643110881352048 489,9898308024291 2,9827864648358595 486270,6647392412 1
2038,1354320289013 31617,48453729502 3,014900943833651 297,9851879339142 803,897912830649 407,08460931725926 409,4235120965708 78,25605347521409 5,419646778679081 0,6442121554852432 489,8567835008279 2,9816967782776853 486007,11772203696 1
2014,8974527923883 32177,070970950634 2,967586316193105 273,3055364273587 804,9476059208602 408,47809732022307 413,0845390815862 78,16173161702706 5,449494418694491 0,6453905281743406 491,22485593636213 3,00036596237379 482423,86434249603 1
2016,9501795234776 31925,80606499304 3,00711434757336 270,40507143303375 807,3772427452318 412,1478183480503 407,010156325534 77,50553541191408 5,453400553595723 0,6539218193625457 496,6782762894632 2,992020122330932 481293,63657807757 1
2018,7190453043988 31656,151564158175 2,9878604972791205 272,4232219523992 810,0876638920026 410,9698825133852 408,80905230530635 77,44600964416998 5,393635097592241 0,6508212535177015 496,30103263483653 3,013901979962198 483950,5429138319 1
1991,9288119530993 31866,882194482707 3,0376848840159143 319,5330957123591 809,6552384188097 396,0626699526675 413,562389060354 77,05786906157853 5,4218982684368795 0,649851820666016 494,93609384968886 3,003644740852304 480411,4924785382 1
2011,8455391294508 32085,70494601256 2,99823448877732 321,75608201893914 812,7118534603065 394,7630118256419 410,1702456913545 77,099900106311 5,38897408262082 0,6518250950132075 495,67789685662024 2,975085097497671 486397,40847013943 1
1997,6864925438786 31786,24903698703 2,983524560056916 311,0535289336526 810,9439982773096 399,02803423092263 407,5674659959045 77,92399562246547 5,4012948800413065 0,6530600377276554 497,9176892453586 2,9924274522975516 485069,59478554124 1
2007,1930902649922 31758,123209273082 3,0266786547678226 311,738457311795 807,6703140686612 394,7278725811403 410,84472132553753 77,21314581837733 5,409735331485014 0,6513623638763799 499,534623634026 3,019335618864612 482527,8314007019 1
1995,3258372663715 31653,741110482657 3,027348554342391 279,73648771650113 782,4311822906318 406,71928794656526 407,76283470143346 80,14812496361778 5,433424497706892 0,6622610589880792 498,907936769266 2,9941837933661484 486051,42517644895 1
1999,1566445878643 31773,891104661 3,0017378796785996 280,71216472689935 788,4299372121886 402,203872804331 408,57655024699915 79,81206784005765 5,43432633064816 0,6562769502276592 502,13171822746534 3,00930663063361 480761,47619213717 1
2007,1839741056474 31548,838476103007 2,9717796686623488 311,9784622392934 787,5599767496382 406,18865727187966 406,2357267826069 80,11112245973385 5,4070499703370425 0,6584922862452055 497,3767157557777 2,9938621145511557 473904,2089823722 1
2006,4027570869814 31848,661822050504 3,0027819418925277 310,2626393380321 795,9573051596388 396,3783238760703 405,066348667347 78,94646715129798 5,457572760542282 0,6561021508787006 500,09926099348223 2,982074711394295 483725,7123572755 1
1991,7223269691199 31655,5962794292 3,0257552372782435 309,1147291741349 787,4805198315216 402,87365882364287 404,8329513755177 79,33392277689101 5,398326918919124 0,6624578851293588 503,7883498812141 2,9932827277125256 482369,97600450244 1
1990,3838824673815 31634,892829957746 2,95951970195943 293,6384802124116 790,3291574579972 396,9077186149376 408,6345575829424 77,92665748169046 5,422842963352197 0,6573053107256753 503,92552364646036 3,026906705805793 482357,06526977906 1
1966,6438810884595 31627,364349908235 2,9668772508466676 293,075228890853 792,0713519072486 397,0374767470747 409,68663399373713 79,1054547749246 5,442199145782669 0,6592449447997438 503,4916310662605 3,0057544990190923 482104,28015445767 1
1983,431373896576 31564,14683219868 2,9878332640524476 298,76423250008395 801,5538073197396 414,9497548039281 404,8100287672317 78,67781278146353 5,4343452795209295 0,6620801819850826 507,19629102655125 3,0120795246759298 482982,4022000221 1
1993,7073066957867 31682,877474601908 3,0051568152416888 298,5874762558758 788,976476121767 412,36543266053684 403,28142825697927 78,4043645773342 5,42311755612977 0,6572570644551774 504,3838615211721 3,000295758787422 479884,68168135727 1
1980,2879049596645 31562,159920391758 2,992072765828669 308,06535034953606 807,7789962554341 394,4405939188296 401,86408583973696 77,80847632301699 5,408416705941706 0,6600872622832411 505,4477791819154 3,002485983977478 474472,1530962857 1
1992,684272792347 31720,96951406072 3,0338747939202695 306,99811108434443 808,3616651921953 395,96611490798074 401,2105264356334 78,1726045992812 5,430357738960317 0,6579858684270661 510,8779202060835 3,010336148702969 478596,502972517 1
1978,3589465420755 31738,254541101553 2,9728933937607573 278,2232854637832 793,9941575562605 393,26839703573086 403,232109222241 77,90591554656923 5,436763383412119 0,6667535993624302 513,7245226301033 2,9778008965517397 482128,9759261586 1
1981,479100415589 31780,210491587233 2,9869124012569244 278,7872053879697 808,0296615183203 395,50376377806856 397,1336805576468 75,7379727073006 5,391930342279625 0,6670788936931905 514,3240768421588 3,019546821330855 480775,26522203983 1
1993,7374289331126 31845,43983803944 3,0005337729324753 281,36476367515473 803,5987840973002 395,3454618533415 394,1117530862367 75,76191852424297 5,427551850784052 0,6701429162135608 511,0240770530843 2,996925850428192 479763,37635578273 1
1988,186292005435 31579,706667304614 2,987870902236792 299,26394223614744 794,6575943252359 400,78693183069333 406,7172918203534 78,31991179024814 5,433173542031052 0,664205693164654 514,5586632799402 2,993926020930791 483204,60372913064 1
1999,9947257722183 31391,2023621871 3,0047136548151094 298,67954735515184 799,2077289893126 398,66723151279984 405,1351611801857 78,42840243966678 5,421723386898344 0,6681963214535471 513,636845282954 3,0061657398616344 481825,3647506036 1
