Co2(scd40) raw_signla(sgp40) aiq(ens160) tvoc(ens160) eco2(ens160) rs1(ens160) rs3(ens160) rs4(ens160) rmox(zmod4410) tvoc(zmod4410) eco2(zmod4410) iaq(zmod4410) resistencia(bme688) Aire/muestra
1184,2768915000522 31925,137541986107 2,0120677872414703 146,0838287527506 623,9076347532405 393,22121597726454 410,7112270413923 93,45942517865176 5,415830763421127 0,2779050436558343 457,1148404199984 1,995862141435059 512737,02603382774 1
1187,8878180588902 31804,328386720998 1,9907365855930597 169,26501104830496 619,1557724793427 393,14400047178924 413,429169993299 92,953149257049 5,420653279500971 0,28111610439519646 457,49153332732254 2,0013585194218875 513171,20989295567 1
1183,1303983615098 31795,490039665354 1,9994801997828744 170,8695379194685 631,230045531205 376,53589850560775 414,48462929653925 92,22192740408727 5,405189146187985 0,2889110956002618 454,4298478286705 2,0037334984710093 515392,5880667053 1
1181,195782590066 31803,652523101133 2,0062838392625224 170,35928671617572 631,428482141533 380,1835247033102 408,52337775109345 92,08731876385636 5,422647671742872 0,2867735769265335 453,9818702156253 2,023990946618883 514228,0227793958 1
1181,7436792450967 32023,318815820385 1,9993826187347776 177,09143246403664 662,9372491053033 381,41808476394203 399,8595785136982 89,52032798888322 5,3656248244260345 0,2880707274256267 451,85652822257373 1,9936430111501309 512266,0968473382 1
1192,4224911604188 31549,089974003575 2,003183449732056 177,25472320589688 662,4677679500529 378,4876162018013 396,3268129509208 90,39346838530018 5,405404070065012 0,2993168609431117 454,85352066935826 1,9803376092773706 513210,79772013193 1
1176,2426630302627 31935,094570153145 2,0014427560333106 154,6409774754431 632,5014856884372 381,3013568043954 412,5663080991938 92,27762384816967 5,388339032848684 0,298125503885996 453,96394209564687 1,9958105288493972 514960,35299494606 1
1184,0552227007156 31892,22275777869 1,9873507780501218 153,6108945779935 632,9577564180286 379,1511909718293 410,2653061370234 91,88101890361756 5,427242826009955 0,3111337213720721 455,7902254034909 2,0254022581584676 516093,0643998702 1
1174,803191899374 31832,74065112788 1,9822037868486548 148,58026432442978 626,777756678549 385,70255072472594 401,5026774150208 92,61697821993393 5,383907205468809 0,31251524938891845 457,9074331740577 2,0007603599992234 515485,6205758301 1
1188,8259192453722 31781,290662089654 1,9774560977374245 149,8810357410695 625,6048183393907 387,583667968616 404,43935371960697 92,20852610471283 5,420512232841098 0,32296485532967073 457,29176140586355 2,0026807358030294 512123,65286325425 1
1177,7004798725752 31977,99620597007 1,9878540819478083 138,52578359175325 623,9766972588496 386,57359746618806 401,00283388401357 93,44052279474631 5,418652370964725 0,32410952155904393 458,84727532967986 2,006165091098238 510884,17195575766 1
1184,2655692274832 31616,58908968347 2,0101439288671834 139,15745879298854 607,804635581399 376,63670205216266 399,9558651722928 94,68548036087932 5,4058579997932075 0,3327202886131338 466,08963349065306 2,0115172177416802 516574,9122606236 1
1170,3776754877176 31799,86186981253 1,9903232463409521 139,83627283977958 609,2747821572826 377,87971175567685 393,4916760608039 94,18087646755644 5,378613294738219 0,3323939107740391 457,75263581884127 2,0155732882085196 513541,1329581576 1
1177,1312585712044 31972,018617559173 2,010375667945188 157,5332689566465 642,4894340362295 373,3110775510285 403,5282210902868 91,68445639208102 5,397069801068497 0,33325904482832824 457,90927703379714 2,007151562822428 518161,6700509007 1
1190,0189612115596 31658,601482697315 1,9977638823074364 156,82471072308954 641,5519974230956 377,2879843426486 403,62378980092444 92,31255689091213 5,41728179026848 0,34060057453023074 462,10724186891565 1,9933651784782285 514418,98839888215 1
1178,4588042521616 32061,580813930974 1,9990527054419687 163,50603036728904 642,2178828463473 385,70306092159586 398,7073485370481 90,43802269942042 5,440420158235834 0,34033070903626705 461,92777319812177 1,9899006737059592 514332,9748488552 1
1174,4232973420444 31743,62425380225 2,0003956877166136 163,17888082448403 645,0990988283272 379,6815949350366 395,86280928274186 90,62863103028279 5,401243100450654 0,3507889494794778 458,76599712213084 1,993837245461076 517320,6782407871 1
1176,1695643090254 31817,501166386704 2,002913525968541 156,66872078489646 636,1410850955052 384,15789441140606 403,7863445350799 92,36965430591012 5,413659764729963 0,3499133953169991 462,5491435234868 2,0160748388250864 511281,1742252616 1
1179,1100030526352 31503,699727063162 2,0107997295394657 157,59211194133488 636,8096880357358 383,3738457533988 409,09263855426633 93,70147171156727 5,4018668067873366 0,35799383493032 463,35135839893843 2,008562121585439 513289,01407992694 1
1187,7221590870454 32014,110213275148 2,010840058966119 157,83148602641154 636,9645942580596 384,4852110955253 403,122665125195 92,88878356962002 5,413479320589232 0,35800623965037986 463,3996001425665 2,0160674922244217 511655,45733959816 1
1172,1152679868444 31678,116626405586 2,000899279825883 158,48098670167283 637,0495376806384 376,95635319386156 392,58786104719894 90,9873622012836 5,484429742362707 0,36873289031170065 467,3847409686891 1,9867276725191758 511597,6412104645 1
1184,00579599663 31634,850750945043 1,974756420975756 158,64771622383577 641,7982207497562 377,620680181747 388,3470081836451 91,88962938913176 5,399092659100682 0,371501271460658 463,07500818374774 2,0057503850977674 517237,3576947353 1
1179,7170721202597 32018,332448934914 2,0103117730368067 150,76807316198946 629,407079609699 379,79408321296006 393,51452431791233 93,12329637837901 5,404227181264879 0,36860538067278004 467,2404829699312 2,014918709797227 516105,01023175416 1
1171,1965250635737 31468,327524320404 1,9908384437868818 152,1057349826914 633,0265195398755 381,5143825760889 399,50981723288044 92,33204474784982 5,427658546657353 0,3783205788522872 469,3503819836373 2,0057521487936385 511227,85215408425 1
1173,8498783480104 31712,607940588834 1,9863663230143114 136,6389804862917 607,3281834863344 379,5868860793062 397,6340270557742 93,77617719408143 5,350279491249247 0,3767555258926402 471,7566910544604 2,0056560780786055 515680,04395646055 1
1184,506258592558 31801,793613514426 1,988809424683283 137,07221224232774 604,8274926382596 380,14085114699407 398,530112405002 94,05369112782265 5,433351307868479 0,39131575479858133 464,7915316821079 1,99674451227501 513204,28376069694 1
1188,830957727981 31799,463679455075 2,0005626391867355 169,62629577977575 649,9150032965883 398,1996656701624 390,70567501933317 90,16943420808951 5,412197850140714 0,390710335480296 470,2289940529202 2,0077485649313056 509333,9175564725 1
1190,0859839420325 31623,172101255626 2,0008207181560484 169,5808071237287 645,6714785555512 398,8917295508931 393,48070267011695 90,43567301643282 5,3996267431968885 0,398355618556276 468,1483615979186 2,0016154843002156 511911,4871214453 1
1179,9107752395444 31578,89238380746 1,9995192545139662 151,45537000461007 646,0490380300487 396,3549081556451 388,5295270847916 90,19755456024552 5,47425841809458 0,4026565764567863 470,3958979025952 2,0111208426085714 504302,8769735591 1
1180,771508460636 31807,309771682256 2,0127016756541733 150,6151943878887 633,5853444663345 382,0094170875259 399,026170615533 92,22171635233988 5,428996375205039 0,4072464788069782 470,1385064699994 1,9981086635662826 503998,94167066284 1
1173,642563202415 32132,36004631214 1,991855224814307 150,66386485776653 626,5579310875994 375,88166761092583 396,3382413953681 92,14499630886708 5,432608730385304 0,40700649479037726 471,22881329322695 2,004595301525176 507942,0185183462 1
1180,5717130401856 31723,414201288524 1,9807726009256619 179,11363927031692 667,5855210820235 385,0276624366873 396,4460222742929 90,14231561961014 5,438179495800574 0,4088915129674751 471,9412052099117 2,017984344752429 507577,64300177345 1
1175,9228470335922 31696,205624044804 1,9986782295821144 177,751966165414 668,1479984220729 384,4145654652731 395,14483797230963 88,60443444511525 5,393678624558484 0,4154926037994975 473,88112383890143 2,001588107353686 510320,3982687611 1
1191,1133121914431 31552,091266937226 1,9918165842722837 163,19227600801938 646,8462920276593 373,16839461821604 384,29891312647425 90,22678909069035 5,424602500626736 0,4162381614190849 474,71632445294483 2,0058622773896158 506560,6993501215 1
1185,2516976180304 31736,764360881632 2,0138346421093436 163,34016962554202 650,9859582810201 371,1706813826042 382,3270513001929 90,99683935476561 5,404770838042111 0,4266206025158543 474,76353856073155 1,996686705590603 512873,0682946234 1
1182,0206992781816 31888,567265701637 1,9968609294359412 154,78461230512545 643,771739589519 381,0783108986908 384,12374393186184 90,98481650975108 5,422914188742717 0,4282871913320448 480,60641470554583 2,0091662798028898 517339,28443239484 1
1193,7653995670164 31950,235820226484 2,0008516936008967 154,73623373615283 644,7561216807628 380,51223463819883 385,8852991460809 90,49603474947247 5,412873140180864 0,4357761466574332 481,1201785758651 2,0040301231599122 511396,06054973655 1
1165,5646753529938 31671,997282341745 2,001297793005009 153,86671148664036 648,4630824050336 375,72334602675824 387,3926012785022 90,14699834378325 5,39402737578091 0,4317248092291381 480,23063012821257 1,9973571646886565 507269,3931282681 1
1185,9851017644398 32006,61840808386 1,9905561277691228 153,02254652453706 633,8564158968289 383,4662324083766 389,16635658138847 91,97373593337862 5,391222741052712 0,43922884274304475 479,97388347587554 2,0088441820466305 514767,88707544963 1
1182,4774123490565 31852,113111539973 2,017802112600956 153,76454369986286 632,0205738664657 384,7154265165791 384,7537840245545 91,37786244490466 5,396749224295854 0,439921602556733 480,68446646803676 2,0066443787060195 514398,26271738694 1
1189,5812485177555 31835,869557177077 1,9780797072236238 172,82678927067386 662,9805634873146 374,7364733857421 383,81119601801686 89,61699923827199 5,394330963864693 0,4353159496367639 478,00646073137966 1,994537756323463 512541,19284637115 1
1171,620977788008 31595,784309148992 1,9943575805286935 173,9684001190021 662,051719389499 379,40812289201216 386,24099674294825 89,85594533473096 5,445452879823151 0,44338763322142327 484,06832108561485 2,0052517688656875 505798,17882432626 1
1186,6874693221564 31722,216955591317 1,9717623052607498 165,14763869457505 644,9968509432339 373,30302035710525 387,15934519663136 90,78190129811532 5,3851557537038985 0,4484465619874021 480,17666530111734 1,9837233006423987 504919,51191422634 1
1185,5793527624357 31806,85752573021 2,0010406594039822 163,83283089999188 643,7731077629537 373,8686784421166 391,2139340275364 90,53356121872972 5,404358210921829 0,45226970260061367 486,78670234033166 1,9961824330398512 503389,2906199343 1
1182,0774087400655 31759,846949619237 1,9970503921502225 176,96220660378248 616,5136259317978 374,70424711145574 381,743467742321 93,48995594274295 5,407927795313867 0,45343842596111933 487,3581197736616 1,985024732142835 512390,321301265 1
1189,3109254137996 31728,98175986737 2,0124504014290676 177,42526467901325 613,1778150821231 370,03104943652903 382,0577405446845 93,59038345734382 5,460856660653104 0,4591184681037018 483,8646346218747 1,9891454741127146 506730,14528726717 1
1183,9380569116386 32030,931587705192 1,9957308640347466 151,91736227392437 613,1205081282897 372,8881971112082 380,6743498381536 93,47001555576105 5,401840914553899 0,4598793223196199 488,83517941196413 2,0031615987420897 510440,43190610077 1
1179,612387387948 31729,236631873675 1,9983956112104952 151,88803613365033 634,8445394580962 380,46770331762826 385,4138118047246 91,99995525384847 5,376443814495755 0,4672197011200653 485,44557800793797 2,0090273566836894 507491,0145245306 1
1169,4161501574183 31479,917227689744 1,9879940456848568 152,59677180250833 633,8914910954966 379,3590800099438 382,7265968638378 91,76857947718646 5,425537193410091 0,46776518705055464 489,2084834404288 1,999906896748503 502919,8681804141 1
1180,392345283227 31808,714199080285 1,9862992511973343 147,75276372472686 617,2215557938688 362,54021042979093 387,65776361134374 92,55519465549034 5,41353813957597 0,4663398933762043 486,63957218204246 2,0033907669837117 508607,2761509045 1
1184,7251400365765 31589,7511036837 1,9965235072259422 147,00662427760983 623,911501809972 366,0683969914522 387,78142225963023 93,22836805769948 5,373684373195063 0,4744305994114696 492,7201155530819 1,9863494198608758 508358,3475041513 1
1178,406940713925 31839,10098204639 2,004057604509106 154,8988159415856 627,9419710137465 373,372629472462 388,0342282145956 90,98904047554338 5,403973672962327 0,47217905767166546 491,7214114118258 1,994135443597831 504411,94842336234 1
1184,4722401348708 31905,155026231427 1,9964551052774915 155,78997938479134 638,0974211697262 372,7750896960762 382,37938434359023 92,55117813623389 5,384910683728718 0,47967659486936975 497,2989221254629 1,9879735785558355 504907,19386662956 1
1180,4038363285852 31864,75857230119 2,0095398475171686 160,63175320162824 621,9276615325468 386,35385728566433 374,67970974675904 91,75433161316613 5,416737208638672 0,4757813432592534 493,34451092568054 2,001869363478837 503835,0615760226 1
1177,6202496829894 31911,000877524904 1,995066375865973 161,2007748750689 625,686627160291 385,56775330808097 375,3396975128944 93,16536162907849 5,44353292711988 0,48053324445265816 500,849981381005 1,9751688761030164 501515,35381790175 1
1183,9196451515586 31538,072595188056 2,007456561713181 160,88191258641402 623,9167880166618 385,83254077968314 381,1662483016637 91,87382985457107 5,433692905581139 0,482021440740487 495,63576018418286 1,9945811793717367 504254,415033624 1
1179,6212376778735 31785,87353258087 1,9932874328197037 159,36477412675941 641,4569804946312 370,11172348177087 382,04659528383456 92,19372415462567 5,467256373115125 0,4840052384730693 499,8558102880873 2,009844599485759 507094,19023339485 1
1196,5559482410674 31781,494272907938 2,0054432300259433 159,95168978219564 638,4315105633018 367,897750163806 380,07298118503786 91,46660247356779 5,440357256248375 0,489883214624196 500,5007828195146 2,00248797322681 507352,0573816184 1
1186,2365392338438 31696,816382359328 2,021059806063943 156,7592049423841 636,2884483927814 370,86145951272096 376,4187448064534 91,47851509536422 5,454918162016852 0,4883487534817828 499,3051036192478 1,9866384404333142 507039,9345899343 1
1169,7680059062634 31721,395028197694 1,9908743183066346 156,5439628697022 640,677701593462 373,04245217956054 375,5412569242153 92,34701350724907 5,4074106045761585 0,4946720978250197 500,6725839383652 1,992635297329221 501943,80664439243 1
1175,3216056335973 31700,079567365763 1,9981523007087683 154,34046922619783 633,0994163328935 369,48859759320993 376,00744021936595 92,94827667910559 5,416582902239553 0,49659640298485164 501,3513299610931 2,003166297754586 502722,1631752816 1
1193,337177888651 31597,691569990704 2,002403453118454 154,00331494557167 628,9209525850698 368,10735574588864 373,1146249241192 91,95435637236073 5,4026095938486165 0,4981821889942146 504,78236049163166 1,9991338742452742 502197,79640070355 1
1187,6527554703118 31502,44618368718 2,007429150711333 180,17850908921363 646,4845399041593 371,2231334346268 376,9361908006236 91,03622043084941 5,427303773610159 0,5014998262431026 502,14367167927463 1,9789987786249814 504908,5842314655 1
1176,8647311226698 31859,39521485606 1,9852350811817192 182,016027400434 647,6667587902092 369,4271051020422 374,1385036640375 91,0283512445481 5,422450403791998 0,5068623438678311 504,989899929099 2,0158766671525443 508218,29206828366 1
1179,259080986486 31704,802418193427 1,9852824948184467 157,25638537479313 639,0718322143243 370,54387947307436 377,4799729572522 90,38318832603396 5,4547446036913945 0,5055736249522578 502,67032154481376 2,0047391818987714 504431,4238399674 1
1189,7889379127298 31636,36339020161 2,0038329537808663 157,53711276768593 636,2003122713785 374,5449775729852 374,72267165669484 91,32192508668288 5,399991207238351 0,5096423264850106 502,3796122099157 2,0068078605575637 504045,0959235052 1
1187,5557417456557 31691,33038232935 2,0009631568280515 157,47268633908152 632,8133610555702 377,58640148696355 374,0282528673811 91,51272346688776 5,401934621969947 0,5070801407122227 511,00279152635363 1,990582657865812 508903,31365719676 1
1181,6208724496844 31643,83696370178 1,9883282232574306 157,0911144165056 630,8209426758481 372,1936827818307 380,6775646735891 91,49886478976873 5,392492147854342 0,5034174386109148 508,2214506267381 1,9902579123016635 505354,30066722055 1
1192,0489010770746 32076,395698311597 1,9993917032502246 156,17607890815376 636,4169249171003 369,5427821250535 380,59486617270323 92,48510018521885 5,4203055015536314 0,5088177249943997 506,73264315930714 2,0046557846019217 504385,9348615293 1
1194,741422957705 31651,683532182393 1,987194371750114 181,2836020180874 671,674128536986 365,92854699973526 373,98546727224385 88,74538997102765 5,4181132881810345 0,5113598208673984 506,3267936702169 2,0040152251030747 503641,66278493253 1
1184,120036536864 31740,164241112798 2,0097438285047993 180,84017850368545 673,2399123957639 365,31644342709353 370,89922783157624 88,53925534881175 5,379063303911173 0,5170279919655251 510,4147923735689 1,9879224846320773 503138,70287259377 1
1177,669290061826 31630,165812726715 2,0156117196940144 160,33805393848172 650,1639976740585 365,564971394653 374,58986708862057 90,70633789157513 5,4102318149976325 0,516694702515768 510,7098691039091 1,993151022442535 505832,17888518976 1
1179,1029445714894 31570,588040031915 2,0076214464255173 159,81879073001875 651,5105950872902 361,3553177715566 370,47787622783216 90,83861375584506 5,393158595260889 0,5219621049337992 509,79049560064044 2,0029057934874994 503353,6545251713 1
1191,747752933505 31973,91487916857 2,018105436174454 146,48354501459275 647,5547624956255 364,34138599931975 373,24688997615453 89,32218463700353 5,420926362065187 0,519803160108538 510,03632894459645 2,005621394766269 503187,3414666518 1
1190,9078277105036 31636,29319778049 1,9989278171413793 146,5930103307175 623,6616360377781 363,94141308126603 382,0155175821745 93,05044831378369 5,409426959561897 0,5255855179271528 510,2204019136389 2,0057969708023253 500710,65111524175 1
1187,511713447711 31799,30361985704 2,002455686254482 147,0488040440719 615,1433969916214 360,930960688737 379,1841578553439 93,01123181754474 5,418962033520316 0,5227129870525797 515,6975672721495 1,9934469198387768 498847,7940352251 1
1189,5665832951383 31792,322531212452 2,009049611855778 150,59772785065707 628,8831743535143 382,28194764210514 375,6009167829816 92,44238805992127 5,372381769917604 0,5273484501055665 518,7393399869384 2,0158555076109184 499707,9878049596 1
1183,0742241441867 31790,996864665656 1,9918495023362839 151,09969073627659 626,9977406128244 382,2285908505696 374,87439604292246 91,62183494767348 5,437830525285755 0,5291330544245373 516,3675877045825 1,9858599919870488 500923,72204141686 1
1187,0972654876414 31838,627330303203 1,980021762971843 144,00180145736928 620,4301369638908 371,9920023329235 375,1689154538211 92,23895273551831 5,434461829492466 0,5312593059281013 517,1735534212613 1,993284232178008 502721,46368470474 1
1184,3746405701324 31896,18271632359 2,005861241889251 143,63810318084526 614,7086089904734 371,0835617318981 370,6554538980849 93,15192144788296 5,4135351085430505 0,531227123814117 509,52252169982773 1,9928960162352094 504307,9390804809 1
1192,545766953928 31580,214550262765 1,9808995555238411 153,90036386950374 655,845349186119 358,4022965131054 374,2837020007433 90,18661728861164 5,387432534643163 0,5327578660742123 517,162122102155 2,017178406490683 503020,02119774657 1
1182,8991097777134 31707,281263347748 1,9974731274736142 154,43879370418517 656,2316951162095 359,82367890152403 369,30158435052846 90,6378123906209 5,407594754138158 0,5337519371097861 520,6492806375688 1,9789555337717641 504370,032908024 1
1188,2104862704182 31789,287450805128 1,9981012130181262 172,31272253217148 650,7589941370192 357,5173427330264 367,84970727637955 89,87996899144461 5,432900810837546 0,5361176464237467 517,6374357517269 1,997008811205803 501898,9422466447 1
1190,4060651502793 31502,296626952942 1,9872591021013284 173,1062937383358 665,2703258460863 371,9400319886797 368,93871032906446 90,48263991953341 5,3914330870024605 0,541718864878776 522,7106286938317 2,0122844235338175 497371,3221649244 1
1186,6961537470008 31651,04488671912 1,9868778915639929 173,3950587779318 656,5424380318974 376,4585133345275 370,81715635617576 89,37474609963103 5,375934221091404 0,5409329691049038 520,1898730279993 2,0046820398917786 501037,55085059756 1
1178,0119341114716 31708,711348748206 1,993738119792991 162,1965892584024 641,6442285118335 353,97017399313256 370,3993425607862 90,6420538714993 5,415815000361685 0,5340452531330578 525,0044124857117 2,0090413967548493 508068,51512565825 1
1178,3314731808257 31385,667315284867 1,9888843130954659 163,4394109708996 639,551943001657 357,9661560675881 367,3849560003499 90,9144585051316 5,3776691486251655 0,5429757163542421 519,5624847161174 2,0261414140592313 494408,12952117634 1
1201,1863005229302 31595,69462011619 1,998279354737635 170,1481223863082 653,9761024229616 359,1123086909588 374,64098943541865 88,70607206320963 5,452903502180477 0,5419460563119389 526,5262147331599 1,9900796682151871 501490,94185628195 1
1196,747975250798 31985,070646160806 2,0094419247582787 171,8431704305376 664,4642880357479 359,22481204504834 376,53376441255244 89,64393937237077 5,411851913164948 0,5383326173190083 524,9744701672723 2,013671492322604 500223,98947773624 1
1189,9999622521993 31656,315485569085 2,0135372881857596 164,78237797997815 645,5390085851178 366,1061147370622 365,41007554280554 90,17288891644341 5,424604874191597 0,5463562467738681 524,4903293822845 2,011893525183141 500024,84262119007 1
1191,1434170731404 31741,860436235063 2,006947795708999 166,4958316345118 646,5142577498044 365,7732893764795 362,86775913697994 90,26920749865737 5,418445647351517 0,5418987300681312 523,5129113864324 1,983795348121881 503186,84206345415 1
1194,679112679814 31702,481759341605 1,9939354249695564 165,41172892350926 642,805349889443 366,0565688874614 363,4526588603026 89,6026852274237 5,355960522586659 0,5435285372698146 526,417379850864 2,0024385908627904 498799,56950902974 1
1194,5820211763853 31516,7620251182 1,9807488047463597 166,16003189345417 652,1605950409598 369,78918322526755 364,67656998141916 89,89302060352138 5,418688738479478 0,547632396017655 525,4350131537562 2,0111727159204755 497568,0322848624 1
1204,6902865188858 31863,910764742563 2,013018057697287 166,325887124193 648,9948102750412 373,85026324599625 362,9364488867441 90,15053826959623 5,418987232461763 0,548433074656926 525,1016369016062 2,0114627115450174 500552,70749765536 1
1206,8551681846975 31761,718700849266 1,998426694526505 167,3645055277233 647,6725873238423 359,8520713526306 366,9846700991622 91,17825938096259 5,408277172218135 0,5528199686292379 525,4160652907677 1,9951826960332695 497043,6014605106 1
1189,4320708661846 31358,308429078057 1,9918359604566493 167,50354963499154 649,2764186453392 364,6573773779059 363,402051584377 89,42121800503963 5,410358705435951 0,5488640624132108 531,3917492142002 1,9919801277873113 498095,7907232505 1
1201,297661990856 31915,80753002918 2,010762944061628 150,811446523868 643,8858145067904 359,89497213967104 366,89247550803384 89,79096948604189 5,374978825907438 0,551849661924145 532,1620770250667 1,9990126397583041 497381,84795397386 1
1191,5142044569388 31962,757729947924 2,0015240762914086 149,3082181954153 649,8973143068758 356,8657581235479 366,26223371930223 90,46205602384991 5,353801794739822 0,5580239567430936 529,3525082135895 2,0023535430234984 503422,26061544794 1
1200,837941125248 31649,738535962493 1,9932117801282467 183,4532960807373 653,8105190746368 366,9597707691743 372,49439509985314 90,32976212543434 5,394901991560755 0,5516559895115838 530,451914823982 2,0060131997217825 499773,84999069036 1
1201,209727591782 31622,03782976702 1,9957900413117304 183,32240252084537 658,3567157885254 366,97392852893046 371,8742456685024 90,88623168743996 5,416816462548091 0,55647028911282 530,50464835485 2,005191725613873 498270,59517402714 1
