Co2(scd40) raw_signla(sgp40) aiq(ens160) tvoc(ens160) eco2(ens160) rs1(ens160) rs3(ens160) rs4(ens160) rmox(zmod4410) tvoc(zmod4410) eco2(zmod4410) iaq(zmod4410) resistencia(bme688) Aire/muestra
939,0486825931117 31949,284885639885 1,9954218250472877 174,0686600660178 704,907180567615 423,59242071174344 391,27607615746535 86,52646771179967 5,363331883064697 0,09942877953438467 411,7797983012685 1,9904054851831412 423486,9928859935 1
940,6561692681734 32218,966321215354 2,0045232608525 185,7325277377308 670,0690045827063 417,06152231407714 391,5427942887533 88,9199090002328 5,427637873550461 0,10045841011619298 408,6312370746888 2,0035549244720134 424234,9446998843 1
943,2736632772406 32290,958668989908 1,9980685393877855 185,90224693417602 674,1977020519748 417,9803118749999 397,8894533064606 88,49231432284391 5,3835596788439055 0,10210603476002894 409,3781071543267 1,9999931281607886 427236,4930590892 1
938,5937003791583 32184,80805625839 2,9960739029084924 227,97080419135452 724,5620299393665 401,1573748335614 388,853023616888 84,46514931896107 5,385994055113272 0,1023138261589048 415,81438667238467 2,0043678256326083 426555,10082634137 1
947,693748413231 32018,651989727638 3,030419732247651 224,629763769236 724,2246747282925 404,2022501505863 386,455200180047 84,2242051408765 5,382391092833459 0,10624188812295918 416,6701031715097 2,001687830742425 427486,4629131708 1
946,8230480105069 32012,54947990269 1,9947810819537621 199,09178197072657 725,8257474812008 403,89840918298785 390,29446641686854 84,29500130439828 5,382323425658838 0,1060703718188173 416,2464846326349 1,9760049184303443 424552,69558503217 1
938,2302588650814 32015,193403371748 2,013143293925745 199,7202274721207 687,7384720278139 402,3928090737423 389,2412665095299 87,16997252517945 5,368335710259974 0,11011445344720372 412,90923158218106 1,9923144144815925 418846,7050835751 1
944,2902261342371 32384,52105166235 1,9909713069718071 199,26104010476755 690,9086117907154 401,2970720941593 390,65159449053743 87,39224520114888 5,384024722301022 0,10821134347985484 416,2068220928319 2,008055867859621 423357,1195469422 1
936,4193034057979 32079,385759597993 2,0054249380694524 205,80781401650367 682,7619109602377 402,87721630224524 380,9987332405113 87,39740253092245 5,401734208714874 0,10935034490751362 413,69381977014353 1,9971224105359071 422051,6756627333 1
930,2527595796989 32317,99242430131 1,9965024664280986 208,28940096858128 692,8538330171644 405,0046969269729 384,63222763516416 87,5481722092889 5,3813719054407345 0,11153551483961185 421,4408512509463 2,001790429601425 422625,6626407384 1
935,4822389825505 32051,982600802672 2,0139724556595775 189,73120143759286 675,0940519115211 408,2912344593586 379,10067402989984 88,68130817041765 5,333125028347409 0,11255178681646298 414,0434432324054 2,0079923556137245 425327,3340265576 1
940,6367483323676 32284,68184455526 2,011555376566417 189,32248414962555 682,529467762244 403,51745647048637 378,18397980052185 88,38017948655119 5,364050748642939 0,11524965065530011 413,4248841704165 2,011911507415228 425663,33274110395 1
942,8853720984346 32286,7430980649 2,00511212924772 206,8839723455617 703,5469318469335 403,32394919237646 384,2214329795511 86,66484821755431 5,406502057597029 0,1148165753654265 420,0346804111733 2,002061920234012 424919,7896885471 1
936,2516053583873 32210,573180421245 2,004417567155118 205,05230504291706 704,0190678350547 403,4212271932911 385,58709987829764 86,77949497677727 5,3882033572268035 0,1174804204866171 413,6066090552881 2,0025789800429945 424744,53484854684 1
935,514496962529 32197,103430165113 1,9860485181336378 191,95935431638947 703,9836212503137 402,6191825470579 384,3826304455602 86,81456367125429 5,416001068841212 0,11767598267492435 418,3909507559083 1,997569766300531 422639,5494043106 1
938,3623310373736 31983,070510311954 2,005094971145336 192,4858642496539 678,5302136221113 410,96569712744173 389,35840070566684 87,53877218647054 5,388480090788086 0,12065849174028093 419,1634039298779 2,001354393267655 421570,9787790225 1
950,189247144675 31947,555359946367 2,0126296087018574 193,06121380632572 678,5145531928422 410,85905779649005 389,7694765429983 88,7207253305689 5,458039185692051 0,12108079028103637 420,8095999184178 2,0211917855973756 418098,1074065808 1
943,2497517023951 32117,66908360858 2,000589951396867 213,9328290611938 716,8713222829032 408,85913215413086 377,29304510681277 85,15887717733861 5,3530425121451195 0,12156888265477092 416,4705668942349 2,0080197572660983 417162,7095417 1
932,6798068055001 32034,42906728453 1,993529409375378 213,64465425332773 720,2357049919734 404,78093938017986 375,96361988147976 84,72411450423058 5,365019861513934 0,12444436928898141 418,5809601466653 2,008582133486082 419606,1501300622 1
933,6010225061827 32268,11252980353 3,014656548698226 227,52271103968644 727,728455020052 406,13683461350803 381,76343707555543 84,82179715667336 5,366843957641249 0,12456318080436427 422,9457530812742 1,9997087669640914 421091,9017798697 1
933,4044269108103 32176,24131007235 3,030883737782455 224,7318742462376 727,2233363380849 403,65509741096395 382,8009783441993 84,44583009421484 5,362223276459005 0,1275283520207391 419,2577581399724 2,0071747061340446 422587,63660644676 1
937,5946608213497 32323,441404517762 1,9945065347503612 196,4847073001571 688,8153240225773 397,82665639052215 373,377194867343 87,63127012111347 5,41554009277645 0,1290785558506352 418,84363681699256 2,0023875830987787 421230,6572692944 1
935,6641817980968 32379,2649339978 1,9981730101140762 195,46999526561606 692,583661929476 401,1564922949306 372,04086448781845 87,17357322304814 5,371899845613879 0,13274437317793347 418,06157970054903 2,001628130651371 420120,831981747 1
936,0780518702989 32357,222752644375 3,02314092364525 218,61606043944778 685,7872952416901 399,7633075731307 372,6829873559862 87,89796386541295 5,397492598013699 0,13268103618135987 419,0659199089982 2,0003948027989162 423693,05327574065 1
940,709608602085 32010,14011565347 3,0011068022477225 220,02630386696416 723,7112799774735 397,39010562423965 379,38591025683246 85,63754791738114 5,413433756725695 0,1361015579146179 418,71425694773814 2,0165525268894013 416744,925020651 1
952,8596548346219 32216,540430820005 2,9930035062677494 219,66067151731158 713,8425378387478 395,8108561868449 378,89117426078036 84,85167857343578 5,395655794342203 0,13605360271442063 422,9475033514084 2,010183787582786 416726,4385568207 1
938,8196599002423 32331,069668786662 2,0053743215905695 189,06259247820012 715,5193637937793 408,6574383425703 368,99775584674757 85,6364988712868 5,389667155406079 0,1355445479017619 419,85667202431364 2,0052015035251034 418066,4289788436 1
944,394115886241 31853,421560146897 2,0018550621339384 188,73632099999173 715,210286563675 408,1558673408989 369,49000966112857 85,43010395559737 5,3907400217649135 0,13988512619837473 423,94241308811013 2,020026671540818 415206,3482840875 1
934,3306281975588 31867,64309412765 2,0076730839208463 199,46782499011158 698,5662017078604 401,06188645380047 369,7392825674709 86,852927138662 5,364197025578606 0,14141496749742605 422,81396808597265 1,9967172266454405 418967,38065298187 1
930,843386008427 32093,83713968201 1,994268794719835 199,63675594003914 695,6751475106629 398,619083832955 368,5554759195361 86,9883458220767 5,407591552952142 0,1437666462007074 424,511465649342 2,002995758906357 417327,5177434443 1
940,6794218018899 32283,135538934424 2,010682870262484 220,06265918614844 714,3958292052855 403,4042416745201 372,7396464668843 85,50360569596022 5,415178932800129 0,14457244246948167 422,50306484691816 1,9990510456203987 417716,4142805034 1
932,8549529324104 32274,856000694563 2,0035616306589916 218,9256275970122 717,3646344527436 406,2324950117563 371,7982518961504 85,38583138747336 5,36431269318085 0,14436579547378645 424,6567851704182 2,0192458961225466 421410,380287544 1
939,6751042304061 32299,14280505481 2,015397798042637 216,0830796313052 722,0325191234508 400,9183552603593 373,8261511962777 85,70233248545624 5,360140723054505 0,1467288532015075 424,3648646754992 1,9980093598846353 417436,3126100215 1
928,037069237385 31917,043823936867 2,0078633607669656 217,4414869014223 713,684318926668 399,8658924322691 368,26049714867514 85,27647143740468 5,3929597418483874 0,1480536577840959 421,51591492170667 1,9944256250941592 415347,1023904241 1
941,5546115549653 32307,00462752754 1,9950739048985544 215,97118251411646 711,2855520346629 399,84030945654 372,33003024313075 85,22890743984276 5,405990523314192 0,14682285411616516 425,5432245534417 1,9909301414320488 420927,199973732 1
931,9170057225942 32096,4545396416 2,0095584200898213 223,89541583075138 721,4867821632712 400,5463661277586 375,85786981798327 84,62789886091772 5,442136320839509 0,14763061647776587 427,4471640457567 1,9904745294629258 417672,14654032496 1
937,0922824274006 32210,342121366946 2,00485880540098 223,924732710638 728,5449403729575 399,2236671848553 376,6542250339227 84,9414771464642 5,408038567166102 0,1488605333436449 424,9402786761408 2,0043423680087593 412804,3231306623 1
945,9507836505381 31878,60137314153 1,9985809648339243 214,43494691436237 712,7171328469938 396,98337834454156 374,64238756347964 85,70596159441138 5,392687326864783 0,1479289903681244 428,6792451221624 2,0006755257029254 418934,7798908556 1
938,617551123155 32130,460515800405 1,9998033520433394 215,61434026888347 713,8317586599896 398,56502117237756 370,1918398290787 86,0462874843855 5,381290796709181 0,14909627919753435 428,41025233336194 2,0095351855404497 420011,9532839168 1
939,0130636171655 32103,981381130423 1,987459895632215 183,0520225950671 674,5847690791112 405,4018293105069 371,52795144649883 89,81587584304005 5,39380183100027 0,148240950959471 428,3181469323688 2,0070190329580173 416686,1282589466 1
934,2823975569949 32424,507789589563 2,019192434865503 184,67570682328812 674,6669607009858 403,502044849254 371,6725562192029 89,36917054234601 5,353745005367543 0,14954304101021526 425,41992710970607 1,9908044293821938 417300,87313795584 1
947,5663264868911 32218,215560014538 2,0079560467297637 188,64168048023808 668,7912132490939 406,3390112636541 374,3320059539921 89,24739713757657 5,395297435371866 0,1509523000061291 422,5480755638893 2,011225972961524 418751,8565802164 1
938,5360249343734 32226,763033090578 1,9998133526145567 186,64770801199083 702,0265139520984 400,68678817006776 372,2457212079981 86,19648264898558 5,383311632425208 0,1505958412395234 428,5791440186031 2,0221706932306427 419002,58703276014 1
942,3496597406291 32070,704804918594 2,0162032212852163 187,51425758269596 698,0007259421202 401,4791851176837 372,08703853582404 86,45366140774944 5,371198916771222 0,15094727208209965 428,7704181402973 2,003481254874696 416919,80933105934 1
941,7607677622163 32337,84867114856 2,0041504578374414 225,44467541598615 721,7054001449577 396,34788551672443 374,9999032899241 84,96141018842872 5,38871627547065 0,1514090290746784 426,97115591528774 2,0066425386626316 419201,23384371994 1
930,9834276769893 32527,33928150525 2,0221198399197697 222,90281031647424 727,6581752609192 398,115496898514 380,3908113201743 85,69562187711772 5,419625470681402 0,15229699773526326 430,59586787833103 1,9981828534848713 415888,648352583 1
941,2581270710082 32149,566150719846 3,011178207748065 221,22510140689735 717,0424604449379 396,80961237744145 371,3212967940447 84,07051747047552 5,397269700465525 0,1521705153467424 430,81921568492555 2,014807644958059 419831,3768685863 1
933,5145635176682 32308,44599728637 3,0099150623730795 224,4839996758067 719,6011291815661 396,89970022505736 372,9503849146631 85,14946534729253 5,407745681548717 0,15359774654446443 431,4173455809776 1,9934660944930922 414169,10948297346 1
934,4997452093014 32243,607636753753 3,0141447191138546 230,09381294158914 733,8290445123082 394,3100669020696 372,4160314692367 83,91121041462851 5,346873367853036 0,15275886855397536 428,418075762843 2,0103160400979214 417419,3435182509 1
939,1894878911477 32035,5666204095 3,011498520931661 232,1588755908994 729,2886825391538 394,8739420733669 373,32287650272366 84,27769777378921 5,41296777932549 0,15512885693994294 430,6503773366929 1,98416633920642 414222,9181560976 1
929,4408298131594 32184,61017761659 2,008403668594264 210,87256927457142 736,7803721401094 393,27259842153336 377,902062948722 84,06928943449338 5,355581244670279 0,15394588595063405 433,41034595290193 1,9903395223887295 422868,63029822585 1
927,5455853722162 32142,150563725394 2,008892107294131 212,62412748319096 702,1182951487442 404,13046327277 375,23293804028765 87,11763724853563 5,363144852112195 0,15491184406795921 430,82755811816287 1,9997889336696522 419754,8209337675 1
934,7158283451053 32682,543436669814 2,0008966674095015 211,1569583673065 689,9706969208764 403,13403545772593 376,43053728895916 86,31957121454806 5,407768787973218 0,1548580200889481 428,988369702917 2,0025069891978764 420069,1967773507 1
945,7359375695886 32149,871493958384 1,9968779877944707 203,24652778683907 695,8973680820073 407,89400044607964 368,31396415943135 87,246101000558 5,390428610867329 0,1537737531620113 434,686677300151 2,0090465849524066 420192,8180140924 1
934,774994086945 32376,037894875248 1,979948923322651 201,98146551683774 695,4284169885906 405,93026939265644 367,05789881505893 86,45640861645256 5,43362147989445 0,15520234640776404 434,588524997858 2,0042775189430286 419740,30954246235 1
933,2154285387496 32302,276527859245 2,015547027843579 191,1920568371587 680,0773538769677 402,13353798507814 374,94454990245896 88,29531102119586 5,36877866355548 0,15607372494667063 428,5184539070118 1,993107922146808 421577,8783036102 1
937,3370442779226 32260,415235259436 1,9998622697419017 192,39616563223277 682,3141600191939 398,1250735382985 378,5923191621943 88,39239877971917 5,371073668139296 0,15500488660066303 433,6001549524965 2,0014912646661545 414530,9562213408 1
937,9923377503394 32314,391651218903 1,9823009863555763 218,34299551480515 715,0823702126877 390,14420784698365 368,1762742695528 84,87528637113742 5,396695330943578 0,15514903050031806 432,9747171543994 1,9866842893478782 419615,82595965965 1
946,3508757727261 32187,527184431412 1,9921855123375924 218,40817048163268 717,0854949931147 390,46819286520844 365,66166461054144 85,44240087766143 5,370866916597058 0,15613099699628152 432,23823966986424 1,9874276104102235 413211,681502873 1
936,1391823298887 32220,225860227853 1,994114986946837 186,33980772517108 710,3345074466768 394,2040863145432 363,91926378711 85,24893149285644 5,398373674545566 0,1550681713925901 434,92676284596166 2,000905242295285 415795,7437326929 1
945,8297802447184 31861,104360848298 2,0082474685637615 186,90384301261244 715,3795903754188 394,88402565143616 377,2948917687979 85,64646936038021 5,400293543238808 0,157217300763588 427,51987312451325 1,9870121291211726 415596,8504053348 1
937,2727152074489 32255,277947111463 1,9899722815583647 187,0419389926195 710,6009280082827 398,57995596911826 373,4667740594801 85,21420887187575 5,386890969657404 0,15752979723107904 432,93734166604344 2,0170148713949723 413443,1883329658 1
940,2194021984876 32341,416773041117 1,99968898287946 206,32991761058707 697,1909546775698 396,58845554022713 365,54802150470925 87,00771905537997 5,400247772551199 0,1564484607465439 436,2563505664728 1,999852664878422 416256,53462814965 1
945,1004413599411 32348,502181533317 1,9927849277571834 206,34573394153773 702,3128408378449 394,9059040557701 369,56965275983936 86,41055702203947 5,386702951259045 0,15694622255886756 436,81704406812725 2,0038018422665935 414080,9078826101 1
942,2239779699826 32066,786444564335 1,9857999986299095 212,42353732663875 709,1515252917962 389,62737252011226 367,2950233234932 86,3484093634857 5,4047908976909955 0,1584406773704058 432,0914203743818 1,9977183865290074 415550,0462144558 1
940,2372372122068 32222,669159428526 1,9867840374692411 213,3964927238443 706,8320484527703 386,37995274265063 365,1589546829588 86,52989530672492 5,3522269381577825 0,15733374646407786 434,7545590847843 1,9840424416242521 416828,423035019 1
935,8313318736175 31833,645025752212 3,0307288159091708 220,99005729544857 713,6447232323728 398,00774189279986 378,04719542224865 85,24994664525398 5,4015636115693155 0,16006888494249852 437,37048632682007 2,001627564347319 417990,6533038991 1
941,7805006022878 32170,003737870367 3,0013341536831795 221,03705862030694 715,2441192867842 399,09094380959266 380,7236045431363 85,55559284743396 5,41101724497435 0,15940917800297996 433,3540385133758 2,0062735360870656 413463,6980895018 1
928,5912375708864 32066,09563434256 1,998190352225333 195,84209217477343 714,7474965773802 396,015241109429 379,53923313083914 84,85151725004201 5,388243595213829 0,1607976473025015 433,28649235882654 1,9980540186495725 414793,02248065325 1
936,671477530752 32046,998287026472 2,0152451457943616 195,98492846498573 668,5479055865796 388,6541192049171 368,36642821007507 89,52161124891686 5,405975472649183 0,16033886224693403 437,7131687378803 2,000792684920904 415838,9953805692 1
935,2197338877957 32012,64262632504 1,9780144456107007 195,2155052825284 666,6601893668706 391,08069494316806 368,1762245719301 89,65330769385946 5,366995648437218 0,1610052386564374 437,4094997723414 2,0065691369147176 417372,43616800266 1
939,887376168115 31837,36188771344 2,9906028515199123 214,56070492361422 708,3967205258882 407,9086403160214 371,6327933240292 85,31835091749109 5,374360062659757 0,16123319373399433 436,56680043452246 1,9970251530211653 416299,8276841566 1
938,1805641744727 32488,133850046328 3,01450735089958 215,38499599307013 710,586040408269 401,653498573624 373,1316134657681 86,30468057675714 5,346390734527267 0,1617929359991607 434,27368029441794 1,9995122968504644 416221,5237065407 1
938,5386023286156 32261,451925494388 2,985064023147675 238,866747275428 742,4947689633372 387,43584307479983 367,374145284914 83,27689761476306 5,413882613688791 0,16147359885074225 434,821850476353 2,005934727372846 412489,1136163211 1
934,7474232840325 32086,26595986761 3,0043292410360865 237,99472790324154 734,5134489186642 388,4226981076335 367,17007168272295 83,04744660778293 5,420836369030449 0,16375192781123066 434,0550914143559 2,0137856575493305 415931,0966069472 1
931,9521119075596 32332,25727358585 1,9929837446104997 200,45776911618512 691,4964339200264 390,54915410287555 365,099760252543 87,10318276683915 5,400294458447945 0,1638517275170378 438,43016182302597 2,0058100437347 419593,64444477065 1
934,0585940688258 32325,933641771735 1,995921476377363 199,7125846847483 695,3396339118962 389,7543585375267 361,76780503056665 87,28806559630858 5,373496175624708 0,1633041369515124 441,55103553248966 2,0081121191039886 410518,5556269174 1
933,2580035650001 32130,839276102844 1,9789120239236389 199,57728789235316 697,4781739333914 395,0893042682782 363,49185592521223 87,10023577206503 5,365122730971219 0,1640331702937812 437,913057137679 1,9856556497609374 413936,94866334606 1
935,0939554883797 31849,85937295643 2,00621179392099 199,74422218442294 720,2433367971771 395,1397419077138 363,45167128544796 85,33474880475491 5,389465712028117 0,16440062075837322 439,89952254518255 1,9901039270108452 412322,8429636265 1
942,5194960898299 31950,060001760947 1,9955220401926679 202,24814022934027 725,5044837688139 395,597385694378 363,72251004016726 84,136431445077 5,408165885182118 0,1641579605927342 437,41855595609917 2,0037837092816035 414446,1936066209 1
937,8126996328741 32070,874201215953 2,0066897680641818 207,25348656787185 705,5911517847377 393,9367920076389 371,02008693570906 86,17458024439397 5,4005672572348065 0,16483583205535662 437,31440420978583 1,9953192981180623 416430,63185982354 1
941,7370352950371 32400,697125053826 2,0144126759075838 209,81008894070777 699,9971838065385 396,1607486220382 377,032646716254 86,67317334518754 5,390506954589473 0,1642592158439334 438,1894463297823 1,9955557603021221 414628,2103178414 1
940,349285233304 32111,35340726292 2,0219433095749744 216,2530959750363 717,3616273104041 388,77398387938996 360,98440876970426 85,77113765173807 5,421767537003065 0,16354289971125133 437,7704281915631 2,005104201791054 414286,3928045291 1
944,4469791227617 32432,990608174656 1,9993946141471917 215,87444788249195 720,5163796227032 389,26267784115566 362,8560625754874 86,1267241172378 5,402768526355901 0,16471424511225932 442,13793298489486 1,9842364497748677 418605,97884988907 1
938,3794725870846 32166,994259572868 1,9969599776757239 201,94415997147814 693,6590044952036 396,78431684611525 367,55617097744965 86,70673733853985 5,380682134977875 0,16494811242117294 436,9208319281627 1,9786347691114023 416160,24604967743 1
935,6470757177523 32219,436649094594 2,0017768615814124 201,44461598625074 695,4062484413928 395,592940667509 359,7918794002912 87,15988029049055 5,38389280422819 0,16821471775235858 443,7957067700329 1,9777311213871147 415133,5381002209 1
935,6719707797786 32387,088664126724 1,9925812414286337 195,43939924808433 695,9477708248102 394,08975458594716 364,2662770828396 87,21032921774805 5,386066580527445 0,16595298152343022 440,015190613881 1,9985508035762196 415468,7248537735 1
945,0563652477078 32278,413397222437 1,9939120145135776 196,03903645631868 705,0753954988887 392,53436539373143 366,3718589036974 85,50407894304522 5,345884108910843 0,16599489174929366 439,0915661960576 2,005197679296836 414649,93496416754 1
939,409371302467 32261,703485344504 1,9958570474358772 194,42697180297074 705,8968406189963 391,04453582514367 367,1263734540069 86,05107277255668 5,363072752543354 0,1654260505596736 438,6590406422655 2,0011668676709804 411635,168078902 1
938,2471396411877 32305,019852562462 1,9918343952951798 198,5600229820805 687,4372689539376 386,6680292571236 357,9860398809501 86,95383148487258 5,378248367873704 0,16444571395916635 437,8031933008728 1,9941600556647872 413664,75183333777 1
939,5123733976833 32217,764182413914 2,0026834866965917 197,70516864509372 687,9199732922771 388,6583533147512 359,4796786105136 86,79087739187587 5,412006414509586 0,16824388772039184 435,2751203218163 2,0029062744048605 412919,34982714057 1
938,2236793916097 32159,539791301704 1,9945599870209811 194,58648032629466 686,6091887454854 394,0740885745359 360,82248312475065 88,45293965276905 5,404045221546032 0,16600585110343408 441,851672100704 1,9982820870956621 416109,341150545 1
931,552536867608 32144,179742308785 1,9953455817499093 196,13613556422837 680,9931823698441 396,06765822990064 364,4389325720193 88,8150669929888 5,43682203939073 0,16786419746885778 438,1648881213567 1,995733553802726 416931,38278195646 1
942,907102597555 32092,22478055945 1,9866479545401925 201,96987566211342 694,3170188119743 386,8950923971034 365,36702864534243 87,23526375218943 5,392357826407195 0,16859909177087504 442,76160430199934 2,0133990341846313 416418,23831549095 1
934,0289813124065 32118,756942732398 2,008143613840542 201,04487628206738 691,4632093154853 385,59150119821265 366,3562603890059 87,04902984232282 5,384769499559005 0,16900124351617327 440,0769115597302 2,0019088843681874 411733,3126103131 1
935,4595076846629 32282,55226354055 3,0131998276645633 218,53560742339866 692,3883816537046 379,89568983694915 365,5185872139622 87,38189983093672 5,346289474344753 0,1679024572445202 436,92284572839924 2,004410309954167 412822,6966623749 1
943,9876748195979 32511,848449984936 2,978586936716174 218,52542411426768 714,222550528294 392,4919256719035 359,481527058116 85,30606786040002 5,3735552735433405 0,17149184021847158 438,42038751792694 2,0136746382137223 413732,89069488365 1
935,5305105094434 32298,935862483788 3,026078000605669 218,39258538648076 711,0052836182869 396,69796065956405 359,26721626110947 85,93210780910916 5,384722771647788 0,1712287478714835 441,3556087926255 2,00895121498176 413060,3466545738 1
934,9731067739366 32213,91663087977 3,0030569243511445 224,52990478793447 724,8680718519057 391,2772349393475 358,03130559031854 84,78401370392601 5,3853383950455145 0,17088324424158402 438,5519893474205 2,001768327883635 414635,7811074343 1
933,4652367832267 32448,459060518653 3,0153462048618707 222,384388016061 723,753163789106 393,01674408735846 358,82032926676607 84,8903783811816 5,377565120299409 0,17289896496064572 442,08789659734555 2,00704642905173 414795,61022274545 1
