Co2(scd40) raw_signla(sgp40) aiq(ens160) tvoc(ens160) eco2(ens160) rs1(ens160) rs3(ens160) rs4(ens160) rmox(zmod4410) tvoc(zmod4410) eco2(zmod4410) iaq(zmod4410) resistencia(bme688) Aire/muestra
918,7514246017296 32600,1896369818 2,000716549203771 148,92296270520646 622,2016969937121 465,3640585033297 445,05738666935946 93,47879075722794 5,380792821308002 0,029893915526801988 404,0715994001383 1,0034930171811665 444432,3747373498 1
922,2595451339578 32777,60389687338 1,9954792941720092 146,76401286796388 620,1443799247161 466,5910149702033 447,381671125036 94,48053836022791 5,439318199097835 0,031145086986841177 404,98614504578654 0,9879493155527818 439281,6859887763 1
924,4609282306402 32467,867489732365 1,9913617187198736 137,65404095751464 609,0613696530688 459,31867232075996 457,11731495940916 94,12401629817926 5,370831074785108 0,031425941230767494 401,8240011217115 1,0009266704577318 439730,0206309197 1
934,7459430066385 32598,06083106404 1,9939108692615537 137,2198140441568 608,2999329361746 456,23701781756927 448,8470399232575 94,7095375596238 5,397100062594876 0,032061444397982954 403,05415525172987 0,9943950291493312 448300,8629379022 1
929,6099365629059 32431,14080674613 2,0043839459949653 142,52286284085162 614,9842600080275 468,79681580286416 452,0975204068032 94,1599182395424 5,392184194318115 0,03211982148293656 403,96613934545513 1,0062428148424205 446259,75183784985 1
925,0282996945134 32400,872120535394 2,0129861538214966 142,53060848715737 616,4766023808681 473,43395487183534 445,20095350460906 94,64414334899621 5,353766357637166 0,033275128780196415 403,38270500143875 1,0013187404720467 445924,2746723213 1
928,0286112789028 32412,863702471033 2,000049909828311 134,3009434219947 612,9112467987553 468,9773983271284 447,9950499855028 93,51095457693324 5,38331388093438 0,033052941803936524 406,24139623845906 1,0056152638373979 445828,460493843 1
922,9672970195661 32682,51667608483 1,9925729806141097 134,30779003324784 606,1658330407915 450,73445149406416 451,08963154282014 95,50879751948263 5,395112640782389 0,03418766798471839 403,4765417858556 1,0040523816758185 442983,54503717856 1
934,913410895036 32378,875838251268 1,987884636046202 134,72114845424397 610,9894436385364 453,4078533779497 447,4343578894583 94,83949495571167 5,376068883177216 0,034030831550801284 402,2705826562582 1,003533897785607 442465,23812869174 1
931,6882873094667 32500,542307638032 1,9924093235948037 144,26871041803088 625,4256198006533 451,5316846794428 450,4022100762719 92,45505162708855 5,409863364628385 0,03409019104024256 405,62464166310764 0,9963855286660912 440864,9669514517 1
930,7117661265346 32619,944021827494 2,016328495161033 145,72602690882 627,1539687610237 452,98039761119037 448,22088945287834 92,77078800880096 5,375662369174628 0,03479708994345691 404,0941093391694 1,003371810871625 442295,06217222736 1
924,0791826850024 32403,744802143232 1,9874271214711225 134,0151931491055 603,7924972283839 463,2321215478813 452,41199543960386 96,1399674348389 5,347889076633015 0,03444820689421915 403,4213160154093 1,0018087932951323 440528,98244677484 1
918,9645484384499 32494,323836350584 2,0080210511422414 135,47548327788283 604,7942028093229 462,1539018673808 455,48765989585996 94,95408277313392 5,38579862903773 0,035709146592260974 403,09601324637066 1,003547953449762 441624,9361990407 1
929,2936216590401 32429,365445501327 1,9881183582936408 136,28702031540988 605,220655433019 449,7076472639944 439,4513140293487 95,46221488579593 5,379728947045005 0,03580322402632555 401,10911773695506 1,0009290458112738 442912,08950641577 1
923,9383633158839 32444,703646861944 2,004950808956018 136,10889175616435 603,5782184428303 450,93418022807236 441,39966716921595 95,41494697845017 5,420449827135662 0,03604624214772144 404,12145994002776 0,9994852692697654 441783,1365286489 1
925,9967169875273 32376,31992429277 1,989240235112263 159,98647105095876 605,5314506410558 447,82597627815375 441,88986118516067 96,44282207488519 5,370406132643594 0,036154528647046165 405,28824512130905 1,0009270411455478 437749,5425899834 1
925,2500367848021 32449,30101302442 1,993023002383151 162,29574197154847 643,8111684952414 455,62852957305284 450,74281512920743 92,1683789837374 5,403387981542984 0,03680428527149398 406,40494619668385 0,995441117921569 435298,8489927982 1
919,8743656325832 32555,502861673143 1,989898679419744 161,74974349546332 640,719169510249 458,07707289552087 449,7022015177577 92,42397906446138 5,397300576737503 0,037451455239150236 404,97028062345294 1,0017695570565408 439480,97955788317 1
930,9664989753728 32694,75711666222 2,0009520230939257 166,85613658530494 610,750479838857 461,07121598439323 448,5390095369316 94,98074036292174 5,365599391425007 0,037063024051406386 403,27691130725935 0,99926381471465 435818,86411041935 1
923,0712505343859 32231,07546568858 1,9953032935768076 166,06773096952853 609,4585595330714 456,043493267861 446,3717125006907 94,81973820669266 5,3559556075230255 0,03745763964051899 402,11393076124835 1,000659731102645 440497,12476284517 1
931,6361329270466 32785,70668994006 2,011249767383145 153,1198728877087 633,3528150681251 457,5564543219749 440,96868960982914 92,72149293268608 5,390582553427188 0,03786420221148419 403,9169722004129 1,0000715813608536 442352,97845369217 1
926,493035995705 32723,929112779915 1,9997178721827402 154,01888840398567 628,5884975584763 457,6873431525579 440,05177177897184 92,95103549171901 5,4226178192045955 0,038736304084736474 402,7997658203681 1,00304201715059 441373,53140344913 1
921,8581295317724 32482,27450433439 2,0171628047452055 141,11838437953156 617,0168872143554 455,6559413948212 430,79153382234284 94,84452876309578 5,398763712146612 0,03861882860934569 403,5433998919326 1,0135218925230352 441866,2865942672 1
924,5188908850997 32562,500064706284 1,9962710736029352 141,3332105585832 613,8157527770591 456,8257313032343 436,32246829146095 94,59663207817442 5,357231855393845 0,0394863851959317 403,4726187717842 1,0029451247705916 440598,5372511021 1
923,3722350600455 32621,04790249119 1,992329952066463 139,3460727253863 611,9425268629298 456,5235723134816 432,2612923972116 93,58214052093453 5,403797395971094 0,03944243646512164 402,6442958451458 1,0076791432142005 439218,4293160691 1
927,5962219253214 32754,178945876756 1,9919173928204854 138,71048750253902 609,0848677418868 448,7256288649336 440,8786985491981 95,1545206055397 5,408898740331769 0,04085688643268743 400,4280570025055 0,9996519162516699 438772,70827458217 1
913,7541327934885 32204,986937870075 2,0063654780006703 138,25894326873248 615,9749610551575 444,3597016255448 445,5362857771836 95,10811445124108 5,431336987330675 0,04072082798974426 403,5037436941353 0,9942143493620206 436846,44925792376 1
916,3930193880881 32631,573388524055 1,9914485534392894 159,47900189057032 584,4051428235516 456,8771497619469 439,3731639280439 97,52702364122615 5,4244767321918355 0,04083345156241402 404,26360827457376 0,9983067994741662 438355,42439190345 1
929,5119354989325 32497,968283845665 2,001436718986718 160,42698409884287 587,9400399391449 457,50379645725815 437,3228047724779 97,45369591365716 5,388687165224487 0,04154087983793271 405,8652139098805 1,0026737533196415 442487,085084995 1
925,9882757303378 32654,615684240474 2,0034438486644484 155,90775621550065 630,7788829828396 451,77956553426736 429,19150640254196 92,60512775499491 5,422123380879787 0,041228586687673104 400,5824456340945 0,999560079928198 443316,26255458285 1
922,8621807727853 32714,164339648778 2,003891320391696 157,1325609201792 637,6527698784361 452,9014741615964 428,0671941849151 92,72070317018773 5,358249784939597 0,04198345560020891 403,99314432915213 0,9963849750924757 441238,5052075609 1
931,1667732440051 32380,876149011157 1,9885703444941 135,05730768150897 608,9050141898078 452,2322008364268 432,23195947453235 95,18953636674036 5,395192910340527 0,04176987637561259 409,260606082518 0,9975329101189117 440209,84662838234 1
921,9104848455768 32736,593792484662 2,0063622040737656 137,94183561041064 613,3794231548441 455,2309269795099 441,4977769006059 95,33617943331325 5,3893166636636405 0,04252203332714455 408,5216796572112 1,0033700347463441 440356,05868349783 1
926,4800490409177 32562,685098412334 1,997530748700182 156,45439421825913 606,8228220343013 451,7542542538147 437,52811799270955 95,83454488663799 5,37338695952717 0,04200875908022554 404,73000148793363 0,9977679573928817 438593,0039239506 1
919,4515621441193 32609,560980215396 2,005087551403954 156,44371338218713 633,467414532837 464,236249551331 434,83630435337295 94,5916528157733 5,39101150743953 0,04293993644185064 404,70786486293946 1,0073439267782525 436696,56196424883 1
928,9334019749205 32440,53863749736 2,008021421804761 155,63030775835122 635,985126174334 457,99343696695246 433,2099275276018 95,4071386847633 5,419979787799939 0,04328266166266205 407,0126793497207 1,0032610085373967 438565,7676375479 1
928,8987557692834 32384,59260854542 1,998840823901288 143,39021865171227 618,9770713804871 454,91783371970195 441,1207817707744 94,04595885081484 5,381758134209932 0,04312940391216292 404,2555791160284 0,9953206305777451 436088,08705051837 1
933,7318204877246 32410,801086771356 1,9810338603784736 144,53065396114525 616,9985187678183 450,64348019910096 438,1495122180695 94,3333237699956 5,385499160109801 0,043621083455144205 404,58253087432723 1,0017655813081747 436758,02334751835 1
921,4280794994393 32694,053131358665 1,9961664437283044 158,79317996467765 642,048768726304 453,89350927172853 440,2893297858901 92,17761885808562 5,378102087848648 0,04349219195232681 406,29031713161237 1,0043034676176752 437534,8753054749 1
922,686190096092 31999,67106662416 1,9979546539052215 159,4764495419127 642,1842837070659 457,971932557488 440,3389822058885 91,54968963916664 5,376541874250104 0,04390129975381603 406,9733568999825 0,9963903940804193 438838,20005446573 1
927,318410819375 32196,47341852159 2,0105987589759993 148,32231927204248 626,0284598600759 456,9047775664934 439,47673901175864 93,28847979999826 5,370577808314174 0,043827771784726376 406,63793336931406 1,002988966851513 435703,72853880323 1
928,7218056057851 32695,644793663665 2,0024680927130416 150,89727437785697 626,3297909200815 457,6984926885718 439,9958252190003 93,53419940743103 5,375529791812585 0,04429834406822446 410,3153218813073 0,9998739379536334 438778,5958387355 1
934,4220852608357 32443,364903604077 1,990632689481541 143,47334555074102 621,8342417086388 456,0831039280895 438,4680233469864 93,24427490261562 5,37507131099855 0,04403865184524096 406,89977062218367 0,9961708972676769 443049,2856456945 1
927,892690232452 32707,295675547102 2,012045703081261 146,5853707925118 610,0637249061938 456,45046497913137 437,01481033962864 95,08519023026868 5,41120246137316 0,04442709032227872 405,7369785677285 1,0032605442634046 442450,031050513 1
918,9046422827428 32157,75639342933 2,0015437353190206 143,31494003917194 610,507638754918 459,63495074140883 435,33313662846876 94,48313467272872 5,39233321838056 0,044472827236927436 404,04539066305813 0,9983627578422775 441047,11472540186 1
937,9943900178935 32512,51459969182 1,9918801136600637 175,70169648485236 664,2714407904434 456,02345681617686 431,3350960249812 91,39698973744905 5,390864830444161 0,04427070539871223 403,8897338996999 0,9970501875113299 439065,26137915056 1
925,0814320343928 32428,943858517814 1,9904875225929497 175,76328275376514 663,4083535079224 456,17930608162544 434,92083858171986 90,98763501526228 5,371781586371033 0,04518646140669846 404,0765033098382 0,9921650307578047 441366,34287713224 1
930,9508683628147 32455,78277879514 2,0123005751214658 158,7625270699879 639,0771822220531 462,29220179476766 440,32937673104317 92,94482715621918 5,3686659511429875 0,04493324213766624 407,1654906808325 0,9918095397938035 439408,34652872826 1
926,1115942019919 32516,984730772325 1,9917580556282506 159,90048448077374 644,1522037859411 461,8309452452602 441,7012276427927 91,56143139734881 5,417446038539973 0,0458785621181591 405,30742520867864 0,9967496584213051 436585,82511037507 1
934,3446675277189 32362,340907226244 2,0043868456895733 149,61791051943783 627,1050323872969 449,656968401249 434,14833468294404 93,4973634317911 5,3695283495542245 0,04532782772446224 405,3228179988811 0,9889680131617581 437400,03069318447 1
924,0292763207698 32531,66022902826 1,9940452572359093 150,23042335157325 620,3300666087036 448,5489972405419 431,0571444202814 94,25959429250064 5,37616285727222 0,046047755655394366 408,81218780288646 1,0004080120859773 438967,7731553457 1
931,1566115223037 32582,081151371676 2,016850281673117 151,48885872876457 629,2114490916805 453,5802307319528 431,2045472086878 94,19259293459928 5,429640261549225 0,04642879618035725 409,21545535207093 0,994881009805524 434716,1227130973 1
928,6236844519724 32612,499937552857 1,998782065370842 150,9138517074935 650,3921486779705 447,68470873661914 442,2825788572259 92,09498406724266 5,4074059404528985 0,04695358624982728 407,8689637263514 1,0002338807147937 435344,9952606971 1
932,4695994202548 32606,33553123597 1,9980382188273516 150,5135944324089 653,7431011551979 447,618790415567 439,721285326787 91,29217400346215 5,389932213301791 0,047220333150101226 407,9707260206743 0,9998728361303929 438512,0672948152 1
935,3823125202084 32522,845965626813 1,9948550067023845 175,36500112918202 660,387481742113 450,3408132395086 433,3749185894045 90,32805555725595 5,398402613971281 0,0471949419845387 410,26496313064393 0,9986245521205747 438644,4602803284 1
937,4169961588204 32488,556686206528 2,00559301895703 174,93589659281184 660,0865818167191 453,9890330606342 427,2768607329382 90,4624738438388 5,403786952947341 0,0474614735490922 406,6719671479413 1,0011313156719146 438291,3308480147 1
928,2390672605903 32626,951305088645 2,000204311876233 135,36886589387464 602,4391170376502 448,8677886969089 428,84460618258316 94,64021763777623 5,407781056913404 0,04734369902105924 404,59402493760814 1,0058906506331358 438749,55839279166 1
935,4640860788606 32341,93299933714 2,000701450256336 137,23913934615788 604,201659321437 449,82231808859535 432,75781799240764 94,82795184774899 5,4139208741693245 0,04793950683250807 409,9489929748372 1,0012971736913485 441918,3922812687 1
933,5334804852571 32547,015642170296 1,9876553310722214 134,8490880746828 605,4659647601787 450,7432260217784 428,8336216429159 94,76972728902797 5,417099663753462 0,04835821734635429 404,88708928999836 0,9982070487624375 434476,7440334133 1
938,0487003373562 32353,44057169905 2,0038491536525718 136,58553036414273 604,0899687036056 449,50183993506545 429,506310146722 96,07792720203543 5,3843690818564465 0,048402123279529384 407,1568663858258 0,9997227306471242 441678,16821861954 1
936,3483963288941 32601,91834114476 2,0127868736021326 130,2218410608788 610,9614925409021 448,516271075809 430,46284434476576 94,34697824818679 5,398873243597011 0,04829687376941886 407,78455716204786 1,0008503674528844 439647,96309533983 1
924,0145970730749 32106,917598745316 2,010924528734113 130,5875431973615 642,6644669464966 442,8350093478814 425,03007229946536 91,92547582681749 5,405153666624578 0,04804020565171787 404,3449068310529 0,9905317953258742 439212,9682252964 1
927,6338866498315 32689,795500992757 2,0131557711276167 128,76324730600635 638,5229218155972 440,9561666252793 428,1493757865796 91,39256036187898 5,357927171982989 0,047977789925977295 409,56046867032467 0,9946182069931416 441482,3637167562 1
935,3345301410993 32457,56958045276 1,9988301680868883 138,4013174554338 616,4471205857423 457,51049426999356 437,36560982763837 95,50753468746403 5,3965838858851205 0,0485609534840078 409,789662722196 1,001607274160654 436687,7129906835 1
935,5920031313835 32411,15364960047 2,003817052658306 139,20574837926526 613,1292317915825 456,3522244622976 439,8692090528957 95,19444516378901 5,375894386220944 0,04883901438827014 404,7576572249973 0,9981286472431256 433983,7003747815 1
931,9276961310076 32549,107660927697 2,0019618747798598 147,77400517314263 622,56513051941 454,91518918196437 439,68696815404184 94,28020567789312 5,441969411821035 0,04874985606154157 406,61893574788195 1,0001568001104906 435505,1688373595 1
930,210678482466 32522,839069466707 2,0092492401975464 147,57817627767517 625,9330327243881 460,980293869818 432,2081545780922 93,19037470535422 5,377068405449444 0,0490336401021039 409,53900162970734 0,997871414609644 432177,3043145972 1
923,4531705498641 32744,12128547558 2,0057429792380734 157,08069750483617 638,1536572279567 447,88687489840544 420,81639998752865 92,84683328170382 5,386566632960763 0,049458039032766625 409,7057574284463 1,0003007646037525 434553,60022536735 1
919,8397171818843 32667,044297204367 2,002305893153971 156,08661074474182 634,2090169434506 444,2300660128999 422,85648519883364 92,11398970563147 5,354465248514503 0,04982442510225924 406,43317551443624 0,9942924130001033 437746,44805288163 1
927,9511951541665 32200,70086916298 1,994849095014931 141,67067680455676 637,8853709132125 446,9597150502394 425,3310258478021 91,74141961792914 5,390883729622074 0,04922722909400894 405,41881289229974 0,9942977584787516 433720,91404573864 1
936,464914804162 32465,38626336416 1,9926031597415037 142,87340728118755 628,4887832300192 449,0299074151673 431,4106017664535 92,33091357683335 5,373589702170449 0,04989497126294473 410,3520191401963 1,0014223419060686 436329,7315233447 1
928,2145470826607 32227,096080415926 2,001251508062717 142,25703258774251 625,9525206872869 448,7604190261853 431,15731792236426 93,55006566815659 5,386624441260952 0,049769935800178335 409,86162132861216 1,0034693750122847 434611,0987895527 1
930,2628984463771 32432,591392703936 1,9856517057252496 135,11138855256957 608,9094707194652 452,03985884457006 424,19287584029115 95,48149237622394 5,368453026884798 0,050018189883238175 405,5380185419975 1,0097684969432903 435027,3751278463 1
933,0186033681409 32505,32586302158 2,015829184443857 133,69507511902742 602,2568621868184 457,1718325907187 425,27390014918603 95,87354518387392 5,378721086589461 0,049860375739291266 408,2757491725625 0,9952732417203727 435883,1760532481 1
933,6751081042612 32295,21871968278 2,0142269840119087 149,90415797100565 624,3027182970413 437,10501849294224 444,4854512574686 93,56190286125252 5,377388105186322 0,049864284958823606 411,6056725612884 1,0007262756847892 436986,8157519726 1
926,5139786591175 32539,886294446136 1,9952093348512883 149,5342411024207 627,9204617861856 440,4058040117322 441,22315491887224 93,04997947614672 5,375781314004928 0,04919750054465314 405,95181299873707 1,0005523157630372 434991,5327936457 1
925,561809981284 32338,56909590436 2,0025479422886487 153,19883015553415 633,3481873264163 442,92257035685356 434,9193390374212 93,05238866519856 5,384587099684754 0,049883278120246406 405,5292391746032 1,002978711508436 437950,8617587659 1
933,9722756103024 32445,574440081677 1,9862710272445043 153,37204393037868 627,8050486316898 443,02980895378766 432,75964105755827 93,1726944255038 5,371442304711237 0,04998332860373893 407,19979668480113 0,9948586323856814 435122,81625098706 1
934,6521548540987 32230,659711262717 2,006308292596996 142,0013175563175 631,3793262354856 443,45769175836415 430,5585066380636 93,32349563835673 5,304528803755089 0,049569380952814435 408,65085413171573 0,9938259673513384 437216,2402931656 1
934,1419289604203 32539,626141323628 2,0039394585051853 142,4878889376556 655,1377758346028 450,5751227561771 429,3046047940321 91,14617513236578 5,435458510813214 0,050142389660927426 407,97146449299163 1,0039507820265077 436606,86442998215 1
939,5085919212356 32367,5504343088 1,9848041402735357 142,5168244283977 651,5077145465978 451,5475234220352 426,79147930951785 91,01726035331568 5,357353243267277 0,0500779470390308 405,21975768472066 1,0021647202965012 434601,425169364 1
931,3959202262201 32500,421169497185 2,0013031524895757 145,81158812357333 622,5967129678692 445,53219137600144 426,7250726124111 94,15067507147465 5,377856567693562 0,0501569201709508 404,56785769217004 0,9951854968373516 432941,92566085915 1
929,777055233452 32420,78646641176 1,9958621990786851 145,6491039967992 622,151694712083 446,160743936765 427,4319252361097 93,28824981439153 5,451503011001377 0,05084197809862445 407,4373552291296 0,9975924401201837 434023,10606049525 1
930,024031104719 32305,19576585099 1,9895275501167982 128,78160571931676 599,5525380645425 447,55648943946824 427,099177716602 96,38773470419933 5,406575750851803 0,050364508734600515 410,5066732594736 1,0044974513361258 435390,5507883676 1
934,3793060100622 32352,94862020388 2,00349855204892 131,01946088068107 595,3280330312426 444,33472701345204 428,0993374374365 96,02168733572623 5,407753217806378 0,051668623072542975 412,47627051625716 0,9991814261897568 428930,7191641706 1
933,0492722287876 32361,23533471152 2,0046280028010344 167,68337813656893 648,3724846240748 454,9032497261829 425,0186984007848 90,65983555484208 5,387407002840888 0,05099907258442997 411,48019363728434 1,0071266024388992 434900,4528175934 1
928,9272941106138 32369,467727614265 2,013784132676903 169,96242497596953 651,9918466203591 452,4879318186367 422,9856698748984 90,3631775194951 5,375619272570908 0,0515281806863552 407,1080574090438 0,9919912710103773 432118,7628507449 1
927,1490671346687 32492,131774316844 1,9990547272932588 134,75722973935007 652,924447613187 448,14644107448487 427,75586341008614 90,26727160859826 5,345572849550251 0,05149422587423477 408,6983513898129 0,9979147014958508 436004,9639025138 1
935,029641405783 32740,041214387944 2,008000244765879 134,02506067991305 622,8548470844203 452,1999064369918 434,62161569503576 93,39309186642197 5,41282135055361 0,05123316506748629 408,22711058980286 0,9917812707562647 432925,64893370046 1
928,4605411754933 32729,183676627785 1,995531590517839 134,36312099628782 621,3820697862508 457,40413087305444 437,01564193018993 93,82249243421028 5,390096739929644 0,051705790243940945 406,477014719 1,0058015304903793 432964,09586150385 1
937,3904077082792 32441,664437771644 2,00814315095612 176,09982834268035 659,8048919476876 453,6284464061652 433,3460547309766 90,61795548733055 5,426774186275556 0,0512115254101234 407,0795377404197 0,9982417994891146 429569,6015937654 1
935,9797566127841 32636,885565953165 2,001863346435712 176,2858172950808 664,8033641385431 450,98267797012596 430,38249592542167 90,37004534914564 5,376082035385452 0,05137390859311297 409,556138998503 1,0054739188143376 436694,5199770775 1
933,327209307817 32784,50169533053 1,9957276840998748 154,74160015303755 630,1866305474382 450,6004455214988 425,15653223241725 93,24650258710506 5,3986466628409016 0,05098926608950712 408,46323741187484 1,0029222946366894 433901,79107670253 1
937,2972505426975 32266,12166661951 2,016302369494507 153,22534873786756 632,4375301530101 449,94762844769645 428,6259141577958 93,07474100635272 5,401692021238759 0,05141575442166242 406,54496304659125 0,9883547654808434 435087,6233562188 1
939,3362890839959 32523,220357225066 1,9948242214672078 171,01225484798192 658,9402971070241 441,18258216226616 431,0265116044434 90,31971149621677 5,350292238638475 0,05179657224555665 408,6285796032155 0,9960192581075372 435852,65329479426 1
933,0511766967122 32401,740423436055 2,0127356016426377 170,4023736931834 655,2444786537762 441,03277492233724 430,15178599862406 90,8380005629128 5,3763999392071895 0,05177503550453903 412,7042351762693 1,0043142755037602 434882,2167688894 1
938,8235032926341 32474,929077944656 2,0079653909224877 149,51403620042404 655,9097366908265 436,9586589915801 425,9490843397352 91,09390054020697 5,416131531602531 0,05171110248275821 407,7982825951379 0,9944750036139735 432227,5384577273 1
934,2435137525873 32459,178763911725 2,002700385091587 149,2203790638536 622,5648073277877 469,1355181622556 439,33730633019724 93,66474312222167 5,394736575998372 0,05218882601819802 409,7648145353751 1,001729096648429 432210,61731313413 1
936,4796231153845 32592,80289011337 1,9946960012617263 148,52048877768905 623,3493407854498 465,83247168695453 436,61622371291156 93,26427517472153 5,400661792385077 0,05200791656814583 406,304874183161 1,0043928774155828 430507,89790273167 1
929,5906115620052 32707,531877900172 1,9916518956605729 170,63658539651613 659,5783003411603 449,2888583223281 433,75122130228647 91,49726442055787 5,455692712591407 0,05206255124304795 414,746992614817 1,0075400870939188 431943,89988874947 1
