Co2(scd40) raw_signla(sgp40) aiq(ens160) tvoc(ens160) eco2(ens160) rs1(ens160) rs3(ens160) rs4(ens160) rmox(zmod4410) tvoc(zmod4410) eco2(zmod4410) iaq(zmod4410) resistencia(bme688) Aire/muestra
1350,0260458377306 31720,43177327242 1,9878775066473977 195,1690777982253 728,693179037215 266,81477258881415 184,56866034323863 84,19587205424857 5,456191003346132 0,961444233881363 405,9701181357757 2,9917980258830177 433293,3804085576 1
1343,213003956826 31573,995331909646 1,9947980341763007 193,3923036988594 718,4636934408995 270,6844212993697 189,31868501033637 84,22468115038177 5,451386586397525 0,967098800432069 410,4166664665129 3,016134427578697 432668,57172996306 1
1351,023741615465 31906,81090754599 2,0018320563009375 194,30625112329042 720,4258421501636 269,87551694443783 190,15854562096973 84,1887183504915 5,419882575957908 0,9704432791281251 407,7367338431837 3,000019816620463 426535,36731212557 1
1340,5679684399213 31539,619576618763 1,9950616144928175 213,1628143385858 706,5173233503665 266,33233082627527 186,93951695215588 85,93113912307575 5,441548668743681 0,9684651468058537 404,92771818777624 3,0202136175543046 425977,63663828786 1
1335,596405789511 31904,52138078197 2,0117864548063213 212,45299635330954 708,347312848485 267,1653705767801 187,0110832454533 86,56169617030498 5,500608580888847 0,9799564753564128 408,66841289568964 3,019943977266606 432042,99509547814 1
1343,9263855785155 31591,234827118173 2,003927123645751 202,37289832568382 699,9539703116063 265,4733875258552 188,60456727965783 87,16604648669184 5,479294330461761 0,9718652271790216 409,0515321831959 2,997870986193902 431781,50390480825 1
1353,0349096701823 31854,451919875868 2,0022391251190808 199,67314152390855 696,061558929062 263,38292675091776 189,33406769649494 86,75540394503997 5,456877805077431 0,9867640415396973 410,0453780971606 2,985315041216731 427494,84727207234 1
1352,4078364810978 31719,585773955805 1,9991640764950542 203,46360311566528 695,1438393668598 268,0862102507947 181,9992439746146 86,98242449508794 5,421906432348723 0,9883801173674082 410,69437958883157 3,0027311958227525 427226,78930715774 1
1342,3302400482055 31773,62676749219 1,990596439859988 204,76381645449948 703,3174569608628 268,24938396619723 181,60456999018012 85,9299665947764 5,456674210573403 0,9848431116295575 414,25761802062397 3,005112698853532 427808,42539557966 1
1349,4606816808478 31645,28574476753 2,016444242089906 206,20971342808187 700,3834389308613 268,3892150163104 180,5029375557278 87,17685887363663 5,4573193479578475 0,9890263576730084 415,36499980125546 2,9877897047810946 426861,6798059901 1
1345,0122337529162 31451,427252227604 2,017501241413395 208,0147243521519 686,4529489366153 268,2635650116982 186,6671349091296 88,15723555559603 5,488686603480968 0,9891168410621111 415,6112439128194 2,99950569963113 425980,04115467216 1
1359,0900559436764 31494,973279873204 2,009280903001235 206,94891189405476 684,8047280351665 269,88853617314066 188,27675819379274 87,47009083213818 5,446587544756753 0,9893157765287461 412,9567133031474 3,0197432491806397 423394,6152584553 1
1356,4666594492799 31473,840361897506 1,993549987664194 186,81477741517625 673,2933235267582 271,7591551935629 189,64949560867737 89,18360947966364 5,494833189007326 0,9916526118484835 415,0702655151985 2,9938334202544894 422095,4433607292 1
1350,7842078628123 31906,144305238817 2,0058485347334685 187,39808367722188 674,1300367025807 269,8510133207541 189,48626693438845 88,46884916069509 5,493921968196326 0,9856976108990071 416,2424310656736 2,9802934460297705 428964,14231361356 1
1344,242847346287 31728,438897523774 2,014510808781048 168,3138068004451 651,995586963532 265,68355953470564 194,22077973451917 91,19607983747099 5,440951630083472 0,9951606868337768 417,3123379956608 3,0210035349548665 429529,213470831 1
1345,279612444201 31560,26664632688 1,9835939738947403 168,37341999170528 654,5810535463809 265,0626323550425 194,56642205984167 90,24846759597037 5,443220584582928 0,9906304666498962 416,332586857062 3,00299659071255 422318,1095593074 1
1356,4347539462833 32020,819000726573 1,9868955242569053 176,535779832956 664,9768739978722 268,2487391474459 197,70593765095254 89,18298250959212 5,439742414985635 0,9996388684600372 420,2185416762659 2,989340240171858 426342,8053238901 1
1341,8059707533164 31584,833347831922 2,0003026947133677 177,61178549186704 661,5988134315081 267,2479744819187 199,22462468917237 89,19718833838834 5,473159963929109 0,9884205707623965 417,2844790564345 3,00469635545645 425084,45971580816 1
1358,2985471757233 31388,792060746648 2,002409248885558 188,78685080630683 662,1150777382009 271,8325298030607 196,52046962566035 90,06441804077015 5,398915891258202 0,9981075742459178 417,17931320190655 2,992213530293042 426370,48505911295 1
1361,0841201618748 31799,564571003284 1,9826593533434433 189,1769051686257 673,8662181857749 271,31426175823157 193,78902787985876 88,6552980131166 5,462346448839589 0,994065416270925 418,87457379452417 3,013760903162255 430868,7278804601 1
1348,326198533702 31363,531355061165 2,0281222153604705 189,34664569112587 675,0870707098297 268,7439366190817 193,14767596148062 88,62395694266564 5,471242070258872 0,9948080249613872 415,72321857941745 2,9905955579066497 423929,5758125897 1
1357,617835190291 31437,800973620357 2,0054331821394116 193,27036140280376 683,5674864291298 264,7338660258648 193,90153683209053 87,48948742757526 5,469615772753683 0,9985622105311315 421,9658371337368 3,0005912157057493 424701,30180411367 1
1350,2157368884239 31829,214427900002 2,001159543066814 190,25602748564557 678,6407770897644 263,6623053907592 192,7125476311445 87,75223518067943 5,492463437325302 0,9998119422805516 419,89375037593027 3,020965418264529 429631,2688027612 1
1363,5412156844723 31599,76357896744 1,9871914915153701 171,31990537213758 651,3270823268326 267,7264493025101 192,61517541969968 90,68381683420978 5,457537544968822 0,9942070981774567 419,44792994312246 2,9903182772250707 428845,84084285714 1
1351,192890755278 31502,182776024758 1,9970493019041382 171,2911240797401 655,0648716544739 266,4332941324623 193,6882955174949 90,11232468246278 5,4575202653807615 1,0108566885184922 421,77882870582516 3,0051189740844606 424230,8016696564 1
1357,3061756491338 31601,49577904301 1,9986326462579729 186,27146793162152 674,0869791657947 268,94946104964134 192,51357719869313 88,47078527448843 5,448259283115797 0,9987909081892138 420,05625452524197 2,998314969328713 425024,93699318543 1
1355,4513574128816 31818,82229476367 2,0119941801050767 185,1902154548147 674,6763124780246 272,6673657691844 194,17706554794933 87,53599407416128 5,497422089794744 0,9992556339634502 419,8141693862789 2,993605172561699 427760,7637148642 1
1351,0944111408303 31771,245874377782 2,000289193958845 213,27470330738086 680,5127355381647 267,7946456246511 196,2808095121765 88,55058199862088 5,450152380866314 0,9986452899630089 423,93727592473414 2,998613055594264 422016,4374728637 1
1366,4855368336414 31951,3030769288 1,9788318925774084 211,0999337867079 690,2013192952795 271,89463935881673 195,51287965076696 86,6384512388138 5,476065973265667 1,0037530026383052 424,3011184907155 2,983078478970085 426912,9822687127 1
1347,0491524862753 31549,868171762093 2,0140620808097904 210,09744358734437 695,4380507549915 271,4393525954446 197,76108616166476 86,4583076703336 5,456476579212824 1,0036032880655135 423,0257299729478 3,042303509229768 424338,68141575024 1
1361,3545758557718 31705,48873004424 1,9970250897133996 169,77675725375576 656,6421935148006 268,0610781431293 197,46437383679248 89,17661108346267 5,413261107776798 1,0019120888205362 423,140209669047 3,0026772935326407 420080,6582322237 1
1343,1798240473004 32035,890727114023 1,9985165035917511 171,68925163790766 654,4338350944134 271,7936637963264 197,48305889214205 89,84445926563444 5,425806337119985 1,011056370121221 425,70256183568114 2,988753184135912 423893,2020239969 1
1357,5979500027267 31843,14910367808 2,0071258052218526 182,9879150360114 674,0679965521027 279,632136175931 201,13109533946118 88,69929078566793 5,457251994079031 1,0037921026862444 425,5743064822227 3,011369138337751 421399,97513730254 1
1369,4242044092425 31516,50524762567 2,003750489946045 183,27569738385466 677,8059598002211 279,6659894834677 202,82456974305248 89,59522676838547 5,473422739961746 1,005889137457686 426,0769971968524 3,015528475349332 427375,95019954746 1
1354,5525172768978 31531,19305938265 2,0007741523356497 171,1509815181342 659,5112984990122 273,8238517863451 200,40423798341018 90,58334852530139 5,471131860463336 1,005386413964726 428,56321763234297 3,0025954954353904 426579,614199037 1
1369,5052156538582 31719,790909731353 2,0093117219868737 170,8557244657327 659,5316856996488 272,33302701593607 202,15112378473845 90,53854541548962 5,503528307505413 1,0134605411061475 429,23215263385646 2,99263934827011 428282,30395583843 1
1359,4239711029086 31294,252559924138 1,9936896395239334 198,3174791068005 654,3923273294695 272,4043364327052 199,5263903732084 89,95719481183504 5,438723051372105 1,003865966646481 431,5619009602853 3,007677798338385 427278,53890542325 1
1364,6933321352142 31799,079588881825 1,9994195956302028 197,0213703151115 680,4406807242897 267,6444521640269 197,203745817263 88,13676884630442 5,447721797235875 1,0096104218581856 430,1596151674254 3,0010672580269846 425403,0732981238 1
1361,411117115251 31505,545826400376 2,0107275030074017 198,56586196003153 682,0871517647715 266,72333578095777 197,59792202222664 87,39392593352926 5,444398388482997 1,0027351631654047 430,632748696303 3,021702002647829 424280,7018604725 1
1358,051069201186 31739,81134231083 2,0013105368246378 181,68608288080566 669,0484546198934 265,77845434933005 189,89337457726552 88,17198904266128 5,393802889123103 1,0141072693238942 427,07150002352427 2,9851129397638356 427988,2923994729 1
1372,0660426886063 31842,33551022163 1,9829492917920764 180,07107911241647 662,180700521482 265,42167466235816 189,4944936871812 89,34231386598091 5,45481300405346 1,0006243459691944 430,5382657610865 2,9988646265069123 419879,5803197842 1
1356,5173462864332 31790,734122033624 1,991678463215931 179,68127996212806 664,4870566119181 269,68857444397753 190,21999226403827 88,88181147804998 5,400685071473715 1,0103923553590641 431,13370295422123 2,99444113583705 420789,6426031639 1
1372,2384019922065 31769,698134605642 2,0145142954341577 179,45868594733662 665,6794706307564 272,7130334829085 190,02621284050696 89,64301207932995 5,405598977060962 1,009005134105198 430,8537404091098 2,9730163677309958 420630,4065412466 1
1355,3886318133234 31496,366938574185 1,997635963556381 196,90535866073 689,2870964029174 263,06621188645767 189,78609499763812 86,8566053662376 5,489301416421415 1,0123164340861062 427,64553890765484 3,0158510880917957 426706,5040880744 1
1365,398150862876 31789,770416016592 1,997454359371993 197,51225213167166 686,3960331476695 261,041560055587 189,532909998689 87,60599247578986 5,4764761949665015 1,0026015659463563 428,88459188572807 2,991752505555349 422510,0564864972 1
1361,2177930467337 31668,79766191023 2,0133847017461517 193,31079641778038 691,505572355937 263,3979622072685 188,32541588990264 87,3294047713635 5,469459471205986 1,010535581356079 434,23098842498274 2,9940855579732877 423993,94142861274 1
1356,3203729863153 31491,79739026081 1,9901421841842541 194,69166557000142 659,951860342669 263,1939245754691 190,85377809547418 89,87971215767834 5,41858762897919 1,0065863274616016 430,899842088169 3,0064545823923345 422614,5942828271 1
1372,6936508610327 31472,98758263708 1,9894090945635212 195,39005510399645 657,0383466876104 264,5574162456768 192,62373831603097 90,39509933725878 5,482760441187496 1,015896055574987 432,94541657749005 2,9869673040012046 426443,23491826403 1
1356,5534337195977 31650,868283431813 1,990372370999149 170,97360301878203 655,7793952085882 267,3138930565118 191,6812832244188 90,93533710487362 5,4352628800666105 1,024068271095744 431,5594738389442 2,993102241435077 424155,65744903573 1
1369,2961663389997 31857,76695593424 1,9886575497046048 172,48943478870493 653,8361241190212 270,5715941099291 191,3126372928626 89,89617822401735 5,475355848109179 1,0139594423628262 429,85568376736995 2,978458440205752 421385,0293366102 1
1364,707477925238 31363,863893645077 2,0283593607475234 213,1499227808956 711,7812933340539 263,71742560356904 191,97895388414884 84,9560720710029 5,413082699854355 1,015893570045994 432,33013002353897 3,0266627298494213 423935,4948365188 1
1361,576291668402 31940,646167247145 1,9957833562953382 212,2855965024768 708,9212517083969 262,24061313165515 192,95035511500595 85,46903947687595 5,443090564968166 1,0197735200407372 436,3213193226271 2,9863101224132476 425968,31189935195 1
1381,925482953157 31757,39811505518 1,9955498887632406 195,59203532708617 686,869899193019 265,62694635801745 188,22677847582872 87,23432667789001 5,438910782865084 1,008683855462385 435,508180511603 2,995955477855908 425409,7429640134 1
1363,6026511584455 31619,94775821118 2,0025475933416903 194,9978068594647 687,6852014954211 265,2422004330098 188,04886338021925 87,23867344381726 5,466272988622964 1,0220799767411826 434,53107986973305 3,0133106578305706 421306,4576802206 1
1358,8732186906802 31782,05263195165 2,0139736242120456 200,06005611919457 689,1669916879316 266,7393755366156 188,2795397169372 87,43539424644914 5,4518814227897545 1,0141316728432979 440,18448517054355 2,9823586555133828 424520,6930062909 1
1360,6238413947633 31580,095952028496 1,9837096688884293 199,12927012604075 670,9082096607139 264,9438522341917 188,68596935349524 89,09846378671048 5,472784682112485 1,0172068170620516 433,95790447209407 2,9828312155372916 423539,02103793406 1
1358,4315509245534 31524,673408725033 2,007026088181905 200,29532802922958 670,2099304878659 265,061282420711 188,71083105676806 89,92184508504641 5,479915732542366 1,0162236433393548 436,2141160247371 2,9867007514931485 425514,43331687193 1
1351,6457416497094 31613,46004096252 2,021172831365978 169,69765719632736 652,440186972374 267,5414532807089 194,43520615314372 89,93428428672236 5,419558758182273 1,0200799137516885 435,61903324348845 3,019031424849624 425952,69194846903 1
1360,7325969096207 31561,152488808835 1,9971307645455252 170,17943067643725 652,494436222779 269,0402154684685 195,2053646251603 90,47284565013192 5,472313254871994 1,0148344648058143 435,83632183744277 3,006939745104065 423823,94627985073 1
1365,0518434147011 31488,077258145182 1,9965868943150546 199,97791272745982 693,7918650074822 260,4841514521194 195,87369367650172 87,07998051895743 5,451353205449376 1,0162734920002985 438,95491713249646 2,9834445005315455 423893,07327502203 1
1360,0517508403796 31409,08667972922 2,0208261319659413 200,42967660131822 689,6516517414794 259,9203623878416 197,61855554667326 87,42996601334463 5,457615735401634 1,0181464760906436 434,53665177193466 3,002696040822353 420371,87749305164 1
1364,3699371188638 31681,319890341856 1,9792239056429435 191,46034530916626 683,6204772182394 268,5636843371038 195,30943023368366 87,67363730719617 5,4212400839441655 1,0158851191805656 432,7297260544902 2,9776377761299075 419912,080633116 1
1362,99665052808 31268,437039639197 2,015121972462487 188,80115828131204 682,5594165007766 267,51579045775907 193,40261113348976 87,97006924284908 5,470785597047678 1,0258647839357211 442,1175526749647 2,9938864442742226 421908,4878011176 1
1370,9990338853793 31745,12755417924 1,9968525531531447 191,35298918799614 681,987058473569 266,38435366358937 193,90676036475142 87,84124652709278 5,462026146186245 1,0220403617116596 438,5246400520021 2,9828027862766904 419208,11910337326 1
1358,2012670361787 31677,076292873317 1,9895465371142664 189,59653769245267 684,4684463171924 265,2627139302988 196,26404803469043 88,39577932583941 5,422968867647228 1,0330791173587082 439,60048563353723 2,9819723774179177 420523,71474937536 1
1352,8742501730396 31393,077129697547 1,981262473003898 191,10348746007878 676,3585147429078 264,96494609144344 194,1152877677281 88,13919544459374 5,451265557075957 1,0149846018748663 440,53786816092776 3,0083772976424275 422925,0447258992 1
1358,7167308795092 31574,494079192948 2,0162018342787698 182,98689133835578 667,4065510035776 270,64522867604217 193,92084834653346 88,77152357183873 5,487930424240569 1,0319941968807793 434,9829228921009 2,9964404454632034 415479,6204748494 1
1367,797847629421 31561,118363714995 2,007372285691918 184,35846860239752 670,8973261890571 269,4089943934552 191,8925830772691 89,24075036788254 5,490291200644275 1,0164700885055098 437,2984460874257 2,963297905100863 417206,9588494798 1
1361,017697280287 31598,197897426446 2,0005456273833917 192,28268313173962 683,4641291956813 265,3358447559469 195,21614240077173 88,22863760751781 5,467173676391951 1,0303774333829891 436,6146426029862 2,99511671339383 420768,7829272483 1
1358,1944632825944 31857,858167761853 2,007424910374163 191,73770061262624 681,3662942107111 263,5120699611812 194,0437633770901 87,59097699687413 5,457660426653776 1,0254533770670453 438,4453205501888 3,040418854802555 421454,03579152684 1
1354,9335727455093 31588,235008461535 1,9893484694202768 170,46065458581495 656,9018063790562 268,87964141383344 198,76782914062645 88,8916394687346 5,505117469672146 1,0103237261343028 440,0114122493194 2,996514404728133 420332,03745695774 1
1360,5203197976782 31614,176167324153 1,9993492944819695 169,46427286109503 652,4225864687022 268,48134053798316 199,37273163553897 89,0366801501022 5,45190094016809 1,0259794914731517 440,6301768094778 3,010326302821058 420091,2515286246 1
1367,6220888010837 31523,001143556503 1,9883076488607256 185,04034265921206 654,7267412030601 266,7774073635987 198,53341618990635 88,54264205175583 5,472877316683007 1,011340267394632 438,24494317953355 3,010440025365334 422838,89921376586 1
1371,4684585755006 31660,78637675414 2,0146474032102035 185,23013197362292 674,931952405092 269,350234408835 201,26008445922977 88,0386588185116 5,449928600810886 1,0241893020720496 439,496824239423 2,987691026527779 418516,8207415239 1
1361,6407878250538 31288,81687327891 1,9936974757711408 186,06582172361246 678,7161777549909 270,00805076503957 200,24561431659393 89,08362924929689 5,424875749687404 1,0213950956396876 432,9962723426594 3,0047240936623343 416467,02798377175 1
1367,8500288266125 31474,75114044343 1,9900524635318924 179,5230770718335 665,3595132064007 261,5658398717536 195,23737722881663 89,00543447869842 5,441750239206282 1,029180548411297 439,6174764855377 3,010086643383504 418165,1408851106 1
1358,8044258075201 31667,855533054622 2,007023106883084 180,23552241663256 671,856094630764 261,5014677872199 195,25331225363502 89,6351410060815 5,465755701580737 1,0219995663160253 442,6568868789288 2,99317683142408 420424,90176703257 1
1355,6522654297235 31572,87284366591 2,0195066282117735 188,08462634992017 678,5033334367662 266,89709829459264 196,07596009704633 88,43692410618117 5,48428696477409 1,0258050558166119 439,6976565609235 3,0020809909958763 422617,97442622774 1
1351,4069441907432 31694,125462894463 2,0222817036804996 188,21913315746434 679,2328758764216 267,58545863383614 197,4723737251343 87,14321294437184 5,449025369620117 1,0158616421468913 445,99022027064626 3,019500224293524 416527,28098261624 1
1361,6533948617173 31585,248035913308 2,0141562024406814 185,7553319696922 667,842404973125 264,25247779581844 193,77844858671884 88,89886688341942 5,4631687768476755 1,0263964968103239 440,6514933589337 3,0207972109105663 422780,8876573986 1
1356,105032093135 31534,410950190024 2,004955316037071 188,46239784588903 660,3191206146378 265,16700351851534 193,61860506550582 89,47547861057073 5,446202289327174 1,012844940501152 444,5969267671343 3,0038464424950067 420093,67942921264 1
1363,4176387343887 31833,447021476008 2,0127056104729975 187,03954823074764 670,131310266952 263,62343493034984 193,23961786218032 89,79860939634955 5,443624818378291 1,0216804411589988 442,07047736984066 2,9907875223076905 415820,5024593679 1
1356,0509853920707 31473,954442475602 2,0140777668069747 185,867297885847 672,8571672000735 260,96091198614084 193,6181415220421 89,1686731357482 5,46986280841266 1,0200036177956437 443,9452262038763 3,0073407746572745 415820,69016976847 1
1362,032603024376 31496,954764468734 1,9986699461504684 185,89295974236742 673,5286469243864 262,0073696984157 194,06151041523833 88,42820355601785 5,447564225269624 1,0105565462853618 440,30678661887305 2,988841166768661 417183,4293816059 1
1349,5997582942657 31472,645860073913 1,9960201564328854 192,52932649814625 681,6184545483662 263,1010522664083 193,39280197361785 87,5129569469194 5,408321581186538 1,0147536565605153 442,7160489451924 2,9974474489796883 417454,7900488505 1
1358,626922259041 31568,950349442526 1,9934443999713607 191,44030840195163 673,5319976011756 262,877164019579 193,452714964365 87,89683460294617 5,4439283206294755 1,0184926268400076 440,529835661776 2,9860602359602004 420831,22634504316 1
1361,1082476427212 31421,999522290105 2,0000602909524967 158,14656806703405 641,5413370566465 269,00890997688236 195,37841806099505 92,47195604277712 5,491606437009975 1,0176489347896738 443,30329555280116 2,9811052862225 417110,1337205724 1
1361,2762423429165 31436,868531616023 1,9998587451556284 159,24472596702265 641,2979743589297 267,2282141663599 193,82957976083233 92,01023212076389 5,491286996985669 1,018268781328274 442,9558826756785 2,9986080284306884 421327,02813197934 1
1361,4187406596814 31546,58913873219 2,002905777221501 189,33299179335887 660,8250388759797 271,89069653947155 199,20927688459446 88,91512932852223 5,487846141056836 1,0232217896518243 442,26431662933265 2,983231810047355 422290,914553559 1
1360,2259326896474 31611,800756333305 2,0114580319204625 187,15062402923567 661,4400060495316 275,31299427247836 198,27504208831976 89,61384870316975 5,496084731360806 1,010178685959338 445,5479410639357 3,017156426138783 418560,4121886565 1
1353,8490246942326 31495,010327043907 2,006917916630359 190,1483829231667 660,1196080000088 274,09109093800356 199,02101716214287 89,96021681752322 5,502306752888658 1,021365066958992 440,549803418091 2,981274646226886 417200,1140695517 1
1353,034524402 31731,905040341757 1,995017527946805 189,02343750122586 683,0882280945805 265,26842816242413 197,72945332107759 88,11694070892634 5,462392268102822 1,0148671338453956 442,40988614884014 3,005380605449215 411711,70510718157 1
1363,7166906544107 31699,06958838489 1,9969310644800715 190,1665031934409 681,0674471247432 266,9997185267858 196,67339402762585 87,17670309340026 5,439598559866436 1,0114225014558478 441,7973896901277 3,017798440723624 417886,55522228964 1
1361,6149505145324 31626,8754862411 2,023369134840393 165,53386683747664 645,6744591709048 269,1928496149429 201,7113628010974 90,38622588671655 5,435911186554305 1,0262738172808827 443,4057854597481 3,0104211147127273 416248,83082522824 1
1342,339064537712 31679,7167511254 1,9996577069283172 165,15155481780468 646,9662944944031 269,37190157994945 200,75682586949924 91,31735980110382 5,42247905188898 1,0184860187030376 446,2588464438025 3,017675072437198 419333,6653484441 1
1361,4052589161665 31599,289313676363 2,0010846376185407 152,9862560739101 634,214819961947 265,45571115184424 199,55442183100143 92,49591472093636 5,4149429116625685 1,02267420942174 447,67686680410117 2,980686356411347 414246,8666182851 1
1359,9993653103716 31544,1489642123 1,9882661346953863 153,72141876983312 631,0296536699481 264,0957680512725 202,18261533654055 91,45367277448297 5,439352478235328 1,0155849969197916 443,04482976695897 2,98399024008748 420261,6963433263 1
1368,5207637086855 31226,941263641293 2,004993131866577 169,80510002702005 671,9848134266787 269,1289853468426 198,68660552272092 89,34500786773985 5,4185065169251585 1,0172342128116858 444,37601202321446 3,0216930781221576 418667,9327687362 1
1349,5870432327715 31547,84735686139 1,998348875928265 168,4424803528703 672,9249032912646 267,4394028539172 198,95941483549498 89,02697354805515 5,467635211524213 1,025798491791271 444,46924322975224 3,0040085763048383 414152,34747892455 1
1352,7095068185367 31553,537941809383 2,0102480669291976 179,27043568017285 672,4889166221227 267,1061642171356 199,27496523226537 89,17758052774079 5,478311471704909 1,0226466790741855 441,9122708213849 2,999466528143504 417601,8588340563 1
