Co2(scd40) raw_signla(sgp40) aiq(ens160) tvoc(ens160) eco2(ens160) rs1(ens160) rs3(ens160) rs4(ens160) rmox(zmod4410) tvoc(zmod4410) eco2(zmod4410) iaq(zmod4410) resistencia(bme688) Aire/muestra
922,6251449621544 32323,383358450374 1,9993161040454175 183,79712446049967 668,0056589752303 422,1206122647068 419,9935150175557 88,47620422977265 5,372825530738545 0,04717598792848022 413,81075850160084 0,9949534584654589 436061,4721922901 1
923,4014271749277 32278,59343428064 2,011634812589661 182,95805687306958 676,6275376340767 423,2660726774479 418,8855167817792 88,48398049926618 5,40908882733493 0,04781665555462967 410,66854130081083 1,000076704587604 435526,51933581766 1
926,6442417887006 32722,218649839422 1,9958267884306409 197,56825929695216 691,9903605363594 422,3852627738331 417,4334665574339 89,74057203226252 5,363830101877042 0,04714745053670051 411,1090731804377 1,0012818582983682 436949,99193709646 1
919,1169602454577 32423,477782317095 2,00191852026448 197,4846978333704 703,2465654507223 421,7448990188327 416,21089127288496 90,74510688518906 5,363799850762941 0,05054180316466262 408,7644240375159 0,9983335983116206 428444,93898026657 1
930,047260733558 32509,473975580237 2,0256210430418964 192,23418479752326 685,8170612866683 423,6862731007487 403,46362889132666 87,94681672971024 5,379426112662547 0,050253373352552234 408,61932769916626 1,0062245812057022 430542,1592604002 1
929,6152958822223 32528,52238426362 2,0185310119994346 192,69268203169617 682,521641138497 421,38122623533883 411,1994657313298 87,92039970806754 5,40216412377633 0,054209712588058796 408,43890110513235 1,0051679978010428 431174,19272055425 1
925,2156047234172 32492,46198036241 1,9850392484974082 185,89892875064754 668,9021724772437 409,65140473144106 400,45907477757953 88,79380553621746 5,379923215737774 0,05429648815117745 414,09614254933246 0,9912381417245409 431504,9223997156 1
926,0638748340602 32335,297299263857 2,0052442713291363 184,90698703381162 676,962497031539 410,5996799824302 401,1588410937905 88,65464753489573 5,4185606537076305 0,05764170652481271 415,4582415457739 1,0066629660418838 428017,2647288841 1
936,3906191574991 32286,664068376675 1,9827516467017676 202,219346095803 671,2643460920946 414,2149714410074 401,17744277446263 89,79224602268754 5,425320961266276 0,05773560856413621 408,8011469077142 0,9976157295796384 429384,6922367146 1
929,489015884539 32105,294236183825 2,0057553764406384 200,70115841534 696,137702678591 418,73075051703427 406,5632259095774 86,72902290678154 5,381953366819075 0,061554370147602525 410,3869380767288 0,9941286226691823 432341,0881153836 1
928,4937832696855 32474,140649081524 1,9885363978608246 204,32391516473746 696,9282276746604 415,07236404921923 404,1127350708363 86,45635183966081 5,413274921502907 0,06168251730109847 411,206168195767 1,0070861585192101 429474,45860066975 1
933,9762173243369 32227,68385479154 3,0299046301262242 221,10595257351443 679,2554440099549 418,1512584336437 408,33860927707764 88,35123415125273 5,3982595384889915 0,06141224352338372 407,7922378526495 0,9987944382566998 427005,93961956847 1
928,0694317427113 32334,84892190424 2,961465224992781 220,2076391062534 671,5418271222105 421,66623113470916 406,11936183613784 88,46896989935676 5,376645083747172 0,06423996139488047 408,37452886834615 0,9977138487760218 431451,13810617937 1
927,393890774186 32264,322054549273 2,0136502519181985 180,37609830881303 671,0765348902576 407,9665294435935 405,29915249831294 89,1021467080077 5,386189116798147 0,06464825058482357 412,349063451919 1,002477787536053 433962,5167088559 1
932,5047130440739 32326,15055178476 1,9885099974418767 180,59063731391382 668,8618020398759 413,0192445276928 407,2919977600866 89,96799541444024 5,329399227508862 0,06789221850381442 410,4001188452733 1,002932332830593 426021,7618164574 1
935,5427001109782 32118,432708200555 1,9927575914168194 189,2878975944231 678,9915523520478 416,50845027141423 401,2523976070058 88,05360097509147 5,379175676714534 0,06864814114418204 413,469367577408 0,9995165506697623 429462,9200776402 1
925,9318979986185 32316,5438703448 1,9960379032043578 189,03167733182443 682,6983153456265 413,35448992781096 396,207648849373 88,50729292937264 5,403609286794149 0,07186994901315497 408,93393306900487 1,0011833905505554 429319,0087077554 1
924,4168370255471 32244,862800083763 1,9857742056664458 195,958399402977 679,652072226506 416,7594806946135 397,9958405720404 89,15660993171592 5,2989391158941 0,07238067428321665 410,7767265108448 0,9998503928787124 427179,6815244915 1
932,7674240461699 32117,87389044852 2,0075510961061496 197,78289001018135 684,3255283524582 437,73910478479354 400,1968066351745 86,87041178248415 5,42100156432897 0,07573585166922425 413,4634744994036 1,0099689888865704 428488,1275764503 1
927,251188481372 32395,282237578973 1,9828760574606261 198,24684050522984 684,2656798752836 435,77780236734674 397,90894299567174 87,940068614775 5,374495978132285 0,07635582154455799 412,67528400271976 1,001428675377996 428584,3853883686 1
928,7050814729422 32117,946604421875 1,9880398489657587 178,43700242174708 719,7195662079065 407,2748053889788 400,40261816647575 85,04412924447594 5,382007031356019 0,07588146550130077 409,84692713354957 0,9979182614541839 428769,7294702867 1
919,8448708643172 32494,617200832818 2,0109082256316815 179,02225927558717 723,4047748660676 409,63526057546676 405,5927562508848 84,5024602263124 5,441699996680076 0,08090598473406214 411,9531997200976 0,9991466427102591 424628,67709342006 1
932,5656651908612 32466,544481960103 1,9896571193735935 191,04537885771293 679,7058287969628 409,5378131612731 391,4443357920866 87,91650072964546 5,446368218606901 0,07936949832580578 409,62771195142096 0,9995009366427204 427691,4568944253 1
926,2987129475755 32697,40523187105 1,9961935463392106 190,88725776899184 683,4844321912717 407,515355817684 390,60187629565814 88,46011511432523 5,411787526116115 0,08425132736681189 412,495970779678 0,9980412859192463 429472,0801555192 1
918,6825594277582 32191,520459114472 1,9958653672816997 188,66070010941155 680,3752825751415 414,1664800838971 387,79874968625137 88,57369067352305 5,415603527903489 0,08376348861310505 410,9219673218198 1,0044526502820204 429099,7021388638 1
917,7268471748434 32297,093445114333 1,9925813469958369 188,57119677653012 676,3367002300197 414,0474116438916 391,6439949183722 89,24469391374231 5,401859496505005 0,08707518158770036 413,22121282546135 1,9805618882543863 428403,53126549476 1
923,5665750567049 32092,70024078502 3,0211630067448203 222,763830766289 680,7002635787458 416,59374969868225 388,97319496025426 89,01545846779808 5,404701501985072 0,08692242976123984 412,8442121697799 1,9969001455296236 422894,5264902208 1
932,737521195735 32247,343059069986 3,0050333850735793 223,16354194905355 718,1919428916494 399,558379655056 387,3546766714443 84,5745662302932 5,389874945132482 0,09051988711031755 410,7163422613377 2,0030997025400685 425125,88755803084 1
925,417487528807 32231,685287824504 2,997692286729076 224,4502068890339 718,5445421884726 405,20137887679135 387,69898178339116 85,47289177618424 5,418271648268298 0,09102666465364548 412,8254842908451 1,9993812864881355 424044,7654388829 1
931,5832094805951 32396,53194420056 1,9942548235191742 185,92624771008389 705,9501020697995 408,68449749257826 392,895864880524 86,03607017034115 5,421463214866028 0,09082354138309984 412,95998372093896 2,001233737667602 422857,3121901651 1
922,7288634219252 32269,048285187793 1,9948372513312418 183,2731389037736 709,8059452942614 407,27621130700237 393,01273007267713 85,99294669749641 5,358980962293493 0,09362589518262464 411,4641198726872 2,0003131167847763 423476,2097747006 1
932,3381038250949 32499,33151313778 1,9981576441288735 178,43011204969375 662,4969726876784 416,3598794997903 385,9974653441965 88,93764488306327 5,4108153768765055 0,09402828817024568 412,64994667189234 1,9920225668307823 424332,9780602592 1
930,7297273467433 32299,10769141495 1,9983096350338205 175,6794092336939 664,5069213956102 414,3452994284432 384,4232103496908 90,24525244579907 5,32998316201554 0,09744020423018224 414,8702079509661 1,9949318524898998 428904,6367502168 1
930,4008635058385 32437,81475714128 2,006630682243221 187,57985854486915 680,9286545769763 412,2110865884598 390,11770441257283 88,46186126018335 5,405544050871343 0,09700232979117573 413,3396986646292 1,9918180314251082 431816,35657507705 1
928,587742339641 32226,106612412183 1,997109365030467 186,013385030473 678,925149585103 408,9617026115976 394,2191662910368 89,0211884666872 5,390451580360719 0,09877650825168485 415,2544406400789 1,988938390848679 428074,7574352915 1
923,1805505079236 32364,492161330385 2,002084953890278 189,98409298647778 674,4812722756636 408,622909422172 393,2063329112412 88,61657241925309 5,413637984921787 0,09854544678406289 420,867001746114 2,0062420275472954 427207,1153999852 1
925,318137789805 31978,9644415799 2,010760492056387 188,6845705586435 674,5334508778222 419,9256978076196 381,9516976061918 87,8615449890298 5,416549710670219 0,10104101956816572 417,5328950552987 2,0077004391809643 423419,8830015908 1
925,1274335953558 32049,62700660957 1,9933650414952226 189,23883938812875 676,4282559149609 416,95630857170624 382,54793689972547 88,0697872529937 5,41309843775971 0,10133572382471477 414,51925715480394 1,9953744486102218 425855,32021560566 1
924,2603221836977 32271,588722754954 1,9787704796873207 203,83938411887286 696,9852210067493 408,53348892644277 389,52102064897184 87,19523978462502 5,379967135729845 0,10091425478651866 415,8134196729368 2,003662911071788 423356,13469012815 1
920,0571483031724 32424,520805127624 2,0082682012686277 204,5500616044652 694,8999559115962 406,95121837122196 385,54040047863 87,13473637848624 5,328026531471383 0,10364350461331982 414,7792642777104 1,9955276025697453 429250,5958118927 1
931,9645209032428 32439,309425321542 2,0101711511598648 183,94186901541295 671,4549044981324 406,6794002538977 388,9767829911495 89,03812236694408 5,408779074567279 0,10323497559813326 417,7285081528265 2,0155125669451595 429208,0399976967 1
931,7348597929569 32096,234332873588 2,0191652546692302 185,32402313730853 670,0876676864159 412,0368778350724 390,60277967544386 89,36254261569034 5,383507795993686 0,10488410823465018 416,06703803947477 2,004482313763623 419416,89904496365 1
922,3862986611856 32394,041643572305 2,0033027684157036 190,79208761949027 679,4547423540123 411,276278867918 388,3239081757705 88,54571408715911 5,390700023412151 0,10552053522639394 417,1741352163282 2,000085505518387 420647,6561763135 1
932,4626906855857 32637,428588528568 1,9928539470831272 190,4068504328111 681,9718453179886 405,08075595968046 391,8716032828019 87,82365476540653 5,409556354076826 0,10677824477360234 415,9950601331179 2,012767615039495 420596,34040104115 1
917,5954748495238 32145,687628064472 2,01330917685237 197,47408247541878 682,6427164058965 406,4579012095621 390,13407921482354 88,37771811183327 5,436290354095951 0,10765419063204584 417,6998749170772 2,0113325136382576 425280,5398324124 1
923,5427025098884 32262,03493334531 1,9930048292365568 196,71764419021488 688,7013637754302 412,01217078395655 382,2662652267243 87,73161949256556 5,3814705302570705 0,1093803137757929 416,97891475803067 1,9890871957708178 424845,4635332901 1
933,6945749443066 31998,41627177949 2,013351493856878 196,68399061520432 683,7740055465985 410,91351684025193 387,89808345440423 87,63772507979704 5,405390684559383 0,10932859700981583 418,6429958194565 2,0099136740875836 424775,0740426377 1
929,9475888072433 32233,34851491162 1,9955345481900453 180,6288793304738 684,9866296017326 408,1374453126664 381,5834564885879 87,90050565761621 5,385763065764963 0,10821048677165013 415,80208440378107 2,013310205610742 422347,33752235037 1
931,9688520947457 32187,005181786884 1,9816264946077704 181,34995478026758 682,6182731449645 407,0806265552525 381,2251913760355 87,42521290685767 5,345982845694811 0,11152016727803533 417,80424693427585 1,9937578653187438 425870,2171650811 1
923,9396211410349 32107,715599859577 2,005447777848408 198,76234026070426 694,5475068583069 400,57346815428434 386,6466469905991 87,40824534952604 5,446541997570731 0,11071128861216052 420,73787959104425 1,9798486949100442 425218,82387048285 1
929,3360877660585 32019,30311201636 2,020584323042456 198,31511965141857 691,803477951759 402,7625674916895 386,311384913492 87,87147766342976 5,379018767118568 0,11285951378892732 421,35409955248093 2,0049582433579967 422213,090903444 1
925,230205597635 32315,8108757914 2,017729577051553 200,39954909988086 696,1772808689236 405,08902287855483 376,88379893700994 88,15913896987567 5,375298614717475 0,11257287213538435 421,792894426524 2,0018888618418544 419760,70304911974 1
923,3970739672778 32469,439918441338 2,002008211935828 200,18244052630467 696,1458653737957 404,8561703043185 381,97975144531233 86,76272537641292 5,348258953517306 0,11493109117559916 420,80404933962774 1,9942231550104306 422270,8653950954 1
924,7842187893535 32290,82004218675 1,99550020352915 175,17324948339314 695,626889280933 404,150702042286 381,4168904459248 87,2823140494004 5,397425998293801 0,11460375595105594 419,91407850981835 1,9960173097824512 424258,8218685248 1
926,914547173037 32414,87474964609 2,0198062114613293 174,12185091400812 697,3222095117809 403,0644859797795 382,9237729536081 86,91781255766485 5,33180761261008 0,11853381507014693 420,7787606040626 1,9941577118783957 421820,57494098233 1
929,4984966119214 32372,986865522347 1,9959877393515533 173,37869386045736 700,7791931286727 402,25876988831516 384,0076338888703 87,25868703234998 5,365282687158618 0,11786002945452094 420,71656376099 1,9854625657294498 420241,5586235926 1
928,9065838394432 32654,892713525827 2,0014915182623154 174,1965702598271 660,0448164407069 402,98983747452786 385,66726865403325 90,42937383188294 5,36420013750574 0,11651632915339147 420,10868759093955 2,0016048171516543 424176,6827163893 1
928,7210516044333 32468,626424888866 1,9969715175367093 174,3485636172504 657,8002623702317 404,51871410524905 381,6235544656211 90,44882992503987 5,419482408315034 0,11889698267974091 422,6251741888006 1,979766819223979 422184,43724591256 1
922,4326052505671 32256,221454969458 2,0172510827209034 201,16450718853685 697,949776860982 397,9399070434145 376,7625601657406 87,68758496767164 5,400963805409409 0,11852575600807716 419,23256711743176 2,0124223690667127 423251,4756490689 1
922,8122448103794 32249,735842187958 2,0013688640390965 199,88423726816512 692,7929708274526 402,1586586819546 380,1901983760277 86,99309978665505 5,39216301803995 0,1207832613007019 422,5883013578318 1,97926965376584 423339,2615334714 1
928,0574002700781 32359,417321828587 2,0028751228448614 207,51172322566387 703,92842576099 405,7590671619499 379,73648471521483 87,02783244918417 5,378629452365465 0,12045865537248522 422,5494647173471 1,995420548820801 421682,26817164803 1
930,6525837038744 32355,28525870807 1,9948938293944742 207,21042988828094 699,9760763631472 401,21139976542537 379,81150900768733 86,48246036661433 5,416181541614784 0,12205732180947629 419,0802877118536 1,9970807740501735 424378,90510251763 1
925,0531743105859 32296,769981363555 2,004369004601089 199,48990074468458 699,7627066921569 401,7110298465768 375,9965142239588 85,7550024191114 5,382354117182716 0,12165577840047342 421,6767297956389 2,0017079375169042 428195,13653462013 1
924,3797100785605 32266,826005569885 1,9968024078509197 200,21489856740286 656,8495690758095 400,1160607700373 376,96964923259077 90,4038556684765 5,321164859753662 0,12326587558016705 424,48408197937135 1,9902051760986508 421532,7139652535 1
923,6046172811451 32226,717034979865 1,9941746226148802 199,94861169620538 656,0508537069688 400,1174849903349 381,15375592525015 89,9893822147808 5,401502707418377 0,1224384207072104 424,42796974756334 1,9900073751171 422885,87339931703 1
927,7174175606563 32113,371752708048 2,018792829522685 201,07399855410208 693,8646558575008 403,5581075841706 390,0163978039355 87,87155964112378 5,353328208424732 0,12246707079397146 422,6673443834395 2,0047435305597134 422485,42694081157 1
931,6624685108662 32422,500285968756 2,016924766498591 201,87310039765035 688,2791805849948 400,19555319798826 389,5777504296851 86,94938565887317 5,314862251918608 0,12290055910880907 424,67387840850523 2,0064939743610806 422385,3802046375 1
916,7658356122218 32108,567789185665 2,0067674283127674 185,0000644530238 675,9467362143505 397,3757770828417 369,0578029458033 89,17278282787113 5,362301668096608 0,12423799837580157 426,4984395588224 1,9843280812904882 421624,38610668643 1
924,4320970773035 32428,02978385201 1,9955118613621654 186,9262978583883 669,1546932330431 397,4767318484787 369,1230884768616 88,09686062328181 5,399038699098917 0,12486288933032182 421,8965302591952 2,017913698914713 422662,7826711607 1
930,6060407022497 32100,264280250267 2,0069307816916213 179,91529458596864 671,8429439706066 404,5366116117751 381,142895511899 89,53342807277853 5,406625691421655 0,12487697859227703 426,7129632641848 2,0002411245106595 421232,2755096525 1
922,3037529884505 32388,30770763262 1,9996012471059932 179,12859613287355 668,7923664306397 403,56541154625444 377,6077081298047 90,23329715255953 5,454481777891361 0,12540267353215423 424,90161018940836 2,005981644909671 423018,6010817957 1
918,5046711405156 32106,558431938887 2,0044184504441165 172,55798159265595 670,591237868509 402,0641690500507 377,47512337379663 89,42227557288692 5,429261088351078 0,12565502495323969 420,2017503007603 1,983627511267438 425367,04416924797 1
918,4775967047368 32022,72804885639 2,0035362049310628 173,67161167528297 673,8811511602438 403,5894430968001 378,17881389874026 88,94773298314 5,39287941694225 0,12695146897902332 425,39694874079896 2,0016314827774977 419974,3885474419 1
920,4052928604683 32346,215103012397 2,0176352929297683 172,8547905195242 684,3372193040736 406,2353225906252 382,1265088386397 88,40994591074539 5,402813425759437 0,12629288362534746 424,859210300691 1,9826835858606742 417010,76028279995 1
920,9625235632482 32182,701784883036 2,007639328811151 184,35476500172285 671,7188894347206 402,34621132604417 382,7439642927627 88,95973619879868 5,377110483635455 0,12643790639196328 424,7686746269085 1,9879160918456729 420674,7170137229 1
912,4615369546269 32199,855584649078 2,0028543967390733 184,50516582222338 675,8420296388144 405,30132004795274 385,93669470510645 89,15873122804192 5,428925783619751 0,12739194242492285 424,349190331027 2,0110159751174175 425201,77302328974 1
919,3498420803568 32456,8528996843 1,9709795377525379 185,51987227832154 671,3366124267424 400,6571808356322 381,6439061457991 88,9030877109832 5,429466164667091 0,12588308266149786 428,7060664023473 1,996633708324339 424423,6504262863 1
925,1264777167283 32269,101637954354 2,0068613986995656 185,09090836735018 678,1427512714737 401,8318805960022 382,9655542156711 88,93046460883092 5,407687044479784 0,12652249045335306 426,3077656689291 1,9879259801090214 421460,8876223129 1
928,2875362754827 32290,629800040035 1,9969012913039197 181,42334085320218 670,4005665673105 396,90661728189264 380,50667196965685 88,73531971434753 5,42047522571288 0,12728573310758373 426,4501328646479 1,985452588102223 423087,04607129033 1
919,272043322165 32264,30342741933 1,991463041579649 183,7566468733865 670,8303574460608 396,58225449407746 382,0790508382242 89,33373459997291 5,384428594260309 0,12539963440398488 425,04833637116354 1,999652664905028 419689,3406813932 1
917,9832239921265 32092,051816658208 2,015125677264944 184,18578477984875 669,8270062078996 390,88950808264406 383,75265457458676 88,82172068926234 5,360637601184074 0,12505208431874068 428,7847314730531 2,0059540623296717 417178,163255656 1
924,8151505942495 32379,403365316935 1,986051176601018 185,5842909332853 689,2751502550375 396,7244950934299 377,7287743927217 88,25004304688933 5,462174668590736 0,12654030704697014 426,12450948794145 1,9977017611524455 423405,18222868943 1
926,9154583943874 32266,39422799671 1,9856622554025791 186,00731429557197 691,0658965742285 394,4132252161509 374,7261195041017 87,99737537361396 5,349562406372769 0,12706979549912098 426,2840026722429 1,9783164902137311 422107,0037317817 1
918,4979688170523 32429,16631895313 2,002945456684684 182,27027477170378 665,7421748378101 398,6697441117108 384,31493066468084 89,4311094765164 5,415669958607444 0,12698359238809262 431,4035206381096 1,9997862613390092 420433,6771555633 1
918,9377838842776 32528,472363140056 1,9981857956665952 183,46516395232268 678,9514945244541 397,7843969208674 380,44355344263414 89,81745991794773 5,3867333122496195 0,12684497419135995 426,6606758693631 2,0097937080233437 423465,37496308365 1
921,7982757471101 32202,14880092928 1,9980398923858436 208,40992858206914 706,759450625269 407,39023540321733 381,9707238726059 86,80406017640206 5,409527204119956 0,1258634717810475 428,66833506905846 2,0047532449123384 421772,5311907149 1
928,0937292183986 32190,54692867436 1,9867096546227347 208,65063067537912 702,3162370268217 407,96336012056577 383,4408788915001 86,63315245817437 5,35853652869678 0,12695734189145005 427,24591827769865 2,0046350086924694 418177,4574046718 1
927,7972353272401 32436,361247877914 1,9963784066984152 201,84692690016797 689,9916857611123 396,5781751969939 380,58940204351217 86,78094790201881 5,414654925654611 0,12749300492866808 427,498620670758 2,0014480070143894 425495,67118242645 1
920,1182964226086 32065,718659540547 1,9900479549559902 200,3074441255873 690,3473768967382 396,5493591306303 383,65455394990187 87,29647930926113 5,3773546229696025 0,12694636061031664 429,52485378463393 1,9971600419944038 425581,5908284215 1
926,5743115443745 32448,140789218152 1,993471295812667 180,795102909127 695,5882003018893 399,60804883632113 383,1370023248287 87,4384223426662 5,366683340795109 0,12551576041201187 428,05639960869735 1,9844295075308622 423744,45469521434 1
928,9661983190375 32089,091937287234 1,9997496131873858 180,907278357951 693,2631449753083 411,52676863487403 379,06922464516833 88,16861647385912 5,412899504204842 0,12721296155881096 429,2391288494527 1,9995361558480682 421262,60236295353 1
927,4394527451564 32499,75154020613 2,005682930441144 179,61843508131807 688,4863607894748 408,9499166213841 377,49352375798014 87,75579634478525 5,401781603633756 0,12713703036171367 431,4447394230802 1,999200694306809 419909,2026298602 1
933,7912552056732 32510,895762731652 2,007801522041557 192,31661756275747 679,7621401110226 407,0318216214473 378,7846966729358 88,3748497200185 5,401573011819963 0,127917019774777 423,1745406248557 2,008345851143802 422473,8993339371 1
926,7195538297811 32313,045958077488 2,000228121901223 192,23538389087796 683,7886683958504 411,4464258783921 376,7216874079374 87,5415410303704 5,394500639146953 0,12834134086628518 429,41455802634306 2,0094173716112027 424621,89775965543 1
928,047025833634 32125,027722563816 1,9956732561120125 181,08229126797903 666,3987617101504 397,9215582246936 381,59304631148393 89,56574191042678 5,414320469865189 0,12717971162544248 428,14579339766544 1,9990978620212638 420384,1540110693 1
921,2234740092586 31984,186051739347 1,9959711502830315 180,55637199867468 666,7298944595278 393,42384941731507 378,5206086194696 89,54793410263409 5,368210739899149 0,12670075694804495 429,86659889354445 1,9985551308137115 418260,1641899916 1
922,6807242913003 32143,682949400718 2,0059535580963717 185,81724672877252 679,4916262109876 399,91490692072585 370,6228098737293 88,96910042680605 5,34414431540674 0,12745207215290133 430,507436938238 1,9831446427524448 417560,0128082691 1
925,93624639569 32238,999957354492 1,9961094742745287 183,94824823889368 668,3259965869861 400,7208221427962 372,6212263082617 89,18387235122073 5,343293139129387 0,12864270199930397 432,2752415918879 2,009367167021444 418292,4910151883 1
920,6658373053659 32446,33977565709 1,9814786246438865 190,7194613731108 672,5657038409533 403,0706124476425 375,31150366466915 88,7292775844066 5,416814013932854 0,12787645506849055 431,95816204107524 2,0073702222827294 420126,96872629976 1
924,5495646739954 32346,227546620106 2,0073606820079233 190,47621638830043 698,4607027397617 392,8632722740244 370,85540390354714 86,70330448267755 5,395621448512867 0,12949885256176819 429,3209984125548 2,0069875830722497 422686,76933619054 1
