Co2(scd40) raw_signla(sgp40) aiq(ens160) tvoc(ens160) eco2(ens160) rs1(ens160) rs3(ens160) rs4(ens160) rmox(zmod4410) tvoc(zmod4410) eco2(zmod4410) iaq(zmod4410) resistencia(bme688) Aire/muestra
2048,4904337846083 31771,72834355465 3,0277460285849482 272,71929268353097 771,7763198087212 351,45297548202285 337,19609181322653 79,76757477913492 5,369195693506508 0,5404292887595781 426,35513456277874 1,991431472272743 483162,70209269476 1
2025,3947564499288 31527,63204919596 2,9956079664816784 259,59467294852374 763,1403479408561 359,2796364347843 342,867810303817 80,64415176148675 5,402664545530617 0,5424279726592394 423,0953510023823 1,9965377890943032 483359,4274061459 1
2022,764198315514 31620,322478223887 2,9876388174332322 260,67985857353096 759,5048631238875 358,9606302961159 346,136413238694 81,14352383014474 5,42974478933664 0,554465475959645 423,262290542029 2,012675329608061 480616,4031437652 1
2028,35894155643 31891,12822450165 3,002451606664173 292,45574059476456 792,6891168414518 359,1106633013358 350,79722474703084 78,02546549494477 5,436118366826267 0,5504818909078006 426,99512127486514 1,9934809654162176 481244,9196642236 1
2031,0197348612978 31578,214497023975 3,0004606922964143 293,39907136942537 797,7473643984334 359,5784339769318 351,85395462185846 78,4791729963636 5,427514020294785 0,5636978894795358 423,1804889548393 2,0012997805123445 479882,23723188497 1
2014,666540274721 31526,740237119895 2,990695314332212 263,5952754609776 761,1503996068733 358,3711086380977 344,3160631429936 80,49266942014783 5,41401196031836 0,5650761248874543 425,7131925892763 2,0061200080397183 484126,15428282 1
2027,274660341157 31469,133541764873 3,0075671241961555 261,68469972629873 763,8758679528751 361,6884810026039 348,32157264929566 80,97495268453739 5,402669505089035 0,5692335190609275 424,8669316845241 1,9976199798105603 479982,01704099786 1
2028,8341809480764 31757,10991037791 2,9840859138698077 274,38954663422635 767,0190099976472 361,9169368575227 345,1340883503283 80,29320295959204 5,443249282623072 0,5725573242476657 425,2643972891162 1,9827216900260056 481449,72212644684 1
2049,9090965795954 31419,052557589064 2,9828938064398276 274,8925274052831 779,1442657120554 355,51390297985495 355,05973873474574 79,28973360582731 5,44569223743195 0,5750871213540488 425,1770438758466 1,9969827290855409 479341,3848715855 1
2020,6610805670514 31348,64582787513 3,0101528685714785 272,97552076786326 788,179817459065 356,6425626865565 357,1713732151094 78,8980435184081 5,457998761548249 0,5733554623949711 424,46296161172563 1,9822098112666269 484180,3996632445 1
2027,399682022216 31364,461101055593 2,984517018420984 269,58126877219223 767,26837379699 368,3031087074881 350,112225592855 80,16207369095174 5,401675391336556 0,5834798983326757 428,19337107798106 1,9826512014371367 479443,87094514957 1
2030,4705943663696 31399,315151852486 3,00409743436648 268,41569279529875 769,2672467832729 365,63617320838745 352,1560545482343 79,99852029827117 5,44943914292558 0,5841199171104244 427,91305289023535 1,9942806474317603 481152,90865195123 1
2035,7406203565236 31685,08752832747 2,988306071016246 257,1996495636493 763,2888836750077 364,774106714656 356,7892041202129 81,1217612466532 5,38165321766908 0,5830371863553694 426,35158007166166 1,9851305914507782 485114,2546665859 1
2043,8139599769593 31644,076444617924 3,0026289533439647 254,62915099767613 765,0591758917808 368,89448141204736 353,2355625062654 81,06156212391596 5,394327906968691 0,5932572193337982 426,67742500177985 2,0007081727367275 481742,35959018697 1
2050,542011012351 31723,633199956115 3,023316728850766 269,9193036942994 767,2856865310393 369,0175488711711 353,0285895039233 79,20512957349261 5,395410178162733 0,5879377318258967 427,79525340400323 2,006624862862966 482177,88004847785 1
2052,5763712405683 31807,09112423379 2,9986956996561895 266,5020872177297 771,7804875918565 371,41227996606926 350,78271393413337 79,92114421081287 5,43829971629776 0,5976374011102739 426,5805582432146 2,005204533345374 476755,27687906777 1
2049,606963976431 31574,541367858106 3,012896188845595 264,37856177739104 768,5841787083951 365,0679278061528 352,7483382147089 79,3954383442031 5,399733092346993 0,5956618566237178 428,11524882110587 1,9929482756471915 483237,1492576911 1
2054,9620636791747 31622,159850825814 3,011224314029302 269,43691121813055 770,4539460860193 361,39340299439544 356,39644577087086 79,99125557353308 5,403121138073732 0,6010061553268404 430,8314386638477 1,9818083583791568 479266,37836847693 1
2046,624392043012 31382,96668540786 3,0134794349050122 265,0834698316585 774,7253905315642 364,7003962905918 354,28953748303854 80,30259022614003 5,384158244666679 0,5943264612005077 428,99860378461426 1,9987224726913717 479580,8238779631 1
2049,267579713886 31788,512824434158 2,998534895204763 277,3485224604562 778,3373884363024 358,1161668030495 356,08182076421485 79,12897119332219 5,425886959745148 0,596856216569586 426,2238174607423 1,997364582925672 482182,6645166832 1
2042,0433788923644 31473,041449578755 2,982896408675315 275,2626008033479 778,7549718899111 358,3410286329793 356,0094636767996 79,66520393968715 5,357524661609679 0,6005352377891324 430,5817460767075 2,004141541294983 481086,68596504343 1
2056,0436359283317 31651,103278300423 3,0370730145812646 240,39507307429426 764,0210500031571 361,64387535064725 365,2596688185804 81,13549921615125 5,432873807774192 0,6035126474876602 435,2868056396255 1,994377294191695 477219,9313091811 1
2064,776167032162 31721,396948352405 3,012890502866645 241,2726307897651 766,8488152719999 364,14993723426284 363,65472417670634 80,98680898306816 5,402373238427508 0,6031178432714759 431,903686159834 1,9892432442378556 477979,12649833673 1
2027,9469316959915 31546,96655190946 2,999280752378476 270,3273082114141 778,0528763180844 355,72594694289745 355,6160116159627 80,29828045800966 5,422111333011585 0,6014977577875305 434,14549229178783 2,010149224203856 477462,2995810217 1
2054,1837584569 31508,96282129714 3,0100118717068285 272,7191282658612 771,1716270667207 354,6232445424057 353,89139687505576 79,19446838772932 5,437613052883812 0,6105761802363029 440,37624406320595 2,014207274493305 482968,9879098081 1
2067,473160489292 31638,34389806988 3,0013826953059755 253,69481125877363 775,138724154957 355,5324394388209 356,7899445380539 79,66592958668231 5,368107757480659 0,6027776176805162 439,017598982796 2,0093697866073073 477704,9761890806 1
2044,0862463803135 31657,916347057046 2,999001437098081 253,76688709352322 751,5248045698623 370,1832873171135 354,0039845507897 80,65338313549873 5,411976047449243 0,6048971251637753 444,568391962953 1,9888112842116465 478251,9263184807 1
2038,5097749840422 32037,591989128203 3,012766891914575 252,74708510352912 755,9104625028579 376,2976170229215 353,0713199549691 82,12504783364517 5,43083777631298 0,6043332002956432 445,4595468399084 1,9978978009208475 478759,4062210819 1
2061,4722171582484 31493,73200056219 2,989058353039551 269,4227743235161 771,8089982109449 358,79856016105214 360,14804739829486 79,63938611470053 5,4069850844861085 0,6059160432154311 445,80337695441693 1,9989290945561295 480409,3594445928 1
2064,87364360045 31467,300947623964 2,9826986231893513 273,07620721830904 767,0749882514531 361,0145644356675 354,7019609729494 79,6563371000871 5,438392537857944 0,6091938481463162 446,3236282357604 1,9930205608529752 476884,6846535735 1
2053,5214702680955 31608,906456935867 2,9874026666842997 275,9269834678283 769,5462079388069 354,90431542720364 361,3373520624024 80,58746220973201 5,364731194807417 0,6104053107464728 447,5850756278677 1,9917389414498843 476068,7919412011 1
2038,6554703910595 31528,453111400595 3,0142188744016343 276,88001091491213 773,5543096805364 357,32640304107326 361,3595728921277 80,22750532477018 5,398127323994865 0,6106943932121955 442,47322903000736 2,010369607959695 482068,07648170687 1
2059,419436363101 31451,282206763477 3,0108359405752676 272,81029810977077 775,8988488465849 362,2731299206398 367,39615629916955 79,70287677016634 5,4423497496517435 0,6095582089869857 449,58118577627056 2,0037142518339532 483897,9176088084 1
2047,0274325754497 31541,96885746407 3,0106965058602393 272,19492807672225 771,016940260217 365,0288200432251 363,64211534089367 80,73489691601836 5,4190533364876465 0,6109059178453954 453,45097402306254 2,0058843810111404 479204,3890051065 1
2043,4176966768534 31630,670558997117 2,9973995332644066 278,47565135885833 785,2951487794626 364,9213909541299 362,88689457351 79,52283663437055 5,42126810550589 0,6099025442904198 454,3627163076327 1,9951953966958145 476608,7321001313 1
2045,4420086291163 31400,78400891807 2,9938237346870493 279,0754988019631 779,7885018441825 366,4742994174347 352,06799130184794 79,48151842140044 5,446265115212383 0,6063806132577924 452,29353600745026 1,9995559630033937 474071,19801070687 1
2048,0844218777193 31484,75284864414 2,9628840580503715 280,8067942413808 782,123151663254 368,62035303257517 353,59822188338796 79,28281099548319 5,337467305677433 0,6108857227427071 455,4528849365324 1,9999887887184442 477288,9134001173 1
2057,9554123460816 31492,172815746544 2,9901243894117187 284,1024236497768 789,9050215008408 360,17329255657296 359,91924813833197 78,78498979347417 5,430442734519754 0,6114882096825298 451,191293890036 2,002331527716643 483066,6477230739 1
2048,8991715871525 31879,083251715707 3,0103849076314972 282,63576473866055 790,0939276394911 359,76906934196177 359,65541237000247 79,12087080348495 5,431727702384131 0,6083203357151199 460,93063007508147 2,001397340537518 480813,4287395967 1
2044,6368802310271 31784,814481330293 3,0089955610544896 273,98536961201563 779,1051711607237 355,532926553798 357,28838452292774 79,77721232355579 5,3825750053230355 0,6133306213700319 456,9288552924142 1,9981609429680842 478396,92572333524 1
2043,6424206541797 31446,809019642762 3,0152643210817986 274,8039853619699 781,0981071271614 356,43356359272553 354,353384005643 79,98117351557178 5,439104636967213 0,6091145943959986 460,12231910218344 2,00394940472659 474844,9775729257 1
2075,9081268461196 31494,933498202066 3,0173494613712695 253,73486290204025 749,5967398917217 359,97482662491024 360,53866321960214 81,1601242838352 5,335109445273411 0,608188124914808 457,8921130395437 2,0009439395591606 479571,45398172084 1
2024,8942231819171 31638,675213706934 2,980284841577363 253,19729614168517 751,2496344312723 357,88017073302035 362,2275694361147 82,01292593767799 5,439702236912717 0,6038050962245787 454,6932040042114 1,9918874920624638 480519,7730313863 1
2050,7620106782433 31528,468889963227 2,985891434884576 272,0559852025005 755,8104204685752 360,46362598112944 363,1448295714561 81,59619443599422 5,443748997312776 0,6057485919891911 458,617275946204 1,997250203596943 475005,7955554177 1
2052,547770674815 31657,82912147242 3,003390368320119 272,52160210446243 775,9689596755463 367,8617800053094 354,589942565006 79,76504987964078 5,467189213665668 0,6081277945125929 458,9335504536019 2,008954495151844 478104,66127509216 1
2038,2034622648418 31605,616242836022 3,020682498201549 271,57579421850215 777,5317949692693 367,23216751244826 355,24908566459453 80,59965460840074 5,401388148474973 0,610145341915051 462,5166468298067 2,0179334071516006 473080,8991359924 1
2027,9884148758047 31734,970338622894 2,978057874333154 271,2421586198626 774,9646819968743 358,34501992014293 360,2163755805793 79,4799202953947 5,396647255031262 0,6003283119887445 468,8464651755992 2,0084141925526993 474775,5052389152 1
2061,9830696412964 31663,499274217684 2,984055109853912 271,0447285456661 770,78557047576 361,5029138556534 359,86301174851934 79,54870029373346 5,392837183502991 0,6113509228211005 467,82627350885764 2,0109844406183357 476317,86988334137 1
2050,68059890874 31851,79333394067 2,9828872728269715 239,8471512392687 754,6661052889639 354,94185549551554 363,98039243049965 81,41357982416683 5,377561565744934 0,6101478131027579 466,3331859517989 2,0113236521951863 472898,5723984066 1
2047,1656204959927 31508,649241228002 2,9669846733902174 240,77379847664196 752,0059324058755 356,77766958321155 363,44836895773886 80,41025797993566 5,384990553766816 0,6068020162845662 464,0004266043359 1,994431920059285 471604,20173866546 1
2043,920834838931 31580,823002214085 2,9834466726441304 254,69535186914382 756,5370455957054 366,33529994431245 367,08153800274965 80,85761458079044 5,470946068403913 0,6027141512526824 467,06001776900325 2,0196791574683073 473434,32767112035 1
2048,175607175836 31628,520748062947 3,007048344889446 255,37453910670456 751,2447783143789 366,4793549329534 365,0016467327635 82,17437440265928 5,4640459573989455 0,6084046217356305 469,3798960002716 2,0037563777350247 472148,329232256 1
2042,0214216533166 31418,494180422742 2,9796582155961504 295,1420045933139 756,3220673765826 366,2752274105937 364,92197944010286 81,34614938987292 5,420506485933731 0,6078911464562601 465,1461674129352 2,0038896086445197 475575,5333827022 1
2035,2406732906 31404,09645635304 3,004015083866867 297,9637362522549 799,0022889813293 366,4370866445981 356,3910252468815 77,79540849485656 5,414063070165725 0,6061262600273905 471,33936680923887 2,024485051229781 475372,21045056224 1
2058,4710737991745 31763,991197148527 2,9957858806449087 294,8458090942399 793,9182305999115 363,83557445108517 357,34030124695755 78,58627412290811 5,3830858733066504 0,6110739636979111 468,9018320248489 1,9959134625586938 474839,34300341894 1
2052,375115385633 31733,153440192316 3,003878926940952 241,51901285490786 746,3126721992584 367,0298978368017 367,2119252582647 82,38631698495203 5,406661889983778 0,6138685367081983 471,30072163441884 1,9864534980853479 474870,1752491014 1
2057,177706191843 31544,36515000551 2,9924877965454257 244,15535823979488 735,417516645767 367,042021633777 371,60941574182675 81,80477525288484 5,422121405819372 0,6097184056298239 470,3092387214959 1,9958631911549294 472253,04817841854 1
2048,2929573902475 31468,519975189054 3,000188334772674 240,08340555044506 790,887852183165 365,9468041896505 363,9642061474467 78,31551304600022 5,41342940957068 0,6104915134550465 470,3015135560136 1,989332978055572 472553,33089457493 1
2048,0195954476753 31718,11197565318 3,0184715096238808 239,15989812499757 788,8855421598391 366,2199727747121 361,3199500949777 78,81151202821792 5,410445579532618 0,6097130784166879 470,7476266920839 1,9901873898875015 479364,249351445 1
2071,8316237357276 31799,257752594967 2,9965088995221456 260,49738222743235 760,3141026919241 354,01932163091874 359,91020090900025 81,45005941454296 5,368112761486394 0,6072936636762202 476,00051088128805 2,002235578212794 472698,4135252269 1
2068,5924807939314 31779,566531765584 3,0026310485020806 262,28833335307985 759,876631747367 352,96539385682655 358,0722587141117 80,41020841682733 5,4098482842049505 0,6074362203061566 479,9094752887212 2,006849185222417 475170,81352225895 1
2046,2124826901493 31465,33483472986 2,9960433174761643 265,9325079501977 762,0733229079052 354,8315951837186 358,16334830391713 80,44793753600634 5,443131453947141 0,6089041028544303 469,2992650221057 2,0161856546859287 479140,75388084183 1
2054,9645365778274 31749,93934039423 2,97263581141133 266,0976819146886 770,5202094148336 360,1499691591761 362,38738180366914 79,14975105624777 5,419440069295835 0,6151084458160506 472,59005795425384 1,9799942777214907 479316,0242528454 1
2053,0423189387243 31556,631698583635 3,00440758022254 267,1793391501858 776,0587594416655 360,37889633149763 364,24337949450563 80,45569918008638 5,377262260905777 0,6060767445736628 477,3626611197194 1,9768855534798029 467116,6752158915 1
2059,4769418884607 31421,52782987659 3,0002088477962943 286,9120370351361 784,7766521721405 370,1308027278773 361,04472621912026 78,2921882849607 5,404569613560678 0,6048635431423149 473,5465374920037 1,9989636038833405 472140,2538966402 1
2065,9843450157146 31956,679647132645 3,0071451106509937 289,48955037098307 790,2713742986102 364,9407307459394 356,55115861391886 78,352403395143 5,435782590371136 0,6070335605235897 475,64076147429495 1,992612574641032 474857,20890762436 1
2060,498299900877 31764,245717476086 3,0128771953857103 284,9275773151893 795,3527642442281 366,832167633406 355,16442768487354 79,14741860754617 5,357114322928564 0,6108233924417134 477,30493300271405 1,9944625492678267 474127,32750086946 1
2060,158503616334 31730,207579644448 3,0299764328227523 285,86244718041786 792,7971205675378 366,676754944353 359,3885524215901 78,57223463175363 5,4062816748257925 0,6042027461942736 474,803197998014 2,005153992922515 470861,47467562114 1
2048,357476948586 31340,19947971998 3,008776558613374 269,9406778815668 771,2146927283371 354,34267744805834 366,4957750197914 80,21735791609981 5,375941282034516 0,6081973210673078 470,5948408701626 1,9965910624074013 475174,89360956574 1
2061,859065140395 31701,033608268302 3,0015786827554445 270,38665257144385 773,25993436869 353,3536244331715 366,0344502520289 79,33514097168867 5,44650290302589 0,6073236456357283 479,85012686730516 2,0019484014015356 472825,23811213195 1
2050,7566800135646 31356,066828309504 2,9954860727316204 270,7773263462231 767,7652714661845 358,1943226594336 362,2217261489465 80,18453311026586 5,40754277487717 0,5990998342734338 476,4613938227617 1,9971905071396936 474564,9257396122 1
2051,2913608001377 31523,534075181284 2,9816565691475097 273,4297996414909 778,9296571226589 366,4376975014853 358,82711197099206 79,44934313253383 5,414093023017848 0,6106740414167875 478,4789031634632 2,0140661174296772 472738,2924857757 1
2055,26410855493 31567,46809278212 2,9979082756839146 274,5774686976062 774,0143415920301 363,622007923288 359,5358652353566 79,75949165099716 5,382027336245123 0,605182531105925 480,99726755421244 1,9975342005040502 477212,15965068963 1
2045,7100036098486 31463,979843420253 3,0165734975759895 285,92507542810336 791,8640350925382 361,38643945731394 365,8257729312781 78,20060616502607 5,40821240318053 0,6057683780820786 478,0446741736666 1,992427589561251 476460,2983297854 1
2039,134413849714 31718,020424006336 3,0080018450959463 284,7996177021703 784,3813133299697 362,84434430753794 366,15105861959677 78,08570066345354 5,475837142185454 0,5997971106782324 482,05665693004073 1,9936157184027417 472036,35590581846 1
2046,1945452471596 31600,496900735612 2,9673625443132314 316,5154991914397 809,8318211006983 347,87990637526747 356,89162912577285 76,03890753419527 5,377984005910622 0,6096014660593102 482,51541149025127 2,0175054559084815 471881,66157922946 1
2073,585511271509 31306,456679560455 2,9986047124201947 318,2886662529768 805,1467655720277 350,27516495866195 356,8895268114836 76,27265896683853 5,427808043562309 0,6108956645201843 479,6658199937844 1,9969588474303217 472039,74205213675 1
2059,6627344738895 31666,036400327168 2,9858652608925875 257,0063017924809 764,686357332508 358,75909308953874 368,2250080235839 81,17735877929167 5,441758376108762 0,6042063604226557 484,18742574721443 2,0149125933111596 469382,4056873153 1
2052,926795978758 31491,63533994148 2,99123774567226 257,99053732049583 751,0618234073537 356,5524850902367 366,7948714192999 81,32273732983083 5,422751177751123 0,6065078989639477 477,81862745963394 1,990435654148706 472997,5305366722 1
2045,3320816611254 31418,77734222753 3,027031114287289 267,840489884344 763,6553265328573 357,31955166701124 366,07225460897445 81,05113986996292 5,426441062205253 0,6045344253878321 475,6275478356211 2,008748846789617 471416,7812511141 1
2048,184767224417 31791,131278671197 2,9935204730815794 265,22835608814455 771,3180835934904 353,0437520942359 367,37875536346513 79,9686200267811 5,4550941213389015 0,5977314742202516 479,69013900100833 2,007254834498407 465488,95281218877 1
2058,8311329440985 31860,50451498617 3,026655459690703 265,381758144687 768,0140768316392 353,15224697694873 367,7402292835753 80,69925826009677 5,399741427095809 0,6058443709768524 476,6059290867257 2,0085160047345347 472506,1013515374 1
2063,2610494496284 31759,255877694843 3,0026950844612292 269,14269254427614 771,9673501638898 369,70631302798813 364,72655389432106 81,66908948111683 5,425753429407521 0,6044586921150547 480,42953239098006 2,0163598436309313 472570,70255839074 1
2077,9207735716996 31291,057320293858 2,99201558372533 270,5072508219112 764,4181512820662 368,53834915766447 362,83325522900685 81,7115465760678 5,442699875395424 0,6075308338651978 481,2130124680368 1,9907957032376895 471173,6523706845 1
2052,4892299322896 31427,400757568215 3,040124266780713 254,88135361240566 758,3966063375422 365,6583585554144 353,7565475192398 80,24357248359483 5,412409527397268 0,6050434439202587 479,44266467910006 1,9922675550445759 470981,297912375 1
2074,768742105559 31140,39085875484 3,008161889426713 255,34016144191963 757,6474110925801 360,8846220396681 354,5237106167651 80,6701906259054 5,398574275725335 0,6025462883422759 481,6472105489839 1,9916815726983652 469550,4205373373 1
2061,8177089462915 31757,262104485235 3,000707509357036 269,7368314999314 772,8608264782135 353,99092623949946 355,0403373371855 80,04996393749951 5,436166029225141 0,6027277289847651 479,6720049187541 1,9986376823388348 468741,7802254996 1
2070,968707068314 31587,304772209012 2,9902563669552573 271,90111229501167 769,9721980395545 358,65187647660224 357,12505058545787 80,50789060631587 5,389572768396336 0,6001679251307248 486,1590390189428 1,9767452405963237 470699,30889586353 1
2058,0225024101073 31261,56504167856 2,9762984309491456 270,4912647793761 772,2571596670733 355,9337332950717 352,73660435050084 80,0901425043514 5,366516403736688 0,5989483110105741 481,17086659739147 2,0086348146729645 468740,99815858353 1
2060,7534145041805 31395,685722396953 2,9951001358860054 267,22456492957497 772,6869903763175 362,51176985544885 357,23484073472594 79,35142485838686 5,433619965206485 0,6050880652148377 480,8415835342824 1,9962278746552344 473275,5838140104 1
2067,224793913814 31293,976054321643 3,0001797386732303 270,843782942827 772,3884259934918 361,2128585189534 353,6592976663634 80,4085970797147 5,446015879992664 0,6087151861124317 486,29990903292065 1,997796455686648 475772,2339966698 1
2045,9692585406046 31726,623883444572 3,0044102625999765 253,22387787586456 791,5675566267716 350,4682893672504 345,67743593254335 78,12065388007133 5,429484539499674 0,6044291141150772 483,35011209816645 1,980056144646419 474208,7671763629 1
2044,9504611557463 31426,814252056985 2,992359724200794 251,8395464379936 788,1287076509392 345,61837421045044 350,66627973123343 79,29940528739968 5,369795544660833 0,609215204033801 482,924622160366 2,0074399456460363 469388,0102476607 1
2044,3298561232355 31940,16674922886 2,9984178015223524 265,1678638534786 762,5898517703778 354,66508995961317 362,2438873319458 79,5445370144672 5,463559516486633 0,6071361985398538 484,02865399924474 2,001886541016167 472632,9872612151 1
2058,551828347799 31723,005103621104 2,990840344435216 265,5320079895969 772,4064804552049 355,31736976636614 366,2328637386395 80,81709303630443 5,389698124359216 0,6052387982979593 484,9605195879498 2,007176107806305 466807,67600506207 1
2068,2213734774014 31861,301400866265 2,9839232722454168 245,93157072235456 749,4510989300095 365,54325367334 360,05256092712403 80,97441867102445 5,350796035142659 0,6074463719804888 478,14469805478643 1,9859096022611853 468048,692837998 1
2048,9004587295076 31447,93970966818 3,0022682333312782 249,0892887207175 748,6089056992796 362,3973591315407 356,6714129559678 81,72892289111618 5,343644170229859 0,6111831359856862 479,23908869983006 1,9933605357049464 468534,6037061959 1
2063,429691942354 31783,512108205345 2,991880768122219 247,3726512362738 746,1870646645 368,5229848925478 356,0709338881855 81,63935817563647 5,408376681218693 0,60652866291634 483,82403686192987 2,008034636878395 469761,8695295164 1
2066,791800749178 31656,904833948352 2,990346451358203 247,7615136993441 751,0790716832627 345,11584837807277 357,41863783209027 81,16103751130343 5,457250621326798 0,60663765517911 486,5186774508658 2,008042972147214 466097,76956738846 1
2047,8453680369607 31357,044038091066 2,9809480236392485 248,76176103405948 750,5022253698334 347,282087549705 358,8164149407854 81,91632126877032 5,431000009781194 0,6092470870283658 483,9848953585336 1,9892051478770516 463907,49422624503 1
