Co2(scd40) raw_signla(sgp40) aiq(ens160) tvoc(ens160) eco2(ens160) rs1(ens160) rs3(ens160) rs4(ens160) rmox(zmod4410) tvoc(zmod4410) eco2(zmod4410) iaq(zmod4410) resistencia(bme688) Aire/muestra
1159,0033141946437 31812,94327654295 2,9881877928843457 568,0585537792957 889,907884482018 263,3390896046025 141,93951549602048 64,70327401743235 5,434177282388292 0,7205987974460004 416,18589086962965 2,978533595999942 468420,0250590417 1
1155,597298214226 31850,25877038003 2,9861933321578724 490,2021137688581 861,5913297298662 252,97818688152006 136,4643957371909 68,02786623726308 5,422253637414977 0,7194711648931985 416,0451092855267 2,9918659084977053 466245,31533657154 1
1162,9745223674688 31575,066244849222 2,99819371587361 490,00678983550483 862,5758465128042 252,43556430528028 136,02284121176243 67,60322599061132 5,45797227378179 0,7474114331369202 416,72850509255966 2,9760845750804243 471946,5484287462 1
1162,5472313196149 32126,91963004792 2,9931147661277784 473,0302926145104 862,8930756254313 251,9340320816065 137,57736150858176 68,12390591932976 5,439716342531738 0,7499273749149065 412,7588218130193 2,992247726441647 465006,5982409666 1
1164,0303839534458 31768,606413011083 3,013304376641422 470,7174492067098 857,1388444326931 251,0687667858988 134,90012733086897 68,4124140434899 5,456032578086167 0,7688389803061234 411,4472309424533 2,991223898157602 465630,8486161779 1
1159,8139565542617 31993,066454139334 2,9836988382235923 476,6743597608695 857,1934157573397 251,5377124492397 134,95213390952713 68,9909435711037 5,4283535848568665 0,774749345650825 415,6548928213004 2,99327830145963 458937,8181167044 1
1162,8932871686147 32166,274950545496 2,973789958604453 423,0401492973337 845,2817554567656 244,93584581205113 134,9369972198696 70,91356464274867 5,481959844349246 0,7688773923697402 414,24823958588564 2,9876892594708497 464528,93544804654 1
1166,6194081765216 32197,079359934505 3,0141086865226407 419,99522904011064 843,5740250064578 248,35375871135113 136,10260569154207 71,86560707753704 5,3710790550356995 0,7931304725313327 416,7314969198615 2,9893831212952806 468868,6079165697 1
1156,8599106530685 31840,184867509517 3,0050013105213313 387,68891735221376 823,8336169410148 245,75254873696622 142,28351168090245 72,95676685122415 5,481224872308902 0,801968245024665 417,4207533959989 3,0146322484864907 461217,05476091837 1
1164,7039209116047 31975,050500453628 2,9892808891931586 386,9331350776653 835,5081305714939 246,35837536430788 140,85442002553754 73,62937021374864 5,406864479870607 0,8147002812686603 415,3261832945328 3,0089769196506424 460337,4077696874 1
1169,9560031540987 31760,60068274306 2,9983160818463306 371,3653036968783 822,1510544243049 248,11085836125156 142,1670652896977 74,6165083542352 5,417517158666744 0,8118785364707028 414,25364899906225 2,9736659913199674 459315,51009879436 1
1161,5484562602865 32076,63370993378 3,0146433086976425 374,1543851611755 834,7844812816004 248,31857852035046 143,51787704817644 74,53035468441519 5,432108589729663 0,8331014707152999 419,31945738691667 3,0153562703809076 460250,62225221464 1
1165,5421806860704 31953,171446473993 3,012890810173279 330,75142523909363 825,4047384719007 249,29455536122612 142,59217443323672 74,28902914064291 5,44534420101493 0,8382363841670827 421,4667629419671 2,9969384786654203 464902,6093627876 1
1158,6448206055052 32002,57990307431 2,98190754479433 330,7384512697548 810,9322045315881 249,39479514583806 146,90388400161032 77,49284247988133 5,405838304746327 0,8465988478141586 420,2570512650308 3,002192870602846 463425,803121177 1
1143,1735515696764 32036,449921406183 2,9953451678558976 329,1617877278873 809,1486611927043 245,89885164228076 146,86379510285963 76,88342128801479 5,444638274952628 0,8554345190717185 419,47538015313086 3,00809896085027 456787,032592248 1
1160,2825608656908 32055,258514383593 3,015354342083927 301,91343921920924 798,1733223132507 251,62136741082523 152,4671377408486 79,74128554302429 5,449296274664985 0,8569167772656141 422,0500106875352 2,982882076014052 459932,9746436135 1
1156,1887520300825 31629,81961682153 3,0166568267930582 299,0782499883029 806,2814848855023 250,78591791716636 153,7785803540669 78,47411493393274 5,42543473134008 0,8585626814929137 426,31790501554724 3,006091958532795 459310,90996033314 1
1146,5403239053871 32001,822876152266 3,007595753432218 297,46438202230877 799,8663403572384 257,19888266378166 158,37651087289356 78,85347693312993 5,482335473280241 0,8479897439663687 422,77273108699904 2,990701655721158 459177,1027957338 1
1155,7906744497104 31784,9940557387 3,018298166559327 298,3305438975149 803,0513188580995 257,4966727899874 157,34601584951233 79,40056052400817 5,440488297863571 0,8751458973583828 422,57797260564695 3,009252052880175 464862,8033461439 1
1153,7986464104222 31885,855016287664 3,002762589804533 262,6493453768914 759,2575860330622 256,0857560900736 161,96255150644558 81,8761742790744 5,449035197761138 0,8832581910770648 424,6459188498481 3,029132846874135 462246,43109850166 1
1161,4762901100057 32208,764366560776 2,978700700280985 264,48073160420074 764,194056856877 254,67370352937854 161,37778169543492 81,6158393558009 5,463833230413907 0,8810025248622532 425,4272963563861 3,0124190959193857 465869,7914002068 1
1162,304393072043 32105,57337469023 2,9963284206966243 271,74866526173867 769,8811862934743 256,21225785153376 162,7286841214252 83,10176027528028 5,411581735049347 0,8867968265135612 427,74612548178675 3,016811761646932 455257,55635821266 1
1164,2922146414592 32197,240074910864 3,021836739034503 272,3819083384138 773,0380299013794 260,23386716508037 164,87770963210792 81,32420923277863 5,430788618353431 0,8972609373361009 430,16442708489836 3,003064172224266 456546,96670471894 1
1154,725480523098 32354,871099119693 2,978184783997145 271,94478971228136 772,1978362640027 259,3684504039497 166,0958538227911 81,02531871305223 5,428218615973341 0,8977349291781085 432,9165613605526 2,9879570184386255 457890,3501985882 1
1165,3559229184507 32116,40994213103 3,0087909436175164 246,80679408899326 770,4768605465607 260,8015343730605 170,85958050139283 81,41120028213976 5,4664771614968135 0,8974991571033816 433,3600363356623 2,998217509023333 464206,47915509064 1
1147,254452990224 31583,27822232015 2,976939314121541 243,69521037701182 767,4865732997016 261,82810180109203 172,149041815131 81,355873347785 5,433578275942362 0,9039593186641219 435,30113277230606 2,994934810244703 461682,41349973105 1
1163,4554773315958 31842,3473552525 3,007429756009559 263,7652059209713 771,0071512245272 261,4471271619211 176,7321112825299 81,71594494421566 5,407571274263546 0,895940373818927 431,7803150451204 3,016453574351438 458916,0674549132 1
1149,9854506576285 31802,9866852473 3,0067003951148035 262,60447679911886 768,2557154292384 260,83921373797625 176,87115506630715 81,598663407543 5,411676740077359 0,9045956508324483 435,6361369420852 2,9850228666391776 454870,79189180327 1
1155,0801228875025 31960,379448692303 3,008657036569236 224,1825852290279 727,5312532709333 258,64142888551663 178,2200233702026 85,26321941876942 5,472897915826192 0,9081593790493994 433,99518201816534 3,0026359753470686 457642,1857933899 1
1154,1870552428359 32068,494464767726 2,987914638527803 222,43502575538346 720,2976607738312 260,4124626894374 176,59126910773503 84,63730810878563 5,39979689829968 0,9150753345907775 436,1684815309276 3,0016241747459524 459559,2097617863 1
1154,6336286106964 31796,79206206708 3,0011588653419405 220,37528147493802 724,0270612231743 260,04500321975286 175,33612618261986 85,82867355393505 5,4185169035992695 0,9148373610999281 434,65289120492343 3,0120771071154575 457229,2819679368 1
1154,34908451992 32005,88397601866 3,0071915873860844 219,71061952716752 715,186103060415 271,3426023724264 177,95138157279686 86,08480247428432 5,476027297430436 0,9213642541598984 440,6420555285639 3,012141765129045 459604,5884444922 1
1165,774288970891 31524,629232663443 2,9819170832663704 220,09140262996215 715,0792686782578 271,53076621428744 180,40505919712828 85,7488342749251 5,465460368371053 0,9217143954320359 438,0550355474085 2,963144109637515 455975,20130886877 1
1158,032900929188 31832,63952852668 3,001220684255145 223,02889903358428 722,1799842983563 265,174142676333 184,8488982233253 84,60684570136732 5,44260993685036 0,9216403754692073 441,40118243015576 2,98567073534445 454690,48875313887 1
1158,1216964466591 32152,60581368799 2,9952217634888445 220,3699910632619 724,2084619295357 265,88647228337913 186,4394376151199 84,76709921977294 5,422285314371028 0,9281397009763329 439,90273901253283 2,991979467636164 460580,51098452235 1
1155,3687030635062 31959,48229946582 2,973920579162958 223,9919429842267 726,1902687460097 263,44771123892974 189,58031307484643 84,98643203164379 5,479973128083946 0,923338671112037 443,7554600798457 2,9809237674935853 455570,19091121753 1
1162,8318464732258 31711,269592058197 3,0111782564827276 225,98272120449417 730,2385220145552 262,8388736755851 187,9681518754037 84,78109028850537 5,4113009559162 0,9250724581393748 446,269249716987 3,032469855846481 460817,6037596676 1
1161,1599060131691 31915,49521695661 1,9965137188656528 214,59975493046866 708,7828937192867 264,1470301525891 189,14053141378676 86,2699122597561 5,46316227492055 0,933548626171702 447,31153462721824 2,9799506265899924 459377,8286329807 1
1148,564414940949 31928,68418538899 1,985334100330819 213,66936275278022 710,2193717686088 264,81145005950384 190,91683259524564 85,92354907627413 5,461710729530398 0,9319094975838382 448,169192111802 2,9805036425840328 454666,44954352465 1
1161,3795166098562 32161,91656226305 2,0005528800172354 198,97952633368106 715,2173104648338 262,19859368399705 191,89600721564233 86,51278564424435 5,438143365291574 0,934129768787287 445,66992303393175 2,9929268552055714 458677,95845738245 1
1141,8017840356777 31851,02910861974 2,0008567210678745 197,51663878969626 687,6790128210531 260,91417720728197 194,39618549630896 87,64613557543969 5,407217530555985 0,9340332554433945 452,8759123173947 2,9989860655035185 459955,33163405943 1
1157,0694473205 31982,16043270358 2,000928042200603 197,5955483610733 687,9588812559225 263,1987283788177 195,21526186987356 87,35722560306546 5,4634120814025895 0,9314224040927122 452,71026769110915 3,013071434266476 461902,89268394763 1
1157,0831002214209 31919,178210353744 2,004041427677344 216,8368205269744 723,5302348182681 261,3824274386956 198,86090343827286 85,2252266685621 5,411006191434026 0,9319230036612237 448,35919943267476 2,9808826104219035 460536,03107838606 1
1151,8895427144143 31895,362819088583 2,0047945886642524 218,88140054856044 738,4330642016424 263,6387353818585 196,7052084111469 85,1077748825185 5,458004117277326 0,9259613336553214 455,0065353409939 2,988929694917925 468763,9957762739 1
1146,9736610385576 32159,030273878907 2,0040195888013823 214,19055330789774 713,1797943777648 268,87899262520045 195,11054084053927 86,98282282049769 5,442322100098022 0,9332850834240389 453,3434157558874 2,9923326822516287 465586,59779639926 1
1153,7006030927023 32014,937490636443 2,0058617019809066 213,61055520660142 714,9617254912922 268,1550793171358 196,39512166350573 86,18727104496456 5,5099958366692645 0,9328252446673644 458,878687875482 2,993165278763965 457141,0425034012 1
1170,3638996285326 32030,84874013641 2,0039372285617794 209,54669094854398 700,9562148014676 270,2215130059773 197,70632468731807 86,72958670460892 5,448518407038071 0,937583791015551 452,67019587772336 2,995411719001008 462527,57180941815 1
1149,0374128538535 31745,06626356047 2,002498166380407 208,53745173856476 707,5474175203472 269,53620730758763 196,3741987113353 86,87521233993152 5,468597292207765 0,9360067165824877 457,67952106092935 2,993752578531672 461032,87060367124 1
1160,3851058450266 32096,865908812248 2,002368249217997 218,28228421666392 705,7081483578864 267,237988607989 199,23905211675645 86,22617321700973 5,46432792065192 0,9452677715463658 458,94620635112324 3,0009893516839172 461165,6199022724 1
1144,1431973161607 31808,92401887071 1,9971433915287926 219,19195725696332 713,2587322137512 270,8181735050779 198,14817027110735 86,41191051424171 5,448228601389551 0,9310942587606517 459,1666016751909 3,0006001911548283 457285,978837708 1
1147,9537752358606 32007,523227370064 2,023686910006093 217,78849772352194 721,4258469338477 271,82486378687776 196,49189865432658 86,04835256159936 5,466459302120047 0,9418282925642791 457,64914365364956 2,9951195210549812 453383,1728533898 1
1160,5761186170532 31859,331530243977 1,9928978741796588 195,27376602364035 701,498728596602 264,06398282100065 202,65571706766528 86,3660100842379 5,41600260023435 0,9434140680665061 459,4805183499795 3,0113024975857385 454329,77949637105 1
1160,6474623957863 32116,616539618804 2,012081418544525 194,37347076692686 702,4005654666058 266,1182478713885 204,26553750266982 87,19330850360276 5,441921737286515 0,9319910242463294 460,0217014213583 3,006377899518654 454383,7719105958 1
1149,815093259599 31970,55456627754 1,9947961071635987 194,13855660362498 683,1183508227923 267,04771013103334 202,52912879358226 87,86894759159313 5,448446632522674 0,9461921226403524 462,6421985369216 2,987034806145444 453258,93601162574 1
1156,799871409109 32094,969545225027 2,009760184835426 193,86490311895784 685,0850919722213 265,92102273658185 199,3330727085977 88,21837506254924 5,422143717053571 0,9480130382169205 463,84280265349827 3,003198289721861 456269,90869300655 1
1144,9958590509207 31715,304497213252 2,001113698803805 219,49419880972653 718,0920738149979 268,89978529974417 208,19543033980602 85,86735056104794 5,429225668590826 0,9470085364339249 464,4795942123367 3,009244227653876 455349,7158172816 1
1154,1736993114082 32076,289815048367 1,980017817848463 218,8169451140677 720,2024140115414 269,7595956159687 207,85680115345482 85,04636111741681 5,431945416592897 0,9454442455700867 467,1202557809802 3,0317235828314715 455901,89024654264 1
1157,6899779420435 31867,035990178574 2,0127371430381156 199,55168240279696 714,30158335971 268,7714583893223 207,82963593104338 85,28352314334197 5,476330525334939 0,9477447114032886 462,33212966852307 3,017377510650288 457065,33292246517 1
1150,2167120828472 31583,394811736012 2,006703659594909 196,84479296300967 690,488489931354 271,5712746474485 204,95676046334404 88,60676714735911 5,413366606067643 0,9386279720957078 463,76488054253485 3,0038472610038065 459695,06685923977 1
1149,9384718983792 32048,90830942303 2,0029024183550743 196,74449231108443 693,4586437903404 270,70874699815676 202,48847316030694 87,75683098598672 5,465297028678722 0,9462709179647801 468,01026400628854 2,9798331889935286 459769,3863363249 1
1148,3939894582845 31744,54659351096 2,012187555670328 201,5755494717359 691,9643421336896 270,6700313579076 205,39732102961642 88,40430384479224 5,4049396954375375 0,937695172633269 464,2921095711709 2,992298052767084 457337,1123113404 1
1145,0360570642408 32034,39107412818 1,9964523161230103 201,90576534168304 696,8091540428034 270,75375806625414 205,81673557802532 87,17775525855092 5,483774693059397 0,9448468001294936 467,7683633904754 3,007025111364036 451750,0521977799 1
1150,4573014642083 31950,186424724834 2,0154376492659813 197,22139159865682 682,6454010793 277,5293583972215 208,06059687702194 87,51991070568238 5,430705344047053 0,9392556302664328 468,38952923169404 2,985507574901037 458792,0295043868 1
1151,7291224334494 31751,733373363826 1,9955554232990957 195,43261064720912 687,2530270769553 277,91669004716124 209,36902986256678 87,82782878696297 5,438122871420992 0,9448451718260277 467,85133338746084 2,999375708440102 460266,1919563905 1
1155,5804348908162 32072,13263263243 2,0051606113494396 194,02774511223498 682,1351053894572 268,15883534308733 211,16233348054237 88,7318105005134 5,458460535316832 0,9410034898390335 473,84006252218364 2,9974102022149474 460162,24983547477 1
1145,5412008758533 31999,140087338856 2,016411915356204 194,53855037065782 684,6480113805229 269,051446777619 212,63248616037103 88,04975695937196 5,445905400182368 0,9440167751932967 470,71400382205894 2,981339340076741 456372,4818649715 1
1148,2645188240544 32157,154367164563 2,013355404009547 199,35894699034668 682,408633550163 269,0858930641456 211,2237674264573 88,61506799927828 5,446308662040179 0,9457726622994344 471,0239851751653 3,0145769064045735 455577,17566235014 1
1155,505589884225 31867,118117319176 2,015406775281262 197,73362741983897 689,266925079487 271,6650076634054 211,9729759413684 88,31587521789803 5,480329569197304 0,9454733121327746 472,0269494802707 2,9904528009334066 454648,02958485 1
1142,2151657236916 31683,227788917993 1,9876963870895803 197,03717940583155 685,7901499588803 271,5781779522803 208,74580062280023 88,67852037657146 5,51031900856831 0,9470015690810301 471,59117358907724 3,0011777541349653 462064,5650446847 1
1153,0682241737431 31997,27856018772 2,0208838542400973 202,9106910928487 688,0459819324451 274,3298976278159 210,69074894175577 87,38400358638388 5,436229888131237 0,9448101225989037 475,75567532689945 3,0039262135741494 463851,1464450313 1
1151,101416882203 31845,50766148672 1,9980387709041403 204,32390879032565 698,0494235414998 278,72901031870265 211,64318235906512 87,40810944701511 5,416191724826553 0,9489971560447601 473,5571754898139 2,996553114037264 457910,491092132 1
1156,1140884428255 32003,24243038652 2,0056766317409753 172,37828850419646 656,872985199648 269,6666399251941 213,44530220855071 90,69105024697727 5,437260879885609 0,9484656882964871 474,31131514190065 3,0173498213323744 456355,4528880666 1
1156,0108482617693 31817,310538109534 2,010709107213939 172,55590088055234 660,169675134528 270,57553377338934 212,2113492299221 91,03081406485533 5,4279815980645125 0,9432125026588762 475,7180541885006 3,0127455712049374 460908,1532559243 1
1155,2888491119254 32179,63712655624 1,9997687549016478 197,94904177117522 694,3598383580025 274,392690251459 211,43470354212715 87,86734610918509 5,467645590994379 0,9400005630326281 472,3656140614182 2,9916233659797395 457770,81566399604 1
1145,8175850694624 31993,49760363784 1,9998127224074604 195,77101170967822 687,9500906391767 274,81492574407457 210,42041877229732 87,65453146616593 5,486226493808194 0,9465472325173231 473,4759313473939 3,0019521060186047 461964,6517541352 1
1146,9964211996355 31759,401363093337 2,0015010940479305 207,24546057073712 692,6834199141172 275,53430796478585 211,2287427994447 87,92130926063909 5,444537614604759 0,9370896301081707 476,29307677510633 2,981258885061649 462346,4617965196 1
1145,4862131144503 32027,609758939823 2,0098056563449194 207,26021790495756 659,4779155711026 268,076497746409 210,91783966109062 89,823769432036 5,404556570432251 0,9362261348557213 478,68258696759744 2,9824453088713154 456792,4709534412 1
1150,893507320088 31633,24024360917 2,0141544533767615 204,90352071049034 660,8863659583308 270,60737792448157 213,68013808698024 89,98986012009593 5,440312234233139 0,9433174529350953 478,8193269965709 3,003073207206543 453612,6650825898 1
1151,512474060713 31803,457007007302 2,0022265327013553 196,77555419565394 693,7731712929541 278,8323535374083 209,97769908313938 86,94567615745886 5,440236913076413 0,9446664711673688 476,2876490758206 2,996505854142616 451602,7299093502 1
1147,5665309521721 31850,51280272393 1,995733580424896 200,08529149024832 684,6147847337031 280,60824235402464 211,6274015645992 87,58046014856296 5,422242881394954 0,9380652156934739 478,92914277641387 2,99330691324304 459108,0255169479 1
1149,8792575265823 32059,84002074325 2,010152235333918 201,3043288776798 693,725015845643 273,9055418481532 214,7999326781827 87,34792351377378 5,394910825819829 0,940261229794174 476,360651166607 3,0137600529283484 461461,3417573868 1
1153,9409202222819 32051,198269510656 2,0057237366427527 199,83830285073986 692,2436475609209 276,84044711591855 216,6887165336494 87,75671596704075 5,403253159158527 0,9419396747186383 483,09822187938687 3,0241270114335213 455694,5090668081 1
1144,3655424842336 31903,477531374254 1,9982488463566743 170,27367105344618 659,4334627761783 274,58567508466155 214,78003730570003 91,18909508829046 5,429942496981241 0,9529362210273494 483,65480062877623 3,0039802132997053 454891,46606434934 1
1142,2125405282325 31886,39735344535 1,9913749030816783 170,91330148784516 655,4127343292615 276,648536323424 212,63002308326872 90,39657085678193 5,444254201035804 0,937148979298437 479,8164193437994 2,979977682192609 453335,1745166053 1
1147,1584990339968 31613,17415773919 1,994783859562288 190,70648940172424 652,4597914210411 275,9269224369029 214,0629391264929 90,65508797169593 5,452797116210394 0,935934914650701 474,5060144158011 3,004377895472451 456209,466261703 1
1146,439789496391 31860,668896420746 2,0004139440380784 191,28730606251972 655,9734048137163 276,4227164272168 220,74679817795942 91,44705409867933 5,482232303096677 0,9493936870565569 484,78321469135403 3,012767092256222 462106,67985409684 1
1142,4914990410525 32062,618181101014 2,0023742310660353 191,99533774486204 657,5127367947025 273,615114936228 218,3743097899772 91,42734995741355 5,409140747272037 0,949302319085768 480,5064415056746 3,0257587424252534 456392,7812583432 1
1147,5150545889119 31940,300393161906 2,012952119444518 191,22518748428467 681,6723743827289 281,4728487838214 220,27197541544342 87,79596531562777 5,426602101191138 0,943126538566996 480,6944965810128 2,977246838787229 455776,5144165678 1
1159,3972035011486 31853,782809615797 2,0051139290962507 190,25703352072378 677,8605113540898 280,5656082561895 220,768797921848 89,21480241346406 5,430276353549256 0,947622239891749 477,298330256376 2,9873725233061363 454440,13865111145 1
1139,6553158518614 31773,650061471646 2,0116030917048318 186,15883488509107 671,759624134292 275,0847115413668 213,40761457305817 88,20725866154781 5,4158410985452585 0,9464685364641944 480,4940185745773 3,002541984189271 455495,97720878053 1
1148,4356637649664 32038,494591729544 1,9957243280800345 184,711332385054 678,3660397539683 274,5137352416986 212,98108364622425 89,63714289493886 5,4567293947234425 0,9456291044931431 480,728372071728 2,987604266660099 462280,8857577678 1
1136,902207729431 32046,92351755277 1,9986273052869477 192,67991794847836 691,5277636563898 272,1044419662503 215,48591183445228 88,35702591018544 5,502534446755362 0,9403952606214758 480,3724671137474 2,9736399495651353 458479,60832984827 1
1146,834678629416 31851,427212564355 1,9926280811537667 194,52470305985463 680,3040816407095 270,25871119933174 217,35513852391568 87,84903786702297 5,419185795990136 0,9423612861737964 480,0342529586199 3,016514042384401 461374,7712980205 1
1142,2152215065119 32033,827634133675 1,9989805146401638 195,89760090341008 681,3417184986098 271,5236157046014 218,12413123418767 88,20715383278772 5,429989111400971 0,941212751066743 477,7306913441602 3,0091135517307857 454403,3569983622 1
1132,1822066590948 32028,655079275624 1,998660105357382 196,33145712053636 666,5862559908784 276,2357792948089 218,5208196987277 89,05491353807474 5,4243113591110355 0,9466523835330738 483,70281388763055 3,010568035254053 451793,53391881334 1
1143,841152276824 31856,320206927714 1,9987784357583984 199,13660888644984 671,1018678913508 275,1862456597049 217,77697316097795 89,08890220903214 5,489266804863028 0,939171050933154 484,1533036761106 2,993581109694037 455765,77225483273 1
1133,1375260935258 32023,081277317022 2,0047574205356797 199,63723922013244 694,8139260489909 272,91808945018926 216,71845529283394 87,92113514058707 5,484585191703958 0,9436831224359925 484,2682319136114 3,0042598606396487 454700,8688447118 1
1136,9499467221033 31873,475126704703 1,997672179442585 197,78111527644432 696,613232111809 271,61527698394605 215,06177489486205 87,19134775271542 5,433837503573332 0,9458759900027456 479,97318391696194 3,000292589529651 456725,2969664397 1
1131,7686764390812 31828,116298853547 2,007664670703231 169,37986872759765 657,2657468340219 275,08768536048393 215,2987654688037 90,930282103445 5,454116114715505 0,9470953325618372 476,9317305551282 3,0084376217405193 453025,6530946798 1
1142,638771368388 31698,892717414605 2,0004069123183794 168,84519197972472 652,0960409087849 277,8424717866589 215,3291484191763 90,72355246926728 5,435649764636413 0,9459569247465626 482,96311351147665 2,9878633888745036 457281,337532043 1
