Co2(scd40) raw_signla(sgp40) aiq(ens160) tvoc(ens160) eco2(ens160) rs1(ens160) rs3(ens160) rs4(ens160) rmox(zmod4410) tvoc(zmod4410) eco2(zmod4410) iaq(zmod4410) resistencia(bme688) Aire/muestra
800,5947258496541 32230,226519858297 1,9949527431193639 73,21211669158043 505,3970868123056 447,0441313618429 455,8607569665895 103,51132298684067 5,404735551535613 0,44459304427619245 417,49638833952156 1,9966639973154647 578027,8436905508 1
801,3667301026353 32275,814853930784 2,0087820557720004 66,75275975919635 491,34004641342426 452,6650169908375 452,964805184902 105,0144109017258 5,475581352392043 0,4460125092751935 417,2867792066357 1,9947092015651937 578264,6787287452 1
800,4852963156034 32343,846451375775 2,005889529603703 65,94431574029086 485,6862862203797 452,54545070465963 450,02702683712835 105,80109493937752 5,427945713024865 0,4678211933873802 415,1153964411538 2,000171876808618 571947,6031774728 1
809,0076789525988 32509,53283232861 0,9953547746854472 57,40576331707642 490,1456294531648 452,3771376742429 450,14155380554206 106,16370399803301 5,432321412994708 0,46410056513559667 420,232182170721 2,0107321293404596 575151,6591605166 1
794,8241836903592 32256,739873320337 1,0032022260137525 56,70196866762956 466,98655372190143 460,65680288782704 458,6311649950358 108,34580834935724 5,425011253397151 0,4883737003231117 418,6453609792126 2,002384999412563 578435,7579276074 1
799,8393843354412 32250,260164204126 1,0055849296907613 56,371487098754535 470,4839973065552 457,95897182688304 456,32561368286076 107,50304634613327 5,41811741201757 0,48300057638780175 420,1385308682675 2,009889609801183 568893,0862330219 1
798,8886773633881 32301,278939362062 1,0067621650968968 55,203381031384254 471,3743075244487 461,59491150580766 459,1397996265034 107,3252926258464 5,48144739794972 0,4870929754896113 422,230304500652 2,0108733882940824 575834,085084522 1
804,3010172890656 32559,494912691523 0,9995456878789135 55,88539381321492 472,5754816704626 461,8666050179836 461,50864959179626 108,17091092934535 5,43303806170297 0,5059290188208828 430,6914885020811 1,9994262519954518 569517,1298499369 1
803,2302432620397 32373,625651865106 0,9962279444144928 51,97938359461149 479,01723653067927 458,7798357780882 455,8935851644777 106,96200899873372 5,458767824061 0,49877563542003767 423,8232108486272 1,999354557819257 568215,1506283144 1
794,3131735627063 32585,103242788176 1,0010256070677332 51,8539522117798 472,01819010076235 460,04264106087345 458,0208850501423 107,09916684809322 5,41710872668526 0,5149030496347339 425,32773380502505 1,9965164033887581 574352,0031587688 1
807,0818003998769 32230,265438443843 2,006605762193908 61,13317368126337 484,04848132149147 465,7707420193503 457,8815400742913 106,03244975998338 5,422754925581509 0,5191268967047755 430,61845577735437 1,9970513677320798 576085,2044010314 1
804,6175587593855 32502,524616435312 1,9854721162044136 61,79043996598082 482,5282673732145 469,94268183612894 455,21301032582335 105,38188448387584 5,448978068535683 0,5346838964207908 436,63620249226636 1,9928930551882298 572583,4994260906 1
803,3501203183096 32266,19130437386 1,0027098346397236 48,83911476980167 480,1134029845293 465,05194872780453 458,5749174481023 106,96003927119142 5,455430374897956 0,5322198059614832 435,7734008157482 2,005888508935645 573879,8288755509 1
802,2748184185167 32297,816440226543 0,9914991997734878 49,218011102306406 450,59985438930147 469,46473650975315 459,5774892868318 108,8856445021461 5,411282075068751 0,540324533362312 433,2904692199 2,005599663753744 569081,9048204268 1
794,8772316707419 32314,77353540566 0,9981230102612222 48,688366600440084 453,02389352595276 464,69346703191815 457,10969030455476 109,69187440101217 5,409908720350976 0,5414738897623105 437,6574239560073 1,9872460397693197 574467,1478205929 1
805,532816178846 32433,499635439468 1,0017318103333055 34,24557454810083 419,88529890337924 448,9254858929077 466,00112851485943 112,76360265363824 5,423641876576484 0,5424586646074834 437,7845907248586 2,0142006355661377 578074,3848298097 1
805,3697532468013 32415,04745311012 0,9980005112399012 34,16545100633779 421,20870808491964 449,8246704882128 469,90941043959697 113,42142069366422 5,409468916408561 0,5500062733090758 442,7462901030313 1,9978935267622198 573268,0614504414 1
803,8764531311086 32392,767285616967 1,991844238404709 67,98813353728002 487,6455848454562 459,5080671731051 473,3216199386915 106,52419322634441 5,431282514102382 0,5531131104130645 442,8339911693498 1,9890498586024223 563041,7262431573 1
801,3253480134681 32455,76235700345 1,9944374256556738 68,38452937833986 484,2149867424337 457,66063974258225 471,8347767188731 105,26911342346182 5,42563158797178 0,5612009458477427 443,2318105465827 2,0294480499840954 574939,8651183624 1
800,7321797200375 32543,920228047915 0,9997395989805271 62,57677078010928 484,9696401052919 457,72620759733525 469,57816689786046 106,53991216906249 5,38767219377033 0,5620768960951555 444,8028875418017 1,9852503315336305 572142,2711943663 1
801,4777635588176 32206,47572305387 0,9945080962275072 62,91086855979469 483,5740800633984 458,84965168407825 466,8074197074134 106,05144223231747 5,443230747208753 0,5728561394913608 451,3111918896535 2,0012024950428304 567779,5424752163 1
806,6613109809649 32597,001774709915 1,0085540043099352 61,741757215116294 483,27124812821967 454,5439029805404 470,80708168775413 106,96757158974788 5,445071229105524 0,5699669458636233 450,52275623530664 1,991016405389102 570801,0983466823 1
809,8006248484704 32095,36927879729 0,9986860939618727 61,84548288735046 477,18348425832755 455,90432718672315 463,18867523998034 106,43122875146685 5,444021034010156 0,5779406124001562 456,0989582116129 1,9910987026440519 569934,2736409949 1
808,4239054809541 32702,058956594217 0,9968858545284269 62,14840979724374 480,09525867151234 452,43231144516375 464,72458388558397 106,71734292292298 5,392201959418009 0,5818423989037791 454,7631438908826 2,0053314320492297 571428,5351634723 1
805,8297447510532 32362,04991462509 2,010266115957847 70,49660646052192 496,40829154897995 448,9255069890613 458,39049328782625 104,23587236230709 5,458365350003579 0,584185069083147 456,8647345310435 1,9918728386014393 569295,7998511031 1
805,6043483116622 32161,722920106306 2,0046183904936954 70,96691319210787 502,5868606677225 446,1697632370261 461,6529104852475 104,5652667666931 5,429685403835638 0,5899526323832951 457,9108373304072 1,9828631327925195 568854,1024807679 1
806,3140642501518 32534,87263285384 2,007239829135667 67,76320587827912 473,15915232552015 456,98657194993456 449,2279039995812 107,46577458272941 5,352879476358456 0,597874213875508 462,1641485808409 2,00865604301356 569014,8187577123 1
808,2587066686369 32303,59519568291 2,0003631566705793 68,40880918208555 475,2051180675353 459,7147492470425 450,07327653230533 107,12137159095131 5,429012248959013 0,599171909639507 461,6248630273509 1,9992278108782564 565872,9875997861 1
806,4538077187887 32261,803530394445 0,9876748943689254 63,72661748287998 482,0795249235063 446,9026241116918 441,01983571862917 107,01615879755869 5,5052269153829405 0,6074938519734047 464,16994806671664 1,9737788543536423 569360,7581831916 1
800,4374437844508 32374,484092723946 0,998662723118801 63,93013954642627 480,90825944681086 445,14806168726744 439,3544109428382 105,60947194652108 5,446574305015999 0,6180576680626032 463,0047627906627 1,9886466211721872 572590,9507341892 1
809,3323333006043 32396,22803369947 1,9828648647578384 70,1238098274331 482,20054957157714 444,5481569449042 440,425527213033 105,62030480359414 5,441154733647653 0,6154550603621434 470,4948246110328 2,0023403421211854 572599,7109089919 1
809,0648095992135 32301,702512878055 2,0151794735209005 69,76544400789567 495,75803914367947 442,7555908064947 443,01383831346453 104,97535406229527 5,47538014686194 0,6195431993866835 473,28382802029137 2,001402004694263 565635,7139058885 1
804,8125172099874 32450,08984322235 2,0085301067518957 70,31331987492604 490,8477921576085 438,7173531544444 446,09470443212183 104,5153750575416 5,489619081486268 0,6236944749582964 473,4226082811068 1,9891037528012276 567209,0101032507 1
804,6273031046063 32350,439699622933 1,0006351179057063 61,17915184685656 480,9394199196895 451,92152300717015 430,76441243448215 105,87673068956637 5,407247043459754 0,6283871674271874 467,20185342330024 2,0061756609012478 562353,1042736352 1
809,8166775377761 32209,072461370728 0,99976184709048 60,81426540357168 478,9597518540188 450,17980205669517 437,05521163805906 106,80529272126773 5,437314820081752 0,6353153284241577 476,49214387722714 1,9976452481732467 569516,4006838076 1
818,6463944897907 32598,082319961053 1,991721481495261 69,91463934557326 506,820675639676 445,0166820039848 437,6905450172629 103,75049896608787 5,4772815417324745 0,6329968175489321 473,3958071065414 1,975843966624741 567647,3524529625 1
805,2529777705305 32439,83764995107 2,0188869935306415 70,25708601616745 507,51210844464936 442,9382470481558 437,84269918049625 103,74300200886131 5,4280548876738575 0,6400018675060898 477,0380437125689 1,9929937569364324 558900,2358534528 1
811,6007692352837 32591,24805114137 2,0071754734922505 84,1313825352408 521,8413905051384 444,9157856965726 431,3102425228509 102,99094080581739 5,453926167219537 0,64070146571685 477,07386953095494 1,9811250505917246 563413,7995032645 1
812,0768280810396 32388,245599628845 1,9898005415580564 84,77057883783722 522,7116870444552 446,7937096335519 435,75964806886697 102,85077381385697 5,44610110088604 0,6458750220233658 481,7297819990781 2,9979953858708908 564001,4973139361 1
811,871111649002 32271,06325171031 1,9928456609721548 78,6166735223093 526,0581119832623 450,00427313349104 433,45918625327903 102,27646842692651 5,456949071481003 0,6473832816714786 478,4138587522525 2,9762937009748622 568806,3798987378 1
809,2575957783278 32344,982346326444 2,0062587121496764 78,63958285056194 513,3364768535022 449,4536458392427 432,8897149665812 103,23989226729556 5,385461969734529 0,6564827906628098 485,8835757788934 3,0209323857802786 567225,389307705 1
816,3302609038376 32239,80182605804 2,006526095106718 78,2711371183468 511,98572020411206 446,89707717871005 441,12350499137614 103,54262885601001 5,473107218560771 0,6579747857251065 484,53788529406233 2,992043622370193 567021,6728552113 1
808,3078803126751 32534,130250195867 2,002866844086035 65,66540876735186 479,38390211932267 441,07693839783855 428,6433253063045 105,06335574645074 5,382166774298942 0,6532418519678563 484,4519198908199 3,0105343010405576 564679,136663535 1
816,3059397225126 32154,61007756437 1,9879148476321187 64,75200848708874 488,5002713333243 437,1565780335107 432,2276258943385 105,27560954745431 5,438085724410856 0,6704550250174713 489,48555038829653 2,9749551804807557 567319,2738349771 1
815,2136001155169 32544,345244950262 1,99938422776845 76,17294664559573 501,67606616267204 445,5547634536164 426,79160760396337 103,37865165343527 5,427433873908194 0,6626629853243088 489,5062308266889 2,973543333557484 567124,9696196278 1
812,9503666275433 32457,695951784295 1,9850727641998953 76,77194770707558 509,1645670482122 446,8382461210683 428,1022262736922 104,42273278235307 5,456894126256072 0,6657963198894108 486,4105710197461 3,000136772076287 564158,5819132942 1
818,4885973588262 32549,072318962637 2,016245401852925 70,01121051696475 492,42885416507283 445,39840264651144 429,29927133233537 104,9262118505135 5,418730032276758 0,6722778950239144 496,0496722173233 3,02044698320848 564195,6008893962 1
816,7455434754118 32305,393346842273 1,9936819722318009 70,071256703599 491,4253624568386 444,98220906944147 431,142814903257 104,90762472617547 5,446041667156162 0,6745866556653433 501,9778752496991 3,0075992505359084 562172,3837915715 1
821,8135987213936 32216,91545979709 1,006926666709469 56,185379861160115 495,26348895201977 451,0970727262669 429,8682079580024 105,74444472896943 5,4226416264354995 0,6733860528227171 499,4057763850943 3,012415472780297 559572,6709803381 1
811,8064874666596 32298,923170580718 0,9957164261498898 55,97110070846525 470,8771170036763 442,48617397072854 444,68913676292715 108,12938171542072 5,40578438354099 0,6761340530648658 502,4610412702686 3,0270962915557202 556636,5021836815 1
820,2177302707107 32535,654527000355 0,9932733010078107 56,49125569903571 471,9642572576344 444,7226040744706 438,3829664176062 106,9275826633259 5,428965623155382 0,6760071679284669 505,7085456704493 2,9844318552638756 560908,8510297704 1
822,7919039635918 32595,461932186583 0,9952709053551636 61,98798263981297 476,92807783840794 445,04615667719855 439,4591291892225 106,49143128722363 5,4282562455054775 0,6769934735908231 498,0756065461585 3,0125676279552738 570270,9078345593 1
818,2760269667724 32551,177901255618 0,9962240670625968 61,79551851398903 477,79473060222256 445,7800955371413 435,4382871916875 106,11803544891222 5,4423429369749945 0,6847806196323554 503,32070455289477 2,9876236380155854 563625,259743401 1
821,3573588749605 32263,408300442185 1,9859557601760356 74,00261469114159 503,20595574527135 452,806628227696 437,0401536360795 104,10910199399741 5,409110304458895 0,6869166082038967 498,80199127225524 2,995888919760569 568171,3148976634 1
827,7657942540578 32350,752401994796 1,9982046130738962 73,98527255280894 502,14807538895235 452,6168143978873 439,46083812644673 104,55486222701848 5,469254033850812 0,6845334892824596 507,1905991124919 3,0154633961326045 564432,612300374 1
815,5608192893386 32110,97666606532 1,004732578884786 61,351094618986394 478,0610413752675 439,4988283667068 452,18401428978564 106,85288344972639 5,503018019465945 0,6735206239294658 503,37687243027915 2,9918438628367516 569992,4094614183 1
823,2041146906728 32518,486399405032 0,9964459900095564 60,775884873920326 474,7845376745553 444,0167488440207 448,13527738198064 106,94131355145305 5,4591014788225385 0,6895662237868093 508,98039963655657 3,0011061989516703 569528,8869978673 1
813,5107761062177 32083,65067642824 1,9937515905968435 67,7074934843221 481,20271324374977 442,2251108268599 451,97466622135966 107,55374771081465 5,443658267441501 0,6793008257624567 507,45450031016577 3,026714590840606 564931,3289273739 1
818,5888397343681 32509,846850310605 1,9989808712736354 67,19859935585437 495,89655724360256 436,90845119783216 444,84527003191596 105,32337145741727 5,42279813963487 0,6905117156290499 514,412215299012 2,9908889667356986 566320,1585618008 1
826,7044948601531 32482,26003480047 1,995325699448994 67,82097419376022 491,4480830960712 436,0547039087275 445,8465192606321 105,0529486507144 5,426557756215268 0,6906970605321361 515,2910092049473 2,9930047737580887 555963,0104523544 1
824,0707076114198 32256,593858826778 0,9934658659967094 57,95357889616746 473,30051805909693 436,3838833087545 443,40506362519966 103,89070453078367 5,4145181702800675 0,6816528613875059 512,2688732409769 3,0071484685498833 556499,6478521291 1
823,5388363147183 32115,6381199898 1,001599389042405 57,486812113210696 474,3930565365466 431,28278686256726 441,6050831975297 104,5581853024416 5,4435800520304864 0,6968532493456552 513,4059190264719 3,0253661964639003 557524,5772153299 1
828,8305530375538 32325,87051706853 1,9844338160094248 83,64410032939128 520,1801665279103 433,3715066603752 417,35702916830485 103,79180593440287 5,425139734682973 0,6926179513102506 512,7692057257934 3,022118843672046 563996,8777893387 1
826,3686789674712 32728,649263096268 2,012118571972031 83,83727198786897 520,0236281311903 441,0215041061237 418,1329526325062 102,27763973269569 5,42969237153243 0,6933258792222258 522,9944365457925 3,0054529968736325 560932,4162983564 1
821,3808290399265 32312,933358180187 2,0039554676719455 77,31062323795548 511,9258470381369 437,6644624623959 425,3364527492369 103,01350922945025 5,495664991080969 0,7009213174446987 517,6241405270316 2,982882974730073 556573,6182638325 1
825,9239758491101 32519,73468896789 2,011623408061028 76,76096550393198 502,7090011577982 437,6615591681917 421,644250256944 104,02778498996084 5,463000166668704 0,7078309145938663 515,961544454741 3,007400321831023 556640,8091875123 1
827,3569066758295 32510,0472125164 1,9914729310892056 78,72005350946993 506,29716086310816 434,91550844475427 426,65957650134146 103,59300110318296 5,422088655627101 0,7011481072206456 515,4188734093377 3,021050604737674 559342,5342121859 1
825,520541298612 32047,07728571889 2,023409785017821 78,89913884025988 514,5571550525556 431,6089018735379 425,13198586834807 103,93546829103137 5,434777380609094 0,7056775034197141 522,2310020744006 2,9964092955107287 559936,0733425732 1
830,634689470166 32367,703356261292 1,9825514338635573 77,94230117690864 513,0645124274453 433,5679955602017 424,58535408895744 103,14859973734046 5,426822176669581 0,7029415742102357 525,1079452600363 3,019275781861235 556402,6066045145 1
833,9067248262901 32118,43561250824 2,014375672009312 79,32158540789337 513,9846037448358 437,9475040802556 426,2708879244323 103,05495570041194 5,399422039189989 0,7066521857568527 524,230393114588 3,006101120181624 560676,1953398897 1
832,7533856182939 31951,99243636851 2,0020890841099788 79,14656558593484 513,1911078082475 434,2472731732984 424,2176617766783 102,80730502037434 5,415381166914207 0,7084734920109783 523,1905125177819 2,989382199679248 559965,1882210164 1
837,8087698843132 32098,88201590465 1,9884867196934897 78,19463012166189 509,0775082743209 431,2792826278864 433,79024502144523 103,36152764789804 5,43114316440039 0,7089447146687519 527,8740773689445 2,974389989824164 554622,5285350052 1
835,6522569119352 32331,71931846338 2,018325478113524 77,51315044964299 507,1740807217579 431,049691438547 430,4079509457252 104,14614272887505 5,475622805116651 0,713920278879564 524,6468116459685 3,0009885163689596 561090,7272116564 1
841,4166850530531 32253,09374388395 2,0159086939289033 85,02955495235128 524,2822155896034 445,53130842271776 430,6580558419714 102,31045307820027 5,419316863955701 0,7124896599793492 524,8328145292604 3,0078337200048884 558563,2533985778 1
839,7892231274772 32268,581319507997 2,0140085812768023 85,22827572842051 520,5393524881895 439,73903654883 426,2137222328569 101,60695618637858 5,476863664137752 0,7181810166478385 529,6976627867665 2,9795569483536113 561446,7137214226 1
854,8520799422957 32344,75686355634 2,0031747063870315 77,03629834731795 524,6536067183674 441,55300780749275 429,2526769121959 102,7778806607164 5,456225214860053 0,7144392655366963 525,9700889268128 2,985268163422554 558311,3285429213 1
858,5318694876148 32149,59135305765 1,978213088971991 76,77924468847482 508,45331164658086 440,2151039024976 426,27525581103737 103,71400543669576 5,421442333401325 0,7148684764234838 531,0680749535678 2,995696368272566 556941,3243901979 1
857,5625845183074 32372,87049107943 2,0049923557936427 77,06259579780624 507,9420838176005 437,91095051851335 426,5247603414744 103,51584259909896 5,513993741696929 0,7182701618642439 529,8422561898046 3,003914651438868 560004,4825189993 1
849,0527911549569 32092,520582928773 1,0035351991053596 64,53348487400874 505,39889894931605 439,6353563202356 435,14557507966134 105,69148281579501 5,455858340376982 0,7160915114501604 526,3838237996152 3,0257504137100377 559482,3182671118 1
864,8933709376801 32076,156228607008 1,002166271573199 63,713806887854844 504,54912036005277 440,5387321991534 437,6153188118444 104,28198147449667 5,439891643688239 0,7144307182318398 533,255580706013 2,989050311850103 555866,1878389583 1
857,1642249230271 32358,44753302645 1,9891527244420675 63,33085561267741 482,61046369150637 431,0910962916675 433,7982932633467 106,83374860705153 5,375756707706382 0,7124585656018005 533,3645116998676 3,020724049943281 555429,6560750202 1
861,967915927534 32446,82968688046 1,994041171036453 62,828511727179716 483,74524486374924 431,7828902139731 433,14225915968666 106,22782277072653 5,475346317339694 0,7213171897699693 535,9645814360412 2,9992344693725492 561333,0048906252 1
865,5265025377897 32107,635209216045 1,989621718566527 75,7028148836145 500,1744221151211 438,84808226179183 439,35856018699434 104,4562448061595 5,437015041146367 0,7175697639774367 530,4755515631182 3,013118597766968 563591,4657172211 1
868,5900351328073 32268,076211744756 1,9958662814318644 75,03440908247579 506,02993161249947 438,2717031054179 435,91439130221545 104,00317782714423 5,387222452960235 0,7170170556180304 538,1367687460181 2,993540009464703 556846,8102069168 1
868,7630468645917 32577,489721025187 2,0027033178618847 65,39246084832084 503,82343107351363 432,839930844118 436,1316875226189 104,30636617638491 5,419384773546279 0,7146389029286915 535,6305819961462 2,9730393084027007 557152,7307256585 1
871,5789377782486 32149,297298210826 2,002030154525584 65,3065494822997 482,3500335934815 436,88347663516504 440,13682877447735 106,28074228746844 5,438571464006655 0,7139974510157929 539,8834658976555 2,9855457850484206 557379,6493192464 1
874,4061812195231 32289,009217180123 2,0000006876326464 64,92206997923795 485,3796980737305 432,81807354788293 441,05088181247334 106,47100172935927 5,4285362146014835 0,718912072949308 539,4538772956786 3,0037371938681545 555931,6885136393 1
866,569267872783 32445,551288926996 2,0118898238399665 78,90773704745267 484,52165511089834 453,14314371022823 441,4284800721438 106,44200416179535 5,440046262175435 0,7239804160998803 535,0773460288353 2,9832251489081485 558772,9256016077 1
867,9794836881468 32318,31902102091 2,0148613038233365 78,0887126622145 483,8615792921438 450,42710093260894 438,3248687289558 105,89109100392041 5,434940547133254 0,7179113559620072 544,3317009654753 3,00463740026719 556954,1987789102 1
886,274625447269 32167,114420906753 1,9936331049880136 80,98381739770191 516,0873470908575 433,4378952739343 431,7721174008301 102,30886926978626 5,46164869617766 0,7152116137701172 538,1111267657266 2,9876100342420218 555005,4177064156 1
879,3140488446395 32357,087219358058 2,0053575751593 80,28436311812244 518,7706592768424 430,15731621153526 431,6967275161426 103,12359459067974 5,441644817191971 0,7181566847143347 534,6710620964743 2,9988384377418456 553936,110261804 1
887,0973487536401 32311,463619361235 1,0028328417519972 51,20675681080603 459,1273750823636 434,4945819067289 433,9957235424546 108,31355527794017 5,4083472408006275 0,7178752806307865 541,7484990027583 2,992110004807681 558559,648623474 1
885,7755069259846 32198,99383162478 0,9908720126061202 50,65090025322255 460,41861590749187 436,29310777371643 432,71009670805955 108,92931136825527 5,4476152863749965 0,7229943167695788 537,2668091578809 2,9978970560508897 552576,6794460273 1
891,7770921589448 32282,344340191197 1,9877570552001196 82,43210157788279 460,33604735837963 437,61820590161176 431,9227318178512 108,79072359007345 5,4809892608905 0,7250778505540892 543,7805158675022 2,9996360534832753 553611,4923107504 1
895,4362185768691 32487,706276120214 2,000045606510482 82,17236481630357 524,242747258206 432,5652670132372 429,5489171200264 102,60277178667266 5,46988234745616 0,7190501451887652 539,4657985466755 3,005313619234955 548288,6889949 1
893,3762305223088 32326,252788094655 2,012103049329763 82,07386193054954 519,3819832828262 438,5397841432238 432,6468693192369 102,81484287491281 5,411906437710851 0,7173635308965292 547,2519182544978 2,9897236819964346 555223,3868396374 1
893,7249678669617 32416,691662604466 1,9799484674650745 72,51949208640823 516,6478018883822 427,73450917920917 439,128868090192 103,00399396224192 5,460787182414409 0,7187464619318771 542,597295139982 3,002347243396038 549150,6366687238 1
887,2058965907391 32546,263974417696 1,9952628938462995 71,87386396717399 513,2182288316758 434,16953432015845 440,8786479562761 103,36921762135948 5,428437683195611 0,721693613618819 544,0802153487858 3,0041204826806567 551142,469959323 1
896,1325949808004 32060,953553804276 0,9926909786712456 62,33066906548725 484,8968218215846 429,1926122951199 424,1858107072431 105,80587443985019 5,414094203168868 0,713428732761564 544,7292153088856 3,0086479059235938 550625,0228620085 1
891,8416126859302 32295,533316419773 1,0002604994847277 62,729322064028544 481,1171413261036 431,7648361348558 425,80913686176694 106,41139148501044 5,459902923808813 0,7174121435058564 545,3376535699297 2,9850889423138356 551846,1150603113 1
