Co2(scd40) raw_signla(sgp40) aiq(ens160) tvoc(ens160) eco2(ens160) rs1(ens160) rs3(ens160) rs4(ens160) rmox(zmod4410) tvoc(zmod4410) eco2(zmod4410) iaq(zmod4410) resistencia(bme688) Aire/muestra
848,7026456129827 31454,70745897526 2,998189901124898 542,2328152071391 877,5195438379878 201,8263042221901 84,81003042712945 64,7422125401909 5,466756288465131 0,753145954085445 407,15204918250333 2,9896876564804558 440511,00848177547 1
851,4117708538247 31617,997327680107 2,973168896235249 535,1735429463758 872,302123170851 203,60077233045627 85,17761949539548 64,90591070361502 5,39340711022411 0,7537008912276175 401,34321750127236 2,9997579961231997 437326,2202853893 1
845,305115716808 31816,167895985716 3,003987800020604 557,4282765122871 884,0541945186916 191,50883982363786 77,29989386848806 64,68365483060666 5,421301241027926 0,7476100981873289 406,598354839823 2,999419226397997 438603,0915543802 1
842,450334842881 31969,279011688963 2,995870592941868 568,298489923703 887,3398770325977 191,21578992080123 77,92886124111688 64,54271550805775 5,488302985106949 0,8021424799895093 404,05626456319237 3,010052497909721 432702,2864129817 1
843,2494526400392 31607,05685691543 3,0058022146809726 561,6348908567853 884,8193221331394 182,0556258252946 74,24487667375202 64,7419278887134 5,454210375353526 0,8000850717704278 405,8204777054467 2,9921894703285403 429424,53276435426 1
845,2476272113989 32076,56238657953 2,999605209976799 567,1084138851355 892,1389003576375 181,83453304393663 74,5790286602906 64,06229265408936 5,453973444283366 0,8424352006958817 409,88203404763465 2,9654010464858587 425207,0064885549 1
850,0494845983508 31539,808119479734 3,0282372534409157 545,1418606652794 883,1519933574084 173,52575446524065 71,62599468284431 64,85898886810483 5,456031450831232 0,8360167595505132 407,07278270108463 2,975616794141092 422163,5144832783 1
850,4328309748624 31699,505018253858 2,9830532939366643 547,6876528031261 877,9711971445781 173,75746377984603 71,6527465931122 65,50221824698913 5,443258176675108 0,8715603036667101 409,58555172366584 3,0044062494445507 427880,15315598185 1
851,082163295765 31401,06355582902 3,012450152190649 528,894809608772 878,8851506107884 175,2029039440925 71,29838762178939 64,69364470481275 5,4246427055775515 0,8739541954470063 409,99640689977406 2,9909451282089847 423741,88306241704 1
851,526337197122 31634,836809889992 3,006448446046804 535,2837944116234 874,0294425774331 174,6456274416082 73,61323063629371 65,80380329928812 5,471588304983137 0,9160394779069037 415,46828153825686 2,995775090212157 423963,1104236264 1
842,8626257717868 31506,497988540756 2,977469998432236 526,6052896609827 878,4501063332825 175,16071661404354 73,44258202401001 65,94367975000236 5,4752008343175635 0,9112854360339561 414,23853709658994 2,9558162046194196 424456,75259434036 1
849,4683928610115 31530,968966710974 2,983598222067551 427,53410624575764 844,2005654673765 177,45270211515415 78,46511278955752 69,21176776785971 5,467350390982334 0,9198419403002654 412,3443396109749 2,9908819135772844 423229,33994735347 1
858,3419958798845 31629,831364881884 3,015148114827255 431,92839244348573 837,6681164485178 176,78576086196222 78,32978984065615 69,58187940569006 5,485316419738976 0,9361091804526567 417,9080373688905 3,006516542050642 419343,1079846933 1
850,6885272568501 31593,03161641989 3,0150758877988046 443,13945103407156 847,6907025767756 171,77478612861194 76,23138029569817 70,1964262803192 5,382959290926765 0,9458877761990991 414,9095256874775 3,015784872871075 420973,13161296793 1
866,409648282832 31633,848537559013 3,008049594896103 440,000837858061 853,2782866872178 173,36576446289232 76,32898003938202 69,70002202883792 5,478179485091705 0,9731791931825445 421,2862312886127 2,996766207619582 421261,64026365546 1
862,9440644415174 31239,286217277226 2,993121243633842 453,37628743803896 851,6287734808673 172,03944935729953 75,11914670088746 69,62016061013567 5,466559574162933 0,9651927156610837 416,1605480116619 2,97205571008411 417932,2264299407 1
854,164134215763 31521,087399268956 3,0026940552875274 449,2499677893196 846,9927798220955 169,64248081940818 75,42101532873502 69,64820583033683 5,446562119564401 1,0004373825739743 416,8818200845181 3,002963654131498 422485,8746343449 1
863,5960146484348 31515,00688578216 3,010397479851335 532,0593232999461 857,2811884133378 170,56513939906955 75,24158025038827 69,44155735262336 5,507790125427308 0,999083006620508 418,5132370947865 2,9741368883534243 420456,1472918759 1
853,1395358285336 31442,827232802676 3,00037177368458 533,4391157011507 873,015288614787 163,12504943607246 72,67440672385514 65,63831090639944 5,475141887792507 1,028160347421479 424,33088499410326 2,9964261480153125 418659,6969319278 1
853,2215765154339 31438,23624116041 2,9892583801625543 531,5124013620082 870,7727050447846 163,6352549856854 73,33032422681507 65,39637449594609 5,430801781932437 1,0247155277414657 419,5930556015617 2,989111969204783 416467,5388537708 1
867,5143690869269 31154,69194433002 3,0010476350309068 524,7740686397852 865,9681661380041 165,1732962003447 71,98993573561356 66,84403390875308 5,4498764138767255 1,023873053471599 418,959938018669 2,9709275170467015 416740,4057031761 1
865,8608458899186 31816,972976052155 2,997350907533686 529,8114731564559 869,973957857059 166,79053748715145 71,60396600983363 66,55718412708077 5,432982149748197 1,046651109081161 421,02915518929507 2,9958569756073112 413814,2517442406 1
876,534594965051 31336,388534316073 2,9977436377407667 517,9218038807462 875,2561637442276 155,8358415113027 69,92935856201606 65,78798885517509 5,430974585978776 1,0359632477384562 419,3964995900204 3,0060448385474237 413751,118785617 1
873,2917795664675 31228,81090203706 3,011696201535262 520,0657148216357 870,353770449255 156,90131209246331 69,8705091755309 65,93836141484705 5,456115215673315 1,0628033435859214 422,34041415246264 3,0057018822777346 412402,89653104916 1
883,2698955925085 31694,167604071517 3,007084038259542 483,097650605424 861,9914090791503 158,14073563591634 70,87345520654821 67,03581438547162 5,4502315647699024 1,0746024464313655 421,3191455369126 2,9836843292868633 409368,1346209282 1
880,1326744066847 31310,33409586605 3,001774400483485 486,95835121383175 860,4648664109553 159,43467016357653 70,55389577031633 67,23290467454025 5,430433968464897 1,0797386866908918 419,20238184556683 2,974251671172677 410701,63069442334 1
890,2326980423765 31407,776745884552 3,0066035944094494 464,9679660002473 857,6193223891908 159,13496772143517 70,49158848753669 67,63046601105722 5,4095634754402635 1,087083708191077 421,87698578559764 2,9986213430521853 411866,4681827779 1
886,4437158929738 31693,802103120397 2,996996184158586 470,1879755844052 852,3211308951671 159,86169718356308 71,91680858683652 68,66550752472084 5,493612652303973 1,1052132770267722 421,597729266706 2,9704167321143737 412710,01943657803 1
894,0591715984051 31232,474934392747 2,9834478300797462 462,0040723619991 853,4487912776609 158,0809696968274 71,77370354091809 68,15353858434527 5,503822078734491 1,1006288859206672 419,9380179663879 2,9641218873466495 409735,2794841602 1
894,4753037656793 31405,772531702518 3,0062942068679517 419,57164582843586 834,6237473518923 160,37483404450577 73,30437879378421 71,30101174342572 5,442398078555941 1,106871844696979 424,371580852545 2,9881397370616547 413168,1495323471 1
896,7062404454651 31488,89646828444 2,9726639316279284 420,43906233995637 831,3815933480881 158,6208741082807 73,08011458436881 71,12083955240816 5,44156400587237 1,1196672392963718 419,2456556805592 2,9992867397553087 410885,2253585675 1
909,1241804007705 31507,071102220452 3,0045722370447514 391,21696313360445 836,2113773986637 161,31036573730796 75,0351286015094 71,83700704494935 5,487429519627007 1,1157763926948832 422,80419707487147 2,9978766612921772 406587,57955686445 1
908,3833946712509 31480,177600390467 2,982655914307376 393,8455668291093 833,7817399020577 160,7785795052122 75,11919847801342 72,46443092981245 5,4505144183119 1,1316046529449275 422,0907910638942 3,020511890361679 411525,0218136659 1
916,2764258222965 31584,680161323693 3,0092707939643537 401,459561105789 832,4745065558104 162,60609224265195 77,1553473719916 71,81848957134942 5,499883804977455 1,1297097409067864 421,50869927859327 2,994762441602206 407513,6088561675 1
908,6923049462517 31253,498330120743 3,013318561041179 402,5149627006314 836,6081678039034 163,2136654891795 76,72921186610711 71,54484907163152 5,475994268346501 1,1445831797360715 421,7006542148843 2,987678486909824 410388,2592216348 1
920,8053874899603 31338,38334745063 3,0077640424047978 390,0293695094235 829,1254424881121 163,13313097982956 76,55984871815667 72,10005250075022 5,456165947736518 1,1351777834449208 422,2732772250121 3,003878145402882 407876,7958339827 1
917,4634378810382 31290,94186803979 2,971392453811342 394,8984534748906 827,5480643449708 160,18345613191946 76,79892527307761 72,36603048408118 5,489794794083086 1,147149614360725 423,54827975531595 3,017813657098017 406111,10509722424 1
921,4974861455565 31341,910535849547 2,998341022386678 390,0574380368175 835,866203269343 160,3822116089941 76,66314429406272 71,95892634584449 5,446574016385685 1,149641679292502 420,15228309761847 2,9779135317653926 407858,14033788524 1
924,9066515389447 31693,653959440624 2,9958594695672334 405,0368401556182 834,0675833557038 160,74266811201315 75,89030923813517 71,6794933652425 5,45973840011111 1,1505522014398122 420,8778552420152 3,0534194013196165 408641,62573856016 1
915,5458705396488 31381,447573394213 2,9713401367664085 403,30853008615645 847,4123693787653 163,19346981089686 75,78544142692081 72,06329484817567 5,450094762930449 1,152606709011607 421,7863306118972 2,9852149613192203 402037,06295634113 1
922,9992256974102 31414,430439431428 2,992673110917479 410,11890944098195 836,0691469293132 160,25893821561144 76,67765352235426 71,37950815999332 5,447731468438016 1,1620735293465632 421,8313097879757 2,983973218081427 404597,4751873382 1
916,5103576449466 31524,998277715153 3,0106075766579425 411,3405354335972 843,2025210612825 161,70584223746934 76,41270679470469 72,05858399384057 5,465209859879036 1,1743423289876973 420,8807073380345 2,997278683451234 407760,11312038446 1
922,2644379914851 31362,580916825496 3,000244981134336 463,0496195056297 860,7027659909294 150,60083285963935 72,61382693709575 68,56347427926745 5,4377098574331635 1,1716003745120125 422,592814109999 2,986562291282979 405768,7506860952 1
925,064496732338 31262,794416886078 2,980752521006515 467,0472737334968 857,9071521955038 152,77484865738307 71,63896062761461 68,61931927735975 5,457571283999067 1,185660898259216 426,3576481568739 2,9908689885022928 406968,3915494712 1
929,164080049806 31341,386735713677 3,039235340554456 483,6631190208216 852,5868533311502 152,43025042927025 71,59486101086647 68,42151488832704 5,488709238473953 1,180070540140882 421,6377621033736 3,0054939061069605 403096,9384629249 1
928,913907156886 31276,50389445761 2,995080526352713 475,0012647812679 859,794257489993 150,04048049405662 68,56960067195138 68,04741394770214 5,438896193602743 1,1947985412370714 420,4983843858437 2,9768318045798594 397891,24276955135 1
926,8378980145493 31568,51562847715 2,997874908795833 479,9515660383768 858,8288768698449 149,35368397229718 68,68739733967797 68,06591229605861 5,381229222079695 1,18503102858573 421,5974112310851 2,995953903788289 403316,72923565144 1
923,222361359427 31272,61538472837 2,9844787829477166 555,4344000492381 886,1934887638644 146,40464302551914 65,4922608075864 63,63751600675421 5,46056517302846 1,1849900832795142 418,46672576569136 3,0043727066004875 400762,6792388712 1
923,2289850951412 31600,423097605337 3,013905247153457 556,2221476121576 881,2776725594694 146,9067953942771 64,89963472521504 63,54463351672662 5,483906273475614 1,2059377021338005 421,01778046360045 3,014373723160344 397037,48098760005 1
924,6645383887428 31304,863062476496 3,0065774420364875 552,7904388928655 880,9296825187232 145,21445079134796 65,2191020011311 64,78422267938778 5,469655743610672 1,1959994223379553 421,2318827503819 3,024177298785861 398134,5285589553 1
934,9613443723144 31250,252512687013 2,986132696016589 551,3198901445095 882,6705036411191 143,56965397068197 65,41816150067496 65,13302748792674 5,4486738681842075 1,210227833585578 421,1461731130203 2,986397496003864 395693,4671023867 1
939,2398915937308 31071,973678429025 2,9896451302772027 559,9601751156187 886,8406926441172 143,69381951854064 64,47154006943441 64,15957013026343 5,4727890327274995 1,214619531334917 422,38494223172415 2,9975543854845177 396514,76629543176 1
938,2597170699722 31354,10116506525 3,000453858731097 557,6325729326024 887,4424988814284 143,89566668325955 63,840193985134235 63,964762051063104 5,4337025201642835 1,2239983698329269 420,6862674155961 3,0053230828395465 396676,21463026694 1
929,5472181841643 31152,03395301962 3,0054698160318356 488,77358542546335 882,253413006639 142,90054667372627 63,93626763325129 63,8742550756316 5,428732332371303 1,218500249672386 425,35330114410107 3,0223040849061023 398709,29599720484 1
931,5781441522647 31340,29693038375 2,9921178708462266 488,60766688217325 859,5545066341698 145,84614870890698 65,95913403920868 67,3664016591669 5,465086587229159 1,2260879414236359 424,4961429639329 2,989339861023273 399374,969057404 1
944,2225938194738 31414,97580952115 2,994395371748431 487,53413129977184 859,3398397108688 145,84957918543122 66,26711114776883 67,70923789258688 5,4609114111010975 1,2269296284632119 423,1574448646809 3,016556382763521 395020,52705979627 1
945,6876079160116 31576,137993291977 3,022840072281477 497,07693576262795 869,0373954262291 140,98265762226038 64,90308515526273 66,18898235443001 5,4097111822364905 1,224927467234485 420,18779896601154 2,98744904956604 394773,664787562 1
943,002380092616 31294,614151368558 3,0369695280797364 488,76902074981865 872,5581032349763 141,51770163448813 64,65282623793149 66,64632996260934 5,397180435914272 1,2364276664753744 423,1544428143812 3,0239436357433207 392720,15148739953 1
932,5477385108901 31283,987202104192 3,0002266478240793 543,8208148095102 880,627208658952 140,25459424723735 65,23870960965216 65,92231758278426 5,433844224310444 1,2373527471992483 423,6833329098893 3,0154783090081203 392875,8937686751 1
939,1781761929203 31163,746407313247 3,0172605927755676 540,083763137379 876,7535251781674 142,00288798594087 65,52396962337914 64,86578142852285 5,498906124752231 1,236463564210319 427,1433493410745 3,0035675062265184 392053,06113774236 1
944,5138789263549 31197,50314842683 2,9970592187469838 506,157898261431 868,4899619610653 140,37807348909354 64,90605867969225 66,51983156571346 5,464450109167902 1,2388874331260393 431,80473251798793 3,031898163253956 391173,7989469124 1
938,4620790715294 31514,420048702596 2,9935916283421053 504,24262848363776 868,8542737140783 140,4234564276713 65,18494070889572 66,78134351907573 5,444493574510577 1,2492334716211109 428,4772837050259 3,014874058740296 391192,3800750065 1
945,5495880290702 30932,13285066688 2,9904772352024116 482,4244124268793 866,9322270256076 139,96653393825753 65,64792391867354 66,53944904538385 5,466328992845993 1,2436925595160948 429,08751553954966 3,0047773001678015 389687,67783479224 1
938,7821884475085 31330,588978818625 2,99394938917605 479,62124437847575 859,596972161951 140,6961023836016 65,52516501260335 66,73076141420157 5,4738061376886025 1,2411661592161267 430,96696909938566 2,994238286151898 391698,1544379132 1
939,9916989695041 31095,525619470463 3,0193839872671058 483,1000874423802 861,8823898959422 141,68479913851314 65,90489503589062 67,76098471681448 5,423570980189913 1,2490995229591193 432,5925460113029 2,9850722545541424 395188,5094250784 1
948,5955056533613 31114,44615266218 3,0006365835523825 461,8838398929871 851,3540276948883 143,04496755825582 66,08516599865148 68,00315471113188 5,454121384380209 1,2417356652974259 434,8159568106382 3,0042235376591333 393347,3754300191 1
933,1041896002271 31324,998473958894 3,0062130193077965 460,0043017910592 854,8807720145772 142,68174364764877 65,97207046269227 68,34699135356453 5,446653141289195 1,2583822116099386 442,1307985263341 3,0072484653249996 389957,39627540065 1
944,0289353959117 31379,80111065437 2,98358959723865 435,8893384374357 849,0849867290052 141,19398697851932 69,12299617185474 69,8336926142536 5,438371592001233 1,2520165737458755 432,719018919308 2,9969601587736507 390761,77313965047 1
946,2628926101971 31252,85358774787 3,0065078663319715 435,7743904307293 840,7578167845639 141,77195151370444 69,11092540593862 69,57390260545522 5,470319704105773 1,2579705846076232 441,5190139757171 3,0135096600994853 386514,3805707169 1
950,896243956238 31216,969022470617 2,989645082968783 437,40701370837485 842,5562309179876 146,01875499125686 71,13312014337286 69,77456826626724 5,484161291679392 1,2618008787978463 443,0516537309668 2,9774225066934523 387613,5400901304 1
948,1648326728455 31185,540257210043 2,9991620801806795 435,34908500304533 843,8279433139547 146,87712093195444 70,43778933334849 69,62534514066569 5,4019306875126665 1,2653183436411113 444,31591347993435 2,997970706094273 386742,5611527394 1
955,3860978717906 31296,155766366846 3,0025959184863007 432,5429731938896 849,4024529670635 145,38786774283076 70,79545492680451 70,09358803865524 5,408823339326831 1,266617766060906 441,4482442013323 3,0175579658394387 390819,59772362496 1
947,2704707420303 30966,476030596514 3,0293578715542324 436,3889299247795 830,817849730412 147,1114795617273 71,16432739117194 72,10801313969539 5,4194176574587205 1,264020531939035 445,2428685368484 3,0075272237871093 387630,12491374323 1
951,8253006644078 31227,666851743405 3,0065747123224993 434,0136565835775 839,2872053678996 147,3264984142213 71,02759625522636 72,12032049899861 5,437313967942725 1,2566510607410428 448,09196682900733 2,9936375232653414 389095,8796172 1
951,9571180481994 31449,326736656196 2,9777029652416918 406,2288589151159 835,4811611971309 144,6735216957817 73,08679482019677 70,85205910069375 5,468610919324581 1,2623973797748083 443,45932282043265 2,9828521640858505 389347,6351885534 1
955,2674623137203 31088,37630603451 2,9850156713617926 408,1108959678746 839,2576195548644 146,0652080628451 73,53130441180373 71,8462687122255 5,480270453861186 1,2609930591806373 446,5211086465727 3,001750168292708 393368,340582287 1
948,531089312103 31072,299774822284 3,0029709135336575 367,8557563526813 819,7250710426287 145,6321404999393 74,58831641243412 73,49021034238663 5,476641337205144 1,264412889258981 447,4928746716873 3,0045616452548627 389631,3891508954 1
948,962137737356 31323,851640748133 3,0320772414785617 368,98243601098375 823,8408075454058 146,62938497705002 73,16542928225496 73,36122005150638 5,466717738239746 1,25907818452818 446,9691403349634 2,9998750947713986 388840,5700755276 1
953,6747419782788 31023,534957244527 3,012883663503331 380,1842789080705 821,502133675248 149,97621332097407 77,13823436318613 73,2664767493842 5,465086566827892 1,2714003276034895 449,20739655046145 2,9618650220334435 388982,3888429458 1
945,3278719960128 31450,237053878693 3,0117399414893695 377,02293063171743 824,1292178981331 151,61335197766203 77,24987822869417 73,46206993451052 5,4457677928518535 1,249083242756634 451,04650009633804 2,976853049854711 389912,62829980237 1
951,5880904950071 30908,583465985463 3,0004294992895444 306,31840878389374 832,2774526829024 149,4608948447938 77,3351432690133 72,81391017170564 5,4667657557521725 1,2539418040429604 454,9985576564907 3,0217087254330264 392644,61311114614 1
954,4432768568961 31055,90612944466 3,0147895821461965 307,1670353510889 815,3305195860985 150,00774221768984 78,15792273374223 75,0803866995641 5,479926459972971 1,2506214639876592 455,8012605532275 2,9906907594428613 390749,63041165867 1
959,5991956102047 30825,347207638446 3,018426512040505 308,85076856629297 822,1411257371333 149,9729520448881 78,57393285684 75,54430625510422 5,447652025898812 1,2438031498510373 454,53062776730644 2,9887620676211357 388796,6831365514 1
955,7065536397672 31367,09808167942 3,0313142697945983 307,29421422635625 806,5328032434177 151,91518176268931 78,59617160243387 77,91402877935228 5,467652421305849 1,2544050572344414 457,714435941464 3,0040050265996787 388245,1732256248 1
958,9278373678308 30943,767582923087 3,0171683881822657 306,36379882029155 806,8663240860409 151,734207871084 78,36536813962833 78,26335648040832 5,460768969690078 1,250554840976146 456,5044609748123 2,9899551951305217 388040,9868011092 1
966,053033781751 31197,3026435632 2,9838447593178343 358,4884626447136 825,7883090358815 153,91440435188397 78,53043143664232 73,87070327461393 5,5081825595282154 1,2600564912271925 462,87954996447877 2,9901138996155 387361,08796893473 1
964,0056751978035 30852,10147892443 2,996718997657589 358,6722023249976 821,7010969382949 155,7899427247689 78,09151339427417 74,30734747343928 5,455665004389675 1,2448290936884308 456,5547191756771 2,9922664210828986 389557,48582116835 1
969,6544398684262 31341,740266011562 3,019152040544882 357,0151522279183 818,0638775514375 156,2278905648663 79,9398300051468 74,87689870995216 5,501118237956765 1,2555059149188421 462,1270003978296 3,003762543170155 387371,1086531339 1
969,8459364059179 31168,59250408194 2,993940822117502 352,54121015985334 820,623237114903 155,07765703800732 79,92598636368535 74,37223256349513 5,481167385092782 1,2498142136851838 465,4044790360749 2,9929639315338408 389502,0142250246 1
964,9126229613063 31623,621353329967 2,9697691255070637 354,02506729717595 824,0643719116117 154,86079369608433 79,74479526245125 74,40541915306318 5,45681958116897 1,243167289925159 461,79441983308567 3,0312832298552537 390051,32494941365 1
961,3308964380657 30944,65421056349 2,99884235951529 353,6664660138102 824,6331883009525 153,9642123212096 80,89826154375407 73,36483140219265 5,484421846973011 1,2535724120198968 466,68393555669263 2,9973720902442755 390937,3009185822 1
960,6527081708592 31220,128355665172 2,995501281060483 351,4332174394152 831,5953660342485 154,32411473318766 80,25887082780808 73,33749803785909 5,425472999984246 1,2515271756772313 467,56045404339227 2,9925060603007934 393239,8267805449 1
962,952316165394 31160,174570977164 3,016953391325825 373,18033123966296 827,8992147696056 155,12084493591118 78,72006918647868 74,3061332599905 5,462827736386804 1,249393227502219 468,3955838655843 3,0088829934667762 390615,61970098584 1
960,7144158094227 31038,073720062424 2,9837763770197228 373,22900098772715 823,8493126207609 153,91396853585798 79,02368396974393 73,48513260472265 5,4494844441333115 1,244366971618315 465,8228443203002 2,976871792037732 386864,40445051313 1
961,078262236919 31351,475187640935 2,9750132262332842 350,3951958351795 821,1184817916705 153,78405276595612 83,30695457597581 74,58161023111253 5,454792024705818 1,2372235360247847 467,67003908206976 3,0384174137464326 388345,7123166499 1
967,3428690464473 30933,79913088186 3,012278895197249 351,33560613283714 818,2027109554978 155,3285018186705 83,26109753982276 74,52677285846184 5,469274488919789 1,2525759211310366 467,1907899843209 3,0159634693737236 384518,0190150193 1
973,7645652102173 30890,352210772046 2,9835840352011282 341,70131071818895 818,8291184944477 156,45079619177628 81,28072578781536 74,9838431903707 5,472906736416809 1,236893625348723 470,1482484664198 2,9839949044630516 389681,4138340115 1
971,6215875399627 30912,654381936743 3,0106212229120537 345,93533515848816 818,7944939787155 157,2399948472817 80,73130137856027 75,0392816147421 5,465469449169494 1,2484624244488562 469,8443224041868 3,000173811790164 391076,87080758857 1
982,2190799484694 31278,994538333245 2,983569845021547 358,6516888967068 811,1981417720264 155,99116241878826 81,67205530670252 75,30303086150289 5,434470354909503 1,2547995717298053 471,43287895333606 2,993688727448908 391100,7655745971 1
982,4408996237985 31057,890066796357 2,9976909348248024 363,0340406742123 812,4291626132575 154,31818615354103 81,60114686469615 76,49693958963421 5,457121364245087 1,2400620472124937 469,1968516542041 2,9905140655591014 381883,91998423537 1
