"nº " Co2(scd40) raw_signla(sgp40) aiq(ens160) tvoc(ens160) eco2(ens160) rs1(ens160) rs3(ens160) rs4(ens160) rmox(zmod4410) tvoc(zmod4410) eco2(zmod4410) iaq(zmod4410) resistencia(bme688) Aire/muestra
106,77034190613153 1408,4087654813854 32603,54096663335 3,0065511729057226 357,4783971934963 814,7732045288185 411,9894634448884 381,41687903431585 74,7939670932257 5,335338876883461 0,022869636252887293 401,3122675086041 1,0020411262893818 405103,3929307478 1
108,24021608563226 1415,373330292764 32818,86559118774 2,9980681690769275 355,46899254936284 817,5853992530127 410,3936751170877 370,9252924861687 73,23072396777427 5,318927253587171 0,023692174260468327 400,7254844867517 0,9893489566917781 405528,07886331057 1
108,98983903142071 1422,9096937651618 32430,301654564773 2,983773842138445 355,52690142734093 816,2177474976897 414,5463383300635 367,6632034280975 73,07208264730505 5,328367189423045 0,023651010354420975 401,5034346781439 1,0100093730306268 403618,9783401733 1
110,03221044790916 1409,9486796387796 32457,538290047698 2,998867873313768 357,08902731371313 821,4946195285575 406,1013913391587 366,73170824099765 72,2770451487867 5,298707296890938 0,02385650269084685 399,4839337753624 0,9929086850163578 403895,35520479246 1
111,19110300233069 1429,506676951783 32625,76170332956 3,018961845636589 355,78494395425287 818,6441281736926 401,789357113714 369,0040766948101 73,74726086516374 5,333159618139172 0,027175906539396787 402,6535600478937 1,0052185146154664 402467,60071425245 1
111,95248326840816 1422,5186784077664 32016,122884312477 2,990006672818026 417,68707794942867 838,4570550084128 404,5545604951132 347,8938670025158 69,77847915010811 5,325437491367189 0,027201900098112824 399,7637332909192 0,9981847423309327 405095,0159836514 1
113,19237632542777 1424,0168784224873 32141,58194826821 2,9828030614376355 416,7090231649035 838,452560782512 403,9444105036523 351,72452699933933 70,14303344584336 5,355019180541345 0,03351369615393866 402,1823061947062 0,9937287864896017 396445,4255863609 1
114,18923215697353 1420,5930168655632 32394,36124963481 2,9977137080104126 422,2125977707928 843,8519064283889 390,979097784221 328,18754431318575 69,91141947239207 5,33562840265332 0,03349090047203621 400,7657863823417 1,002126276987121 397155,3303364254 1
115,50921476481213 1414,5575595065693 32283,21069014881 3,0134697214861457 424,5536216623695 839,8557310559896 390,567352260694 329,14342619837026 69,38362541166896 5,329828224055427 0,04658627107362906 396,14164480902923 1,0061669627123142 397586,37731147587 1
116,20732485890707 1401,4855226037243 32535,18715953458 2,986249152358343 462,82220227307243 846,2221752881161 391,1145187342529 324,8084109541037 69,89064855122882 5,3574328567061755 0,04624154796091654 396,57771375262155 0,9989199990210095 400636,94421458157 1
117,16169953168128 1421,8903704062513 32024,72554497806 2,9896665245719296 456,322204740701 854,6676642899657 397,62738665235696 315,84072302825643 68,30215666699515 5,340514002708615 0,06427136002786348 405,0089098022432 0,9960321670742014 399174,9893439082 1
117,9670851972676 1402,3199479629347 32129,975283487896 2,9952203186856554 461,5956601338999 850,769841852854 396,3451028584569 316,03589390956114 67,16710709414299 5,328633245278444 0,0643869998421597 403,47993090029473 0,9924203794647952 404718,0817593452 1
119,42573327575164 1418,8767640480623 32441,547159749516 3,0028296740644116 492,8445383891895 860,3664088849009 377,9926581974776 295,7390011369633 66,0040962823357 5,330574408265096 0,06421774490661648 400,07320882767675 0,993129514776654 399250,94131689717 1
120,27319306484772 1423,8769493634402 32344,76061472919 2,9956227893766734 489,3322313694165 866,5688466525753 376,7925190574479 291,1742760921697 67,09805174540044 5,313339124776703 0,08797971997180556 402,0649358800392 1,0024622453116703 394893,83744316635 1
119,65243601655514 1419,7703993715154 32496,07925411482 2,9900244456319047 530,203906615943 877,429001740151 367,01089037201945 281,5610218799202 64,7805884554535 5,304698060704682 0,0882491539259361 402,275999213871 1,0011113758436827 392504,79295005166 1
121,20814949494891 1429,246104729971 32352,53568894066 2,979528403001284 528,5030971493372 871,451793919259 371,7975805999744 281,35238014217254 64,94245091697101 5,307082128520461 0,11232198304179311 403,12506718605573 0,9989124693510691 388545,58968892746 1
123,73657423806138 1433,8256856753749 32214,00344409062 2,9998291428081822 498,5179441669578 865,8772908605295 367,8308390509472 277,4249423150347 66,40179713321233 5,342162279269005 0,1124713665084623 400,78923174383186 0,9923987969912508 389772,9483790616 1
123,8844188546909 1427,1403848529205 32405,636723960233 2,975562666207261 498,3264804356299 869,45692170012 366,67996003344854 278,8377978250165 67,00396239280568 5,359445630269102 0,1337607244241626 404,11131335998635 1,9917859649325462 389938,99089485116 1
125,91496246844264 1418,8458266080136 32048,712987772597 3,0042057125310384 485,01171569450344 869,0466107346622 367,9474721834558 278,0684510554398 66,00097465761858 5,330375530081981 0,13276597116254144 404,58506043844284 2,0171535896660138 399993,92403945257 1
125,97548055188633 1416,1505840280395 32412,186280164453 2,976151745676058 487,03653412247974 851,8441390014227 377,3135540149628 285,81972860918086 66,68451840256849 5,316204232970455 0,14985537859780285 407,3165205111753 2,0099334437093153 393176,8877616123 1
127,09821204992868 1414,5321836174003 32436,894982524278 3,022909372834127 487,27577387538145 865,3106352683011 376,26388421455516 288,1258820990555 67,22004712915559 5,34711734942233 0,14909211595261487 404,08183371455556 2,0180002038521283 394570,11300445296 1
127,23750672424669 1418,169561818329 32254,533753023192 2,9897552143712525 486,213189929331 849,1404853147246 379,4802187379948 290,5347619925057 69,22520078321106 5,286764411428414 0,15032388531952734 406,3696324851537 2,0186473835301557 391587,40305841895 1
129,58438357331858 1421,5118259735204 32361,171792492605 2,9941295900130167 484,7839690004131 849,1065434753791 383,12668443918795 291,8943055973066 68,63594668281125 5,333631614077436 0,15834364801783585 409,9519234114709 1,987749206949203 391556,2148204113 1
129,23248245148562 1407,930742795918 32477,36105204436 2,978338236862014 420,7823548635907 844,233314608871 371,3122276812834 288,17978300316554 69,72467942937095 5,305315427938885 0,15741160300600798 404,4708542923777 1,9993897767286493 393894,7629725961 1
130,54274577583868 1415,5322464481494 32653,550651019552 3,0175137372695016 420,1673861847519 839,7729170250125 373,39959945629795 291,40109862391665 69,41536151531876 5,303884081094486 0,1665015890598095 414,14771300436007 2,020961461051375 392026,4469446274 1
131,9720828450469 1422,4701906668681 32296,318736131507 3,0318706691311244 456,5210102909645 848,568853111419 379,4801672453547 296,6013798244959 68,53967112979754 5,300788685813489 0,16576196721304942 409,85502095269635 2,006230203338399 393995,4674187275 1
133,42611381161814 1421,2282507346465 32179,04467513131 2,98762169289509 457,9784780482392 859,0348949926669 379,31035976763894 297,6484578931343 68,10924346853301 5,29267297820358 0,1714311591923023 409,63701212720895 1,9957427320280234 392505,9564848407 1
133,8580545961197 1419,6072929612897 32526,5933358134 3,004956594880942 462,78808744155776 855,8043165293942 377,54391756516753 298,1206478853962 68,32152600590148 5,280443245044386 0,17019869848467953 408,59560179203356 1,9975362550416174 395199,944239615 1
135,35685782578005 1421,7010475025597 32333,60378460484 3,006944731245694 462,4647056155048 847,5058620946675 375,46134685501954 299,0820395009473 68,4213085050574 5,310318338749574 0,17320486763278958 414,76202061570854 1,9871846349055005 394182,9290258501 1
135,07255008962449 1408,4403496255895 32342,152343641745 2,996081195532403 457,8522408146525 850,9055562073395 376,62372941797605 300,166798522603 68,32768197660467 5,33127511152628 0,17432966502255628 414,52196075140876 2,007113576346791 394207,3228657134 1
136,73259153702034 1425,6676555364404 32165,471385321616 2,998801735111858 386,24200991461646 855,7007443128348 372,78978335756284 305,0322111607297 68,3580506300592 5,346779395820831 0,17345346902422917 412,31605644853477 2,007811013193313 394649,5220810686 1
137,10440152747856 1422,1864360546463 32489,61497182356 3,0238592673870164 384,9689827001242 855,4357263418212 370,5534977680001 304,7714578171383 68,10653579850425 5,352557888700623 0,173705969042065 416,334198196655 1,9965690461279293 396268,60744717915 1
138,81431577643076 1429,1511828886696 32676,42081550526 2,957224041937856 399,28162382203067 835,0355515874516 378,6177830261419 301,37536205754895 71,16512808970793 5,37446991770853 0,17390096867344795 415,96219027734406 1,9988144678920556 391188,5253920004 1
139,89429702662372 1411,7150287834309 32512,727039772068 2,9948046624576854 404,44227588849077 835,7412274695336 382,64810948888396 303,93965667710165 70,95427945042381 5,378509848167328 0,1730465840558894 416,03353914452185 2,0033007074115345 392579,94936844904 1
140,53227318876577 1419,2209147331425 32353,204994494077 2,9885781685901858 446,5028429261129 837,2465771623177 386,1687340578168 312,3784059214636 68,63467019796622 5,381546259404342 0,17485222803120165 418,63505734337303 1,9973187172038422 394398,56392021064 1
141,92759883835203 1405,0911620471772 32311,544101720367 2,993177189178683 439,78691956264146 847,0594298387588 387,3530062253588 312,79960216932244 68,87072235332997 5,338632927950084 0,17000489074025385 419,81019542483483 1,9881546641604921 393534,9375301453 1
142,80109186894003 1434,3308410415505 32413,626486282854 2,979981025113262 413,7945712652211 850,0041188454447 386,6089546578157 309,0209836372408 69,1099847895536 5,299186701161576 0,17072431473894575 423,1767247729064 2,004376123184845 391273,4154482965 1
145,00269434929763 1425,0265081398654 32461,460571483847 2,994684051703935 417,6714765632537 837,54476851743 374,31739603676795 318,556697272312 70,80905397471264 5,340299219432337 0,1695756716345786 418,4656812644425 1,9875521234172528 394565,82738474995 1
145,4405393747231 1425,688948727467 32486,052499883044 2,96822383072376 415,8644163660824 833,9769953974828 378,3949457849416 317,0578248310034 70,43100322319096 5,351208039037197 0,1700074470646005 422,00238744616644 1,9875568808846185 395682,881960346 1
146,6621745195157 1433,3328895620687 32331,758616177158 2,9952238955957875 397,97734025471533 834,7987674855314 373,386823080308 314,1127457193318 71,29137328464034 5,300899058363881 0,17020294124440008 422,03881459610255 1,994651959546424 395066,6969194043 1
147,22428495520552 1423,5709797935128 32484,45246235495 3,0106859470251277 397,5564810749979 840,4353081189892 374,44454240327394 315,3775245913201 71,12539613516483 5,351293460718352 0,16797438446988394 421,798319382493 2,0067948463897625 396354,53298377135 1
148,3271622214289 1422,4225911628862 32505,19285721001 3,0063873197465827 393,7737697376178 835,9302014190009 376,31245416168855 314,0546767865538 71,46154177505272 5,325967636379535 0,16921050469891877 419,9853412336027 1,9856682888729833 393123,54901116964 1
149,17120122964636 1425,5095807575435 32342,429076628843 3,002644047186767 397,4813111366874 826,1131857543863 381,5595159427107 315,0942677914189 71,56502500956915 5,336036644676696 0,16430022150925366 422,9035258563491 2,0047006487309003 395415,2252247447 1
149,2979775209006 1433,2854913669223 32344,587370935613 2,990070948762744 393,4210771597349 837,2898023000035 375,6991243931342 319,2059369846031 71,71477629911779 5,350485083303491 0,1642437578293105 421,4063048437908 1,9969362479156028 394279,3965073858 1
151,091909411131 1429,5481477565597 32591,72836103539 2,9841088939204026 395,25819975292677 831,0896723870156 374,3761110902259 319,04461348415634 71,62626851436549 5,346834793448343 0,16048660450423188 428,9628942899521 2,002403128282453 394757,3076036838 1
150,95264642488243 1429,8109296720734 32457,709461894927 2,994989484356808 413,33563383637266 840,1331909034959 371,3880483707989 319,739357277569 71,58018548218406 5,309421859245645 0,158584157081259 427,28144832719 2,0043482599649045 391564,52361991175 1
153,03331149025493 1432,477237202743 32433,907655374103 2,987014374580564 410,6820986856355 833,3367010482402 375,66920822977556 319,84341109466914 70,3564589696489 5,34270575390787 0,15624075384663874 426,74150906333034 2,0020503440681443 394907,1050966817 1
153,57180255441918 1420,200382138304 32523,869913220027 2,9859876946445683 411,6653067772865 836,4195276926569 376,34253680213016 322,0142748514848 70,07122968404573 5,2904566940041295 0,15739047891812946 424,1019580990576 2,0046495398040722 396106,6109733531 1
155,41837423567682 1415,6484235251417 32190,824822302166 3,000427696412839 370,93218598648633 820,3126175786351 372,3032103313334 324,6806697804444 72,7526845592937 5,342095968504785 0,15583318660350762 423,91325329013654 2,0184574168207425 391734,98485439195 1
156,52527245729368 1417,4492143781329 32339,180053672033 2,9780485121677844 369,95138451056977 827,1030844613832 368,4118911646541 329,34792127131556 73,05857094370332 5,330719237020417 0,15311075549139583 430,85279413138755 2,015186991893318 393790,08774638263 1
157,54133943092643 1420,215318889043 32580,325586253544 3,015168013262924 391,1718295060883 836,5236077332065 381,40290308469207 319,7998957719306 71,76076258053492 5,279879630771386 0,15475864820851115 433,4747644012507 1,990752169631318 389014,1263763635 1
158,09817171205952 1419,0960574901405 32287,164869262513 2,978846761519386 391,2416043507923 843,3159822755504 383,3809540040458 318,96819994600855 71,98275170504637 5,303563901691199 0,14849790122181944 429,19210203294426 1,9870571833631407 391031,9500719523 1
158,6706454358069 1422,8252428502308 32300,96606552813 3,004059866776665 405,43625180884885 842,6782953818969 377,041761606628 328,0591666376625 71,10647969124776 5,303333756548891 0,14915031415531002 425,7032762821723 2,0194175815904587 393728,40120631404 1
159,77921208021266 1431,809490339727 32409,048972897664 3,003465659969765 404,36599608641615 840,2937853150622 374,9590970610267 329,09998850697957 70,87053742382192 5,346203030192817 0,14519768220920537 430,8303273663095 1,977816222801828 395254,97797393316 1
160,37044653696148 1428,4835554543588 32571,68429360953 3,0025638390825993 412,4395334294383 832,991939684619 376,6720549778073 327,07384464358057 70,91418126953353 5,294713735254316 0,14470824982604322 429,2871376114218 2,015463089496207 391222,617835018 1
163,16606001160332 1418,0994181204298 32517,226649925185 3,0008450398974715 414,07349532616223 833,3316353772441 378,3741041878573 329,25826468796964 70,53627186798674 5,355440728279228 0,14269448522408287 429,2861604729576 2,0146657557716807 392183,73540524807 1
161,59064091071875 1434,6392584364364 32375,14509068511 2,9900310792247913 409,64603942116054 837,8863607966017 377,4396566433056 329,26187478288693 70,35618815757984 5,3382790194162535 0,14220681823931022 433,98725037262057 2,0184376407647444 395339,59171442094 1
165,69122281114778 1428,0889783728742 32515,302693351365 2,9875579537997683 400,88783753947945 836,8856552516547 378,39181078878715 319,5609884209123 70,37400256092438 5,313361548890374 0,14293413785687398 431,5733901042168 1,997080170632833 391024,0541119281 1
165,58722843772077 1421,5886559469395 32296,830303004674 3,000627382105872 400,77309829901867 837,8885734427139 380,30430307759747 318,01547624885893 70,34828956092797 5,352590767982986 0,14021620848070948 429,76094614475176 2,0019279491466966 392105,19841668947 1
164,64568031604634 1424,1188871083377 32641,17755344623 3,0226954138174764 388,1639298914639 822,5706137086615 378,1480545856362 327,10389398185686 72,31953707688376 5,246478627681731 0,13923872444063146 431,9971820538443 2,0018980372909 391255,0790097433 1
167,8678160572356 1418,8656141430345 32663,34183524175 3,0041196969864714 387,1294215113146 830,4251721650858 373,2644611976367 324,72081220777886 71,42233623381156 5,3530033367697545 0,1356612377920393 432,52081565623735 2,0088435646282994 392226,513449205 1
167,37220573148826 1425,61385560545 32606,099224996255 3,000093335155756 368,36880908507135 819,2900329197447 374,9647694826475 320,7396252871268 72,791863072736 5,299915675990152 0,13525966412056478 431,741764815025 1,9922508025511088 391558,93128068425 1
170,3941657722018 1417,038920015015 32149,965124158716 3,0084395187395137 369,71003553602515 823,3449758769973 376,6941785887678 321,8363510275608 73,04848460555614 5,341961775616348 0,13090287933335173 434,3892844934151 2,00755390907397 387959,49579786084 1
170,04979217497927 1425,5906044213154 32553,270289645232 3,032191914235564 378,6550332261297 829,0125467775439 380,7918697888896 321,26305890954706 72,71755580082699 5,333213683703698 0,1312620612996156 431,75079492131454 2,0085154503506804 393337,03541246575 1
170,0238573527946 1421,2170739598914 32591,3015522017 2,98729950402082 377,2869233043301 823,4155947286094 379,06630771448727 320,06259676935736 71,2704285348048 5,3599406017779065 0,12880617844688777 431,61834539537335 1,9935330346547027 391577,1305803178 1
173,35700477202272 1425,7715276140775 32383,675445053967 2,97439207507565 377,54750126382544 824,4542647581285 378,6264844922268 324,33749663957167 70,8869405432131 5,3530206654357135 0,12878337572657608 428,108692430075 2,001629214167336 389286,09562620247 1
173,43646983106268 1426,5453766563692 32456,66844153809 3,02650508480718 404,52067250300274 840,3945577831067 381,017356926 332,6388753563801 70,32915897978484 5,300700121652061 0,1283274156307726 431,5570740540455 2,000998093964912 390884,9212461661 1
173,87807228325357 1416,0408722754637 32457,30157912328 3,012339882106538 407,406513047079 835,50807346791 380,51691627476424 332,41986943031526 71,20891495118828 5,330349158273633 0,12564277336694407 436,52494811894877 1,9914614412832772 389855,1178575925 1
175,3931614958006 1419,4424395283988 32498,592240773127 3,0074417677260348 363,506031708444 821,5863132906519 376,0355361909782 323,95085268319394 72,84153716313575 5,306740023128766 0,12567436519116001 434,53742787963637 2,0109178305839492 387025,86411428655 1
176,27258234343506 1444,529996539795 32449,85304200103 3,0137860331700366 366,6989097570413 823,35362071768 377,9760305295931 327,0519438728167 73,27224979012763 5,326795766863494 0,12281406874528822 429,6682268973749 2,0114117111387677 387247,95014300855 1
177,5240626216244 1429,9797677208687 32432,650813683824 2,9873615706035013 395,92754365024143 828,3145462885337 375,7427644614485 329,8373305339322 70,65886533691506 5,322178213134902 0,12344383970889317 434,713256645531 2,0061724339812534 390840,40768447804 1
178,9656784111007 1429,1296467161887 32405,105920629238 2,993093029392394 399,7168065209635 836,9240623043324 377,2506478462762 326,7443452946917 70,9771701418098 5,329008938215438 0,12006322975633482 430,106896547857 2,0045664177979465 392864,1674054961 1
179,7448561322328 1424,4094031177592 32538,570933858984 3,0023426901059445 363,56719155075893 838,5665765911803 373,4284976442247 327,7933027499491 70,63403859289056 5,303253811724185 0,11886380122597583 430,43496970373496 1,998629569450812 391177,4453095377 1
180,63268764391972 1424,0024002350763 32511,62755720599 2,9985121000329356 364,27798185626426 825,714433554775 376,31209249056235 328,65165983927926 72,22305875857056 5,297863897144932 0,11728661851445922 430,87594258645805 2,0044435127119455 389715,95845010894 1
182,63202038763416 1414,2574000984023 32596,185408381432 3,0235901547996473 364,4746141717296 826,6855509561045 380,8783696418091 329,5574200708883 72,67134761607548 5,2967177133772925 0,11807583569233057 433,5106351400632 1,9997071539671074 388946,82479852065 1
182,48786094598833 1415,5878355888685 32386,46622492855 3,0298022600485677 376,8160580409238 825,4013990426619 391,56628484351415 325,87861260026267 72,47953918270967 5,382380417475043 0,11650094831281013 433,371639842851 2,0030635390823703 390138,6197012358 1
182,96763327304592 1433,3352474641167 32213,830738416185 2,9781220603456218 374,4756390225782 827,8991356958917 388,65601259012317 328,5160814657225 72,86987085640112 5,321745844746854 0,11428399115493254 434,4115306257831 1,9954553337239116 390646,58406259463 1
184,08144220324039 1434,455870688411 32200,813368352887 3,0128067616173766 396,1679125183672 829,8192942573613 382,10039622864963 325,00585677238524 71,4763018537317 5,3489807311107604 0,11558915673565688 429,4999148974491 1,9967247137370239 390481,5582553959 1
185,64902904335585 1434,8873162611594 32248,271424899358 2,9971345432073306 396,9426494492585 835,7363497862826 382,0060411772127 326,6600606297753 71,62109738008417 5,337389711394885 0,11191192818773084 429,72923442906495 1,990202336741807 389565,4477908397 1
185,9906121465393 1421,4316660538475 32128,9074563647 3,0044654385019944 351,156042550149 819,5090941473791 379,0147381221316 326,9184122418442 73,54900284435304 5,3575776819924394 0,11127372501225158 429,5310290092853 2,013880469259485 390239,6723569385 1
186,55602319600408 1424,1209566985115 32614,21530695614 3,0026416935571945 351,2138968028344 819,7512172968263 380,4737158432595 328,4055128977674 73,59053546517289 5,335825674400784 0,10885759056137538 434,5897483194408 1,9917687043723244 391042,8532166353 1
190,26282572544926 1420,3529198465048 32179,267036542005 3,0186205644385042 393,2112150179792 818,2313606417447 378,5056060982353 326,9298783796391 73,64032677126636 5,365513328778001 0,10915289611844393 434,2663237849765 2,0132425351572123 392648,55236849375 1
188,00751160295832 1428,8053650206557 32853,81847303952 3,0111194898614366 393,0043445401858 840,3930900364046 387,88429830706707 329,3750915069099 70,62104902614618 5,298101953016269 0,10795895692784786 432,98733018259435 2,002558973736216 391241,10938529787 1
188,72520496588183 1427,349878944598 32240,995506274503 3,0092591684091032 395,0456924109553 846,4110784598515 387,7108980192529 331,5666866582016 70,14146821163796 5,313062297235385 0,1069427507865169 433,5729094333939 1,9703512129373404 387301,62887775496 1
191,55347280941942 1432,6034040637414 32400,475730054826 2,9964491459762685 355,71748863918367 814,7451177797885 376,0386665749047 326,933122993019 73,65746451293772 5,337654382502609 0,10627357780689682 433,5746209854252 1,9982014574331346 391612,09942134767 1
192,276350283277 1408,3510383832588 32247,137366801257 2,9810125931735083 354,6076528841702 814,8303554018577 377,61027814843726 324,22368359582805 74,1874655779755 5,326698542815921 0,10473105732902126 434,24864023245084 1,9918271329145942 386840,85795247136 1
194,12723388683523 1429,6386779432678 32498,334302316754 2,998737081979521 390,3625965466237 826,5891339745768 407,2622961541322 324,17650674629635 71,57509349724799 5,350795792026639 0,10287777640737282 433,1576703645072 2,006568820259359 387391,24308081134 1
196,05359230136534 1427,8308126643758 32404,345575137824 3,0116699226180508 385,5679219791555 829,6539833716696 408,23248897374214 324,4770762960806 72,14327234922742 5,287909614017047 0,10202232368851889 431,8566446535777 2,0063179353678766 386716,9444283555 1
193,01729877638874 1422,9794263095937 32280,42888671305 2,9914593739259394 429,471967154344 844,4949331587206 379,83384805402414 334,0483512550431 69,33943452794549 5,339914525918573 0,1028329034361243 434,37564614332115 2,0084048621176604 386380,2122078457 1
196,66061589815908 1434,1724190950538 32433,264475717584 2,9774659569811996 432,59587212931154 847,8490521388433 382,40385449627865 334,0455090776577 69,44163267969526 5,325383053803333 0,09979416389310362 432,98193327747873 1,9965347102226532 390086,05954078346 1
197,6980951982033 1432,1475898396004 32493,06700482015 3,0017600535768487 391,6600594128156 844,4174502539992 380,1991497461024 334,1630122564029 69,56833359365417 5,373458706208605 0,09934735194280347 429,0582300192549 2,00051110689695 392791,74271242024 1
196,66799403623284 1430,9518336672793 32351,723957342034 3,020491757784545 391,41942806263927 824,0410674967845 372,37632319599084 334,401570165622 72,39366935146573 5,309183923252624 0,09831799944926914 433,628974120417 1,9988901500445715 392729,63857738615 1
198,82754875718462 1434,428700193389 32311,640176911056 3,0324857207078284 390,03463179760894 828,6867705859876 370,99992620585186 331,88762232286234 73,20842331340154 5,360258761243444 0,09751017255737354 431,88401966429984 1,993855123288677 388821,19435609126 1
200,70440262836252 1428,755347033815 32440,87209326473 2,9983243006827336 416,8540892711926 843,4774592691898 371,4042842370173 327,0528560119316 70,01955328274911 5,305416401175549 0,09789108566534097 427,9518096605682 2,003024900223065 390067,0760050969 1
201,49707106713836 1418,892829436453 32401,70959581626 3,022061398432675 417,15173647519646 844,481186380151 373,43158478610457 323,4064795860179 69,83382262383454 5,360691315582868 0,09546789627405103 431,7602612549316 1,9939393038797806 392215,34120117506 1
201,96948498962342 1438,504983398968 32416,41808051901 3,0217656778297357 371,0409511619639 830,4367367986652 385,1611227770363 325,0743870861849 71,99506313922264 5,316642823260674 0,09649178392518049 435,960797109777 2,001030133044049 388072,07282097405 1
202,36083049287 1446,764384207268 32498,189830086045 2,9946572698809923 371,9743797537628 819,9300799711609 387,01567713258856 326,77675491851625 73,10645966295706 5,304339855405614 0,09480147595519944 429,1657537434426 2,0097611892016305 388185,7749532504 1
202,32649877526637 1434,5115623827112 32420,561346508573 2,988328244330223 366,8300654956729 826,1604496708586 372,1063311496188 327,79680090911717 73,13801719828889 5,338865994630909 0,09473192020498399 432,8345557239889 1,9944012866244856 388073,19460117054 1
204,6311249870464 1434,530323459961 32321,637164963886 3,0003075094778886 367,20004259730666 821,1434500528089 374,1500994583544 331,5946964681576 72,45303380337955 5,306744187006352 0,09214182627693376 433,4762031855528 2,0030259954473126 387143,2125230826 1
205,46335819436953 1425,044158280355 32672,11586499035 3,0036128945985734 371,57595911459504 830,9330755290557 375,2201094513375 330,14932817106956 73,37990571526952 5,383528647372488 0,09174194648805975 431,515418450885 2,008642402568474 389463,7242007718 1
