Co2(scd40) raw_signla(sgp40) aiq(ens160) tvoc(ens160) eco2(ens160) rs1(ens160) rs3(ens160) rs4(ens160) rmox(zmod4410) tvoc(zmod4410) eco2(zmod4410) iaq(zmod4410) resistencia(bme688) Aire/muestra
1544,8301786929667 32631,247608241505 2,0050155562633627 196,75522257257677 692,1260235143444 418,3941661035005 421,8478800891959 86,36922670896494 5,422992230484422 0,17198192350101896 438,51057380858225 1,9896744261653512 411748,97043077956 1
1544,6061629778171 32394,24504017251 1,9927868408164047 198,48302536407888 691,3585451158704 411,52093985239776 427,5807910655753 86,88860572976184 5,450294717726028 0,17453146829772748 437,58473295559526 1,9964907674250418 407639,90740058303 1
1546,7664362892062 32823,32462423729 2,005466897171794 199,53692968842293 691,7649991708591 417,50025827720583 424,92524620428486 87,3064952675212 5,3711983426452905 0,17445704548354074 435,05191323897935 2,0031371129052786 410389,1429091862 1
1559,6395370624298 32663,99654266587 2,0149635283653926 198,71421543515092 694,6816969986411 417,6873161368731 420,98277650047714 86,57984973922186 5,380161242518418 0,182154754700484 439,1129085505069 2,000869037794778 408064,1347717872 1
1545,3904073289825 32419,065315463078 2,014637755538964 167,9959871707332 704,2905408254236 421,8393020520143 419,97151419612476 85,41367765472403 5,374409654539182 0,18087166608623906 434,04722563797196 1,9978080658304103 406994,242471514 1
1558,183139947265 32215,081129499886 2,0108075598395327 167,3389097334536 710,3583855310216 425,4613834947038 416,121087182773 85,88592527251333 5,425643283159294 0,1827568768476071 439,7458467646278 2,002925461779553 408993,58497036947 1
1544,813203010722 32409,194234559604 2,008779727194471 199,6456896484976 707,6727581596136 424,56412780346085 421,690201105384 85,27257086239945 5,3997836340807845 0,1845441213299683 438,1513471891574 2,0100787344410023 409145,78152999573 1
1541,1299391616571 32427,76990684299 2,0072390832652003 199,88633493761327 690,4814248435233 410,649913301287 422,82855515690835 86,21371359458962 5,4133454428761825 0,18982933404438238 439,28181562273534 1,992149304239512 406388,36089105386 1
1551,5909232090214 32323,987276006053 2,0025728390791215 201,3204146537387 692,7212943363124 412,96756587410886 417,96630280226185 85,7886678842809 5,433036197151701 0,18806786481052526 440,0762793508895 1,9982649265243433 408530,6632371062 1
1549,7552451250237 32373,604383369584 2,0090762555529373 185,96362714007512 679,3118270044107 423,2411500851906 428,16247245331033 87,97956503677622 5,424611299830794 0,18694524256819847 442,4667324694535 1,984325257314772 410937,7090374616 1
1544,8411382890579 32387,515650256795 2,0019180513407493 185,70585372753936 674,5929639134899 426,48932450889083 428,9016437125526 88,22340320591535 5,429998909222558 0,19538287771622634 439,37126832993 2,0116473338975287 408530,9266377201 1
1548,7077152882346 32379,108607348164 1,9952060639490314 216,86125046127864 716,9150582088856 425,87005730245806 406,33856762619723 85,70973384343691 5,446505008881571 0,19423192109223641 436,3281210020546 1,9995460750463883 406622,26559591293 1
1534,2191200223183 32894,12356865371 1,9860514896785602 215,6809365864435 711,2952301532648 423,9378720681689 407,3642285126911 84,50748323688438 5,409846821890085 0,1986996961589105 443,35644976265115 2,002862169065355 403332,22520757146 1
1548,7284910008555 32575,41609430812 1,9861655265215146 201,89311867625253 682,5957579316342 419,99892907824943 415,60819749087665 87,58632975004969 5,361379899387729 0,1984105547091802 438,09910972312525 1,9826836262944463 404803,245216629 1
1550,9820696383724 32748,56543792468 1,9996067718289787 199,11685632350046 680,7629752398217 423,41967808930895 411,1210022197163 86,58390023234043 5,420543879755355 0,20186487060473668 437,7686047382271 1,9928723224235194 404215,3937924593 1
1558,3239963742503 32404,14561401548 2,0059672773776067 168,9658333105273 682,0853115659587 419,22801642308804 411,9664781590732 86,95162769315104 5,404427020429975 0,2010272614303444 434,09754025442254 1,9853837594943453 406121,04615915543 1
1559,9496460109344 32373,345128539684 2,008277877890691 166,77142804952717 650,2886672278195 417,4230889105554 414,14845497726316 89,85990290805013 5,388622243194151 0,20608554988161265 442,6704421374781 2,013563129179969 406723,68576976896 1
1567,4251157968868 32550,12384546015 2,0239800206231604 168,03363589796203 647,3128532153981 417,42315249392215 412,4984986373571 89,15415423580126 5,369929922723819 0,2063080304796016 441,2563184362013 1,9864925127931792 399238,90950634365 1
1550,7366837523755 32257,03157490987 2,0013133296998746 192,02292825467833 686,5748493626121 410,48591791630315 409,6847616658247 87,61222253246115 5,408769971904208 0,20423403004300272 446,7373063812289 1,9932092975650648 405985,4033097491 1
1548,9913956094972 32276,574280890174 1,998298408488111 191,03232803060826 691,8202495127844 413,5276220043419 412,6795352150293 86,59707859027873 5,4157454733747175 0,21119408378655455 443,48486679329943 1,9870587493226433 406847,14715108724 1
1559,4966568369528 32377,337351832542 2,020450927497444 203,7004240420271 700,3018395138957 413,4343005133016 409,60402529972396 85,80442073416668 5,39618291974583 0,2091850018723022 441,08339992531216 1,9955209838401253 405820,46447357145 1
1557,0263880988787 32197,959444630516 2,0045943147348586 206,64220589690333 692,0440678648022 410,4831360776454 405,75159377432016 86,16913989963373 5,407784706046797 0,2135482614769843 441,6678484882906 1,996548839439414 401725,9946530094 1
1550,4212248516644 32556,69570557701 2,001113715786286 204,12616071224298 692,7148120756642 414,30748179570526 397,773843147593 86,15953844673238 5,3731748184313926 0,2137656695537181 442,8551752578461 1,9982462235310934 403322,938848375 1
1556,3288401099867 32315,386325700085 1,9913488795482908 202,9928299198801 695,3337522593739 417,1584599058049 401,0901334250809 86,01564197153716 5,442155445799641 0,21936788956290892 448,4165677853907 1,9801615132733559 406308,86856882693 1
1556,923255305349 32291,474615159048 1,997812483945301 197,22062360211598 698,9601470835604 416,89917314750045 401,7654671119611 85,97939690990181 5,3837052775931555 0,21960701604395344 443,72766335671923 2,004359541743518 402231,34600206575 1
1555,4887139931388 32545,904046551834 1,9949598863337605 198,7190890856541 692,2528517685465 417,74814599087466 413,68516362382155 87,05324083482856 5,351364909573868 0,2213900210937244 442,7773030363259 2,012696839725234 401099,81232694717 1
1558,6059312231355 32446,708516832347 1,9907785160922862 197,51956216282053 690,7207755167444 416,6261484508761 411,37123593535017 86,86787146626483 5,404429322539081 0,2234765232710912 443,08263053339186 1,9891432470359511 400441,533367344 1
1556,5615898104888 32335,216178098188 1,9964188804354523 194,83519247076043 695,0132222148483 425,22644969379877 411,4930349009784 87,15435103114427 5,403444281775278 0,2238638759371435 445,44592500248467 2,008745861670363 402930,415950348 1
1570,0281580681235 32382,750727143717 1,9966867562457662 198,35891281169378 690,5346292221103 422,59872037458956 408,1523388076166 86,43393731827673 5,38105062047564 0,22823853816017298 443,799285768132 2,016599992906133 401059,6730927796 1
1551,778187873959 32407,082112669497 2,015786837937248 208,7816395397768 704,6904815117904 414,6381894398234 405,64098270581275 85,53702791901634 5,363263702915123 0,22530729633720095 446,81103195401954 1,9845926244374448 400388,70938183554 1
1559,3204202094323 32356,999965563406 1,9830374501981898 207,01634673262308 704,5432959948973 415,3872244056332 402,5678032421507 85,28144640179103 5,381185054194694 0,2294383926523278 447,6353465476059 1,980365038708616 403624,00230228226 1
1562,0512338981223 32639,918868029163 3,003444083141014 222,07937180213935 710,0362258862602 417,58343810245634 408,1282371799226 85,1970199259106 5,375560194700816 0,23108228051762889 447,35568865470054 2,0028453578863554 404666,0914751791 1
1560,147173838069 32484,601525491686 3,0111103311021674 221,80824468233206 709,7135023497815 417,56576189488015 408,6894102951646 85,77151902175017 5,366784866797598 0,23159866604162965 448,58353811430334 1,9961916498789203 399674,5718835968 1
1563,5720255707804 32242,22312318114 1,9910569790990673 190,78087321395034 707,4667206210974 418,66412598461585 407,52481930369595 85,23852288276494 5,408314090155336 0,2308070325792079 450,4206827798336 1,9800142132982157 402155,95367019414 1
1549,0451471380818 32270,03593092394 1,9895842271099666 192,7027614996695 677,2383819376948 422,99530560898677 400,81793088031924 87,82338470821622 5,354499361602758 0,23677786325260788 448,1636372796022 2,014540661302882 403397,16140394023 1
1560,9564847434515 32568,394283725782 1,9990722637635243 192,64027027394326 682,096595502089 426,85412923717354 398,16746041719927 87,6662359125219 5,404950169763743 0,23801674717066587 447,25425587592906 2,0052131096585897 397781,6137777179 1
1560,6893528881703 32472,338279159245 1,99327995367926 185,4190437930175 678,3987709907402 404,37084601688605 401,3455560778274 87,72315639522297 5,376699127259815 0,2360749620227568 446,5533082761455 2,0088885686922913 401697,23824348405 1
1554,5269053206484 32449,517592511947 2,014590339024898 186,87775502891276 679,9380009609099 404,34992900603305 400,6686283895793 87,11722489048572 5,407918037231055 0,2384902649355372 448,0303902471965 2,017798793191582 400578,10081421153 1
1570,8557835269467 32297,917186499955 2,001543140371435 197,4387233321643 689,2205709881239 413,82787176989973 401,26011073871103 86,52202834525244 5,386978597521358 0,23927943850317188 450,4088899231304 1,9969850000080045 399482,61993215175 1
1570,1289777095474 32468,251728724637 2,0147916104096475 199,66103743878136 689,0400442678749 409,8576730642834 401,75281986834983 86,07044280583824 5,410991637002241 0,24254157652419853 449,13964683631264 2,00544851303686 397451,3853176696 1
1560,1003893454108 32674,81896213671 2,9880366939081915 223,28329575946734 684,5603565148997 420,61748251227414 395,24116956353095 86,96916240994238 5,418398878240004 0,24189607786544182 450,65107408965036 2,0106672719616427 400465,44234402047 1
1551,0481708769607 32185,08798164148 3,015260456185059 220,60759040085355 690,3700762633193 415,5283520682921 397,37529581725295 87,33506617297348 5,378677389328606 0,24370172607069682 454,37601390236847 2,007415880722008 399204,31599371735 1
1573,4590413995343 32399,88500656713 1,9795596193310396 188,2472802620376 690,3024987452419 417,9424286209255 396,8810642363764 86,84596402081728 5,392851451557107 0,245033973189783 454,0067020023913 1,979468108563238 402887,58504633093 1
1564,1217311993178 32610,557799602924 1,9927865529083428 187,28317614970354 675,4498871218095 426,1290448715763 407,1809610041356 88,18320895303658 5,39012218016661 0,24805881726648105 454,8583501042398 2,0160379138849662 402439,29338287027 1
1570,6404480861486 32498,431958255762 1,9825648972125218 186,3864529869202 677,4455200398172 430,1956541482843 405,01449965833183 87,44144999288086 5,394063132831067 0,24818879240711075 452,41233674994345 2,0055183857751624 399037,2401109481 1
1571,9663626150998 32729,541842892875 2,0149770058669803 214,26693014859885 713,7576205629392 410,11331167607324 404,0376392435763 85,51487368444195 5,412256858723751 0,2473825228435126 454,0928112232972 2,0014518165881547 401595,9456148973 1
1572,3344676826227 32595,64947850444 2,018708538078715 212,20505637535416 710,8064392414026 407,8615504992575 399,48537542273067 85,99934133964716 5,4101262524923115 0,250532729009229 451,4131430457757 1,998442698225368 400342,4080691919 1
1569,4056547096015 32340,376690129026 2,0005057850687296 205,79682992441016 699,0604178431773 404,2779320990518 397,1628124444333 86,29106372902699 5,366219765651099 0,25024876776615823 455,17427914072294 1,9800165598230532 398099,5846692277 1
1561,5119793145914 32335,58690577654 2,0009623091632225 205,44325779468411 697,4413744813069 404,79295546870026 396,0125084270999 85,91915631147343 5,389135649180861 0,2514545639006887 454,39476987813515 1,9970200332382149 398701,1346442147 1
1566,202819191992 32511,483631494597 1,9972907041214758 191,34783129854367 686,2309297724872 405,03302566139064 409,772157224909 86,86000682239934 5,423706471209237 0,251336157081883 452,0535283914055 1,9988017341037991 397998,81274338823 1
1568,8489940253708 32381,496534753238 2,0044084279750995 191,0499714834545 678,9535186102054 404,71703494880455 408,8147615605281 87,4528280758251 5,400382136099406 0,2546725115903121 457,6956367187384 2,003377867425368 398352,73234092497 1
1569,2475729884493 32451,65675886794 1,9973046695256291 210,40558252670525 686,8726400334202 406,2672617811476 408,2574738658952 87,12816923825562 5,422637948790506 0,2547006244978423 461,9829925808201 2,0011158468451633 398345,26806121366 1
1580,6157829954957 32357,64108056656 2,0022369597509 211,9000415745189 705,4623071990915 406,4558507513635 396,31127823171045 85,10714155499073 5,394581497388184 0,2595807618859751 459,4323164430023 2,014560272504101 396397,4009725873 1
1583,3879863926938 32458,85754689991 1,9980052166626199 213,41001450303696 706,3818090077058 405,8644857689402 395,61303760858453 85,85443281672217 5,393325883227248 0,2581200496225026 454,47851992844494 2,001224417657224 397699,8944836763 1
1579,8590103937718 32211,272190555374 1,9906495075695878 215,05581996561116 707,3318070726207 415,8403445232655 394,3627600302066 85,29067140950637 5,421995054208927 0,25643069226856585 458,2542486036168 2,017592736945457 399197,43335550517 1
1576,5135402237563 32169,274897955544 2,0045276176636713 213,02433219404833 714,5507519576274 419,5482563309554 396,9538692800767 85,6876547091849 5,375621504218194 0,26116703696043275 458,7445644385303 2,003394171659668 398673,9368463535 1
1575,1841116421867 32648,943038907615 2,9901553762114754 224,10151832075627 692,9004404043449 414,3299951579459 388,2571737763467 86,74212630656132 5,331611973848321 0,2612278733521723 459,07190569807574 2,011417974356961 398940,61571026564 1
1591,251795614077 32413,185813027045 3,0120260598308986 224,58656259483732 701,1502995824018 411,46560303128086 384,8048396002931 85,63517445006465 5,460431490740122 0,2622570362033634 463,28728289966074 1,9826275878092972 400678,54154671304 1
1565,8509796671076 32651,186986599674 2,001336289801896 209,1929117634544 707,4103939403052 399,79588054630904 391,6467721297616 85,60848221285781 5,385021547395569 0,2620513896358341 462,05748587862206 1,9866714028308596 396584,74681579485 1
1559,369140952144 32455,716697380944 2,001735029181079 206,49565172204677 703,8274515240281 397,48867633842394 395,6372869390047 85,71311243606175 5,357782822300844 0,2633264677550704 461,7739065936032 2,0081889481321196 395759,2015875935 1
1576,917612324946 32181,7293520296 1,9890358936350352 191,69444656635588 704,4964546091611 398,99857698465144 395,728900236524 85,59157147966394 5,382287438080488 0,264820084523928 462,0671055822946 1,9907004740705776 397315,36107944115 1
1570,5800457994799 32351,362281770955 1,994415216394289 192,62956339803523 682,0486443119996 411,6348141881325 393,9670304842217 87,1990762947609 5,372344622518777 0,2670669602175939 466,9602723234222 2,000605214741898 395946,0883372718 1
1558,1297254652825 32501,00301573172 1,992932318501932 193,43405537784238 677,4553058388464 410,39358335039543 391,5007404677018 87,62717117881597 5,390282133105146 0,26702100956681446 463,6986376286236 2,0179433185526867 396145,69186727866 1
1581,7337122176903 32632,55652941709 1,9986434556578625 197,63187545493224 693,9729133447794 398,93481988845696 388,68494164155476 86,33632831354635 5,411702270914538 0,2658626391227666 461,70820006286453 2,001417112212484 397273,4913779999 1
1582,3042696577268 32605,18731122385 1,979829539893149 199,2696742101663 690,1598618681188 397,5885983855246 386,87975007339935 86,53323350999375 5,4285677089332784 0,27026669907761897 461,919891486806 2,005326332747111 392084,4344350007 1
1573,3301292920376 32361,23358176603 1,9877321929915406 192,74175060528765 716,2080940516985 421,4247924025887 386,8660057462322 85,56066341618421 5,430579001064712 0,2684025834214792 460,74781198788656 2,014434175848289 394319,70708326745 1
1564,690590655393 32429,509325095274 1,9967721783121546 193,79828373139975 719,5653910418055 420,94810420697166 389,95425740620016 85,49666812871192 5,385566843166248 0,27116795059284493 461,4061593200478 1,9882951001691287 392018,15976040735 1
1586,2283353914893 32309,103002717944 1,9963335459708988 211,36467165659255 707,1230366388451 396,6579412337236 389,0998879022267 85,30413924175159 5,381499083244285 0,2688864954360023 460,7379611235861 2,002487815150258 393588,0589058825 1
1566,805479006198 32055,987181829252 2,015185064572726 209,16522911543692 705,3492497278706 396,8578089371792 390,65677958265167 85,45092676342361 5,4301193097566856 0,26950505645823086 463,2226999578839 1,9866842544077512 395379,50336421485 1
1581,9021861050644 32205,548513895446 2,007826668251023 207,57117684891065 712,4194670186495 395,6944172143808 389,40571965450005 85,04043741399653 5,403480301498572 0,26959011657841897 467,4963866601415 2,0062997892648595 392759,02362448827 1
1590,393496614427 32509,043729227844 2,0060335595953647 208,11598107414767 701,0814124407852 404,31460560716147 390,95604782277036 85,85250336748618 5,445854521161886 0,2716216626758572 463,5982714471788 1,980672450446385 395722,7605730341 1
1565,9651737066686 32629,31045557515 2,0173692676732324 207,8651524984661 707,4959469541926 408,2217860569476 393,36154630897516 86,21928626855197 5,391591963037106 0,27250680506776 464,0078390579888 1,9912010286478492 393138,4138940616 1
1557,7629304602317 32585,73825412777 1,9951343392925664 191,96306067626995 677,3275908628846 406,67187284827827 392,02591082502653 87,85230868266714 5,370505116656539 0,27480925949228235 464,7058337675974 1,9920842052630745 398022,0595956656 1
1587,034305505583 32104,289978724006 1,9852844725848833 192,25117793274993 681,7600572735014 407,28445646357505 389,82600221257445 87,65391962878167 5,418195677953714 0,2718648644662167 465,0743459354641 1,991830546935086 395709,46234375023 1
1575,557816073831 32278,18806826561 1,9859005821685292 177,77849304619681 732,0246306738584 404,0340549783034 391,89389577663 84,32496988230297 5,412205758131432 0,27402947914237363 464,22773341067295 1,9945008131984394 396529,24388608424 1
1582,1777533949798 32418,74795049617 1,9930076375928243 177,99625779437355 724,6376901249374 397,6544865847591 392,04948718075246 84,17138366880722 5,450332013939923 0,27895604368089594 465,8423449169181 2,0060117469168555 393354,44249853125 1
1565,538995609913 32410,7966855767 2,0050815813511194 189,99894042423244 679,857221874814 398,62490573410406 386,34081961558854 87,3679032478183 5,364079469525197 0,2789449891844592 465,1890465983771 2,0042425236612385 395176,1047980426 1
1590,1566046271018 32458,309127903685 2,0142507732079595 190,819405118659 680,1392902861933 400,6923103475461 388,4363677427403 88,01992451305203 5,390778857545635 0,27887807714372387 466,425624445385 1,9868305496742051 395381,7143077585 1
1584,7784883811553 32377,20724019766 1,9910100175992098 215,8494722435393 677,9761477964197 400,2724366044162 386,5713816798552 87,96473898086006 5,428332829727722 0,2792358390275548 467,62433053419613 2,0159369951283033 397584,61423797143 1
1591,6790346396347 32274,871300648734 1,9980463804105328 213,76892056991986 713,6019648579512 422,9611195532635 395,0651988029777 84,63032853327601 5,404377421264234 0,2799646825728109 468,4184561104376 2,007723756044253 395064,0982436272 1
1591,3928116830984 32456,60708115773 2,0005263825831445 215,5020167288674 706,3944667682082 422,7216157825788 397,6134884162728 85,3084614468108 5,324457227355 0,2800791280963336 468,9602015303774 1,9994270409785584 397126,840305284 1
1579,8462900442446 32351,52651791006 1,9817487487179348 199,28606311131514 692,8929826359797 398,30557980201826 389,38949567679424 87,2458533382342 5,357142889825642 0,27909441345963365 471,2581155468247 2,0082896248757374 396365,8502287238 1
1582,7151533581068 32491,288303965855 1,9914301044460951 198,51592795829103 694,1340235756312 399,0798843004067 387,3337641505755 86,50472151711683 5,37792813710253 0,28304634910451665 466,2001222295445 2,0047424038775925 397618,04061011306 1
1576,0140555290866 32586,06016017938 2,0041114229439816 207,52299518657892 707,8046207101443 401,921136711798 383,44407477700975 85,02111486334958 5,411860984592629 0,28235891877374264 468,01936994750577 1,9988110456791985 396691,7620553683 1
1566,1712577416395 32470,17311838995 2,0079899871684828 206,41009624412374 704,1806755227664 397,73330616619165 385,66723102926755 85,42773042836212 5,3801633919452465 0,28080804335491927 467,600685376336 2,0016776450153633 391616,9279775836 1
1574,3678740576017 32592,67725200472 3,0255330527506574 201,78079161100734 696,6893011029538 407,33962654401176 395,96969089344725 85,39011944198835 5,415498209022853 0,28324709284683564 469,9820841945181 2,001370566914349 391956,35858768405 1
1584,3682379108855 32550,062033165053 2,98587710119031 202,27086894310187 704,6845670256564 405,21272309899274 393,99424470122136 86,40428987838675 5,397849652196688 0,2851077270660445 471,59491438633665 1,9938894925538233 391588,95800823724 1
1586,5438778956884 32553,422279379607 1,9856496987785115 194,87571222476822 693,0857913653731 412,0854403025692 397,81564374640163 86,10267765339458 5,383471710323305 0,28676727212707115 472,5807571596947 2,0067968141227572 399571,1703959127 1
1586,2973865019235 32542,008125357992 1,9949619343095946 193,6624090375988 688,9790613924853 401,49497651068225 386,54899934552213 87,08665456829476 5,425823371599336 0,2885734307284892 469,68367144747873 1,996382648513939 393908,30067585997 1
1583,8018001759892 32483,266182845222 1,9925144921306879 194,53562722431803 691,8679657545114 396,47303674038994 383,13929679565706 87,07065841872222 5,403621427026789 0,2862430752842547 473,2940657281219 1,9965730011177942 394104,62387127243 1
1582,0029072182656 32449,93744649595 1,9975025508168112 204,8581711206065 702,0225057714106 394,8862131657725 381,72696648785814 85,67459355321296 5,341228941217548 0,28789875218629196 475,2835178598745 2,004316061036952 393146,3295251144 1
1587,8964735340562 32350,01990497082 1,981013387059455 209,15737176330097 704,3377673389366 391,12713630418943 387,9067075388634 85,77057270385151 5,374936799359394 0,2876572591660109 475,36171220443003 2,0080593825890274 394993,974651248 1
1595,5192456257942 32119,16734814577 1,9893231684264774 210,89495444757515 727,0647947642698 403,2295329805922 385,1955359222427 82,75796410820804 5,3786222071368694 0,28844185711263004 473,4942755408827 2,0051018063651 390805,0069264383 1
1574,499034290694 32387,545346291194 1,989977489748395 215,86865756959062 727,0536433244592 405,56823060545435 386,56101905621404 83,64781217755575 5,436013803311308 0,2894098021533764 473,1355811953648 2,0019571617344565 391777,1185400913 1
1593,0434651341727 32254,734581926063 2,999921973616919 225,43962847685202 722,4511291599987 396,13062870474846 392,3109189436117 84,08891333460839 5,460125391101243 0,2868856677289143 473,92822894659633 2,0095536134682477 393608,3500963187 1
1592,2615943991882 32416,352294144683 2,9826262086197257 224,48869468470633 726,8984701049638 395,1823295229747 390,8565545825556 83,93442513015246 5,410622127714526 0,28853672427325117 477,0978357599685 2,0043568226867174 392017,7352765057 1
1584,810343785837 32259,395024089823 2,9940062033360717 231,38859035607155 724,3079960761281 398,4976983843413 387,3441206826227 84,01419216457452 5,385302431595579 0,2897604268567437 471,511099870272 2,0050953818720845 390712,1282807187 1
1593,9043719151782 32172,62440739721 3,006860470080915 231,12927692747465 728,772893790864 398,4513018576865 384,99624659342334 83,9084391655492 5,399718758874763 0,29177714849623876 482,06530674648616 1,989288362355082 395325,69879696576 1
1568,8053768791403 32469,332664933554 2,97818265437354 231,56928205895443 725,4921936493281 397,8281648186553 379,0248899108633 83,3251370937946 5,374054549414228 0,28992645370057585 474,7978512406709 2,0059980127087953 393799,5101147597 1
1582,148439227634 32624,796866577522 1,9934547931731759 215,58541580177064 712,7762680512805 404,3248094915078 377,30011018122957 85,45223290113542 5,398327823763017 0,2877876704426415 471,77018001658774 2,001437354434505 393748,78544670285 1
