Co2(scd40) raw_signla(sgp40) aiq(ens160) tvoc(ens160) eco2(ens160) rs1(ens160) rs3(ens160) rs4(ens160) rmox(zmod4410) tvoc(zmod4410) eco2(zmod4410) iaq(zmod4410) resistencia(bme688) Aire/muestra
2007,519892912382 31749,08758485311 3,019961074114744 260,41150659685536 780,7164439669879 385,8058927303237 460,3124672230578 79,80186360179049 5,374446744828554 0,08360313258185598 402,4744730014733 2,0016716381596447 506955,12353787315 1
1983,2439774430975 31577,568409518426 2,9848618741686965 287,17811847051445 785,4332564746064 387,36644655452704 458,06862182509235 79,88537292494301 5,3913083663404695 0,08352944040479769 402,24641085550286 1,9709359004928635 511203,025570244 1
2029,9564335918121 31882,293114914773 2,994707045426817 286,30496193405133 791,530595976897 397,54879760100647 461,37954121705656 77,917515453753 5,396036229539025 0,08304620417667792 398,40540455340766 1,9972377984580407 507752,43795091246 1
1996,380717482309 31752,769631633895 3,0053473114483262 288,01825711275984 788,878888014247 394,52923035687365 456,67466389390785 78,33692868702843 5,408897456805694 0,08276650365920933 401,1133955371431 2,018778980991059 503840,3563743619 1
1996,9342289792787 31843,661242264876 3,0220105875678813 278,27011805193706 780,4539314239146 382,7487655116433 426,76253551313545 79,1087575451051 5,387750495551234 0,0826416020002085 400,53444447686417 2,0061503818571795 508074,9118727455 1
2013,512698169018 31782,665988158282 2,9870670112270674 279,66581885100885 780,845261245187 383,2809240637122 427,7762570112583 79,32926180868992 5,414372690158905 0,09301846592890187 396,9991436510299 2,0040076595031264 512925,7725038166 1
2013,8438375855892 31805,612953663203 3,022371572312376 335,2770420276313 812,5507599378091 390,61101163052734 389,6328337616094 75,55664718997105 5,431729352066061 0,09340627954852909 398,8395675134426 1,9848222764978491 504056,2362384816 1
2017,7128746832484 31991,537002549157 3,0029785324298084 331,44754197474913 805,5034715732312 385,8196794419971 387,50557564811993 75,25053561827457 5,484882280352607 0,12472328371025825 400,09783305687597 1,9896633068593692 496318,9653920793 1
2011,787633540465 31941,799837199218 3,0213800409117857 312,15315296779374 816,1748548710444 359,8264364555799 355,4345446877323 74,62851607004269 5,386388669107362 0,12421836622584015 398,5688734490961 1,9979715207392685 503236,9589447309 1
2004,9642377304256 31673,81077643655 2,9910553637662476 312,0590941168548 815,555004081321 357,78640539319093 353,03059140484345 74,12669345601692 5,394316570722483 0,16238814725825715 401,055963224697 1,989265646026942 500826,07893867267 1
2014,3340322665667 31693,55146650143 2,9887098405543493 349,63560905655504 822,23024473467 359,83359809225163 354,88982188389633 74,9181105285031 5,438755948730028 0,16231411623020936 399,87148577531457 2,018843494804639 496819,92223887803 1
1988,0895193434328 32049,444955048737 3,0009665984168685 346,6200494037885 818,1120321970793 371,8675528640073 343,69084167276526 74,612947949005 5,417429738980561 0,2088188229727793 399,2618893532393 1,9947077244067335 493069,4857692572 1
2013,0321878809043 31894,494611462764 2,9833340608872856 342,96544135932663 817,6642289951369 373,3100361338402 342,2908555306921 74,38195030762802 5,392661282088736 0,20803453444658268 399,87843942220644 1,9907926881614586 499234,92770753463 1
1993,2340234531023 31785,50535269968 3,003375596647323 340,6496838899517 809,862396921155 368,0884812619683 337,4142237294505 74,8514805313891 5,421394119694487 0,2093636659769459 399,52946492663654 1,993828134092638 495332,78511518997 1
2008,5851015278583 31819,6544152203 3,023502471946291 337,6261762770077 811,1272222973746 364,5362698138064 335,93470477789543 75,14406624533754 5,459546761166611 0,25017934720135465 400,3095896216745 2,007676534635746 494340,66764024174 1
1996,0121540970058 31803,55462879555 3,0174564146741836 365,692292417394 819,0994544598415 369,88586772121823 329,2723782517159 73,14231341514326 5,40609177306129 0,25314731355452097 405,8211709984113 1,99848664367078 494662,83199606946 1
1996,6962714099534 31654,95257798326 2,9971675146049814 365,87281427051886 819,4084926670429 367,51957581679454 328,067603337857 72,33710702019252 5,416522424179533 0,2931610228710717 403,1448131157447 1,9987945131912388 494876,4486897518 1
2015,266315714356 31730,41521614323 3,006019238038511 334,2874273841018 806,9590185517133 353,41871803864143 325,09014242364225 76,8396782596478 5,39281847551439 0,29405976704765163 402,39159076738264 1,9964114455967263 493050,40272840287 1
2006,3530235134613 31707,788372556894 3,0271810680476032 332,3659516226125 809,05870100197 350,493443198149 325,909910743145 76,77860938799655 5,4501972069900315 0,33070115768558833 406,8581611823599 2,000052406532559 489149,9899340132 1
2032,3820187540452 31722,059238767306 3,002522900371699 340,7613264331368 806,6540285589845 353,50039558192793 326,53545591636396 76,60772396116225 5,406432478434147 0,33468668932247303 408,3179198357036 2,0125443726719783 489884,3290247227 1
2011,757960160514 31508,48867267387 2,9996287427242425 343,6056894345498 814,639887242782 352,68681623618477 327,12193603114986 74,347619465942 5,400175182426995 0,3653560305554814 411,6131979561226 2,008803571097441 489651,60534952517 1
2016,1824177755088 31789,74348795143 2,9844730835947 341,69465564052945 815,091079072523 351,5117891899031 325,83722365254977 75,09220402461345 5,397138987748218 0,36485050397564306 410,90003190900933 2,0015775988480087 488524,5903782578 1
2023,1666722649773 31639,084143026095 3,003165319019253 303,4144139580749 799,8986652565217 342,3149786263644 322,4185234641524 77,32572712010096 5,422088473028968 0,36370380456301626 409,18093009984574 1,9994405333611505 489350,9447148275 1
2030,6648148127767 31669,608947460616 2,9909735532494732 303,3254636855355 799,6026709948447 344,3332551844737 324,0498446207739 77,88847284161932 5,4204288041740565 0,39495507856548584 415,47191868201037 2,003947931684459 489674,38189082115 1
2018,23246355853 31640,701745077466 3,0057060052942255 285,16547513156655 789,7043236821637 361,6078179428699 332,3753669717842 78,36984653336367 5,44165214750879 0,39571112746734366 412,6704507343952 2,0015548158191083 492900,47082996357 1
2002,7981199752128 31696,834938529602 2,995549084181738 287,863893081288 790,9017671127148 357,8306160573038 330,2372140350206 78,21527100715389 5,4030762190393675 0,4230254452126476 416,7623066467261 1,9841500117002615 490689,57220308366 1
2026,286159992181 31875,64518538818 3,00024062092177 284,06890973911345 801,7177211324159 355,22011845003055 331,23913961438785 77,37138933123781 5,3675901563018735 0,4270910318994787 413,8229313457695 2,0034985195246535 487780,4651126693 1
2027,079683740373 31665,909603712353 2,991982785596446 283,12024647172836 807,146874338578 356,927529874694 334,5920958896064 77,45369669413101 5,4087819436027615 0,44836011349364163 419,7249197100637 2,0016542451758013 484204,4304199272 1
2026,130566588735 31812,604187245375 3,0248056197492286 294,06967865155787 795,7479484168819 354,23758427835344 334,8343414805972 77,27135508243643 5,432943646455346 0,44975927871885535 420,0057792706747 2,0174306434762803 491618,8073607186 1
2038,8956180700545 31798,034536761563 3,006424879934065 292,6133748169994 794,3401584708466 369,2974559950082 335,5060519099853 78,17520207002194 5,405985390236489 0,47495621826139583 422,8880833542236 2,005182721835815 488125,1874034133 1
2024,565997685705 31759,178334152126 2,9824728922089467 290,23389318806545 790,9904488605849 368,6387416010862 336,7735232684188 78,10781351701851 5,429616786521866 0,46962583558022875 416,4840075728564 2,00279602922568 484568,411137117 1
2041,5244463532636 31450,18679185943 2,9929442346962096 307,6949149070749 801,4658843920147 370,16376993748196 334,61543413531206 76,5633352973992 5,433823514548556 0,47410712514619197 421,4930661641431 1,995910954063786 483532,5386121936 1
2014,3876400247855 31650,851494076927 3,0144416728082497 308,88049048832113 809,4952559365913 371,8681120534556 333,5946353059088 76,18019383158966 5,423740044052646 0,4904968684485086 419,30534634129594 1,9966705147919646 481162,58895336464 1
2018,7134369724984 31668,268954734893 3,0051067566536718 293,33307354367565 799,1874391475725 355,95727406188337 339,1581326417392 78,86405408451155 5,4320153450667865 0,4915523345070578 424,45952923577187 2,0090265499849482 483292,35114413296 1
2033,3418300924336 31725,826211460408 2,9860265257374623 291,77417153781204 788,4432959041909 358,4116924683579 338,0699899124865 78,44788176578136 5,385142955991525 0,5116835490660084 423,1211810542305 2,0091174804458993 484470,39731158665 1
2023,904275827223 31753,676066907057 3,008116162475372 272,8494443875551 768,137441413266 364,78738837776905 351,4610306447917 79,17672934429137 5,394144542487437 0,513069205818165 421,53157413577645 2,004595815889498 485505,2750985881 1
2015,8210345715233 31617,687020570695 3,0009879033060414 269,9605270301064 765,5705616786538 365,17036063557134 350,05250050989883 79,66871114294399 5,443337522156057 0,5241817078732145 425,116580913939 2,0062988034023324 485926,3270153269 1
2049,399685478137 31701,397157811167 2,9749003846696103 272,3822380192624 769,986368006953 361,10952921788515 355,61484903433035 81,09501283943187 5,393034233211471 0,5281611389031593 423,11658550820283 1,9973881098079378 483986,89801209996 1
2021,8619719686126 31439,718929916195 2,98943039915216 273,77817387986335 772,8719024194435 349,7268384459727 336,03876069743507 79,75873383826435 5,414710454103523 0,5393538909554034 426,31389750158144 1,975443458159347 484771,06171581836 1
2004,357954379512 31601,281079927103 3,0211259239199397 270,2171363185773 773,2975172237624 344,17449561447665 336,18125674431286 79,57941102700337 5,413836443121877 0,5421297575697708 423,3030325308776 2,0070544878928094 482419,75545385265 1
2017,49674331216 31867,4611619816 2,9985142206878286 262,5970905008319 766,5942273766087 360,51420360465767 346,5619029033209 80,95861609948598 5,399751001080449 0,5380340951315353 424,1904584115725 1,9866361328065885 488062,9504144212 1
2022,5071999930983 31519,08418013625 3,004143975180384 258,62513182591414 765,4154743928567 356,17667798584534 344,7123702127469 81,02630197525363 5,417039742990266 0,55632326199352 424,37695808722583 2,0196540071892715 484821,63857784047 1
2029,526840961229 31708,656619368772 2,99686386069397 291,03384259451974 793,7623953710872 359,756132068397 348,9530766866922 78,23297404853378 5,401932200204724 0,5527689939337324 425,114560041096 1,9918980249005467 483886,3974243873 1
2006,4996229097046 31730,791577511554 2,9893751528390755 294,55699696220967 800,7367365809846 360,7952141480744 350,19339195873084 78,3081626754039 5,439758727702856 0,5624981467863807 425,50865788525414 1,9929540474553502 482177,2809180853 1
2016,6386049949072 31398,979170539344 2,9955573036181833 262,50527047920116 763,7087395166117 362,1782353403708 349,6860378217094 81,03746145022588 5,43848461217318 0,5599128911211092 422,26065718757536 2,0006274073132637 481874,5034170301 1
2029,8569154271377 31377,17328184078 3,0139057277158745 265,1924397256236 767,5093196193911 366,7023417929713 348,35384600307134 80,26373527699216 5,3958099537881985 0,5761322369679699 423,38610905583585 1,9818383884993145 482657,0910610988 1
2039,1645823475822 31544,35747456598 3,0009435153829163 272,8281729846021 764,9500237300329 362,5052986161682 349,88225648638354 79,87079372013872 5,4328464053853525 0,5714768314230915 428,9566270509056 2,010207790124509 483649,0121715406 1
2058,5608255786624 31462,907241982244 3,00281780897362 273,79054233766726 785,5676504701273 355,54165802757507 360,87228865792855 79,46631796109162 5,428118736262623 0,5821556744228937 428,3467608355908 1,9903608660573848 483454,3691767188 1
2033,8406222818808 31835,777267227768 2,975740494581962 275,84354312004916 775,3355121444885 354,425792688493 354,3280338059087 79,60148627159248 5,408731072567566 0,5754004132308432 427,25776979544366 1,999148044338907 485851,85786781245 1
2041,8112863640747 31688,311972418374 2,974020061712154 267,1718026209352 784,7703858057907 365,2468687309145 350,4570737297188 79,37092377123435 5,423407067062218 0,5789504497056234 423,25252194131707 2,000103301584916 489356,31944899564 1
2047,6584192695575 31858,13291483553 2,989714731427087 269,03135779471745 772,430752457756 369,0038101067391 350,03424116619874 81,36234666198635 5,388856473234256 0,5880117481948727 424,6323154443211 1,9972869186016802 484767,96476060926 1
2049,270354165025 31714,15556456036 3,0022515497046642 256,83212901226057 767,230534923813 365,7568873448027 353,2066246907058 79,68483382988136 5,440540270787267 0,5823667757547687 428,571480774877 2,003894019899253 482126,9476738189 1
2046,72363788286 31726,276893665712 2,982466468279622 254,72849085998257 764,7519923703817 369,58159057153904 354,2220460997284 80,00170896827072 5,434877328333953 0,5933065844763417 426,5055940956388 1,994288024888911 477965,95689083566 1
2044,2098078931035 31278,134677991395 3,0146410997945017 267,4489838063215 768,6022617945407 367,18581825580594 351,7216037398362 80,48392965462091 5,4145001730147735 0,5879646078186159 426,65898745260904 2,0117110420669064 480870,41478656913 1
2050,007517257741 31460,06888159151 2,9874773017774015 265,496171152974 774,531072625562 367,7144999882676 349,7076648984578 80,07281152501731 5,408169692147107 0,5944451467871774 428,731424813768 2,0026338324320445 476586,25687999825 1
2056,7238323062907 31673,923697113358 3,0106706320299943 265,03195409083554 774,0482302728159 371,6034287084357 351,5265502353373 81,19737071700814 5,402955199609968 0,5969210912279409 427,8712693199919 2,009142359385351 484168,2808465048 1
2038,9164945980122 31540,636813425925 2,9920639188868243 266,7891417399818 768,9582740618489 364,97469841324556 356,752417855821 79,70471711743659 5,426368405877411 0,594792281661022 431,04473378585845 2,003208370034901 481096,03793867625 1
2040,685537344718 31763,673359021577 3,0139222098039085 267,829827554396 773,4497798189863 365,311475277064 359,5281603072779 79,73151097862392 5,433073376036304 0,6004773774862217 430,4068968882445 1,9949196712645894 481053,3497289458 1
2062,236302082147 31478,846179430915 2,981304789080477 278,6927424413136 781,926501316474 360,45702128391076 357,5080648052587 79,24480342297568 5,416944190180972 0,6015578331569171 424,9446898525992 1,9971058810727098 481490,8226511994 1
2032,9239582692717 31507,23285999138 2,9874073797828915 278,36805372663645 772,7329109649787 360,7741983421271 359,41210128277584 79,55794947378543 5,4145750705265225 0,6067590486447423 430,7131401595481 1,995698572341948 482279,1926469019 1
2029,936558823066 31563,73101449159 3,023596433512415 242,51458195373343 765,9813803629984 367,1738117289898 365,6502131548214 81,55982603839904 5,411472064977201 0,5978523375852414 433,0035800832549 2,0025949950579878 482573,9294477458 1
2038,6836775144398 31576,088685963925 3,0353462932145243 240,536922976816 767,5092241880469 367,8293735317487 362,1727387400797 81,1035532784939 5,385096669917781 0,602767815006178 435,98942039543414 1,9813719761861999 477439,2848201705 1
2049,5822526050147 31416,7914645074 3,015815456666271 269,0812576805484 780,189166397222 355,2770939969369 350,1506658196329 79,20465534098507 5,395462850693391 0,6065909456128052 437,4618607787814 1,9866058269256721 482362,03234721 1
2045,088892888006 31426,225118397742 2,999261741219713 271,08658218114533 777,0372833250866 355,40293457764096 356,2269172410504 80,38505768815378 5,41487826195053 0,6064498263719824 442,61608358054366 2,0024701834697 476949,34332896234 1
2051,817848639993 31322,461297442747 3,0080989356506285 253,59577732977223 773,214328449749 357,4842961194698 356,8259616086563 79,9305128600714 5,383330580465159 0,6063431203972586 442,1290709354017 2,0018529561967213 473479,90394635027 1
2038,48598051997 31564,387217557043 2,984858149239917 254,73939241960912 753,1543296021505 374,84131519301087 354,3350290121618 81,54473899388677 5,450119433010342 0,6088109774672447 441,3950756175315 2,005392366241543 479571,2157885754 1
2042,8233028184623 31594,74877738699 2,973212627500096 250,86619102997946 755,6637440417882 372,8771588111933 358,1162923473595 80,59305130696676 5,409218181312186 0,6111442848217868 443,91453646737256 1,9987688993445016 480319,314014953 1
2047,0604839253629 31377,81875625761 3,0264158316249006 270,26335838322564 770,4945282338604 360,13997312387835 358,3199263657292 79,59137021673529 5,386725294782915 0,6006942711673389 442,3177906802937 2,007537306046541 480112,1875014811 1
2058,5313433928695 31409,135329227767 2,9970885767569926 273,0035496274889 776,1166327395854 359,21485398660417 356,53768063081924 79,66630217818702 5,423127784137616 0,6104789856260989 445,49209583181795 1,9911775180816822 480328,5207313016 1
2048,0456930417467 31789,836072783964 2,9925110238545636 273,28979248153115 766,8970588373148 353,2692586159246 363,4205606978136 79,71073028997756 5,439549570285629 0,6103966105727683 445,2679448443729 2,020188898857297 480313,00056463695 1
2052,7697286602825 31692,996016014302 2,995304362032574 275,6866791929174 763,834538706005 354,78966326486443 361,7208946152384 79,53085436437898 5,411275129820395 0,6118306445379521 442,68947356549955 2,020954824481549 479344,82749894203 1
2034,548701863046 31587,58359472495 3,0143251162934095 274,10470104788493 779,1190554444909 367,5767120329574 363,5748255905766 78,76290972246107 5,411046018958055 0,6089717289703072 449,68049514257183 1,9951092282101874 478877,610381839 1
2058,5813022869897 31560,1627091533 3,0163259333297354 272,84921421662256 781,839470002408 364,8444498018823 363,02942137505426 79,8301775434034 5,4049019184881075 0,6064255637769425 450,76357858597123 2,0106473266762936 482989,5938314258 1
2070,52430734302 31448,459254383593 3,0012737562934952 279,07309140771974 778,0693447661323 365,5808968971269 364,3904447878299 80,27876808204186 5,440396918366938 0,6118997941262524 452,85357459061987 2,008941747094718 474870,31672399427 1
2032,087367281955 31666,828543119722 2,978622870881887 278,86194599995116 783,1236597709268 363,78841643255225 350,466422832519 78,89759501948313 5,3741115194369655 0,6076483867890468 456,9567069090043 2,0195505563730514 475570,91221329063 1
2047,3713133394708 31669,884737338245 3,016281362563847 280,1680417271059 781,2724908051366 364,50009293379645 353,044212214831 78,70706352943589 5,388802579476937 0,6068661562839331 455,8907522118695 2,008171549443658 479271,30221941136 1
2063,6032632419347 31864,116419010905 2,9919268382474185 282,1232338147684 783,0164464215078 359,5691978863224 358,914636862157 79,00943271209412 5,401757912933735 0,6085980816297872 458,9317071520837 2,005409578879395 481205,3139280959 1
2047,5609868338456 31333,76934510754 3,030378221964804 284,02384109929943 785,9085371410677 359,0374789079726 359,13419757606067 78,86263230000563 5,399573375421417 0,6083937207763416 457,9271041736329 1,9984383024882133 478857,11519030767 1
2054,197395490766 31457,018522938393 3,014699784128908 273,3481992764359 784,5995450366047 353,0632172324563 355,9917837897556 80,3235881990049 5,407435111495509 0,6057835239728407 454,79295140180596 2,0006526461144243 473447,4283288602 1
2045,3445876993376 31510,03810847483 3,0135928432448793 273,62499971422466 776,4584160227508 356,133762339995 355,29176575673677 78,96252705315996 5,399084388635892 0,6072308847119117 458,92924406051515 2,0025072086706293 474991,7460307398 1
2039,0801803559323 31667,94758830209 3,0150243776817893 252,46823561148926 755,1646927117574 361,4998920956121 362,22743913635793 80,98765576407227 5,4141403218745205 0,6063828556113529 456,3454622021819 2,010507184542498 473798,08763006213 1
2032,8617545940585 31712,273409409838 2,99171495678653 253,9556829859349 748,5813568395203 359,1511992245231 357,6639535923499 81,05921767881505 5,4100892202324165 0,6083999641060994 460,9752039377609 2,006154289756784 476408,2848860041 1
2075,245313341547 31644,33801616718 3,0277807518308233 273,3244909795548 751,4036793276622 358,85532538551575 359,7488979237336 81,9624545258968 5,398724377393181 0,6068662205535188 459,9400310276211 2,00393837478154 477930,15965345554 1
2064,948432140168 31578,06674536233 2,98968803390391 269,6227931418572 772,966296259519 369,2527797067254 357,8044651412763 79,73576337796652 5,3876051086940615 0,6102056301745127 466,44740272550507 1,983701251559859 479908,43598085135 1
2057,0979517400715 31513,188851848958 2,9993008868714446 271,532755103148 774,2325328310432 368,7263582362736 354,82262961884214 79,53137461289226 5,413072219112757 0,6088384888620302 465,7996563115161 2,002375388154808 473465,1318473571 1
2055,6818134230803 31434,43814258666 3,043230692967708 270,0970538416166 774,6515626487492 357,9255300947658 355,55074696285186 79,84762515700255 5,419658693484665 0,6071342269160974 459,3485346398018 2,0011742823041607 473456,50049858756 1
2064,2526335614775 31562,054633541637 3,0135144521511954 271,3198172965252 774,4820437372927 358,9044438663728 358,16227600359775 79,13926515453012 5,343748549140052 0,6115944657100294 461,0969021909353 1,994791463669692 478105,8730015627 1
2046,637225756459 31662,16747878257 3,005476795870553 240,48235291394425 759,3086507947212 360,9388739888939 366,2296699885958 80,44186275147703 5,442034116157224 0,6077423908539675 462,4422453895346 1,9845669414121194 472232,37380409776 1
2030,233192907479 31389,03520770297 3,0232735490936355 240,62294964021956 758,63733969643 355,97256702127123 364,37455943638383 80,60800458709076 5,389820184730641 0,6123172607635632 463,5993895616202 2,01340461537765 477467,848785667 1
2038,1529221435887 31658,782256067207 2,9940698569040536 255,22145286812537 762,6164939800104 369,7521172464463 364,2463533428485 81,11324108981727 5,423229351450236 0,6077948586295303 467,45282101002397 1,9934917126945366 468790,6890255162 1
2045,3318044514956 31588,627543570576 2,988623858659508 256,47375525458887 759,0683175670432 367,77604242027826 366,6613864738911 80,78996420247512 5,415935657884196 0,6085115138924261 465,7563836873353 2,0012372406829777 472560,52651667205 1
2044,5807399283067 31680,438610211888 2,991296958666796 293,445914082215 764,0525638556567 364,0816193461077 367,23032681627836 80,78970205036167 5,379615282020006 0,6059597685395289 468,47595628407 2,0227827605957747 476648,43357069953 1
2064,843901235095 31582,598292357823 2,9863229822064197 295,9288729195298 799,2050305398376 364,70611432120717 355,6581803755081 78,30846295677694 5,406630182065096 0,6059330942484678 469,2365662453673 1,9937372418613006 478008,589547068 1
2040,9613986696872 31627,5391689869 3,015243903116995 298,2584963433947 810,0103899855274 365,3320901107761 360,2663146460157 76,84140189729595 5,389494704023878 0,609481599842581 469,86454491451235 1,997654717981354 474449,73846974835 1
2051,872659211075 31683,524086318233 3,0082195851550226 241,94317766838893 751,9422013678588 369,2250947641637 368,54422849792934 82,00433981279566 5,421194506742514 0,606114572497785 468,94795125736346 1,9932675395245758 472704,3994492259 1
2066,578221937856 31681,543697810695 3,010827547452554 241,551815459471 741,4827591569007 365,60444824218604 368,2800817209133 81,90488916726693 5,38644678876606 0,603586890636714 474,2458372181498 1,9826758147256576 471964,4366446239 1
2056,6961990850023 31717,02586411639 3,021968356121758 238,28945564025807 782,7590047274427 370,989453059581 364,41891751247226 79,13112161458822 5,466626644844809 0,6100614801836589 471,9480944047861 2,004444557718531 472435,1570600029 1
2037,2203808738846 31580,773922024637 2,973179182148085 238,82247602623752 786,5583283275937 365,65311343634437 362,70662349412277 79,1326323218944 5,421963852843135 0,6090547388319963 474,14008671142153 1,9940069860161753 474422,22557000077 1
2045,7906660935757 31920,075888672338 3,03590823248723 262,64555096219 766,9178595753116 350,7019746758843 359,9276635257053 80,47075369424756 5,438564342256715 0,6085866923201706 470,9506662798405 1,9939051986558483 472208,2968609094 1
2041,0738219022044 31324,619879239668 2,98857047375986 262,2783731583048 766,0626429564709 351,8954307888353 358,9751854013879 80,91274366294482 5,423301119725815 0,6112994901078668 469,44532296595685 1,999913367470479 476204,59957763815 1
