Co2(scd40) raw_signla(sgp40) aiq(ens160) tvoc(ens160) eco2(ens160) rs1(ens160) rs3(ens160) rs4(ens160) rmox(zmod4410) tvoc(zmod4410) eco2(zmod4410) iaq(zmod4410) resistencia(bme688) Aire/muestra
1903,6187721120543 31652,889919760535 3,0124297750190907 310,42875917484065 806,2413396980858 344,4979100533612 297,16572587928283 77,99115045286591 5,400838137979684 0,5950684401977955 414,104864391206 1,9956189455646374 497223,4169818977 1
1894,4531567037413 31739,959932555594 2,9859679817890985 312,93979024229844 810,4064524633955 345,7187329945096 316,0789071749489 76,85483159718076 5,390700319652721 0,6099756319916667 414,6344044045749 1,9993054448990157 493738,57184627024 1
1898,5949114350042 31529,447415172846 2,9800932019751283 310,2116645478294 807,6480709321252 342,25094056491923 312,3150344622873 77,07548774245573 5,386121408832438 0,6124964491894587 410,50252772471106 2,004049515784303 493052,79971642763 1
1897,0335618930853 31801,960043899948 3,0186587315451052 298,46387609521645 802,5408719179607 354,0231676467597 307,6901940388913 76,51433303257065 5,35726642025696 0,605171164321283 416,69698309300753 2,002834215334143 490479,1482031521 1
1892,8838664033942 31748,531960019824 3,0127641938623597 298,5459689004444 803,3147964251631 350,5872965063318 305,4353434341759 77,53288364401972 5,36401943775462 0,62539247133564 416,755053559696 1,9930741596810446 494926,34853963135 1
1903,2643051464663 31627,044537658294 3,0032072331753503 294,21878937624706 791,6633327651118 350,03403254049175 311,3583349968952 78,48662978416891 5,428070361765662 0,6277432284941686 416,38799806633205 1,9951384990747516 494230,3462842915 1
1901,9374072569403 31708,167822477488 3,0108822369655686 292,70538012971343 794,3988178898394 350,22752039377855 311,73152758661337 77,9445238926404 5,425327395231422 0,6423574209858033 413,6120412492838 2,001084249791898 496419,20357886277 1
1885,3230963852022 31710,762341458667 3,001162825853787 298,8941336617162 801,2436738638355 361,02459900093965 316,98763232954286 77,82981294855213 5,439728887346599 0,6367561876749354 418,45717639368985 1,987918181391239 492885,2147590598 1
1884,0240044343127 31649,25662299128 3,0143211299308197 294,5499031935783 805,1130947602635 360,48398116202617 314,2658686902376 77,3983355946281 5,4345775238560075 0,6511150611820539 415,6583920787062 1,987053919214512 495814,5536770368 1
1904,9270521825679 31696,270192286993 2,9974532344587224 291,2034948247415 801,0530984140196 361,9311038990822 316,73600478435554 77,77761277368214 5,406457212049144 0,6415140737371671 418,47419284132684 2,0113648426870134 493017,771139021 1
1918,228476875358 31920,527819440238 2,990844000588626 288,67558469717505 791,4790876329849 344,63519601940374 318,8957944578269 77,78257527037857 5,41366729997302 0,6624345687345728 412,27675279120604 1,9997832733338337 489668,66725153755 1
1902,4045717875354 31503,451452612662 3,025605659799292 293,0659643677611 793,3138734097582 347,64528272284423 322,6189117222411 78,17369234780627 5,366133437061127 0,6593816384394406 419,0875274136812 2,0067998615069738 497701,4867085897 1
1912,1238451924191 31515,339256955478 3,006748229781835 278,7703826832142 775,5037727969435 355,5218527716542 327,3474799640091 79,45595256472636 5,403708746671827 0,6603672212045358 416,3547007437837 2,0068880885569973 495672,05108232587 1
1908,504823073522 31479,870466864842 3,0362099704911314 280,5866725728779 776,8422099045761 354,91365352394007 325,75477950825837 79,07280466589214 5,39538502435185 0,666958965369256 419,8912822338088 1,9936347659716063 492582,14242838166 1
1916,933915837311 31502,914878044663 3,001380983871716 297,0702492566972 801,5399306906353 364,8430075412656 325,3971633563825 77,6719531552737 5,416149563042644 0,6576788584408343 417,3169334798731 1,987110107707362 488724,67709233676 1
1909,1415060682134 31639,272030783544 3,017866472422626 294,8399676079962 800,3390732327509 363,1357518643592 325,3808699426567 77,98653913245629 5,417606906426209 0,6705471646077581 415,0698377772086 2,0096045624013947 490906,5011957752 1
1906,1165633605128 31599,17569680114 2,984946171223254 308,43954022370775 771,9071380619845 353,89926485950355 328,05137867641514 80,36891904557638 5,404546874480358 0,6769279266151358 419,8707812312555 1,9889038676640383 493658,10827691376 1
1934,262731002889 31573,834341535086 3,001701076423525 306,81167385793435 778,7642254907826 357,0225261364871 332,2276700000446 80,15955462156082 5,40826587718634 0,6759626266750585 416,4969382050134 2,005836637167633 493503,3096517248 1
1898,6447831137084 31723,19769124636 3,0139696627500125 295,21063487981775 776,133550364116 356,8405087131784 329,9621832064826 80,08978790630651 5,4111958731689915 0,6726709294145448 415,8331750247662 2,007786959455342 490021,07797982416 1
1901,3677730258553 31649,690384372712 2,9800182853112904 295,0427027040093 793,7709753772807 347,8460370099879 338,23255217004896 77,76623209689015 5,442363351175497 0,6839016442780478 416,55967815806446 1,9981687801070875 482528,12627114396 1
1928,4322992394223 31431,89537500723 2,99748643981611 291,0535175902122 792,3956835513745 352,5853588145951 338,02229677480506 78,08568331713143 5,4458269427734365 0,6788943728018293 417,3304551065348 1,9985328186597888 486964,2437895315 1
1916,8111646048683 31357,67076512437 3,0232111234659325 266,034047274783 763,5806067459531 352,4231971890347 333,26647768049884 80,42830446672485 5,410725045819038 0,6791384641724543 417,60743730367716 1,9900644051136727 485551,9419747404 1
1913,938966683508 31536,852237606014 3,010487524363138 266,48963288616847 766,0560476735166 350,35032516470676 333,60228766915856 80,32263507748381 5,445637803143449 0,6824838483627259 417,6153127853145 2,002140373873695 490785,37641850056 1
1923,9053213598484 31730,191071759447 3,011031889678911 278,4499297089106 780,0121806861599 351,82087310413084 338,4942267737585 79,24157975386922 5,372413048965348 0,6801008206107255 414,8509193512243 2,0126979177300433 486383,66796153324 1
1915,8759642546509 31613,951050266267 2,9841895978050452 280,29371850942323 780,4877880589082 350,3759750012695 338,2261620586488 78,97892957807477 5,451389708193047 0,6782773934247514 416,7506784380407 1,9980974817376604 488093,27684738865 1
1900,6608689971897 31641,506746675474 3,011502180571768 260,96660705251327 806,9717560371164 360,44152789504085 332,6967771632922 77,47204897215974 5,368419753088078 0,6863949417902298 417,10770538177457 1,9966507976716108 483413,17775881884 1
1920,042645920836 31516,509587308443 3,01252715107739 259,4989392875704 794,3103605720987 359,06608543680846 328,33046265454266 77,5961522614435 5,419032767276666 0,6784548138473063 415,4993972692515 1,9891837087217485 490159,568076706 1
1911,484028454093 31612,31557720895 3,007113699362022 270,40660722269087 802,8868689727062 360,6046757967283 328,80747451364056 77,37733926814694 5,403371615518723 0,6795630117346868 418,68268451097083 1,9811096529096026 487832,7863245273 1
1917,9733207148165 31591,01359173241 3,0110152386171514 273,818028671093 774,243010005858 356,8269528374048 342,26934368167804 79,50621734546495 5,39811998124508 0,6837048853468838 418,68384040139887 3,0077505077388684 490451,4682798621 1
1920,1412817807445 31352,15996004273 3,005482923272027 269,70627332321584 773,8984828608194 353,6372608629843 342,0256725926504 79,90937110495837 5,368525368291039 0,6801696809308028 417,5432219858427 2,9975144389668924 488150,5057484791 1
1908,4034967039297 31735,027974959597 2,970472084539304 269,8582269239353 767,3897286272754 371,0799798473136 336,8138896723446 79,17606487968847 5,433704753080433 0,6793754042495119 418,4451814906194 2,99550411750186 488416,50276440807 1
1929,3729720181504 31550,933536221968 2,9668978560144277 270,0165672053082 775,9497554227984 366,6622920858279 338,07901592551895 79,23915774135202 5,37899949508653 0,6856291768112259 423,45728064886265 3,0038177735868787 488988,99468539486 1
1920,8283693120472 31682,68890041366 3,020658074231603 274,6752005495816 777,0896763027031 356,4375720657155 349,1998755897552 79,71655306628041 5,406699330444053 0,6834835613903021 417,95933540766555 2,9857031846132873 492277,4707470032 1
1928,7646124137038 31477,96732254205 3,0001668554656478 273,66263139025034 781,9655996496668 358,28242956870133 348,2141811619211 79,46854801384934 5,420594617593571 0,6879321867638943 422,4115580722292 3,002905710206151 487313,9142959614 1
1922,3487586595988 31768,039928220183 3,0025491758465805 248,9436774484302 784,4583684877271 351,8819391058211 343,8393140303573 78,69785289559614 5,394775727758574 0,6822244157556391 422,05247621240323 2,9935305006707056 486256,0448649424 1
1929,7013237946885 31435,390549342144 2,989344866154966 249,45998367724053 790,4827541308425 353,1945708659997 344,45690850513097 78,60280237200904 5,441850363719744 0,6849706657785288 421,93702753221595 3,039578028532129 487538,74018957996 1
1929,905806928483 31867,865854540156 2,971764390927734 265,4618179793055 785,0276559700529 354,0156744403665 346,6067174893461 78,61513138011155 5,4322125766202065 0,67908416531717 421,14710839279815 2,999977703200491 485700,23100246774 1
1932,453192422924 31667,297747039032 3,0073747432108515 265,23976561920193 767,7453577009261 357,161891846749 347,60720856484824 80,14357549827935 5,399920452144058 0,6821828916773032 424,8976976355393 2,9999618768836798 490074,36151720164 1
1910,282802846287 31545,753939055496 3,020649757106132 264,92789368314504 771,9996095117215 358,55684484687396 346,40361333724934 79,89968342554697 5,424664734330332 0,675948389503466 423,27706291998186 2,9953869112876497 489848,94078461535 1
1930,4237409287316 31753,880429967758 3,002444755482345 290,4107993039851 794,0066321175143 351,7790526423471 343,18432448297466 78,2567281843425 5,393974726712394 0,6791902026908962 428,2962793114833 3,0035099688893023 485992,18521352863 1
1932,399916242636 31713,54130282784 2,9875415286340172 290,4831968981019 792,0503493679903 348,23756043928825 345,4346835196318 78,6089909798295 5,3820954746911776 0,6823339178465898 427,89995176238057 3,0016750841980935 484037,367199838 1
1924,744060344134 31539,188778936637 2,9983418037277128 269,8181767471657 777,5815410285675 361,34062218699296 351,44151019749904 79,63072974308619 5,428557591575263 0,6713158397061924 428,81561210521113 2,9970547243940686 484775,1914873147 1
1945,3900493093308 31932,517176218593 3,0090410043107196 275,0622990910498 771,423372874477 360,40641931522975 352,3795470086833 79,92052374156192 5,441929841503334 0,6689223753081082 426,8499803576997 3,01035756625184 482709,00368225767 1
1934,862727682805 31723,275041658777 3,0220517763885058 258,2856274228996 774,1224048971509 360,51615316838485 353,0001654442994 79,22041244766336 5,406317542939588 0,6732359801076919 431,86696287600034 3,0132029689023954 488359,9811754563 1
1921,8734466072856 31785,47301922306 2,997600692882672 255,92483481056192 771,0642734907143 361,1657656222003 346,2441274196 79,92744994265908 5,40727633120016 0,6699453864241851 432,576259395731 3,0024454416496296 485201,7314926143 1
1938,8653805468027 31541,74155554454 2,999495388807942 266,0416428256686 770,2163159671607 358,78389941000444 350,37632050415453 80,37989493820997 5,395545452483153 0,6772767219729452 433,5728553229617 2,9905274325453486 485900,36703236314 1
1948,5322431124864 31774,026178576973 2,9801405496958573 269,80097148116425 770,4402657227967 369,0617684091315 359,04972180457577 80,56850013641134 5,390716702040395 0,6698704998976562 436,16627730819175 3,000396297770842 482439,10919413395 1
1937,359338980095 31919,650997159355 2,9865250518991435 265,9378405953364 773,3630829469909 368,1111718612727 361,99453791175443 79,80051330749896 5,351926553099205 0,6710660767516154 438,98359123716034 3,002668474487038 486604,81012783287 1
1953,9409181110714 31665,531532558485 3,0031080323503314 257,2591367508554 756,9525643705382 361,1515137306061 349,46802334760406 80,46701453144952 5,392858808761614 0,6641339210970438 435,9800686603393 3,0123748503493126 487238,8592770836 1
1947,477495209332 31517,11844605422 2,993429098016981 258,21513187273024 759,6087085317266 360,46639791623716 348,29605512039836 81,37467298562127 5,427567737205272 0,6650717661186686 438,9681559133717 2,9937767478165584 482133,85980807245 1
1938,116450330881 31877,840315033558 3,0143920282272028 272,8539555033837 778,3704656714548 359,03159446298173 347,57486918635277 79,71122759645964 5,3640011116581805 0,6687614849677692 433,52955259518376 3,0237843508736493 479759,8872686704 1
1967,103058041172 31353,670197023137 3,00228460129514 274,2783462986144 781,3898647973415 354,7007699138273 351,3783017443129 79,96845498924593 5,4058189005214965 0,6634333996228822 442,4309489551066 3,000343007479938 482361,3731062909 1
1946,8085043284982 31382,62030517558 3,0031323552101115 288,3282967053202 799,710317477575 363,10444620180675 355,85487402035 77,70606719272547 5,397068921096085 0,6684268565145516 440,1508670547881 2,998415986856454 481546,99086526054 1
1951,2228070227322 31726,40073220433 2,9705059624099226 286,4532915537203 796,9313896502501 361,68917355572813 352,77626210767573 78,54611758565318 5,405111263631152 0,6660654412841815 440,3525385218609 2,9995408307466276 485375,3147860528 1
1957,8201654738352 31490,066853842574 3,0111651029515065 245,87807822991815 798,8370080369443 363,08591601990946 356,67362699794796 77,72221436121335 5,386526803185844 0,6659207004891209 441,21707378173 2,9776627994870366 486396,0432695525 1
1953,8052885205307 31393,10340154479 2,999125079614944 249,5089258111003 745,5574993746403 368,0325154293378 361,003267325211 81,29786594130293 5,398081982766122 0,663021687382759 440,67626745045754 2,9919748162525 485447,1290888069 1
1951,434803265941 31750,7504428835 2,9922552700186134 248,63299659416424 752,3755504962916 366,22883982504885 354,7761020623733 80,85541089685289 5,424536272351475 0,6547887168740607 444,51131880956285 2,9752769702659068 488078,69589636393 1
1954,429531752286 31665,923467648317 2,9875036344575956 283,2314101039643 780,5172660745932 359,7212132612843 361,71055419145523 78,97259342472834 5,413691774288782 0,66167782166639 442,7130423171214 3,0004092887045353 481586,46353348566 1
1951,3436241619918 31580,7422250985 3,0092245819325267 280,2930094932529 781,8692049271066 357,846937703795 362,53046222701425 78,36534747069146 5,409059338590536 0,656597637870121 443,7529925735639 2,9834046704702395 478804,70358890307 1
1957,2890353639573 31551,32435406487 2,999550801082475 289,7208465182291 791,9608005243402 357,1388077368572 355,24585506451336 78,1797989652148 5,3895346411477565 0,6567571720723512 444,4263004447721 3,0062702826180976 483763,0854304085 1
1948,0647005544492 31742,44008232102 3,0121632288982267 292,5526530000102 797,0568661369961 357,7562505375177 357,67361348448475 78,10951460601117 5,444332921736953 0,6524440772418209 442,826326650268 3,0057407239352094 487875,0693352688 1
1958,0853511437656 31905,87640281658 3,021575414430205 259,1386571090624 758,7624533943671 356,1234457704567 349,3422996065266 80,82976453559314 5,396603099382186 0,6502971783074374 441,9838714669091 2,9914845776853443 480059,1074761426 1
1952,5429733259716 31480,954755789076 3,0130257350357916 260,00269024483197 752,5742706233485 354,80558212587795 351,4794087459759 80,4852852142667 5,408490981784317 0,6503157907282173 442,33740498598905 3,0112776964929164 483358,7029014901 1
1959,4741494874027 31680,60259040934 3,002042948757441 272,9140624516043 770,268298878612 357,4693950223826 348,2337074165062 81,22801812224739 5,406787729370825 0,6533120800606106 447,63769789957183 3,0101750871820547 476732,69688992464 1
1951,3790324844365 31482,92663587543 2,997972958747906 274,0598517724268 777,6910845103125 357,78262025316565 353,0379421014158 79,76033832729333 5,365737526529424 0,652953586292247 446,5800910124948 3,022417627404531 477985,50382155675 1
1944,761793309178 31572,47592214943 3,00406949915112 275,22814900580397 775,3169945662609 362,6816801562031 353,77332816543907 79,58812755548213 5,43094466005451 0,6528227314932253 448,76557031403763 2,9674103792860853 483001,61709933414 1
1946,2801099702824 31078,64984004408 2,990024447987785 291,52945865854014 797,0392420936367 352,94520844528415 349,39304528440437 78,80308874609001 5,426674383609835 0,6519468762888165 447,90749221542023 3,0039850525737224 481553,6396900316 1
1936,0144395898762 31504,69598509407 2,9888506986569503 288,22977588000435 793,6362409688646 349,72349338681323 349,7585427974344 78,68444428725834 5,386746984538384 0,6484109786618909 450,1883334571049 3,007036751426093 481235,20628464327 1
1964,136918084528 31561,997053404433 2,997476267522807 267,4664916217081 786,9529718610947 368,23894250644645 352,87898792223945 77,27550352209165 5,383170477574581 0,6434935503750276 449,1801660273727 2,981016594876256 474833,98325154337 1
1953,865466021556 31474,85207472931 2,9935950896366617 267,3562053657495 803,6654009858431 364,84263664568937 350,72469235750896 78,0529138716157 5,364205775889052 0,6528731402268348 451,072133484062 3,024480437762544 479406,3977942054 1
1967,9775395299177 31652,9303023783 3,0246778910210006 287,4207677405189 790,7817143626744 352,99869409742587 355,96382492681994 79,06730147907889 5,3942857101192505 0,6472889519124649 448,8836530037729 2,9901439150403566 481512,1686259934 1
1956,4383084387848 31637,87271215764 2,984370651702423 283,06716529685525 785,3730946322414 354,067400178426 353,0370145242484 79,27664083159196 5,409585828089521 0,6448973931268268 450,6715487884797 3,0152180746627666 480984,75663745997 1
1983,205663491102 31232,07949734497 3,00997458113995 248,13444360318886 790,3226545051932 352,0911703973464 353,85891402141834 78,36484124210341 5,412969775656734 0,6496430395602496 449,35191718961477 2,978144909132676 483690,2994797427 1
1973,3268791863827 31436,588239215056 3,0185702599939592 250,39603384784348 754,7208759195414 362,36195920868465 350,9787362391954 81,40562526876647 5,3934119814098045 0,6462871315543329 449,8516407787536 2,9946379730403203 474955,02363144065 1
1946,1743668375623 31775,414840056463 3,022230587287572 251,4740006026057 755,5745664706791 364,7980545876277 349,0149373885446 81,44147912204407 5,437354320224497 0,6460230356508037 444,64089840243486 3,0183924878336943 481327,02932112984 1
1939,3942108489694 31328,00487958198 2,984227285655872 262,3367186649363 760,9090639442122 349,2972844407745 352,53129094726694 80,08717518340562 5,41297989402743 0,6456653981695402 451,0563497811338 2,9731654995857864 479265,72379452665 1
1956,4413413561904 31392,660230506972 2,9868699316169294 264,1346066111684 767,7272349771653 354,0631885578763 353,85253856304803 80,39591971914739 5,408960692442349 0,6417619021141125 458,9317243168035 2,988754345148997 477469,0826450872 1
1962,575649355723 31667,5800999848 3,0167034001842383 262,77355319947617 738,1390202854419 352,0196684319714 359,38012800729484 82,29678572043767 5,458350621903481 0,6444766699333025 451,5759700451564 3,010805429676214 478665,6253762005 1
1946,1880030142975 31385,083480782047 3,006228108907411 264,5244147671785 743,8640057374053 351,96136518990335 356,9540361076206 82,72123033214336 5,363719812358989 0,6468783088922342 450,7564839805299 2,992343989416771 475457,6312234901 1
1962,2628876742692 31627,70587900934 2,98879943287517 276,36176373673146 782,1579668567872 360,7713365942731 361,45541744402874 78,80509173100661 5,434959083417474 0,6502737279820281 450,3354628919797 2,9796835259769687 477737,33085741603 1
1954,3529065691387 31629,532685420007 2,9883713030496466 277,1644199737163 781,0864157459525 363,07464496239385 358,46009310174776 79,15561888528589 5,3935159958818835 0,6434212527749033 452,9700370473451 3,0026943084227664 473469,2661245503 1
1969,9628002994043 31352,997421652264 2,9875037593030433 272,696551537147 784,8962438209549 363,40543289548816 360,07348086514537 78,20543229326485 5,367511039972222 0,6453686083293452 452,9801241218239 2,9972706439871866 474920,81489015935 1
1971,4598826209442 31491,214614001863 2,9950994627967003 272,1349582644441 772,9586475322378 356,70305366318 348,4598194093353 78,98848578494072 5,436337051877065 0,638857629359415 453,0841964275351 3,0038584476917753 476664,6423775583 1
1965,7689476952073 31670,964108358537 2,9721235748114627 270,837479587834 777,764595771785 355,98813655745 352,87093752495343 80,06299823183818 5,428174410025879 0,6409384272070661 451,1842958077211 3,0226689479278654 476818,059556142 1
1961,6472602887593 31347,180675044514 3,014886700456446 274,0329126273658 772,356476415042 356,2224320030148 355,6717477777165 79,3156812495543 5,394542135458983 0,6392405224726052 451,5099585953107 3,0163225754866207 478817,4265500121 1
1977,6414146762954 31663,096305657018 2,962356578937082 276,62056194714796 780,3518815205821 360,4421808799696 355,93971081577246 78,21844381734546 5,389143113104643 0,6360874222736611 452,05357053232507 2,994690610243943 477112,66773013497 1
1961,841342879893 31834,43158890795 2,989939119209727 293,21101385605937 777,3972440886153 357,5668793114913 361,3576463944434 79,36925888093383 5,363237926791895 0,6418387418190084 449,9959521855963 3,002255763097783 473789,5945531228 1
1970,0636727948201 31642,01839170353 2,9912620521100592 292,84256077839973 781,3165730607055 359,6302947843679 361,8656126253821 79,1310015304893 5,4166875220526896 0,6374172558368638 452,1030189917977 2,9869670752313695 474759,56085329637 1
1962,3290039226035 31701,773767940864 2,9831154398032536 258,6824266268124 762,0179363841853 373,4722614457957 352,2900134045154 80,52405911509149 5,4275504410771465 0,6349813369424664 454,89922643016644 3,0134952029954167 481384,06424662896 1
1976,2452170307856 31484,92405799194 2,9918127475387624 258,20053309915556 764,246981834363 372,003497211694 353,9795514454712 81,10273820315531 5,364952003115154 0,6415491158665987 451,34639202224673 2,991034864174506 476436,2253709955 1
1979,4453252368921 31643,291612286845 3,0043142593605348 271,5430860894353 763,3439069117309 373,2633475417743 354,3767811418417 80,64150848452846 5,418285411081726 0,6364493990402642 450,86973378846017 2,975884986418092 472626,33775401465 1
1938,277080133882 31488,338938513465 3,0007800454481695 271,8173282652482 774,9535628334643 355,08444697064897 345,3513891732659 79,80209127234775 5,33207484609578 0,6401645910677622 453,27681292508686 2,9820846118911657 480220,37621176883 1
1966,7902809522734 31510,265526850606 3,0231282285073737 271,0919691961266 768,4643874694202 347,37488461565346 348,25922730731054 79,23041568009454 5,410610005485657 0,6383028357176797 453,27401307163893 3,0014149908890233 480157,49758972117 1
1959,9037320585323 31874,909038337 2,990830995582714 278,7109652272325 783,1733835542227 347,99769000912414 356,6893488847235 78,18411327652876 5,372867975991978 0,6419575650307471 451,4083577390177 2,9925466301541555 476444,9883423211 1
1956,1249686578517 31473,10715333967 3,0090259392517003 279,74480033239297 781,6690750841516 350,97921832282225 359,2511501233585 79,47478512637686 5,402491116212428 0,6348822819892106 451,18990846646614 3,0007165140464642 476494,8772282793 1
1991,9998258395278 31508,299015560682 2,9841250656312712 262,5288081944693 759,4094166574878 365,9173594594452 359,06926741810497 81,69544666572074 5,382059879313113 0,6359298199256148 449,2331185148156 3,011004058631773 473661,4273413922 1
1974,3603839246398 31665,4823406719 3,0087354824132078 263,88121908586726 760,1374672437512 362,695540205673 361,2289387019524 80,76656823739248 5,345171835144472 0,6403510511703631 452,84210159924976 2,9992763804039395 471090,2104755015 1
2004,1896949538 31598,204110822575 3,0306011912274773 276,85192845052103 779,8297898710935 363,3488241463009 349,2370009796434 78,67075416853515 5,46237340031935 0,6398804965242982 452,3792298562748 2,9972155856447396 475216,6285917515 1
1972,8841056661672 31914,82224647026 3,010105710758848 274,5749148346857 771,791750317022 365,8064528266587 347,75551089118954 79,85753998916381 5,406590062227782 0,6368640066522973 455,37546492087955 2,99042290322191 477145,74564759724 1
1988,538557211157 31460,820358711448 2,988963452131835 276,8434259099667 776,6744914958622 362,7940729310257 348,5441839083164 79,74623026068699 5,435576114675564 0,6323872379538397 454,95001571799514 3,0031734298067896 473652,4188783818 1
