Co2(scd40) raw_signla(sgp40) aiq(ens160) tvoc(ens160) eco2(ens160) rs1(ens160) rs3(ens160) rs4(ens160) rmox(zmod4410) tvoc(zmod4410) eco2(zmod4410) iaq(zmod4410) resistencia(bme688) Aire/muestra
856,9610492101172 32072,12330826095 1,9770770679390712 97,94163421392162 545,073917624267 579,106666282777 719,3805898176489 100,04651959164369 5,431005884550708 0,02241020504230165 399,1602132354316 1,0010250411345702 610728,5172971257 1
861,3727945537025 32130,29977981953 2,007161301618157 96,59101585485794 541,5747160632445 571,2103631081812 717,7486130443522 100,32153968571582 5,411339024642187 0,022169282144605666 399,6419276803083 0,9971171360915126 613156,1463098644 1
855,7838114994056 32047,217802317933 2,012996132506047 112,77120866154274 572,9554687268812 560,1490049789842 682,62624370772 97,29633500575265 5,451424652105029 0,022062149737392657 399,52644881639253 0,9987769197752212 614723,0230614562 1
854,1986557517702 32228,462627464698 2,0048868854747477 111,9234998133964 569,4764838295724 559,9204043117875 686,8342379756963 97,70398768390393 5,42488925930885 0,03567535017457185 398,27993682619297 0,9972016037350466 609745,3714952132 1
857,5826751652196 32266,872093457612 3,030510892035137 324,2122351809946 567,6390807769066 557,2063480600397 689,4655391709927 97,79243339660123 5,456552289670943 0,035602590432227466 398,64185151288234 1,0020869310464882 604028,9891044492 1
855,0759650779542 32257,25011798768 2,9906860486232594 323,4487262526283 835,1317049698541 420,4247449189653 287,3007581435288 72,82748760084831 5,432627621015058 0,10681181600862619 398,55658754029764 0,9933379684943534 607192,0031555353 1
852,0848601524052 32366,33274767541 3,003615947455792 324,2171263357845 828,0649722731301 421,5278111726549 288,8059784023376 72,84410819264878 5,446021008780621 0,10760994828496985 403,00645201660427 1,0090440612072826 589848,6002624428 1
852,0388843990297 32178,009001979415 2,979215545337781 606,1554393329803 899,4149768860352 348,5235937912468 180,95715281350226 62,92066621469807 5,410486766182638 0,1076544911581185 396,6590299368979 0,996375713025108 584135,4024047176 1
854,5879797591206 32052,538274955463 3,015792387768067 600,6366767696105 900,0271745974967 346,802529306003 180,41653423528672 63,10906698703166 5,477102983090195 0,1792305199287434 401,3371199359055 0,9966357239899958 573084,2815331091 1
851,7039294469308 31970,801159343428 3,993272377830721 649,5026637867524 910,6629758149475 318,6067496657263 145,85315213847622 61,442443247840906 5,462740730128283 0,18088869023284518 402,2361462657387 0,9941951254720263 567794,3706649056 1
855,8193178217149 32244,394599474916 4,0374868488477125 649,7208590454989 914,9246424062865 318,6178027651625 146,27444374497964 61,32328911691394 5,4428015073584595 0,2566680337256842 404,2819491553459 2,004227167794881 559928,840166973 1
854,9400732852661 32467,158892915202 2,9951757916810373 591,8951791793611 900,872391598129 294,2822245350344 129,91323010131165 63,2980172591272 5,476894473839615 0,25635357134485065 404,88729652871586 1,9852923783322516 566343,6400598666 1
845,0091581084837 32225,698100504953 3,0127358769942783 594,9980987237566 885,5969156443982 294,49654716146017 129,54287393918233 63,40278613073121 5,464234687686241 0,32428004834616814 404,0015430441566 1,9980173764612457 556320,3967291323 1
844,6243509817402 32127,039451019748 3,0030030568308126 548,4657998099501 891,9179776936652 297,1670520789567 129,80407487780812 63,95231283767438 5,420825258196272 0,32243593591921194 404,2555001593946 2,001775563605241 556878,0354366155 1
845,2323593653933 32460,577167113617 3,008594790969115 549,9026044692889 873,5311471598334 283,89916149860215 126,0989823210238 64,19150691744443 5,431924547917843 0,38708408488231094 411,6264811028438 1,9970051190526443 554721,4614971764 1
847,0769585899021 32348,145625511923 2,9924709883201435 546,9716296540086 879,4997159834771 285,0022923179245 125,56032493813063 64,72701446871143 5,425061631007615 0,3893576743004683 411,7573879186994 1,9884249641656053 553445,894327759 1
844,492515684569 32185,62027067993 2,978456203977064 483,0891903488395 856,7370829054638 283,8677245482266 130,86026909609694 68,05733161109745 5,440521061501652 0,3886545921415009 411,7910711110964 1,988867729433257 548288,417439152 1
845,1140736941055 32175,790890040138 2,9931491269761885 482,18410182968955 863,3946786646227 285,02569610753216 130,22124857320767 67,70920131324449 5,477970288286707 0,4448835011963235 409,40070884063493 1,9984819767785589 544172,4402305199 1
846,8892688146237 32546,997524918785 2,981819395770085 396,63023572640907 823,8192125457635 276,75296252595024 136,37814871883802 71,96261183979972 5,461475376905567 0,4429732971936928 410,3180583348435 2,010635322142527 545622,8044514236 1
855,7497958536741 32391,448599065294 3,0000774228867417 399,83260030475634 841,7084128171099 275,94326678845323 136,1102838877681 72,0283727918669 5,480284516513084 0,5023912678205981 412,1682877116572 1,987038739438381 538932,6656505784 1
844,4702112196528 32079,670199791555 3,0255170646533576 343,10223499317095 809,9454448885307 281,0303626214409 141,329981777846 75,25930229327231 5,468271993443272 0,498441919932092 409,4596036009216 1,9981463198737284 540630,5035350587 1
848,4591660667829 32126,020176823684 3,016300257247459 344,67518131643453 820,6231092248385 281,4037739257103 140,93278436959076 75,21053961310804 5,453644255267291 0,5450157996383135 412,12099826964317 2,0178846846861775 542399,8359005352 1
844,0684251614747 32158,05505654038 2,995800419063012 280,79997065134273 826,620139413327 283,42511410752877 140,5386612199943 74,61595250322354 5,445317743469068 0,5400506238842865 410,3263334709706 2,016803001629743 542776,8918847396 1
845,4721035104338 31836,6448095497 2,9736369274799053 280,22739401767626 803,239943515944 282,4799845817088 151,63750377222254 77,71720435208583 5,384718754879131 0,5817342773669812 411,54283994808463 1,9987163533126158 539173,4310685312 1
850,2893805109297 32265,744174732677 3,0157057654291184 279,15262212110287 812,5617793164733 280,57853346446416 152,5910148143976 77,28019970022434 5,4995425088951855 0,5873525280835029 412,3025142776249 1,9943007254213259 541405,8226537548 1
853,8363037175701 32128,860265535168 2,990537069906556 273,08244247592745 773,5472960448355 286,17338126413966 156,90611511475038 80,46080143980765 5,449186949250682 0,5874081754061323 409,51845165440085 1,9993130876763836 538431,7425300736 1
849,1970225830103 32220,664076692115 3,013938973774484 272,40745571427425 775,77593416605 285,04455754854825 156,70722898444092 80,60937824540117 5,393834558037084 0,6279548295220801 416,63118613609583 2,010888628026069 540169,1279436318 1
835,5858785302362 32332,44605465832 2,969320919400693 232,78944373639382 726,2314843820866 290,6088196296681 160,38178444459837 83,46482433379224 5,431963340785929 0,6218875992198881 411,2227197636145 1,9965902320561226 540428,205892336 1
853,1760854235953 32037,193246896055 3,003006029787266 233,57143179823757 731,4829225791925 288,588240696784 161,07965259216618 83,87510593401453 5,458044597717373 0,6552867160281061 414,68645028091 1,9932872800534156 537652,0728074473 1
849,5233479745758 32286,187852568957 3,0194086024860516 229,18223526194717 726,8225264102688 292,9787948375065 173,319664982763 84,07524242627314 5,452770387148498 0,6567469353049272 415,74598711467274 1,9904091774608321 536704,1741610005 1
851,5211121300428 31960,322900868912 2,977123844421537 230,22339739462836 725,5376576324294 291,92156827491743 174,60824602313204 84,1987172871869 5,421452052140162 0,6821535298015273 412,17650177982347 1,9858033010313378 535248,8798480777 1
846,333388247237 32230,131709610258 2,004080899607945 210,97611394844813 729,2741648066225 293,2997522379305 174,72485186090876 84,12406290683587 5,446234320416045 0,6846917082323009 415,7429296922117 2,0137154075031707 537638,2038263604 1
847,560671171514 32403,315890023317 2,017647840364555 210,83237962849412 696,8872385996746 303,42320228794995 180,62053979831916 86,91785666009753 5,494181820459189 0,7133222543136587 414,5964592377243 2,0130309411258844 537252,3712652565 1
844,7722147754363 32215,079773628426 2,0021379560837147 212,33269876485156 694,7685188898676 301,99128462455195 181,71151395039251 86,6776550944898 5,468062521189808 0,7106233451363115 413,67684581378813 2,0176806381954853 532572,1691069074 1
851,4591844509498 32335,47195878053 1,992516590326051 197,5306973123858 686,0598923946461 300,4384055092863 191,7968939827294 86,42793100128235 5,397978262004356 0,7009756806766239 411,62944943306246 2,006232527654196 531328,1768145777 1
849,4981315546952 32470,876248701104 2,0037001651434996 198,9476550727908 689,9399434777083 296,04865783687666 192,4489716848137 86,89684002628886 5,404524717538093 0,7284330267642564 413,3106911224433 1,9855886584982538 536957,1821274066 1
856,0294726146483 32037,874169169198 2,0141822600858226 170,1710635599957 651,8928558728564 303,363280826664 197,10146951599143 90,32923469009783 5,439818908928252 0,7221870804709996 416,05400913223593 2,0042215995781283 540596,297649648 1
848,4453265495931 32051,682777934402 1,9941220073420276 170,67954078421292 653,7958197958059 300,18424872527737 197,28483814696173 89,70260384834391 5,426854610160897 0,7426192402267757 414,32036228152856 2,009352448362457 536780,2575392369 1
851,5481707623165 32110,59993566284 1,9987699166024213 150,70598294216967 629,0370749311547 307,54382183977185 205,48558428024535 92,583706909397 5,420915779819273 0,7506913624169655 415,6459061245553 1,999782077146345 538251,2320501457 1
841,4421954554866 32483,058627042912 1,9845336214030092 150,6675941827674 635,113211269784 309,1066643904331 204,16401197280507 92,43814501445634 5,460650620135149 0,7613754829902816 418,1475906938059 2,001370703833265 537589,3446344286 1
849,307729013579 32401,54673756807 1,996597145242179 157,59612999996594 632,9562746182032 309,09605784221526 203,5734684302893 93,29382298350909 5,4172428983932805 0,7568510445589636 413,8783970337073 1,992971969540831 536810,1458596075 1
842,8860765041441 32307,401614535367 1,989968633380783 156,22286892422923 632,5059819126755 318,7335880333954 214,25484194019046 92,05283931486991 5,449998147648113 0,7801922411922385 415,7979616989723 1,9981410438171507 536775,6968056309 1
848,3320656099603 32378,68319418381 2,0021212770594983 157,3418687872863 631,419486483734 315,9371009072239 218,23907310788468 92,13790818651749 5,421975318624666 0,7835566579960063 413,575123584318 1,997021642299124 547341,1689706062 1
844,5759785406647 32102,89384968044 2,011725688429109 147,9571714526843 623,4240438664873 314,52857435582564 216,32835501299337 93,08785320940413 5,412058014494002 0,7782255984694152 416,74235117110646 2,009694059461853 540810,3018937897 1
842,898928457149 32471,921823826 1,9949001010603857 148,3301470539417 628,6817494416923 312,613324955602 219,45831293496843 92,63565601026711 5,412033371054433 0,7890460079438558 413,7805761679088 2,980881835461978 539381,9772128196 1
847,2157532929372 32292,517406815772 1,9852629505159822 116,13008193565929 577,5191654752118 322,04397697702314 228,80798053289124 96,99534183963601 5,451411826289011 0,7831057640251469 418,1930898496795 3,0137554835570928 540678,0625354243 1
847,4792690586266 32247,241286821252 2,020774579259387 117,44228535123226 573,7165641154464 320,61141789920356 228,14643628228882 97,53715965683156 5,435295219661638 0,8002572113972449 414,7195634327172 3,0116877990458066 541899,355731537 1
838,810857125661 32036,617142895015 2,0001932471075032 119,46616037790476 581,4111931764148 316,02396436399 231,35743093625942 96,97909688582449 5,400618053728069 0,7931382904359751 419,60384725899183 2,9832864269306922 539398,8822122649 1
843,2877474113776 32226,246132765446 2,000030064993534 121,37800871414042 586,5088118313521 319,93936458696027 231,26878430676248 96,0427110998692 5,46081179893809 0,8001767546004082 413,8375774853793 2,9686921873421155 536132,6628716432 1
846,7516741439727 32159,92584348179 2,0072588057238265 122,4433670923598 588,3152666861386 317,1112137347079 231,97949553704964 96,3289952049719 5,505824479195709 0,8068568761440134 415,06700952194154 2,9650359675377116 541418,0656437579 1
846,5743377828715 32269,97061913232 2,001404545019514 122,0677116677722 613,0344318628004 323,81278996766497 238,46955733524678 93,62397868102998 5,452060554861779 0,8080541361472493 413,9730970830746 2,9860330360632723 543202,9928880808 1
839,0952107306866 32418,085162404757 1,9998460849299724 121,29646473865976 601,4812535286057 323,5860216681968 240,81663567554872 93,74798397414929 5,453089710629027 0,8069271448077516 416,24341910547844 3,0106411846284713 536103,3100097358 1
843,736080194005 32199,498027933205 2,0014696671086933 103,162505056495 559,2132480712527 328,2826545636819 242,66464148352037 98,48851737116259 5,410713260962253 0,8131752823869882 418,061447828348 2,984789839596625 538870,4938744163 1
843,788325835778 32311,9099453893 2,0022912998691167 103,27520891392969 554,0013033801224 330,83510982710806 244,62059016798898 98,77908831133531 5,395575686560583 0,810689923799069 412,944391638504 3,0277849766832174 544935,9089223145 1
849,4911771227149 32456,887741448736 2,0003520914295305 122,45225295710834 585,669472820225 329,19195170527445 256,80349035848167 96,43725570925625 5,431462746951847 0,8120725825530807 415,67421133749974 3,0375089443859644 545136,9685846753 1
839,6912152505754 32319,23185859325 1,9942974173643684 122,21696596112524 587,1740463382129 328,8224494991654 256,68402054116024 96,07525357361115 5,423563969766805 0,8302939014170717 410,2094999362014 2,9939567991510514 544450,2945545177 1
845,4395851889333 32055,988941332093 1,9981653472202643 113,61352895130328 571,1750307277777 329,5850950360126 253,5424367208932 97,90487150588397 5,486865801824904 0,8274302696087166 414,6575890492922 2,999272358720563 541788,4316778233 1
839,7511879312951 32276,124345854594 1,9972172816525582 113,18341571763024 564,269665475181 333,3012817785761 254,20077892915742 97,9200971994561 5,41711156636752 0,8354999779217908 413,76611996005516 3,020929893912223 542541,7545765296 1
847,8616172211641 32335,034686926676 2,003167705979688 113,27385433604921 572,3516493153935 330,3861910579809 254,97373730788453 97,85401080481601 5,455401506719076 0,8213215156340706 412,9819074742398 3,002303119566454 541733,7125111005 1
843,8129804170582 32139,815519228057 1,9967988665225973 113,18877134540504 574,001641850734 334,3517443456624 259,2310784012445 97,63716381437902 5,405199738540354 0,8349544647393132 418,1092584562974 3,0007661064533733 544987,4055605172 1
845,519109227363 32154,483534365983 2,001463662775103 113,19986489191115 572,28916551099 335,0273693474139 261,7555549219558 96,80850835750914 5,409271852142208 0,8289797516024371 413,2299299102925 3,010640523274335 542057,4424700598 1
838,5839784069872 32436,844392947947 2,002009333466339 110,98592677884508 566,8841467787441 339,594678554496 270,62361899653996 98,15511706264003 5,445571540069407 0,8314380173339344 414,56452079816916 2,9925974656020453 540990,7660645781 1
840,9614886914188 32399,696122814144 2,0030648900130217 111,84003416471256 569,0595496035829 340,5888400384277 270,1561316389062 97,7423529639649 5,462287181600832 0,837982936178728 414,427571538352 2,989181611601298 538968,2717371654 1
839,393598689968 32189,34623934238 2,003127051911533 75,25269652120262 501,36349711997764 334,1888938242941 269,4972472017199 103,64063118041953 5,494478151255294 0,831680044200968 415,9406367129909 2,984280821666666 537905,4313773384 1
838,7240126812524 32027,728130557585 2,013164911466011 74,63491267314132 504,75360289022467 337,48225769641147 269,7946536122074 103,81443306442279 5,472779822535818 0,8410762650389174 416,99012211315573 3,0143143653588433 538759,2924894122 1
838,7979435587586 32137,332681155152 2,002379289594621 91,69664607480118 564,3243940737531 341,03623418301373 270,75022302802614 99,41937627023896 5,409346655607094 0,8334799525920703 415,68929700244655 2,9989167791356617 534664,1941699499 1
835,1872243896738 32141,41986203467 1,9989123556672104 91,73969869227206 563,4383221007356 339,80297253497076 271,10944118807345 97,76778335525297 5,501634588011445 0,838646533549926 416,22772637656396 2,9972262549974276 540178,658462921 1
836,688275603338 32487,475182572634 2,002282160479543 97,16285501704935 559,9843999254737 340,59179661354784 270,5038790819084 98,08955957157534 5,434386003259276 0,8395639481908569 415,15454258859256 3,0372414386931723 545125,5794713298 1
839,9663112381859 32174,902017697088 1,9884564648234722 96,66351473487316 544,0412522750776 348,2848341082671 278,7225367780806 100,11020979395335 5,417518297276947 0,8383075855540993 414,5273625034857 2,9991885881574154 543964,7127939871 1
836,3625657579307 32382,95959333531 1,9971072254535918 96,33094808569484 544,8539813701523 342,45151587683864 280,8970523049888 100,01740091962135 5,451790789727497 0,8415300089775043 416,3226316638012 3,0070330478085765 538455,3857772244 1
840,6511472768026 32302,051830713037 2,020292232081283 98,50218314290265 546,454755505295 345,91787946482776 286,0119660772724 99,76567133819718 5,463935792891035 0,8411503005671183 417,63541595846164 3,025069605642198 544513,7434815128 1
836,1697227662695 32150,241928757663 1,9895936211043572 98,92690554874117 548,6954316717025 344,20968740830796 285,2174147665245 99,00158833599917 5,455276411655232 0,8404395764046262 417,2447326889 2,991911054282399 542114,1055097834 1
837,2340501540341 32474,18424160438 2,0044367772914247 99,7724809774438 546,9956755556723 346,1529161838023 281,36767011696367 99,7118227335002 5,4326223518729275 0,8347025911896152 416,71315312124256 2,9853351519489006 541924,1885716051 1
836,0030732661097 32208,45875876296 2,000953287030458 98,69472576691322 546,4268413801088 350,70716145975985 281,80536099008566 99,61993335264266 5,455652154210368 0,8486176704314395 422,897634063773 2,9794097002195095 542495,6446795441 1
836,5137158881264 32226,936486640196 2,0175103946708104 99,54256544382245 535,9720979433372 350,99712987764497 289,72880949669434 101,71075003820751 5,457757297849959 0,8406465094243699 416,92970450303795 2,9949195997151565 541913,1783254929 1
835,1976107008725 32255,44960452759 2,0046677583193624 99,94013212897534 541,3541323737621 347,3004683558097 290,0770755048719 99,98374013343114 5,41976320410439 0,8357320119156728 424,57624627832814 3,014460476028193 542680,2230766317 1
837,3710433891163 31952,840066953395 2,0019774649117905 88,86568466354468 544,8298850201173 347,9861595380952 289,3780419552084 99,94532378315589 5,361485633409803 0,8480329331506455 420,5124527204771 3,0105687919983843 547231,6565477556 1
839,0183960166689 32349,355823537844 2,014618014979292 88,95721043225487 530,0940821031145 351,4888020212918 296,46262207525376 101,05549789591046 5,439311114148848 0,8368043665529024 424,151670949474 2,972740400704023 542801,2652689867 1
839,2593861365392 32344,57944374146 2,009303201812997 89,76203847617685 533,6344800482232 350,13544281810147 297,0832358345184 101,0949050175511 5,428335957799943 0,833569718393643 424,6372406541846 3,000640820656636 540236,4913022054 1
839,5919759659547 32149,29237132036 1,9874981038550987 92,98449422013384 538,8543885504706 347,2568419099538 298,8431657496226 100,73993470317612 5,403373548615276 0,8385773331652655 425,12812984624594 2,975975125705765 537303,6853761525 1
827,9777870172153 32467,88198228798 2,0113680580345155 93,53545050566399 539,9342573938918 350,01947228346796 299,1325973457443 101,06074058199063 5,418900499837003 0,8445300160609335 428,63623682846793 3,005636207844038 539506,2128149424 1
838,8047219471375 32179,78500054251 1,9912198910462255 75,66873217078161 511,8138368867313 351,036864644475 296,3798292465073 103,19009218847724 5,386354178109977 0,8387629664860251 424,32254172528206 3,0121474434177977 545950,323506872 1
835,6096048235987 32181,278189868397 2,000317317579937 76,28522856123786 512,3127928484297 350,38092972009696 295,6077730892181 102,57002294418523 5,440722808662739 0,8376508598499917 431,03637555980936 2,9965037235664305 543716,4429501124 1
833,9926138188147 32170,161517858738 2,0057577039983716 79,67562472878784 529,5131661193922 352,8181298554638 305,41701398286807 101,07502385252124 5,3879893484392545 0,8442404703098646 431,0778776685078 2,9877462755310624 539477,142051505 1
834,6227736613588 32109,13843936265 1,9989046212647326 79,46438679027275 536,438700223716 356,9070409574447 306,3381154727433 101,93387994510414 5,438833954277791 0,8419810271043947 433,644776798885 3,0000164895023946 545125,0201859712 1
827,9249770814838 32780,02404778231 2,0056776598110284 80,34959474065309 533,5805244630424 355,4566639979838 302,61187711180156 101,55503021315108 5,416785024556306 0,8335537534582583 433,40151039223264 2,995899330160663 545003,0298206502 1
827,6153527528182 32721,5421671394 1,9984335470739343 79,57451186542065 518,0348381427538 348,97473799060316 307,78812449586445 102,67168516003535 5,391990851443382 0,836265071389253 436,1066200740355 3,002559767180071 540398,8097557849 1
831,631718050553 32346,91222585686 2,02299268588772 79,95870233538884 518,1766760041913 353,2087201098374 306,63484640178484 102,9769644523671 5,412723865177101 0,8400395005540271 436,0509258379711 2,9764331543507034 540715,6520830087 1
821,3686400501924 32780,472540616676 2,004561867246388 82,98880217495496 520,3842939754601 356,5530670632331 306,7700079650489 102,1193665123457 5,459613944307135 0,844113187226811 433,57003087420236 3,02311975097897 545342,3866955292 1
833,9694070142411 32117,596280110334 1,990323431343327 82,58990079718231 521,1054074497667 358,8667120112751 304,7370540779385 101,97204919396157 5,427945541893625 0,847911281258897 434,7446193750293 2,9864200020617737 544057,3422517034 1
825,248630348156 32297,133143312447 1,9798946433901632 105,79126336393479 558,9396206620976 358,5320188642706 314,48880700024534 98,49403234076435 5,400032889402497 0,8395424034130238 435,7876678488131 3,026540291317678 548465,648108546 1
830,6574450708373 32026,066998943377 1,97794453581796 105,14116132346997 555,9873421766164 358,2278786902851 314,9147969450915 98,7835392505269 5,4398898484958 0,8419277149292271 440,1244722831064 2,9842736164140753 546394,8578719842 1
825,9557903676854 32468,827436040872 2,007665751487192 77,6844744168961 551,9067175584427 359,6162964963706 312,1472420139449 99,87856506141348 5,426796529600168 0,8438926420405473 438,83426946344053 2,9818474236115433 545978,9823757745 1
830,5596527520858 32608,083252231096 1,984403073185403 78,44786473498415 553,1601134632581 359,92207633619495 312,329811536095 98,72829110680182 5,428773959562615 0,8298667189619606 440,2257934114073 2,9884254913721335 544984,7765827121 1
822,4115839029191 32299,369039489597 2,0001760274606917 79,64680289246773 553,9345998777244 358,775545840347 311,5869041804296 99,05367013424056 5,444120869994555 0,8274702414549403 444,04908318388914 3,0052010558228988 540046,284324198 1
825,6032386770086 32067,477480554462 2,0101780482658524 80,30545714003512 515,1691800902738 360,53043471610573 315,3759005233235 103,18476496888965 5,426982679385443 0,8392419549579475 445,814732519693 2,9937377060148487 542450,0142414904 1
828,1347553109701 32344,665178812767 2,0146150518042503 80,34138363956481 513,2934611427091 359,99940203193205 313,3173609661856 103,08054156814714 5,437735405819338 0,832157976047296 441,5749864419329 3,040674410859486 535849,9745970911 1
827,2001952300286 32402,65759953952 1,9948275734410439 91,77308501612505 530,7880297429875 357,8312047700822 315,23654687881725 101,56008417468719 5,443893993672184 0,8342464735167304 442,62535523979994 2,9875112826452312 536377,7152688558 1
828,155182638975 32583,607209774786 1,999381133602684 90,74384716881397 533,7891658790727 355,70349439946233 313,9678540922802 101,29645804702466 5,385634113740544 0,8341665766816622 446,3006239972889 2,991906940894394 540729,8837885133 1
828,32748867869 32184,552946578897 1,9941648034549793 93,62861419836837 540,3575219190318 360,1330389265566 314,8070126614746 101,21527340828938 5,4358362782756 0,836618536303888 448,06932997115473 2,991013404212676 540863,6240103744 1
