Co2(scd40) raw_signla(sgp40) aiq(ens160) tvoc(ens160) eco2(ens160) rs1(ens160) rs3(ens160) rs4(ens160) rmox(zmod4410) tvoc(zmod4410) eco2(zmod4410) iaq(zmod4410) resistencia(bme688) Aire/muestra
823,1848438982316 33048,91875558562 2,009593097726591 78,24647196454336 513,2040932161095 524,1625023772136 649,360341359689 102,72804450267459 5,511403096215263 0,1298413883629463 423,59972158325485 2,009233579305612 597491,300700301 1
824,1152326409351 32682,25675366505 1,9955638324362466 78,2529581258491 514,897277816592 521,318629629084 655,8558172257048 101,18847963781822 5,441319059388383 0,13465986844905875 426,0535631006387 2,0099093397573884 593116,812609988 1
822,4100225713787 32570,897593103346 2,0003919192435307 95,0957848683463 540,2869446305665 515,9743386685019 650,4852416861269 99,49103614094444 5,5236013883348125 0,13574823618281395 422,74364867218065 1,9934969072531843 594174,5881639789 1
821,8152728862311 32642,080004686068 1,975050731303721 95,7205318673371 540,9555419321431 521,8803213804802 651,2118564366235 99,36397754530867 5,4883563650132015 0,1400881853289984 422,0862541072451 2,010067557326306 593044,3249230809 1
817,3133946452529 32623,159513487633 2,001132319202093 116,24895104589662 548,1208871688672 522,5372505071499 647,1592610811902 98,60673261086447 5,5006479715941925 0,1395778720238381 423,37724174257994 1,986568340850373 591952,3452893465 1
814,6791743691175 33306,04393492516 2,011625832943659 117,46937750069077 551,509554887149 526,0015586536182 649,0230652457117 98,88202987515676 5,424951474875286 0,14532112722880522 423,295796328093 2,002737947968975 590777,2125280182 1
821,1386823408374 33229,462127094026 2,010206286731857 110,50901567711038 548,3115507474396 526,1989858009996 644,2249927986505 98,63756314281615 5,46752313544378 0,14541286513269605 425,41032658229256 2,0133335945257635 590289,1865408219 1
820,4195287689101 32738,668255657492 1,9885288209460823 110,70880645619134 572,9429538655683 523,9792011962875 647,1045990553131 97,52657957814687 5,486470863096173 0,14895424675762908 427,61214404085655 2,000492166093194 588227,7330325252 1
825,6360872859028 32547,5514193908 2,009006390169004 109,44813535928924 561,402041601478 523,7368798972459 644,1332483079286 97,65989095706746 5,510977383005624 0,1489299172740655 424,8028100583658 1,9867150820141168 592928,076440988 1
829,8002572777757 33066,93186697692 1,985863692357009 94,81682600649302 540,0262277884516 528,6850208276516 653,2659803765249 99,32683986149996 5,489630305847521 0,14805848002225486 425,8928585535267 2,0141109321106594 592105,351774225 1
815,7793267846278 32703,926551369856 1,9861301992685756 93,62995612613307 543,5171789549707 527,9553524286283 651,635313623749 99,78002244426746 5,449216795350851 0,15257036237228697 429,62314440128415 2,002498909752276 590863,7060247057 1
820,7798393124108 32715,686575884105 1,9874155514920013 96,82585291623909 545,9538291969175 524,4300008007004 642,6506236627971 98,40283895875301 5,459240611085902 0,1540555422913747 423,8984179659425 1,998502972229578 590229,9573693187 1
824,9158352260686 32708,977292426473 2,001832138473759 96,08132141713814 545,7017486434931 520,8508728692898 647,0841295137725 99,56966499076833 5,5592574655646025 0,15792677882961004 423,65326524795375 1,9869457109738067 591323,8457078194 1
818,0899421254938 32803,17961458267 2,001814988116456 100,50342732641874 558,6620076134217 513,7025970569861 623,4443694532747 97,68430538590694 5,467339495534869 0,15810839166874488 428,5298440346938 1,9937229115476873 595062,8073351028 1
824,5042477907173 32909,517953509734 2,0042048222574707 100,98594977908726 560,3858831912906 514,5544959368009 630,262935092462 97,0756013418277 5,490606460909284 0,16125285600737188 425,9802723838299 1,982688006781322 589974,3721642189 1
823,767278503549 32640,310303587372 2,0083410263735817 103,8924455571072 558,2518010068256 509,45274697715286 632,5736454993423 97,07361511293186 5,509488303022398 0,1601853708150129 426,7589142990852 2,015766936442155 591878,639054924 1
820,5653901873609 32967,42784400478 1,9951532527981348 102,97488196872993 556,4360330287237 507,2432057162895 635,9588726310247 98,0120758871482 5,482031647267183 0,1660768722742419 425,1087611797447 1,9989675738938302 590471,1398705947 1
821,5593611312188 33224,68566573805 1,9925085190287257 104,59268950311592 555,6114125003232 507,7783300301597 636,4599196079001 98,51373978057877 5,493717041355848 0,16581141222033924 432,41752332979587 1,99790253288423 591223,057761023 1
827,0560902857696 32865,99691521455 2,0092598389631386 115,921232678328 573,9970702689118 513,4591051052857 647,0079795772086 95,62163910049966 5,482231224257613 0,16545389031254026 431,85446384505866 1,974930299491331 597060,4128379291 1
823,8705706121067 33176,433418129236 2,0027214731470186 117,0098768904616 576,7529979585453 516,5632188164178 647,5020373522023 96,15783927789865 5,502794273592612 0,17142073425123902 425,90908599793056 1,9931542610604243 589121,326180424 1
824,7187096185064 33260,054584684985 2,015454099948265 105,01389421390134 558,153724539136 516,1833767031794 631,6207036009553 97,1410477183632 5,496145923236161 0,17083337198002124 424,79103989857015 1,9825043449227322 588757,6563569544 1
825,3846778387485 33055,05623450341 1,9977023708280417 104,70560301619423 556,557793655782 516,5124626969625 630,213828517436 98,9958872685513 5,435245652621502 0,17242101246778616 431,65094441093885 1,9815105146560335 588047,5311548827 1
831,5084538285215 32991,22635235506 2,0118668469850474 113,80676770578175 572,7587757213099 509,6987216849571 633,9477725366596 96,49373901884924 5,498314685395126 0,17181750207922974 430,2812957058769 2,0152999669090734 587724,9023686722 1
818,5778783560883 32956,96846548347 2,006105026820283 113,03781442778691 575,7623173714284 511,77437121549343 631,7298236887528 97,02204476145732 5,453009764213739 0,1775030796668656 432,9902749425009 1,9669699860109966 575866,271986308 1
833,0404458042518 32699,2014728573 2,0065665443421548 105,08425074781682 570,8339428491466 514,4356789629308 634,4676221587995 96,08827393141522 5,459232310271566 0,17749798145982942 434,47406832148573 1,9923337663945964 587820,0627469175 1
825,3682898145295 32919,227764498006 1,9955574701822072 104,31018160865307 557,7663361030731 510,4607745263276 629,6249208229605 97,71236833548993 5,515044864236741 0,18034689845922883 432,57742279693247 1,9801810204380619 584306,5953722466 1
829,530727870663 32724,565605225962 1,9974934090739407 104,9954072056176 558,621011153397 515,5173722806252 629,1903644223825 98,27693158192271 5,498257666111352 0,17961275199430718 432,5700877029544 2,0003601200289696 591912,109298057 1
822,792479486649 32778,63211718376 2,0112562943832497 107,97087236438365 565,1027273699935 514,3070305423872 630,7052630532427 96,82127964900408 5,447976582045984 0,17967366225495235 432,962329295692 1,9965614337473345 592692,3011372499 1
830,4766904927584 32812,49418469306 2,0065236128955375 108,60474810750274 558,8708485998532 511,13404881884276 628,8682846713215 97,92403546720871 5,447976062457019 0,18181864697553293 429,3780165617776 2,010173179118773 588772,8444005158 1
825,9019974478337 32775,03805838122 2,0028921598929745 93,37964409220405 540,2780190653941 510,5671015460906 626,9245766044235 99,7736559491458 5,471126747256838 0,18327459869322513 436,15649884278326 2,003314292712174 578602,4239945149 1
827,4882327471693 32925,23370363015 2,0058384407638883 93,52701237852789 536,4263773084828 507,15869125406357 624,1813655011736 99,96524630334073 5,4422498495629865 0,1842132210364238 432,189891781521 1,996734901086393 583657,0676865429 1
825,5408275458732 32809,48076123657 1,9939223565326938 110,21136290553518 563,6972126582405 513,4263755221679 628,3064039806795 97,38574036199229 5,540449600307396 0,1869605335371069 433,8137538986909 1,9937200955077827 588503,3132500722 1
828,6761168442863 33078,54537025007 1,9920407151889747 109,9621609900603 569,0154184540919 510,91413858019547 632,7897550177524 96,87929804290603 5,526643571620513 0,188008320198548 434,2266179550356 1,9941863268515128 591329,2432419383 1
819,6598056421741 32869,196316547364 1,987535708353071 120,22755869026685 567,1981373764955 518,3870375529182 629,1017390639506 97,741299475205 5,499959130116405 0,18856009981403998 435,39228236246146 2,013251973264295 591297,6490061469 1
823,4726095305739 32801,49060188145 1,9919169692965726 119,88821211984624 582,5844141342177 520,7332872481605 632,0194991023793 96,00692467936096 5,490869144698573 0,19046999730615538 438,07116659478817 1,983513057971402 585984,7108236351 1
822,792590113764 32843,28344383522 2,0075316156476157 121,13632298868812 585,8549030233448 525,4450765240687 630,8545910156826 95,64096076260375 5,5014844308341075 0,19189153212968543 436,2748418657844 1,989373946016861 582751,2445570698 1
829,6210727192745 32763,693248053718 1,9940048654869054 85,03625409280487 524,0925040122582 526,9175544854762 622,6587963784151 101,5286901720654 5,490623612535434 0,19129838182048414 438,5615302297535 2,010668546676316 583794,3391692734 1
818,5711003424177 32949,68311490172 2,0038123100725342 85,28590564354786 528,4400548180471 522,8803840172709 628,5582702085034 101,65924968000218 5,483793664343395 0,19384918854343744 440,2205743004528 1,9997040773576056 586490,6707030307 1
821,3191445912028 32470,335123222532 1,987949626856361 104,79891122282216 582,7441920851097 521,0381724019213 633,3519082096653 96,66087285228946 5,506743963454583 0,1944327805764921 439,56286356140834 2,003184277427035 581085,9280386403 1
818,5753331475605 32878,22058622113 1,99518304672692 103,95298120381945 577,1840719739458 516,885095848715 628,9719745919168 96,34838993690961 5,458668995568839 0,1965360433341512 436,784292582999 2,0142841813827492 584742,0144928764 1
836,6691260629716 32675,391708161602 2,0043562403056847 93,11049967553615 533,2679578357298 527,5074250882843 640,7735567827472 99,31114969767683 5,444108866491835 0,19796507005389624 442,7094762774538 1,9967626555272322 584464,5795374209 1
819,7261609268028 32874,94042261033 2,001140899750792 93,49337930340188 534,1194858935381 523,6683703125822 637,3974500606832 100,0669427150781 5,4891721041093 0,20079246351517918 437,5768333988454 2,0025492176251074 582574,1883462043 1
824,7108578140507 32830,274661409145 1,9996833186061145 117,29370581203169 544,6315827817748 524,3363658176044 635,4894313364019 99,72094481244294 5,4850000373641405 0,19959321842686567 439,57845215023514 1,9985209886583186 585653,1985838993 1
820,8175326589619 32968,148234673514 1,9982335278966528 116,83670661755629 575,7357160051748 512,5940362020349 625,8592087278594 95,68884638747436 5,435604181072901 0,2023398523007017 441,15020114470025 1,9934402997925589 588368,8644483327 1
826,8750669537993 32653,42391952827 2,0019648260143854 116,59633769117082 578,6727459973597 511,4852189479852 622,9816728758296 95,92064394924905 5,500043604035327 0,20267164700814816 442,28951154947464 2,0005004549916525 583988,0337501459 1
825,4686829206278 33170,38233450656 1,9964015272578297 92,53175577449966 535,3140316292374 520,4701787647858 616,5874705453635 98,9718331295241 5,4460437228566105 0,20224633377501042 444,2055047260539 2,000393995739203 582333,7510012517 1
824,5120833989406 32918,51069422378 2,0010219023873055 91,7724301267518 533,4513699731652 518,4537606834427 619,7988893776791 99,5879337617207 5,460727132508696 0,2030114163981778 444,616921768555 1,991466476523353 584120,7746503744 1
822,1392773553653 32495,857929702077 1,9924733813866062 90,5565712435124 552,8755435575936 508,4016002263461 613,5312872597835 98,53113503567499 5,499641042579465 0,20228629187247887 445,6719448770893 2,0235525690193836 587089,9361665461 1
826,2162568019547 32764,98926132367 1,9796546529186712 89,86832196806681 548,3691095959472 507,3872589512773 615,511565447965 98,51527599840148 5,471208849174621 0,2029480562417212 444,819377457826 1,996309196911044 589246,2406456162 1
833,4454049181683 33028,86909574629 2,009823133681691 113,25573476231999 574,0310126850264 514,6335747223694 625,7821201133792 96,40912570388288 5,469420658875757 0,20509641613068638 440,7414143360722 2,0220053711002803 589686,5497087727 1
825,5947608873736 32727,084707026435 1,99704446661182 112,70520610112857 571,3581167500985 517,8111413129194 620,7206154191135 96,77112314333586 5,489678833128201 0,2061756601531967 444,4189168165307 2,004443587959622 587083,3812824062 1
830,2536563332582 32844,6252159708 1,9965720678535153 121,7448790737081 569,5493970951921 516,2788482580486 619,8631590956123 96,77938179650396 5,451715479801743 0,20481965827935614 443,56284444553137 1,9889119794104775 579921,5329364438 1
825,398785320477 33126,73768286776 1,9971676645335348 120,07993014870759 582,168482924746 524,761096321881 627,2658447648088 95,78583232550068 5,473989894424701 0,20554876990068488 446,8384077545702 1,9949447348449942 585036,3161583747 1
831,3177102198689 32943,8990292769 1,9861208494422016 120,81091471672424 582,8849967085204 525,2977521849059 628,7775370742235 95,39938432120329 5,5227687617990515 0,20621346948047767 445,4956398480327 1,9972012245807054 584217,7099561947 1
817,0626520404371 33174,28113723799 2,010872815357863 91,43910974695171 531,3359965208053 517,6170294811984 632,7625702166334 100,09964738704619 5,461148322051147 0,20945630475889954 446,3887438908879 2,001339556084643 590767,5939927035 1
825,203137812599 32861,05596282419 1,987712821607234 91,51500255312527 536,2157141441356 515,6159368144274 627,4522745245682 100,73924719311421 5,5180624352663825 0,2100020633025695 444,1053782435859 2,009077185832446 582948,2246531537 1
824,8727615568168 33146,07568713349 2,0011878381177186 96,78038021729577 552,2571754126596 511,89854202377217 639,4400668379383 98,60125037061727 5,519794783257923 0,208587268692939 447,4328719708364 1,996602836557543 581133,7271970182 1
828,6138919430978 32954,675058963585 1,9892846196405434 97,74620147372549 554,7382591655589 515,3965558452289 644,4423702492101 97,7021253012114 5,522527284152016 0,21285185255273922 444,1243676004806 1,9948297085434985 587332,2563782 1
827,7015977551903 32625,627884742684 2,005502298801118 106,68935936115952 561,3222121936043 507,7075208981783 625,8543346291295 97,92162273720707 5,498447709512848 0,21203159426352539 447,18183758228446 2,020301640658026 587987,3414542525 1
831,6197852311502 32676,41922952708 2,0030732586885907 107,03597008273229 562,2566020469004 512,5280774382779 622,6158866637783 98,20062153019836 5,4908105234490865 0,21397878731255238 447,7542349253931 1,981724445072813 586021,8169135542 1
827,7029821761372 32907,59316680257 2,012285265925237 99,78655095242479 564,1258200461812 510,2888389215896 628,667223981575 98,18371280085137 5,493188739852332 0,2140135131525996 444,8802885731132 2,014087811063332 585366,7778103852 1
829,5188276024521 32578,73651543419 2,004101040240121 99,48937198335857 546,5252805196933 509,90291201224414 622,9787227350223 99,30885628111055 5,509264384195838 0,21531877105400432 447,31157285391606 1,9952945444241752 586331,5696178493 1
820,0401217321428 32821,05920841351 1,9885066128387001 100,56176549923943 550,2437610788074 513,8993915885569 619,3004604389074 98,25703032677107 5,532620816445288 0,21492294497228367 449,5061572149948 1,9991609586877752 584504,4890887481 1
826,185292022167 32734,731281586624 1,9997957745205348 100,19482840154922 554,3651164553982 499,10037308205335 624,1118410662917 99,24548448021201 5,5131730565669885 0,21328463779296464 449,43332367684707 2,0087971121396797 586380,1499520288 1
832,1117806806724 32653,218461008033 2,012632891092807 101,65906367474742 546,1471492396223 502,4027205598309 624,4487764649876 99,05533757958865 5,4637603074616345 0,21718381997551767 446,9677407547673 1,9898905583126274 585792,7397591439 1
823,9659769024072 32965,39583132539 1,9978842024436032 106,46801613649296 576,3750738613792 512,6756896399885 632,1854066711719 97,27425913994537 5,501161300465307 0,2164163856452611 447,16129804908826 2,003900660262458 582000,9977690575 1
829,1655227186606 32771,66936623065 2,0257083932414375 105,971556991331 570,5607128849847 513,8014827254898 635,2202690460097 96,48468637038837 5,479415862555861 0,21905539736288543 445,52457622618704 2,0149377421597285 584443,8620593256 1
825,6829183992407 32860,02823301871 2,007351833843601 112,8571436070873 573,7491948541171 504,87839365348333 612,3693944878889 96,86927161076811 5,458956917271673 0,21956188756768064 448,23005002893626 2,0026721086323085 581623,2308528665 1
830,115525368163 32625,138490772497 2,0001811497371156 113,59505878397931 575,7055792517459 502,5203936961857 620,5782594360063 96,59235098708555 5,441088451077052 0,22074723682106567 446,17295630475905 2,0183261050531414 585453,3739495706 1
818,1064582692895 32709,909150472482 2,0079378071779126 104,81614209198037 574,8133127949462 505,34629304125707 617,363943559888 97,0816956454544 5,489209396010173 0,2214971959904968 446,25648228573175 1,973315028473967 582715,4396428865 1
826,9573730714445 32987,04108066599 2,0056685890106434 105,03784127597785 558,9360867315096 515,5136246665397 627,889530239426 98,07470557075304 5,505966944513491 0,22153353510652316 451,57547771139656 2,001740683414619 586769,4865672904 1
822,562981624211 32820,942210573136 1,9822662181368855 104,57400046245151 553,5609107281878 515,7051856177824 636,8015875280335 98,17191955541536 5,484376318730371 0,2234447149715631 453,35144022195874 1,9941540534545397 586176,3015952951 1
824,1656100876313 32935,37676198984 1,9851908454922247 121,7727061821239 581,4337172710331 497,9537323685828 622,336582194978 96,23614682062166 5,4458466152820915 0,22384080430730527 454,2888198099995 2,0109863524740934 583186,0541917507 1
822,4016663473664 32825,303570258395 2,011242786207684 121,31446690140159 581,7799973846946 500,4770678223335 621,6470645456351 95,40340882859047 5,506652282393376 0,22372210376029208 455,99392902849075 1,993724690186554 583322,576222176 1
823,4225006222155 32975,768534867915 2,0084027503979898 93,52358912543029 551,8208372083712 512,5902237759681 616,666445575297 99,10714489490196 5,474617037426891 0,2260682833659004 452,3025695868651 1,983644739869454 584497,6088850448 1
825,1934532602498 32690,134896185533 2,0231437124103944 93,30299126691892 549,0152906163091 511,71645978071564 616,3881154183925 98,8420343583453 5,465117903337173 0,22684508451984006 448,708156541692 2,0073462855063746 582390,3845154274 1
823,8437413025314 32761,59137771602 2,0046830308130796 108,37619445158404 565,9370708841761 506,23610023890075 617,418011587968 97,45931888797928 5,490803889070859 0,22747800307360433 456,84707566333856 1,989667814491146 577591,9178941648 1
820,0122923598993 32976,59797686851 2,0025862837739186 109,48770840726749 563,8597845043934 503,63092511677655 610,1622499602814 96,28505485521849 5,525877988339535 0,22915280630725615 452,689927220352 1,982304003032239 577685,5485847247 1
829,3961618759405 32756,286944377593 2,0046637463684327 103,98471903083684 567,6243878277735 506,55536442732756 611,4149297804637 96,54294449916951 5,492760600758728 0,228110324075891 457,03141147840154 2,003267406625869 584900,9725178183 1
823,8361117012907 32538,558934551012 1,993073608857287 104,52226789445807 555,6701474371791 514,1025845641409 618,7942352480096 98,06371011869906 5,501372773430968 0,23106080897972028 456,1548072737148 2,009983200050275 581452,60923587 1
822,2970950475502 32810,12802119304 1,989289935159033 103,74194419693886 550,3130105116318 509,0671451919846 618,533532067433 97,7160076323074 5,470669868900639 0,23307113251798292 452,090708546885 1,996883709152458 581791,8739098303 1
824,1687943807491 32674,984568162927 2,00515340381855 91,41766174994125 535,1711902466626 506,29519501247154 614,5950961905493 99,99198797937255 5,483915539405166 0,23047136242790708 453,3416191774885 2,01101216128265 580720,2544905862 1
835,4870153977051 32931,27234638045 2,013162686763452 91,92360467749276 537,75008856032 512,0029139444171 612,5917358436584 100,3231528329885 5,498351376355009 0,23140730012891145 447,94184102666173 2,004973210852413 578287,5107542801 1
830,4245774976084 32596,18391214176 2,0024128017130756 119,45397217350397 562,1008996288939 498,0339619030734 603,9948202518555 98,10134902613902 5,477742288001339 0,2310598332267075 454,40448124872194 2,006823677855204 583962,1544096363 1
822,2146854955043 32935,83723381206 2,00844210018115 118,97561707016695 562,636648737898 491,6936947179729 606,6186617967957 98,05898149500766 5,4818316591960246 0,23277003785539171 452,49690621902977 1,9866082862332148 587805,545507615 1
822,7318440416012 32776,804246144304 1,9967723043803505 120,60711124626206 582,8861196691623 496,56805923145214 626,8728223192987 95,12943650674264 5,48753620690302 0,23435202479789635 452,02162342923924 1,999724965256656 583370,2521268994 1
821,6311214590266 32610,781930348643 2,0080966234923268 121,40191334577983 586,6264162115327 498,13507786766814 627,6842390346958 95,5710487931496 5,509820596190903 0,23804810396554432 459,28956335583905 2,010547166598232 584963,4923195728 1
824,6290084878219 32908,680385567735 1,9954883921970503 119,38453272578992 582,5416941850461 499,42811684174853 628,0695169403709 95,47344364333925 5,4850249474502695 0,2366329472334723 458,7519899657848 2,000435852850617 580971,0209722812 1
827,3712269791425 32666,64915406037 1,9994843079199685 119,32960183380752 579,756013931 510,04241615332194 617,1405684437477 96,41063740429888 5,509180150180732 0,23795474011011383 453,0960675339806 1,9991749521362696 574647,2136670338 1
828,7795117320914 32732,39675255989 1,9917293791302257 118,25594699400196 577,7451034886235 511,33822087140345 618,884072757916 95,43783649175836 5,507102606802553 0,2381865109103549 457,61653774969784 1,9961223303805016 583031,9314061141 1
827,4607397856885 32851,47173554562 2,010450471043042 97,70512159849082 547,4374255326181 507,81022093742416 608,328446305036 99,23384431029673 5,484086970782753 0,23665654103456601 449,48397968384734 2,015035961613501 579649,1515688462 1
824,7673125150676 33017,00260235535 2,000524606599071 98,16764536492482 546,4345808188763 508,27895303291234 607,8628661540889 99,72323495692962 5,480782828817603 0,23955336003304314 454,7960480385155 2,0016861004242004 582082,3178857557 1
825,8839819638886 32863,76630849872 1,9950736598606842 108,73604162012246 561,3194070115383 508,5996953972835 611,8255891749913 97,50762675466909 5,480807186305789 0,23932361820493625 452,8461553962469 2,0054097056107323 580487,1781687916 1
820,2872158956217 32701,765770219037 2,0048277971681343 109,7313575993321 561,5492260437983 502,22175246191097 620,7570300233327 98,28314411331873 5,462418173580877 0,2425326043613382 458,7780335522038 1,9904144818725449 583261,7951651487 1
830,1233998814184 32662,351815519232 1,9969693046224715 111,76179419893948 574,4310638078957 510,5181855801076 605,3438648491558 96,29670507382407 5,479652392709407 0,2423818088752411 459,0120989104472 1,9935170073554693 583739,9713406634 1
819,7328464463263 32872,93927082166 1,9935887024125942 112,31930251643159 568,9238760912285 505,26501218171046 614,3081862008212 96,85261571989805 5,529459555482578 0,24199203587295512 456,9222632555505 1,989456179400797 583505,3243448415 1
826,4211802030918 32922,95147508517 1,999457881765613 110,48875363047664 569,2279659136756 512,2175970894091 604,6799213767774 96,00863460536831 5,5445419802614255 0,24383737192476307 460,15979846043825 1,9888993044007053 585459,111604934 1
829,5746946722646 32999,369427047466 2,0057599235099848 111,02149303042835 569,7096768898836 499,76218466268176 611,8354492586556 97,44684165975828 5,524490064413654 0,24491540129876846 460,81164689097943 1,9885283726872731 582545,7907906864 1
824,2015829106865 32632,93988771558 1,9901347599676857 111,26194502609279 566,7881997553371 504,0686570553673 612,7372179721153 96,80043500009967 5,46619178552318 0,241766196017044 462,0121381508715 1,9996182494155759 581104,4705313238 1
822,3327846623707 32743,809616034974 2,000159505866491 118,30042456801071 582,0975653947621 504,40691451433736 615,8198254594207 96,63873699104445 5,4380952312813635 0,24432144912176654 455,7298755635488 1,9954342124458135 582896,8153941561 1
