Co2(scd40) raw_signla(sgp40) aiq(ens160) tvoc(ens160) eco2(ens160) rs1(ens160) rs3(ens160) rs4(ens160) rmox(zmod4410) tvoc(zmod4410) eco2(zmod4410) iaq(zmod4410) resistencia(bme688) Aire/muestra
1204,5568302300571 31226,23740008663 3,003621007187034 643,8953528576957 922,4443521058685 128,26881400048998 57,17478189460698 59,82217523413833 5,432882615792737 1,2082691024112715 425,61172400304196 2,9917465259189653 368257,4096223907 1
1208,4558563308176 30954,619327617696 3,0169766521730814 641,2673427497083 921,0462733084822 129,87754756818418 57,35974952239829 60,61085719026747 5,472549757325034 1,2313863991842418 435,0204084777571 3,005265447474625 368755,08334129764 1
1196,338320183093 31376,998418514995 3,005925042071001 639,2868473702612 910,617715109193 128,71467753770256 57,734954731490575 60,41000023576881 5,439531060505103 1,2329924324362742 432,7943615713625 3,017492279619448 379134,83011019725 1
1209,7601355924137 31389,2186613696 3,0061767698472153 636,8429714924141 905,9839688271065 129,39226523755207 59,63901588276212 61,67543924279577 5,461066660649767 1,2188410235835805 435,8084138309411 2,9925066785930836 380157,2208012447 1
1201,8067499736928 31152,081523725188 3,002596990213249 637,325702764512 905,283836570286 128,86716761379108 59,30160325258078 61,5808466402364 5,4363706048710005 1,244699676450307 434,11588374436866 3,0128934141627304 377099,0106549856 1
1197,8511935700376 31355,920941816363 3,005070494407838 565,8311787479414 887,6652344421354 132,7834660438138 61,077548204221536 64,30019118967007 5,425955826404583 1,236563715497497 436,42981741842084 2,996554980847253 376405,21500821155 1
1196,4864795605574 31032,224507915118 3,0079782777985065 562,8370802980057 886,2366226067934 132,70433190387837 60,929412644326945 64,16291189959203 5,438990526151924 1,2358412341854244 439,23808521716654 2,9920878032301568 367870,71577109245 1
1196,6456600925696 31121,579016823463 3,0086107655771244 633,7809993307441 906,7009784128113 129,46709256440153 60,35914080600407 62,03116875860408 5,485896390736236 1,246161919843515 440,4430449972816 3,012801344101097 367282,3176789698 1
1193,646251030222 31320,468480309803 2,976777548826007 624,6103980719452 900,5158563468923 128,64822099102165 61,22676834132662 61,86904143150801 5,4545916281855185 1,2581651587717875 441,9818592654462 2,9852573385277585 366828,8321251077 1
1205,2351920907172 31429,435733165377 2,9821899049869027 644,2163995929274 905,7397279250624 128,40464050356837 60,84290730807218 62,38014392677428 5,427195771336755 1,2451366864105622 445,7889458692265 3,0161063267735404 368113,5353081312 1
1197,3873231264556 31012,330423153304 3,0116189511920055 644,5204819959235 901,1663407641519 129,62821220329224 60,3984583991191 62,0795672722906 5,401195689525709 1,2583730313946921 450,5211151954494 2,98889437403205 371996,9345968476 1
1202,7027532499671 31089,561888569253 3,008430881989656 642,0641542779335 907,0570650274527 128,64083451748775 61,325405033873395 62,19528680881232 5,409957374926414 1,2624419060628944 448,36913039498074 2,9796012085136767 371321,5380887051 1
1207,008711485481 31052,841188024697 3,0269892352467247 655,8163499344766 916,3677400127685 128,93526478077112 58,34280046882386 60,54387123045007 5,509094427977118 1,264525367029849 447,84227135646205 2,9980056433410835 370040,8964453809 1
1198,084211590665 31228,592908056846 2,99179477253418 652,7166771497201 914,8668414332445 127,42983971241512 58,30702951013042 61,16549613066284 5,475336435932367 1,2716011605678095 453,7988022025326 3,010999680498302 366661,01343130384 1
1210,0723426377247 31115,648477849594 4,021421456852305 658,1378667108507 917,0312893011384 125,57439553599535 57,597703533574936 61,1132946385644 5,494504272526579 1,2786545245216936 453,2088471369248 3,003599331973322 368686,3130794648 1
1201,843127052575 31263,02137284534 4,006629839658051 655,6899797937353 914,3100557791688 125,25979343628912 57,62682063271406 61,37384697702468 5,466907630554917 1,2728852412153293 456,8949474610766 3,0048434594522857 363521,6439562848 1
1203,1706664562776 31027,622330923175 4,013490212550403 659,6528773245032 914,3666230598322 124,65071510284196 58,745546075913985 61,20860138693772 5,488218195208604 1,2746559925737704 456,43720931755666 3,018385935786365 364893,13634397514 1
1202,8666526673728 31075,612043124518 4,006951912740846 661,1733918418038 908,8262580277171 125,23711230998173 58,121159371039546 60,72781483655026 5,488591857796535 1,281172094285661 463,5974794936812 3,0128978038774035 365704,51931076526 1
1204,4681132855817 31049,69016015509 3,993401554285436 699,1895081544903 909,9839649776623 125,6729526706018 58,17021504178802 60,57607246230625 5,4545475973841056 1,2839260243212778 458,8932967140435 2,9991776459820336 368406,0783419067 1
1199,1651779502545 31236,534243232185 3,970885641432408 694,8989820898516 923,3899827647484 125,40733920982395 58,24410867257114 58,915291998154416 5,47619809006244 1,2941052790149339 463,34206147798363 3,005015727145207 365790,5464827396 1
1206,9924957852222 31220,938118144535 4,029963422562879 699,8347311287336 924,7088616957187 125,80239441196834 58,459205061506935 59,43640029720423 5,468508795334493 1,2878486579742354 465,48458393412784 3,010846023438932 361478,0747066936 1
1207,2839222458904 30639,918743434526 3,0064200517035355 614,7190121762873 900,6052361047537 124,8479192842928 59,411293595223384 62,246214196372556 5,443095957098769 1,2904342716832793 465,0347850105592 2,9953174264802582 365119,7720525713 1
1194,9498577210886 31094,23203055682 3,0164518870856156 620,1613419650479 899,1502653119131 125,28051251213792 59,55522919229998 61,94941988769157 5,433830497964917 1,3028510697176487 469,17090699097673 3,0061405942129156 364471,76231481135 1
1199,1334094018882 30986,69451691458 3,010335281520131 576,6140245166988 887,9539167284316 129,0004929619263 58,721080657830946 64,01341708549894 5,484546762604247 1,2963279030084112 467,5283777903853 3,028367588132638 366412,8786659126 1
1199,8705173537353 30968,946089492078 3,0064777307371333 576,8058394731279 888,291901172091 128,93077814380803 59,11333569286787 63,961972453865286 5,446286913172644 1,2848668949307167 474,95735056204694 3,000661779267712 356787,35452574556 1
1198,3506042609806 31195,26800033169 3,0056560459601114 600,6974062156152 894,9157544074646 124,63078433725534 59,67047832455892 63,311649658681326 5,471894699922538 1,2942690123178076 473,2743507485749 2,97394037388244 358348,8639442802 1
1209,8033235657933 31471,67384437391 3,0004047415064 601,8667283050951 902,3140429405094 125,034180584128 59,71321235808984 63,40859832376696 5,496860752321864 1,2980981470067028 476,7218228727964 2,985618373097975 359474,7589544374 1
1196,8814697615805 31158,841167424962 2,9863300613520285 647,5734599380072 895,9823419134337 125,48391422041674 59,301649569072204 62,91068724633445 5,4480435650181915 1,3009035252451775 469,2295269561823 2,9940555259688897 363554,3253861173 1
1191,3073113178336 31000,8201329587 2,990363178392601 647,7240397978287 883,0796514284965 125,46409536393382 59,652826246029626 64,95438786207633 5,490872798452037 1,3154280514130814 477,8640840196424 2,998441430098888 363336,5669801383 1
1193,6414327115535 31239,688449692872 2,9827449465242912 644,9990150330967 882,6493460738992 125,23800929477986 59,56831020294301 64,44050020269337 5,452545363841271 1,3161963792013818 476,4607082625376 2,985362493703266 360632,84670893906 1
1206,9881367369703 31050,119514187983 2,977698124464047 624,5120922218182 905,0262514911597 125,43880354377822 58,86949155109002 62,4207476096526 5,43820879696055 1,303867768002646 479,5499595167327 2,9761364191664224 360622,79845639813 1
1202,4793932943653 31150,68065050622 3,0235827507852555 624,1234500567224 905,8435033040007 127,65713844995474 58,75916200269008 61,92132578265678 5,453296246922302 1,3088399867008464 482,8362016402645 2,9930551984470557 360391,02601910784 1
1203,7157911470047 30851,43885436582 3,9904128046656506 662,4539629350296 919,8920470007373 123,91943521333981 59,11798614252757 61,15597304915945 5,454996282691266 1,3119981295984589 485,6181730519255 2,9838264421279295 357132,5981153894 1
1196,618112432644 31104,9169031801 3,9763151779614905 661,3137848654839 911,6922462414665 124,20143700944661 59,32467722084126 60,80583156074956 5,4716693101572345 1,3096125321381737 485,8841856463337 2,9850709271360882 359463,3333261859 1
1195,6595559702937 31223,729415814025 3,0024102630609733 632,6842868239903 909,3620275457483 125,81221284215317 58,599923999710036 62,03442296892414 5,456132793967584 1,3212402581614024 483,98390842756686 3,0003315084509525 360937,4754667116 1
1202,4817899148732 31128,265712811866 2,989572300603575 643,3144495765176 913,2422387799405 125,20971647073195 58,78165543475886 61,69435003218534 5,434777908332501 1,3282227332468617 487,5107459246973 2,982925771969693 357715,56455066934 1
1199,356376969182 31050,874551154913 2,9946934144948165 615,9015447574504 908,3764859067214 126,027448569589 58,74733679306469 61,687945814608774 5,4294564276410195 1,3293060176909925 488,12273516666363 2,9781053554366066 358486,69194473117 1
1208,1031807809638 31124,82979886238 2,9776367304908815 619,0911265920863 908,6231279319726 128,07185336356355 58,429870251749435 61,496839901621485 5,476304834455583 1,3178547951043509 494,4369672969233 3,0148330752162407 357900,12659103004 1
1199,6277255187824 31135,86600418385 3,0214750613281427 618,2844448542943 910,3313347238337 127,5575644849953 58,495131403861684 61,246868566458836 5,4507213566890425 1,317607642770858 487,3898483192573 3,0017636833093047 358989,8950309223 1
1205,1594071065608 31172,10899525184 4,035513758283312 662,5728016734253 908,3593764090753 126,45470480723078 59,41213300210922 61,261721301809146 5,476042815146818 1,3298602824458308 492,8917012474851 3,0114226063969127 359243,7501063911 1
1201,7289930584886 30885,778758694487 4,008877483962312 663,0138008585913 912,7633383739516 126,46305109710136 58,5700055851297 61,07134804141074 5,480276799783144 1,3328821740016326 494,0749771995556 3,029373362726815 356078,49347244616 1
1197,4480313186928 30921,943369234134 2,975547355367367 614,5074627674562 916,1250933868885 125,93879793240848 58,18836474173253 62,37946241582082 5,4631141761377995 1,3144878214302156 491,66352782373156 2,9884417303580673 355073,9173055982 1
1202,1893598449399 31032,509202153004 2,9968430097910055 613,7971279421935 905,4070399035006 124,34356853234398 58,435221234771284 62,40294593403209 5,5083889446034835 1,3353889464391635 500,34650067443886 3,004690651325893 357210,34873833903 1
1194,9818137983214 30963,879567738106 3,994358044960166 695,1422747475244 924,7944852392269 123,73205313116875 57,34653087562943 60,10471322465291 5,455050122431115 1,3285328797339517 499,97084250830926 2,9919394471112217 356069,82086470013 1
1185,7811646104994 30940,985199568808 3,996885593165494 690,1811536210477 925,0134641267457 122,45228301188827 57,838661696704044 59,887067120948544 5,455089462631442 1,336128084719317 495,5014494816681 2,9946044216603553 358152,41030682565 1
1191,339168278278 31035,5321665478 3,9868099950980587 684,725395083649 922,441852805201 123,29742045542581 56,7698268168088 60,312109201131776 5,466953985595361 1,342850021168113 499,14597999599766 3,0122023150258044 359525,4247015758 1
1194,4308934630315 31060,671908681914 4,022048221600476 686,5030126021037 916,2194297346624 125,52716645315348 57,83763662666652 59,84448464991525 5,50538345867455 1,3517518178214394 503,2321288285579 2,9987817997650867 354513,25471855805 1
1190,6826079120885 30926,46243419791 4,020830803928723 682,204233645469 919,3223013480186 125,56930104735201 57,833947064 59,435584409774954 5,465377750374472 1,3286845503047253 499,1212835377077 2,966416131453818 357201,4898214295 1
1203,8436453923046 31234,17599247184 3,0065101821145888 639,737339889089 905,1142687372856 122,78702313058015 57,243634460028225 61,68594867877936 5,45189128784058 1,3345221928040363 498,2273846044857 3,0174106301122365 353215,26777721464 1
1199,3980571897796 30965,385005206645 3,0116706754548783 640,9361764560947 900,8317481553357 123,65236841348603 57,28734202045634 60,959223956852775 5,49882281096038 1,3431488362594597 503,9369023311254 3,0012209982109663 354971,77412335435 1
1195,6853941859194 30851,724440741626 3,957951333045948 674,3196556713267 918,2627919797137 122,67277456602403 57,47691133608101 60,1602811965946 5,482318522615393 1,3356136302940649 505,2897198527167 3,0128030982679035 355265,03442099754 1
1195,8135923840655 31282,242113912787 4,003957392286889 671,09140765549 911,0556520216661 123,81860472069869 57,18875931387398 60,66762879662079 5,492974310533698 1,3445686932533314 504,68130316415363 2,990420079690873 354856,53945826937 1
1185,9604558731503 30753,781624614123 4,037473665786926 689,7644105223317 902,1032644202126 122,12247755735923 58,06260131541368 61,86988850860017 5,475727527359925 1,3332552800863635 505,6789127743932 3,0035472359209723 351500,99181144184 1
1186,995862617161 31223,77574849138 3,999651003147202 692,7153659221268 908,5148505706499 122,65612805015863 58,487746706089574 62,140982169273165 5,449242490245861 1,3391153394340074 506,95051080959314 2,9983645761104234 354256,30075896677 1
1180,4150778305655 30916,92838478128 3,0048248844438117 591,1212150454422 912,0430642544878 123,30201757874191 58,939543053957216 61,939842501327185 5,454869996170177 1,3407925026631393 504,66616650273244 2,997002461093458 350888,4702708207 1
1196,0723250946207 30846,187465344872 2,9966883430815474 593,3736533683629 892,031025639072 127,47617789247842 59,4387966811681 63,36257012144024 5,415854045669272 1,3508189064912186 506,28588606802464 3,0021457746991347 348784,044063588 1
1191,577923005227 30809,462572983106 3,017771144154219 593,0810190603589 892,7747723797949 127,24187702693808 59,056257019892215 63,362848613164324 5,451532995720842 1,3383066821366705 510,2451887207217 2,997358340667148 350091,7651340058 1
1196,4606934295982 30753,38991998073 3,0135508358212197 578,9179261422296 884,2403788206268 125,6008289267298 59,57826029089881 64,02882697508241 5,49185884439826 1,3302119865423503 508,214524717884 3,0103259615132747 353445,32222592883 1
1190,629319105086 30848,17038613003 2,996950939262578 571,134756142698 884,5459977936276 127,07387463436892 59,179698396180626 63,85414832821845 5,457313318861932 1,3384727492701298 510,3425237477583 3,0194649279121313 353298,843394031 1
1190,0528043712932 31086,498761256196 3,009251428283907 572,5264315455206 899,452586990743 126,9644719544328 61,19673325069984 64,20685517969723 5,456703698936726 1,343901741726023 509,7200902680822 3,0341871313425983 350478,1450646044 1
1190,9434967424015 30969,727676847237 3,0096933212084678 573,5230942488723 886,3599230253867 127,13188128426067 60,07774717735124 63,83286179993601 5,4866083739285 1,3418104577543593 514,3575623664303 2,997742901478102 351729,3533519291 1
1187,977443772042 31104,80154151293 3,0082313247358683 609,8702667033472 899,2049804499943 128,61341137798397 61,30648849599169 63,028304588616976 5,418167853268807 1,3412467737081015 514,7201497828131 2,9988303441584963 352493,44509382825 1
1191,160835716886 31035,509499849748 3,0008641122553197 603,6963436783274 897,797497733391 127,40716012857897 61,338811054286715 63,59262559055858 5,419370191947689 1,3415623073304022 517,6335841784113 3,0242752052257096 351174,2295439688 1
1194,5805674545466 31162,192867463335 3,014518921530452 561,4832993066778 889,9315742637561 128,07120574455888 61,53143744152244 63,19356187421227 5,44374633753596 1,3358935818876394 514,4024794534301 2,979927045343293 351440,8312888616 1
1195,0404723561687 30969,425656834625 3,0164343736932686 562,0368677514725 886,639259049416 125,17081850692554 61,05632770653169 64,32072804730431 5,439188792802984 1,3497610970009888 519,8191302924342 2,994380854810645 355689,11683510774 1
1202,5749998126673 31037,188245203004 3,02823575202743 566,2854702186785 891,6823088207788 124,65383068271132 61,569578007383726 64,44772902296792 5,428301898491359 1,3406636936403749 515,4045727443122 2,992317416896357 352281,68386459484 1
1184,8085137658982 30981,382299665973 3,023620351479426 625,7877698580845 904,49120584084 126,97647432682206 60,53026090999419 62,12589179256164 5,473615873767692 1,3398555380666002 517,2453608336057 2,982999724879617 356271,8355006862 1
1200,8432632863403 30956,011705942587 3,011168662695301 625,9299270618808 902,6867322478261 126,23382958603732 60,69016226055133 62,61265384045148 5,450130409615334 1,3356835971964696 517,2968668056932 2,982363252229657 355127,70952721435 1
1194,8719955971012 31185,881664413933 3,0280461021317775 636,4141051385185 905,4656871662053 123,83669554584735 61,26763515000432 61,359671695109256 5,424107688868364 1,3458414229826805 521,1961914422172 3,013159087905434 351211,0491442697 1
1193,0459866819854 30781,565664989204 3,018750903368054 634,8888294121027 908,0468774618864 123,20857254242769 61,0267702783596 62,24571309157084 5,469902626518464 1,3455939071237568 518,820113075285 2,9943071036375883 350488,187791906 1
1192,1939118507676 31143,401872405437 4,003041481804621 672,1046957289209 917,8662137041052 124,09837634224624 57,569311862276116 60,593311368843985 5,508160902297443 1,3558092167208406 519,9738734180347 3,02031080767612 345584,4342394957 1
1200,2506796653686 31111,956699906066 4,0073608578401005 673,9696078136728 913,2742017023811 121,98858012862514 58,32903856286488 60,53687905149154 5,489940787125261 1,3481942277067136 519,988848504907 2,965313260379757 349358,7053079401 1
1189,6502053291056 30972,971237434813 3,996060570587196 648,8669672354545 919,3934364321391 124,24678359033888 57,762766757333694 59,99335854620117 5,477658998477085 1,3320770012074812 521,634216024059 3,009197228024341 350458,0165975356 1
1201,9901220373604 31117,54485444679 3,9909867170124116 650,9393315380756 902,9328392899505 120,81198993278461 57,618430304130094 60,627453808428335 5,487865863605278 1,3509424040763292 528,2709217342616 2,96841969024599 351273,4087212162 1
1204,8512332999817 30738,996875307934 3,9916963975754607 656,8856272664335 918,4025985897287 121,71175237164525 57,53894464953959 61,17389666862326 5,490428885268851 1,3475257409646402 526,1527299034564 2,9908185803437806 346457,7065254039 1
1200,6771352882722 30564,511007637462 3,9966996931848424 674,3202613769135 920,0705796868804 123,74695437136577 58,260863432626365 60,74538650685085 5,399946093191506 1,3416735685236032 523,1295128603991 3,007717536707514 346640,1494389613 1
1185,5450293424374 31177,521031943423 4,000602208072149 677,9711890770388 913,0559279768271 124,23591476136863 57,59950550909408 60,73566894248728 5,445273053815999 1,3443438988420062 526,7605130852736 3,0079854631536627 349303,64276186004 1
1202,2360120571693 30937,755657671052 2,994142319970524 644,2947703689973 906,3934610064712 121,9461988040709 57,80625394487057 61,94200818930447 5,448714377014606 1,356463128413977 521,1316168260105 2,9802552806000913 351177,6008475159 1
1198,9188735257312 30731,792420717316 2,997301990270807 646,4561463177085 910,6877317902663 121,79485299813943 58,68474649483854 62,108863268614066 5,506490802127813 1,3409405509433454 528,5559033605077 3,0169138136354063 346012,3110774135 1
1202,8754946941215 30978,90643713406 4,012444657237736 692,0531366543022 915,2778381163658 121,4568289768293 56,928598127809444 59,65023639144004 5,497746050915879 1,3327733202570873 525,4090807960823 3,005602703027088 348368,88578590343 1
1193,7418607075547 31091,4460458641 4,0174044135525095 692,6822740444666 913,6999351719519 122,3934463036092 57,290325941115476 59,44336774685048 5,460946583125843 1,3478438728598205 526,4755496009516 2,9841107211038147 349579,4859961854 1
1198,6039777086032 30745,894080549275 3,9931920928417313 617,0488566580736 918,5309501742473 121,79473756800546 56,62211429467301 60,08703812428506 5,464051047279386 1,3617848929530887 525,3454459059209 3,022009925934392 345461,082234666 1
1193,61231686534 30939,39412234505 4,02776108450833 621,1256188111986 898,2385343067964 121,00711255589822 56,88991746943868 62,70185149834169 5,483123485609713 1,3486321243110417 522,6993482240364 3,0010681097591334 346991,4221611868 1
1194,495873819971 30792,91250636355 4,004444578497971 621,4201680901639 891,2936709531774 121,58149066504896 56,963704540271465 62,0237096114217 5,479504412644598 1,363087075759304 528,2208132918977 3,0060484510596863 345712,4511528685 1
1197,0204062357175 30871,728841979013 4,023411972284225 699,755176965232 921,9740753325199 120,756665432688 57,11744384812167 59,591170053381475 5,467860471206819 1,3511237286908009 527,6750198522936 3,0150428037418266 345505,1095241887 1
1192,347250290996 30947,202933818862 4,002738480128817 707,1484796295399 931,7570253676902 120,74991575472212 56,670460514540224 59,21887244973204 5,459964062672839 1,3528354544511727 528,4318085745011 3,0279935142623104 347486,7942402284 1
1202,234890903621 30884,340301745713 4,000825444035052 720,6778166130534 929,7378139854665 119,74526661625873 56,04227840956953 58,693133551454295 5,428031713675743 1,344694378757987 527,0220249608653 2,997235126993841 349355,18046306196 1
1193,9571930477703 30730,944873634577 3,983695500472656 721,8528872204818 933,1431304329009 119,23517916593573 55,89599575788791 58,981636726891075 5,434513961495844 1,3483654189742313 527,8903437436246 2,9951332313962826 343508,4390210712 1
1197,133715576946 30833,77463260375 2,9887409662440945 619,1193582662953 920,2620723747541 122,575656053529 56,950157385072146 60,71243698922321 5,410936033329381 1,3532772122458756 528,4217793490246 2,9965106403382515 344081,7953645501 1
1202,278235433791 31030,16166642199 2,9980079036397127 615,0660905423086 916,0265397747127 123,76187358162984 56,89887231124213 60,5094714988601 5,443473356806586 1,3483279899851928 527,605934615426 2,999985559725848 345122,55205952714 1
1218,8002940749052 31066,57547313753 2,9945646973194355 628,9704039115677 919,6964919257932 122,58639911333688 56,93413289917122 60,46514051895408 5,448592064753946 1,3581473726350966 529,1929909351389 3,0150670037691008 344590,6155983603 1
1206,3956104937276 30843,847149010326 2,9937675943351074 632,4926803059534 901,8642043086373 123,70614308313723 57,979401525393 61,45936634395085 5,4273800646347095 1,3602811604704401 527,3249979275231 2,984680177737265 345772,48117717705 1
1216,5549034582414 30613,834397494018 3,001036900924236 627,9449507750251 906,1789047248236 124,28091663477835 58,11626725253857 61,96150945803947 5,490571239146024 1,348881309599681 531,2584641687637 3,005809453543816 342007,5589049737 1
1210,3041084496124 30706,444343769956 2,9728385220301465 606,5787149170276 890,2378474804957 121,16636334214115 57,94444450918637 62,78748641174643 5,441311764993208 1,3563679008813008 531,8830133134484 2,9938745437869843 343191,66043599683 1
1206,3965014682856 30975,538238052224 2,980955379220278 610,2646851023077 899,535227788429 121,3271781300233 58,14584067946603 62,432107825665256 5,458883914230384 1,3609233772136045 529,9888840786056 3,008071950029562 343401,24186642776 1
1209,8122278142064 30847,788146015337 3,034488710803727 609,4958018766029 891,4724907395721 121,325614619226 57,68646658281356 62,198588329268176 5,454115512232104 1,3507809117213163 528,0362314464882 2,9904295242483845 342064,176817039 1
1206,4037166063797 30764,424085597762 3,008411992060009 605,3462491408592 902,5185418643862 121,34711288883929 57,70659896688208 62,92254706033988 5,485180631984146 1,355152897849978 534,9778208872875 2,9991135490636456 345209,65019740484 1
1206,1268258502355 30730,934094718905 2,9738642673613884 658,3785534225732 906,1745652654096 120,68478208007167 57,27850418722219 61,52082357660081 5,413161148172112 1,3460857745673989 530,5718820029889 3,0145388092603684 340847,69738380157 1
1209,0854442232726 30904,465155209808 2,9816818004500734 659,1003551731699 914,7055446815195 121,35722070643104 57,578638555557134 61,10293946373071 5,4677601924072405 1,3469945298446924 530,9730594759795 2,982124503242132 341262,694869758 1
1212,2167240847157 30974,204764773378 4,024550226627939 692,0112438351849 909,4227595169095 120,55188260224365 57,55616436441699 61,202191383668904 5,484634687580937 1,3541804108646451 525,4362261751706 3,005322031626844 339004,2902311473 1
