Co2(scd40) raw_signla(sgp40) aiq(ens160) tvoc(ens160) eco2(ens160) rs1(ens160) rs3(ens160) rs4(ens160) rmox(zmod4410) tvoc(zmod4410) eco2(zmod4410) iaq(zmod4410) resistencia(bme688) Aire/muestra
2108,1515684279543 31604,863278697576 2,9772404961628682 258,525043773157 757,514154980116 391,241488909351 420,0993564070849 80,51719752369493 5,406503913284449 0,15057863115829923 400,17823573910476 2,0081080831987013 493338,3148413381 1
2127,068915371612 31997,69533642843 2,9714854841089884 266,71994387496704 769,3051030881356 379,8140463157128 423,61345984688626 80,48405230059691 5,4052794495332375 0,1492685691447452 400,0328661486988 1,991705228917345 494340,63414890657 1
2109,1018619603283 31526,53584468549 2,996566995839513 267,16713692033636 770,7974607499373 378,9124564436957 420,5792554690529 79,9326821650077 5,423074268989392 0,1563410985641682 401,0298893690555 1,9904890646408198 495466,13434933283 1
2102,074534756096 31497,562831398864 3,017725201876483 274,1849781822281 749,9431001527842 389,76951791665107 421,3224953914186 81,66130005078709 5,424916681907212 0,1564775387332677 400,4474604138322 1,9803348454701297 491832,51095688815 1
2117,4794175547627 31899,298618707126 2,9907385118170318 273,5985551040394 745,7249548842711 385,6297519952306 420,07770600191805 81,73278960623217 5,426212751728918 0,16321089117853763 399,03469784368326 1,9916454294948551 488255,8175074357 1
2114,5777458212847 31859,144060261504 3,0268703693035186 271,62360597666725 752,0691513589896 388,09815792288583 422,53030439787415 81,50797508049328 5,421336365521841 0,1626606896115246 401,9851819369383 2,006727149798762 491713,7682819739 1
2108,5276335109193 32037,136129426788 2,988461086574359 270,85663172967753 772,5907137674074 378,8204227232986 407,6455622002757 80,3453129514107 5,420804242378047 0,17471037860033944 401,2532551801782 1,9922035755530503 491552,2480921349 1
2102,682846804641 31681,700772049167 3,0055632579458313 271,02085209902526 765,6578443565694 380,40625602841016 408,13502944011805 79,6779802942471 5,453982656416041 0,17535624395518637 397,70017568589225 1,9851901657109468 486916,78426501865 1
2092,9299011782095 31733,856183291515 2,9808654776383556 268,1176859226161 773,5672134900702 388,2625701244155 405,25621904630395 80,56607083076126 5,390280032213881 0,1746370222976735 401,039490411761 2,001185292764976 488435,3490348952 1
2102,1915283227363 31492,504126217616 3,0056922665940107 271,69648202066554 768,8090207097996 387,58532050133886 406,37299920728896 80,10742279015722 5,380537743960165 0,18596405084719025 397,9650843846044 1,981413406681475 489557,2555532164 1
2091,424475661852 31652,36026246228 3,0075012179019494 278,9240831819262 785,2865413771235 395,2182268591653 401,92352906934815 79,28278604565202 5,3611620925296535 0,18559798507298428 400,58473260937745 1,993731355119581 488106,62456854 1
2101,8549739926975 31527,915086100867 2,984552230447968 279,85862793843836 783,5430567558541 395,15568752493226 404,94175100532567 79,35134627909872 5,357152561706809 0,1983715834956094 403,05440775839514 2,0231619187541203 483188,3626851332 1
2113,977544166083 31558,830911753103 3,00154148185084 259,5336259145323 760,9886652474889 380,82093050721795 406,3520328624687 80,50368008874194 5,408715487337826 0,1976438544274004 398,1719761158416 2,008966393172696 488712,3668901552 1
2099,055117460104 31827,163508719434 3,011362977492782 258,19666289029885 769,665402607368 379,4289945963672 406,65850662885333 80,18839178630564 5,44278038305291 0,2080104246634811 401,51847696030023 2,0022218217129955 486641,3718578625 1
2124,41107515438 31738,49597432088 3,0178162679277865 292,5106853821603 764,9235790247345 382,6245947741458 406,84891141878927 80,2429068785922 5,390899576457322 0,20935767061636273 398,4010599370591 2,009705274071795 485653,5143513059 1
2106,138848632882 31738,157021079125 2,9938929436923702 292,3324412526234 798,9210705918626 379,43322364236906 411,0304325105073 77,71461813854219 5,351637371323174 0,21746046386149906 397,64851646811616 1,9991895391003796 492155,7448799607 1
2111,6346782959067 31674,972435290394 2,9837218432680643 293,24455024441636 802,2199894697374 375,92245944844495 413,39757371023114 78,05380912169757 5,437718993121603 0,21676550784453494 400,0074739740893 1,9851134261207104 488388,4737918208 1
2102,35750049829 31860,23711375637 2,9902440098485936 278,69778832476993 784,0862191317831 379,96114320874074 393,3064194268095 79,04727600521616 5,397160660268811 0,21680989299044 401,002007479632 1,9945209377230224 487636,7392447703 1
2125,164948091016 31750,74132874845 3,0002158492202398 277,86785842230665 777,3103256240261 379,8272219956292 393,03856659601564 79,4276487767995 5,375851406586833 0,22736033055208346 399,6610994037097 2,000901630083385 486554,5245137693 1
2109,64505464453 31665,71979134917 3,0326790208931476 243,43321197995436 750,4078288816331 382,37527880235 399,874359891991 82,32511830517842 5,385062968915247 0,2289984456705918 401,28616856253564 2,0011574362046995 487299,11405286944 1
2111,1332677116875 31813,03306723139 3,008999221743129 245,6458264383238 744,7949326858527 384,3515195986066 398,87261586244045 82,38666974646765 5,454307396618154 0,2410342688029847 399,11997453918303 1,9998185652711997 487123,50054391817 1
2097,870647936832 31989,313384646026 3,011064711218048 266,62958021149603 769,8607526904682 382,25313971881707 395,5388255714767 79,92516742651367 5,411084294503182 0,2399091693781097 401,50659485810894 1,9982381841302055 488424,23802479595 1
2100,719988205651 31808,108889726926 2,970532717086397 264,39595236120965 765,8469462195726 383,5319491454412 396,9542396245927 80,520834495864 5,418288901194282 0,25037456528893065 402,7964944393509 1,9963067465910038 485665,02433201834 1
2085,52743795678 31770,55322717692 3,0048670613647674 288,26436706771517 766,7319766247415 386,5648266112593 394,1964146574296 80,28286488395221 5,357773727242334 0,2532927476309924 402,36181546050136 1,9938913456519214 488348,36904609215 1
2106,645551072577 31584,309590162124 3,0203595254106776 288,7007669589832 797,2928075065868 377,93686378936764 402,64217267969525 78,74004953032545 5,371615491912909 0,26116499467649257 402,0556317009846 1,9924017036100128 486271,8795843478 1
2102,2870684662616 31384,101284033874 3,0049968074405826 288,45071343616314 786,2962652795259 378,32733711661524 404,1454249371665 77,59666137608224 5,405316290980242 0,2590822522983335 403,0338577559054 1,999284104307981 488510,43088620424 1
2115,777724347217 31623,480766669963 2,992449399154843 259,8833150697185 757,8646450784055 383,2341666886815 395,291549681932 80,89273113305113 5,398054519732732 0,26581206842530947 404,66314702339736 1,9971351584041848 484160,88354155375 1
2107,144134983532 31407,86984381262 3,0146085038482346 264,30732542288666 760,0292598823564 384,7349624017912 393,56606141040925 80,12334337219892 5,405089007772506 0,27636596907596755 405,04190379727584 2,000142857200984 481503,29274967517 1
2093,947480919855 31705,66946793708 2,9946251479947357 260,02133169699573 788,1946272088983 375,0252494465153 386,6580298028283 78,84642507663457 5,39313216201016 0,2731110442968187 401,55730270329565 2,0090299799284583 484283,48830880586 1
2082,531302265064 31760,38132002896 3,0080173523297864 259,7536852779778 791,1300791347805 376,61702026956726 387,12181014381633 79,01180120135326 5,37697255606171 0,28531050706289135 404,7929930551757 1,981105247933503 484305,32783522527 1
2103,186690764003 31543,13584936139 2,9743739417197994 244,6910681381302 740,9359200409011 389,30497261380356 393,12599119928296 82,18908260333545 5,422888958714939 0,2899660995766053 413,1782688380081 2,004258059854518 487105,1014012142 1
2102,3467335059026 31608,207147843656 2,9885777656144965 245,2293074915395 746,0410460467501 385,92472540482356 395,13290806066993 81,89265505444875 5,427136437323992 0,29322763627446713 406,2937692514491 1,984522954861026 480499,75381776446 1
2115,0771595240326 31639,803018822804 3,003355611520658 266,1748554858335 742,7187308358718 386,728326023153 394,57045914661865 81,33408112316667 5,417616488997897 0,2944553644266093 403,9606132409749 1,9987421602889548 481810,1503546752 1
2115,024134704265 31793,812596993586 2,977151367828163 264,65794346337356 764,3077653675377 383,5579575294279 400,3757067368577 80,56673059092628 5,426135399998149 0,3076825631567553 410,8088136654215 2,0156771135515217 486999,41800844093 1
2105,7857406586145 31568,51536717172 3,000545692347015 265,54697524404946 766,0513708185958 387,7260203917991 395,11159255394074 80,03252958521361 5,4363814052014625 0,30533240322418204 408,765871192896 1,9812672369740245 483516,1646949206 1
2103,055642597453 31433,073320868505 3,005104112935996 259,30634601238967 759,3613851765016 373,1638690585531 393,68273144428855 81,30835430141993 5,403702382732801 0,3070221834637132 408,95265903875446 1,991407032709225 487610,78788829944 1
2100,3306891532143 31555,18555358476 2,9952011134865124 259,0197146013851 759,5325914770178 369,64730417449044 396,3923391960483 80,77752667134973 5,404201802343174 0,3157371012285921 406,48594615086563 2,000083786162586 481186,58989352506 1
2103,451379706634 31793,490516717047 3,0038831759238285 261,3050028822221 764,6951475359879 377,8106233379064 389,1822436361171 80,98999014762205 5,418163343409829 0,3171980037388977 410,3188914443921 2,0204843329612725 483016,0720919814 1
2118,844181514484 31691,03295180079 3,0018099339256525 259,306369203373 765,4073674648189 379,6682406682893 391,79540580311544 79,95294587860928 5,4054337173213325 0,32737701539460967 415,8441564092554 2,011627043438087 481810,59988271416 1
2112,7579636631995 31577,770800448565 3,0265793897838913 244,60722774350913 745,0597181293666 369,0075827828879 393,30911463491645 82,10266327459412 5,423852532809001 0,32608081458256666 409,77329234669526 2,0159775949234504 479773,16560475767 1
2106,828437705923 31697,477068909793 3,006361907676641 243,7789866943261 740,8410367133082 365,54861772211774 395,9060370163859 81,9277327169181 5,431707184996967 0,3374774035620566 416,9183381317239 1,9960464267259137 484606,8054341799 1
2094,921907944367 31416,254851970065 3,0157346008444073 260,0345218536341 746,474329346462 363,83024945166153 396,2881109354507 81,88348205381044 5,392975050750816 0,33534954307027903 417,70151582079586 2,010593604300964 480563,6201096237 1
2096,784876208162 31515,82516943904 3,02047118769826 259,9821798155929 763,2556587834695 379,5190370881415 393,5402079453505 80,5117780575253 5,456379460556082 0,35026565348240063 419,174999180187 1,9929826004496138 484344,56384304276 1
2095,414534966391 31482,14185881136 2,9889629400459907 258,6981130103284 764,6472165069957 375,0056921482413 389,23726997978747 79,96627801609277 5,434578921499824 0,34805873416096966 419,8349888474591 1,9998797662997783 481397,2752332728 1
2103,9590886816827 31799,318427758928 3,008309115885301 277,71732267645604 775,3448764289135 373,993448525408 388,3350552088734 79,69490934139336 5,450853432979624 0,34645520976466565 414,6096142580487 2,001156976976448 483942,9517671391 1
2118,9520427583684 31802,497362626276 3,011112328974401 274,1022714171209 767,141984414904 378,9040069305475 387,31408170235153 79,4294735105947 5,412530270062326 0,3603499640246776 416,3929738581745 2,0302494825340434 480357,1700619447 1
2111,3060693862512 31606,108945619897 2,9800166893681364 282,33832033441524 775,447989345274 373,3672648973921 389,8859486707327 80,34912949508829 5,419775198352202 0,35982778696082646 414,97337493242213 1,9990324691502084 483655,25370195735 1
2119,438353096779 31699,559891845314 2,98293766161172 281,6728645120217 773,2021425347242 375,0871123043692 388,5324295782614 79,9661556359697 5,459946803342404 0,3695952740610837 423,128105059636 2,021158417860376 476705,5280405305 1
2125,4026832557647 31467,490394937166 3,0203647009247936 269,68216871225997 777,8555872232511 380,9059819488088 389,3442197610002 80,30170479409603 5,427128291101559 0,36787316320164365 419,25814489522224 2,005179819373725 481792,14887762826 1
2139,1674486646675 31742,013844873847 3,0022711695220448 270,4176059819663 773,7256152519923 382,86014039431836 390,92410015473337 78,99977624188026 5,392058237975832 0,37651555820130195 421,77908908090996 2,0055914370033547 478717,64237594174 1
2127,2819834334064 31651,437194678118 3,001711758053861 285,7955501461014 770,1561839278866 383,1788330629653 392,86882316399027 79,82382143679764 5,350935734746479 0,3776235695455797 422,29431362396684 2,0047871448538768 481339,31620294496 1
2125,2918603620315 31607,468344422014 2,993647830975692 284,2373262964731 793,0650639042804 386,1979610954806 384,4783713041425 79,19284882601403 5,37510671356709 0,3884831626325399 420,3459521196262 2,00519689766235 477333,2529823872 1
2131,412913906469 31443,797429243725 3,0044928831661117 283,4774805213264 783,3295548186106 385,5134709983548 387,1619585338686 79,05506421652062 5,401382494954358 0,3886017234550163 425,79330616257363 2,001237786638502 479032,70143958624 1
2138,2725374803863 31848,46241947821 2,9819018314289414 261,03423327258804 762,5232626467215 368,98164424629107 382,3382169919793 80,44067260408562 5,415962685631358 0,38643853371704634 423,16423981649683 2,009473652514184 482436,8220711395 1
2121,4389683390123 31769,24304659117 2,97836759189936 260,3642819794492 771,063236033773 371,4476984975037 384,9382501567343 80,85260157156549 5,385375176094513 0,3949857308114663 425,2232171807972 1,9960627006861582 480289,8718958005 1
2134,1600442107297 31428,615157290576 3,002797423601693 260,6367278962809 753,9072904857743 373,3900551590203 393,07574482013405 81,30184317266549 5,37336621515182 0,39426540599194565 424,62639321732274 1,988972113229979 479111,62895966205 1
2111,312725557419 31731,424105842892 2,9745082626533974 259,5259203417412 753,621029411738 379,8960007057447 391,9027229436712 81,71978663321241 5,4324006435761785 0,4035074496531067 431,7297433214066 1,9934290707523439 479992,87572475104 1
2146,26843118939 31502,036048701695 2,9994392692408764 239,68171715654887 743,5364637800282 374,3452028803997 387,38265623200675 82,46177312483184 5,435641365674144 0,40472866444998934 428,10330201796376 1,9912322640980165 475530,9548462788 1
2121,8722529374318 31517,449352722146 2,9828694829911795 241,8924995583017 739,8315438761649 376,6922162755443 383,98574933710546 82,0611649526465 5,4256376680222544 0,4107229102934687 432,56096746667424 1,993746764870253 480260,48649815755 1
2133,3056738743894 31685,22722538251 2,9712735892119424 268,45510637170287 739,5610919857094 377,75995173236385 386,334690891046 82,37739749292908 5,369170682375281 0,41092013729808036 429,29606475382184 1,9914433284006834 479865,20998285624 1
2124,8910971636606 31139,071234279527 2,9948205726211685 271,6699896480812 771,8906787302 385,3438270081314 389,8232098852743 79,93723543825587 5,435746657451352 0,41730579922448674 432,49232374509853 1,9995646020448967 482853,71525705187 1
2128,5958588150543 31796,174054932606 2,9914778161415434 267,1468968636002 779,3873471339457 382,88621487855494 391,92886569686266 79,43858734989796 5,366064573343361 0,4170829244240246 432,7082051907662 1,9949739799035857 478823,8528815346 1
2149,713650415261 31609,022195487996 3,0115648420609347 252,90049652309753 758,6612631091979 374,9781386614266 382,947294516214 80,90661898925643 5,362356836325509 0,41877685864149283 436,5654290197399 1,9842435687042508 476896,4836134078 1
2114,8107368941874 31696,964743561028 3,02613547851114 255,2332565337865 757,6120054478033 371,37895599037347 382,38374727559096 80,94818757722831 5,384009429145735 0,42161632373580143 443,35571529472213 1,9960299553104917 478059,31540337374 1
2143,471037032662 31705,68298499348 2,980115836019162 247,62573246393427 770,4659076540399 371,7667286367879 377,965817768954 80,11456089829154 5,4101807346651665 0,41920304560379745 436,1409406627114 2,0039969882334288 477813,2131101912 1
2154,7087013365917 31418,297041681326 3,0019204005388582 243,8450704652846 774,6931477377123 373,47258129070485 381,93125741544344 79,95252179749654 5,356289384137511 0,4304040708298188 438,3972481738394 2,00931956953068 478311,2297595556 1
2121,931907470288 31703,847066133425 3,014465109969776 286,857484771954 800,5544153296534 371,93086482118474 383,02497135300797 78,41515366853099 5,37865335390762 0,42343211613684484 435,1125596527256 1,9942665123670882 477089,72170095885 1
2132,33510102632 31563,400046119816 2,974705182460768 284,1609610721711 792,8792357369814 366,30078133843824 385,3967591174608 78,26862990168738 5,386299914982431 0,4360477630346442 438,7752065545162 2,0098107103975 475533,42483905907 1
2137,6219368286916 31764,94137589752 2,9722288940224604 285,5882590080303 795,4650551972933 364,5418555682444 383,36937907247454 78,94901884669314 5,410250568555168 0,43579707293835485 437,0385157070553 2,0124976315121543 480630,69552432274 1
2142,4235496870597 31358,19411006804 2,983179675390535 285,0908529973068 788,9222911840608 363,98270400073403 384,2682736776989 78,75845246234631 5,423718404489579 0,4380574742476374 444,47138309078633 2,0144164740570716 478488,82274602185 1
2146,6139330807273 31534,300567195085 3,013920491807302 285,5654319141496 787,5094350187585 363,60703464411836 383,8962618850904 78,10149893654801 5,408871582199443 0,4405280409981349 441,3695189136041 2,0153642855080474 481888,76262084744 1
2125,419055313477 31477,966291344637 3,0006598545253693 258,2522738474595 765,120508879159 374,6297746425477 386,68157265473724 80,8427291274276 5,390806804096249 0,4388122398962907 444,2201911259391 1,9979904146279774 475570,79371612146 1
2123,2441228336884 31512,686446840744 2,992028227084477 261,2926201157039 760,7335758892739 373,7572628876323 388,2996902551009 80,45799562687198 5,398771091523067 0,4402058402831144 444,4317522261186 1,9962310486650536 476638,89911239455 1
2147,9763715780336 31475,99803379714 2,988216511988192 256,8952238341049 777,1249073315448 373,67205759128854 371,9391929238371 79,18415774050847 5,412135795097472 0,4414058022082271 446,1710474554701 1,9947936978836596 477876,12500811584 1
2134,0428091643016 31854,268997351945 2,9981649098176257 258,6038282416433 788,3998575533061 374,12378996967504 374,5605905962603 79,6114788131481 5,3852586388937445 0,447363361696601 448,3252445796074 2,0007086616427188 476479,5188710477 1
2141,5081709138126 31424,075817073764 3,029046516214792 271,11964048825723 770,7896148123396 374,59060324376725 383,5007748906956 79,35268852061655 5,429947041208235 0,44639282748610193 446,31834207382815 2,000506013358918 479189,0464593326 1
2131,9514195606166 31507,1418630611 3,013184667364218 271,08961574101096 770,2736734946061 376,1064483688852 387,7711305633968 80,49249545566488 5,4308897598431 0,4567613051084021 444,9594587938882 1,9938739102538254 476766,57459994836 1
2134,0456199857917 31546,476490788013 2,9919544961392717 258,16140832167775 777,5448713823314 376,1070966812118 384,2358365114136 79,55604224024282 5,381578764110344 0,4543150842264867 448,71477174604377 1,9916490816552492 475951,4518082952 1
2134,2776918309737 31577,246205996093 3,0135813856860567 259,5705721950012 755,4421664220112 367,3535541137814 380,7562946345188 80,82965183978801 5,383798209775119 0,45877755450279484 452,1745105696198 2,0038012769335256 482113,4116040926 1
2138,230424397188 31835,585242350146 2,966938695678038 257,51225679719295 762,0244716709965 365,7883817772018 378,5642391501423 81,66530692804926 5,425693239344157 0,46184986703938574 449,5871465887378 2,005650937591826 478048,7267719732 1
2144,131189257801 31701,06425801335 3,027328794272764 268,8333185717311 776,8548452936545 374,0836829512783 381,30756541349086 80,27187910537934 5,420382014637904 0,45592457657425955 448,5916225157164 1,9884883350836697 481072,3797917934 1
2133,6251847720373 31634,4027715026 2,962848458026816 266,5253176810807 767,363646801684 375,9404507884003 380,69764928976144 80,58658539639701 5,400279743967795 0,46996478802258124 454,5996770368483 2,0051081990615645 480567,95476320776 1
2120,4475351809306 31665,60484025118 2,995881776533634 271,9788061178463 772,985919781117 374,147554505081 377,36680907931986 80,23243978651242 5,410865299875239 0,4677087747192241 453,75834180070336 1,9824054017123303 475514,8899576703 1
2108,9484909251128 31467,791909510142 3,007425722301484 272,30075476035245 767,2275478219395 372,0454016826822 377,66630338740964 80,3853926482379 5,4046717158131115 0,479937602667818 454,1289991956283 2,019940299913474 473635,5196973239 1
2141,626118154081 31479,71456006762 3,0018232270892238 247,59733199692008 741,5376228880301 372,5787115135801 380,9939980048363 82,27172257775604 5,40901854754609 0,47693644191986745 459,84134863394087 1,9936611590327282 476095,342686145 1
2135,7617334280067 31698,91347982669 3,011057599899903 244,35394521235773 752,6548075930046 376,855188470695 378,7927702952934 81,8493976400096 5,385765069587089 0,4840658365026326 457,90862685280285 1,9900230052580177 473090,60054005793 1
2127,620405002285 31715,259269096063 3,014660093682434 284,17001983327833 749,4385748461582 373,61575166566 374,86654561907295 81,91251778762545 5,3994421248899345 0,4828866349003604 460,1078795886314 1,9928546771872937 476499,22492854256 1
2136,2531528226523 31715,691001715837 3,0165282190835816 285,54016834195454 792,3593864525017 377,78775082201105 379,6003351773625 79,35404477544817 5,43314529048385 0,48860938061092946 458,84702303170565 2,00755407856627 477753,0263941205 1
2143,1514874716713 31798,9186293164 2,9999632774858433 285,39607953948297 791,7030004515877 374,70147037306737 376,0702345494535 78,50799225153482 5,385709211579589 0,48701351047103725 459,6083707670982 1,997150764996426 477950,9964453748 1
2140,4811885245513 31371,906743538468 3,0032713070759516 289,4327632689672 790,9390572659372 359,627619377865 370,0162303451013 78,65521384822814 5,376539700414057 0,4853625055914826 457,82545723936954 1,9996451672923081 473154,2398365631 1
2147,2245766782876 31534,149890055145 3,006811542382592 287,55018069870164 790,6035417911289 358,55308336108163 370,64694237712723 78,86920908049284 5,392743161410216 0,4909022439673111 459,49010211952964 1,9986566844529867 479714,22589480726 1
2145,757463569339 31629,609101830192 2,9820683726339716 256,70398709521487 760,1699915751892 358,3813654573399 368,91267776089285 81,4180855893753 5,425407137998316 0,49133338468170634 459,91148242443876 2,005061340582491 481703,0316861262 1
2144,16489105801 31703,4479073608 3,0091410168022668 256,4670078102645 759,7334332661683 354,9386066938262 372,1180507753573 81,6820961449153 5,403909182368656 0,497237863528232 465,4173591421482 1,9953634303764245 477997,92307161674 1
2148,1035544875763 31737,504499911276 2,998807077000702 276,07095447064887 781,0000334955558 369,173615950415 368,3321188583011 79,7630995193908 5,42673740369382 0,4955537811101721 461,33656325044495 2,0143438487124916 479568,89975840383 1
2130,630371474555 31538,152392576565 2,997792796015055 274,9162494319832 770,2960033268779 366,89275216380884 369,0502328767098 79,63425504217481 5,401826539146122 0,5055071346998895 460,3594597464008 1,9939454844970024 472797,8734625507 1
2133,8567595073127 31592,002213056243 2,983121416964197 267,1498795907786 776,2868423082338 365,62406491906813 364,6106029404967 79,94229709182063 5,386943867117982 0,5050217513699264 462,970827098068 1,9907119084270732 475771,10014768015 1
2132,7506310740496 31647,01415181824 2,986369202316517 268,9350844764557 775,269053430402 361,94390080172377 374,3773416559545 79,98531166024738 5,409443077685202 0,5142288523109413 465,0968429900602 1,994791150490588 473272,73412788525 1
2132,9946848690206 31814,53486167885 3,013246739277913 267,06313232270094 770,7349231498874 363,06782288615767 374,2370649634373 79,70627308400206 5,410422437189714 0,5158070162645833 469,2522585790173 1,9995041687264583 471568,6529520255 1
2153,492289825974 31500,59813853369 2,979719844681438 291,96942862712683 794,492706780889 366,57991373447106 378,86691012546794 78,18409029672145 5,421266173158719 0,5140754789216597 463,1943458162324 1,9883767014020495 472279,4499672277 1
2150,776867654591 31790,285701287085 2,9954941415867644 292,71385892274907 799,8190605441556 367,0365696499625 381,4474281321118 78,8198864209368 5,412608007720076 0,5191250667767732 468,89642340976496 1,9913074673690885 468727,4808963176 1
