Co2(scd40) raw_signla(sgp40) aiq(ens160) tvoc(ens160) eco2(ens160) rs1(ens160) rs3(ens160) rs4(ens160) rmox(zmod4410) tvoc(zmod4410) eco2(zmod4410) iaq(zmod4410) resistencia(bme688) Aire/muestra
1198,9092737488 32284,781951663685 2,0130587445113703 200,16131111360383 690,4259735907424 479,5152216961314 469,1394075411684 86,66892839944308 5,352701655866392 0,026207410968303955 402,1166111752407 1,0069238215793228 442284,98218668386 1
1193,077419730707 32166,39709579408 1,984209118195744 199,22635513722025 697,2801384805746 483,41086938490633 469,3035624134502 86,66372874090581 5,334194352102842 0,027636139071920446 400,1688249756594 0,9968303252261934 443488,1259485917 1
1196,498039084768 32392,118239332678 3,0078811593701356 230,29802973459397 691,0721033341697 485,4229335941395 466,3571924110086 86,65429473458494 5,456180945759377 0,02761059939257306 399,23043210499264 0,9986619941796732 442485,32247116225 1
1197,2419095256328 32219,581546312103 3,0082951462697554 229,54784014794964 733,6301896247762 501,7029933849188 482,49009515693166 83,56272557571934 5,380024688858217 0,028641078759391068 399,9336781290037 1,0029793374005813 447163,5128872351 1
1192,748574434899 32178,69125783613 3,001207719144161 231,1541984985502 730,8324718829555 504,2542952203024 484,91957557099045 84,04053366298557 5,373242509206226 0,028553516187770717 401,21418719497007 1,0050565169999006 445559,6308897047 1
1205,8265638201403 32220,136473261136 2,986921592129571 231,09117684964917 695,4183146747835 503,0317281686852 475,7469584407356 87,22011429833329 5,394998276920007 0,028655356705206917 401,11227654493115 0,9986986026062908 450216,30792683584 1
1194,894626061037 32163,27274759706 2,976148172087977 231,26059312537964 697,8692251222918 506,3341205676256 476,5223914292509 86,65351810149052 5,385594362588405 0,029902485917797053 401,2111687309111 0,9973200549566945 448862,16392959305 1
1209,9003973844747 32215,397646003585 2,9870371363335115 215,8262998442488 713,1756282197458 491,92598577124437 472,8199521926169 84,19996598382723 5,424296784390577 0,030372025548147854 400,5963001309818 0,9979320664987804 444839,78811881377 1
1205,7843711618334 32440,93991903573 3,004601516981424 213,74451546250927 713,3388862071022 495,31178785983997 467,60900984243494 85,03088149978676 5,3201963670886565 0,030918770808967436 402,0934551130078 1,0077826354827577 443528,06874678447 1
1208,248045607151 32262,84702861055 3,0115789881612964 224,3722649315093 722,3449145378651 488,8137801988856 472,9625239399677 84,0365210321756 5,355760497301367 0,03133598441315645 399,76989020343854 0,9980896940168588 443600,4956080089 1
1192,786801533616 31860,477337917666 2,9780030833308686 226,17879840030741 728,0407715124215 489,4411795717607 478,6514056179692 84,4702775241926 5,384754507447014 0,03216462519784429 401,92518882607715 1,0043020183128963 442593,12634483114 1
1202,7300111373702 32296,967442606176 3,0003211151591125 241,44672000605246 728,1687367209549 492,4548389471263 475,0063983019426 85,18445782900423 5,370309637745644 0,03238165323649141 401,5486795398509 0,9979504661123692 444113,59301938285 1
1198,489906114987 32296,501287895233 2,984153665872192 241,71225881463923 746,0797100321566 482,0890615886548 475,22209007652435 83,20558849374606 5,339595730891211 0,03356702912472149 398,60150667802264 1,0001141698887352 446638,05447256373 1
1205,361814181164 32487,10286187252 2,9901917228637553 240,32463275289712 739,2032118820938 478,4740574841887 468,7091123391052 82,62146567017004 5,395666897636925 0,03337000367860413 403,57231653497496 1,0005261584518215 443788,13412381907 1
1198,4668226436959 32308,75605852608 2,0100703563330797 217,970426735044 731,625501044002 485,38040238920166 460,5587911184822 84,43920283433853 5,4197847898606595 0,03321458374657085 400,7050401278839 0,9978271792291808 443815,4461483611 1
1195,0204878006507 32246,04311746564 2,0055032500741055 219,6784265591326 733,6390842093067 492,3555523999183 462,75220030386464 83,69306973247927 5,400990164473183 0,03469489329221286 400,8835742426176 0,9988159559247136 437794,24519580376 1
1202,454102250542 32350,077412465627 3,0201036603892053 248,6383263841572 752,3738779860574 486,1667190543784 467,79242641719406 83,01306384741892 5,365357755950233 0,03479154505859498 402,20220000659 1,0032133578687445 437775,0391483257 1
1191,9808202201266 32249,79544662188 3,007621309195933 248,54885665799233 750,559707927475 485,1666784462585 465,7418924325854 82,50447741333517 5,354151442922888 0,035765008777680025 402,0428880296217 1,0002835552570501 449735,72081014013 1
1208,0917252157215 32283,80018080819 2,981678937165589 242,55136074825324 733,9474513530697 492,8894662720093 465,72073842199796 83,90138591969259 5,372446685291489 0,03573887941044213 402,9959123621984 0,9988688672777178 441402,4426128736 1
1195,449348738511 32232,061363701923 2,9736610624110154 240,93593267922998 739,4295382350997 484,27210571750476 467,2952290737978 83,227058646579 5,379829041413483 0,0370621273990674 400,1123704016244 0,9977156278557364 441633,4568059123 1
1196,3212731443841 32136,86656558102 2,9738159457699873 233,90774772309527 739,0775197436668 486,2596190624608 465,32834363207303 82,82778958278736 5,416759814022613 0,037104736149850666 402,5277491487108 1,0107879425622623 441587,7730064744 1
1199,5157871426436 32115,08103606413 2,9987179313030983 232,79940979329703 733,5807154312091 482,3837092543024 471,17466233510766 84,12700221208735 5,384660382758586 0,03808293543548736 401,9227945919003 0,9956929866346111 440376,45987391786 1
1187,9441251224398 32188,484493705415 3,0160997064538977 233,30771772925766 718,2568853478299 483,9411281765148 472,09257710511326 83,76766177936474 5,351027631240774 0,037933270476922964 400,5582831582471 1,0121615640512847 446494,8733656528 1
1195,3734415140532 32233,766927730947 2,9855297204388846 235,8823275218525 721,8368962004168 485,81883050358687 468,78581596058876 84,65994616610618 5,341217530255043 0,03777981959579994 402,80043126307106 1,0013744394141109 441609,5203297242 1
1195,9540847043247 32211,00362074772 2,984503574608168 236,60804981605358 727,9820662819402 485,3742009911371 465,1926250597856 84,21176229299581 5,373216203552397 0,038906161810464905 402,2926533373338 1,0018882250763594 439305,8839734156 1
1197,000501389314 32297,93124087114 3,007462283560705 223,64523677531622 726,0173666206034 486,42402879127764 461,35428134174856 84,68425191959146 5,422563935342141 0,03874449991888815 404,95239217691164 0,9995468185821687 443296,6959091315 1
1201,8010344338559 32471,574872698337 2,9789434357069453 223,58063482060004 720,8764127131767 484,8904644298301 462,1877478541302 85,25599929225616 5,385975698783247 0,03978713785328886 400,79722556426594 0,995654039680096 442531,3283719225 1
1196,357979056161 32136,70314621383 2,998042600929682 222,45337610734197 710,3341427928931 500,5547649050162 459,7540306991698 84,40000392872176 5,386849195747731 0,03999633594891694 400,2190666767544 1,0018287079068586 443279,27148922894 1
1203,2760427455162 32103,583681031814 2,997203648339143 220,2061972861929 707,9660258834579 494,93358222405027 460,46299839511875 84,72835175151718 5,410156704531454 0,04128744047818802 403,015686802804 1,0019821628437133 444111,12612152245 1
1194,4373245699464 32203,199059667448 2,981305275151751 236,63014600841493 713,8600811287164 496,48689943572805 463,22616317414116 84,5173939323174 5,370872158335904 0,04094698647400843 402,3237699045545 1,0024177521425417 438054,352963034 1
1184,0536975734228 32458,597106219153 2,9853383598236842 237,82761294353418 736,2936121127378 478,4569122632389 439,0643567006609 83,34956670632971 5,326141967276709 0,04217294871865251 406,21401761592233 0,9949143327338184 440646,3274485203 1
1188,8377789990648 32245,39863415891 3,004498024035721 237,11603382368168 737,9812425480957 473,19288585813035 448,38321188440244 83,8940199695658 5,388663648769893 0,0419401881373301 402,0234186497907 1,005169814145805 433931,9240859605 1
1196,2292691705188 32396,1826555837 3,011362663269007 244,7933204572359 736,3803023789598 474,98816744150895 466,9482676680243 83,15126561666591 5,41889915212735 0,041874334014009626 405,3836064763754 0,9974099867564359 437640,00164192024 1
1188,8575716562768 32306,18200545581 3,0433759391878152 243,62025938710755 730,7609147505084 472,3615151980235 465,6062163306719 83,88172456040839 5,440032273839435 0,04275782541416493 403,1931894798892 1,006285755730354 438244,8690869751 1
1199,0333999628856 32171,148056122613 2,988142653090146 218,5985071499381 711,8008114530539 487,4385926404153 460,19561565213047 84,35234052060146 5,424790600789896 0,04252412011106981 405,3462395994905 0,9950025568783333 434963,81414772244 1
1200,7049302581406 32300,202083651606 2,9848392274643754 219,24317764086706 714,9380027135876 486,13324001738533 459,2930411130742 85,04218469634436 5,4034957510423824 0,04361165460667461 404,67082677015406 1,007917542125726 437676,7520099833 1
1187,3585722710734 32084,676363938837 2,964584801268837 233,1203121587028 734,2275857530278 476,3631219423373 454,852866488202 84,5761582714571 5,392208901402599 0,04382324819772435 403,75053742889946 1,0034315671880758 439759,725195298 1
1201,6175176721456 32164,745155734567 3,005370817505277 233,12909569934433 731,343574264949 474,96079349005225 454,2428856352075 84,39619063501283 5,338978288297741 0,04478989471797822 403,2712515053807 0,9906163611324634 437970,2351115918 1
1199,1406096305875 32172,48378004892 3,018265889575395 239,43443356071535 734,7214276577314 476,7205463434119 454,06431948545605 84,39478762744614 5,362798902751338 0,045321021529589944 403,64024540366273 0,9985755340550706 432975,9366309924 1
1195,6255828154726 32424,350412632124 3,017609507937177 239,61951658096243 739,8421249543915 481,5576421755175 459,07940344301517 83,31556921212264 5,36149007752012 0,04546026533460469 403,65120522634487 1,0085598778835922 433369,4135832651 1
1180,6227151954504 32239,87351578542 2,972259971740818 239,34857992330507 741,1147950365511 479,17669362242356 458,6549758401276 83,34715628680877 5,404110897427566 0,04574353998332608 402,9130836506686 0,9977968714023879 435935,82130172855 1
1181,9552332832136 32387,52868684907 2,0001336621404473 209,24886853789167 732,814576111055 476,8845935353145 455,247018111297 83,16977090621634 5,364838150086243 0,0459575708013668 406,24446066064223 1,0032480619869557 434947,78991148947 1
1192,2090645444398 32078,497692418885 2,014483739606583 207,06951206868393 741,6757900925472 474,0501509307179 453,99884666156 83,06079911179788 5,363768071981652 0,046156507571433955 405,4198314917977 1,007849826482446 435552,10160670534 1
1191,6293576375147 32113,29142141263 2,982722091634665 218,49508596124016 714,8576762243704 478,5137326551286 450,8320552967355 85,17138641004411 5,38073025302242 0,04617293941642463 405,1688855639533 0,993073229835878 440049,2096337102 1
1190,5596878002711 32052,704375264155 3,0097005417445377 220,51760130395505 715,7238161807696 477,67029449889986 450,24918473387226 85,00520713725605 5,383198379011278 0,046996425549638704 406,2894957052014 1,0055310708438168 436369,01349544374 1
1188,6476439557607 32247,417197696675 3,0058682442307303 232,39972109184617 734,0655547623791 477,86712981612135 455,3183057812804 83,71351424906675 5,362384351392155 0,0473744378022293 405,68325183484103 1,0106442188674762 437497,3553392381 1
1184,37602702701 31982,903994221517 2,990453481799526 229,79885159096457 737,2182723827456 469,72867961818366 449,7944815415771 83,83338624559954 5,396854432014004 0,04834123039063424 406,04773887987386 0,9992724793425708 434644,90046453447 1
1194,6574741688173 32278,50326681209 2,005821131175814 200,91607939814656 734,0959951175996 472,6564024688056 451,82148998544335 83,35943285037115 5,391444134993208 0,04815968397457116 407,3649275056322 0,9947738141305799 437620,073737226 1
1178,6207837156064 32132,68095870351 1,9983549579455158 201,28356600604238 697,1446721143684 472,0524246953567 459,42961552495393 86,86131569788652 5,427067711261405 0,049256041401700854 407,2742504810361 1,0022219664121812 440079,13270302844 1
1193,688991929248 32220,55212218811 1,99589561841808 201,2190237849578 694,1680250952528 472,7004795714468 463,95859441400034 86,68591296624177 5,429290049267058 0,049516481310991144 407,320867148273 1,003146701018484 437881,1446113005 1
1179,4922156184175 32364,14335202757 2,9908204170280785 223,03374374109094 725,9253150505276 484,6968995129644 451,88426163606175 83,8617724468237 5,403358023598293 0,04908805648569157 401,67138823876735 0,9971548908255828 438464,1617002263 1
1188,9252874246672 32479,69025123796 3,0223286466203434 223,07531546725565 724,6321342614377 486,58565533493385 448,3613800254122 84,50036034620257 5,349576301112095 0,04930039714939203 404,45587921329786 0,999773688015198 436810,74146781355 1
1181,7498124020199 32007,075347999362 2,0098306062672555 213,37205458753652 711,9924365629287 468,231100896011 456,40429441731743 86,18120395634163 5,384313139333861 0,04975904407095762 408,6109744089657 0,9903023805837096 439924,21994654427 1
1193,6715541412784 32152,90243131329 1,9909105449639843 213,0500379768946 705,9264295018908 475,0826977448072 453,8339242267134 85,7999596405314 5,37807118767747 0,050306159015481744 406,62189843878093 0,9934895410618312 431537,5512016136 1
1180,8782110683137 31937,491758775755 2,017844034999166 203,02855758787214 699,14470002625 475,5216367793757 447,31393913769745 87,13557698968513 5,389047155481412 0,050492235743436836 407,3774810145831 1,0052271769825158 436202,24350374617 1
1195,4169733615906 32341,651365972117 1,9893113479715283 205,09233015425383 701,8421288267012 477,6270047076804 442,8608589552188 86,33161312446579 5,399551714537254 0,05169698381888695 404,20148208181104 0,9967776136590788 431026,48537435464 1
1187,7536796452741 32233,586755630557 3,0006821326656494 232,0270223106223 700,4136106141531 473,04483739880766 439,9516173173412 86,94779272012033 5,421270469064105 0,05133648062707542 408,27819103714023 1,001652621056913 435036,3462723039 1
1186,38365858603 32215,98060142492 2,989561445502989 234,05730037981155 740,084622313356 490,8235978250854 451,40701842629886 83,43987720286579 5,40891447267394 0,05221300306540231 407,89317118406393 0,9980934491881662 438374,98705846263 1
1180,638452169855 32305,190309830614 3,004789525973571 234,14440704063446 731,9597626012176 486,0494248025611 450,7926824847936 84,18593775164331 5,416755359793387 0,05212128589565283 405,6283669494862 0,996600747753968 435617,00534266664 1
1194,6684018540097 32127,291915260572 3,017105146976697 236,28313422239077 733,5159314964861 471,83186641223926 445,08911719241394 83,5377114580549 5,369436687688354 0,05182818686850743 407,7825501581102 0,9900713958979375 432451,42934920645 1
1181,346015952991 32280,743276451205 2,9799989838192 237,7086431385748 732,0990182599293 474,4543231727118 452,3865302810621 83,35101229120704 5,409584795144065 0,05300388056360426 404,56950834542823 0,9963613846592038 440257,0204793692 1
1176,475268695659 32227,1275868548 2,9979959684781683 220,1317871231779 723,2521280594997 472,81748172291543 435,40559451324606 85,10541848402373 5,392752976956493 0,05308969218530251 407,70884273629565 0,9968244632852746 439958,8090533075 1
1182,2106956790074 32000,50760861727 3,0008636220206375 217,92151362538846 715,3228398055334 469,6507903863675 442,9094323933041 85,58341632853211 5,389130223930736 0,053558509355381985 408,60854867538217 1,0092829598449855 435384,9433591772 1
1188,3472756764095 32283,641066832763 1,9834845069031768 218,41469695389745 714,5298004225906 464,52059479762846 443,9027175824969 84,59007458449581 5,37123390201028 0,05348029178541056 407,66217114040165 1,0045900241983186 433979,8596567911 1
1188,4866676095712 32512,35638936084 1,997557094233917 219,79068342226105 722,5550333417866 463,63680940454645 441,53319966876484 85,86313146398945 5,417738901885402 0,05380606841140044 406,9503242328039 1,0023195993051954 433254,9601869035 1
1185,6048737670387 32548,419203734215 3,031623812341965 238,0765944737924 715,5785844429893 467,3555499927074 438,0937413630716 85,1502937958374 5,390612626000672 0,05379723665532529 408,42544520545056 0,9949352551797451 433527,50765248144 1
1192,163394353468 32195,83424500009 2,987728318226333 238,6026312431845 736,4482461205538 476,60185512955246 439,7774498807237 82,97827006015201 5,395287495750072 0,054605982109801346 408,9936521132228 0,994158870545693 434000,10671877913 1
1187,131350525612 32251,632487667983 2,9921234591818857 239,53270308118408 737,1098902905342 478,5745374039945 438,3774336017107 83,41336671358442 5,357965472539787 0,0545162116504122 412,1011091042706 1,0024346704527178 435785,7172628666 1
1180,6915189385002 32464,534621529074 3,0034690925757195 252,2620253159283 754,9926295925801 486,80858812239194 448,66741004964416 81,85518076228492 5,332250334351586 0,054452328653425974 408,2309305369032 1,0066181417056441 432195,45282665954 1
1193,3945312261549 32331,917949225277 2,9914649219490506 254,2668247934525 754,7333766862971 485,84419555754016 448,702979134686 81,71240766957351 5,4276897285680175 0,05539423677492559 408,717124491247 1,0049877049654485 433469,5924188883 1
1187,1057047383056 31897,005940268984 2,0065741096336303 215,87544523950186 712,0932527951877 459,7706995103427 448,02729334000765 84,92076247479896 5,40941034271334 0,05519858250018239 411,44534602229754 1,0006821969519784 436170,62099139986 1
1184,045403502409 32589,629857957898 2,011746765412846 213,76003556570768 709,5337581527103 463,7652389444236 447,0324646283703 85,6955094195122 5,3629132619754065 0,056346924024461974 404,6780695482834 1,0052470978771813 432772,908683233 1
1185,774175854679 31973,902956752954 3,0278992406390426 226,81331184723572 729,0700079903123 464,50788223051745 442,51095686560234 84,4142003689083 5,36884157034565 0,05563288514041151 413,0035219586518 1,0044235251904274 430842,5010463647 1
1187,6632106975524 32351,425962900106 3,003966020332665 226,7260489640677 725,7419536993503 464,18223355583547 443,438914489985 83,90929653164476 5,378714753802494 0,055778672693067015 407,5374603159069 1,0075117762236598 433603,7659128857 1
1187,967752852439 32370,123385377236 3,000175622410448 228,79085498849705 730,7617051453826 463,6173234666726 449,0063312242391 84,52377808169764 5,370412412463865 0,05596527617338743 411,57434270194426 0,9897977484171134 433613,9113871473 1
1182,8529370489093 32075,16161571454 3,0086180132466267 227,03285926442504 767,2222316574005 460,89248712586317 450,2962559498039 80,7756391784273 5,357540743965286 0,05731041559309663 410,8752681978465 0,9943214188716253 427196,78530733957 1
1195,428088049086 32082,940342946313 3,0087467286246894 226,55200055282876 757,2885839389565 462,7689351546642 452,7223038599719 81,57477050062487 5,35687296385366 0,05687424627912343 410,33973545327507 1,0056060556030513 425847,8258537982 1
1182,2725473053056 32251,530694662 3,0203047167625305 221,5033418764428 714,1901115149394 465,35405345252934 440,8458662519513 84,82352634840397 5,401307076493313 0,057198746986592684 408,79473729218165 0,994275993569255 439101,38824018725 1
1180,916836407537 32376,981584281457 2,9931774560875297 223,28161440707532 720,146167785677 465,6935770363131 441,02747611146077 85,25438585289167 5,394585081531731 0,05769230848376666 409,31041970248265 1,000866599591254 432310,7426180558 1
1182,525918574902 32198,733415328334 2,9888437116800173 227,4224941662703 738,0729217765377 465,5201469523392 443,32901783868726 84,51576448028058 5,423565602276656 0,05754964457126063 410,9589389336399 0,9970911257719944 432466,8267192313 1
1190,0290442185456 32095,398441204452 2,9954481761395635 226,50779602053603 727,2769028273024 469,4955086334853 443,2628735168763 84,13701190159016 5,340572805143715 0,058033265160902674 411,6739603027712 0,9901131853577205 435058,513600445 1
1196,492822511315 32021,43486536092 2,9955081807505195 237,88810942701548 741,9542380278955 458,1092324052388 437,55176036780546 83,6094348192029 5,381237734792076 0,05787388492212987 409,3499333589515 0,9968808152361173 431952,8558260731 1
1192,3981965922233 32084,306351862106 3,0116331966994174 236,55595783182807 735,5296811758801 457,71271576110576 440,8188067806258 83,04842808788483 5,343612411821309 0,05785092578997007 407,90672871031364 1,0133082372963018 431199,43481579726 1
1196,3609795314464 32026,691525207738 1,9906229344311301 206,95809744417863 731,9338912698173 458,48331940484337 439,4167624353867 83,60867519767878 5,345578424347237 0,05803980332691986 409,74738368310875 1,0070033566096583 431999,4802870533 1
1184,6328955652132 32187,28180238963 2,014555391554479 205,82834738890892 751,8996572709066 461,47304576734575 435,2377904254749 81,60145642736632 5,390619853714594 0,05904068979575838 410,18827214259704 1,0038787528869144 428560,6216126125 1
1180,9164436745787 32095,550617524677 1,9814964357151605 206,8884542892154 755,3168524297962 463,93241059602195 442,4442385025051 81,42629572552364 5,3865713046549075 0,05899588764094267 409,97043428693775 1,0045720730197427 431597,55917231267 1
1182,7026019812038 32175,407025903452 3,020717560556101 222,77728533062964 723,2940704250983 471,0184910989345 433,29263545613287 84,62511461211763 5,31937630471996 0,05880880501381789 411,75372354962974 1,0057008972865085 428355,5654206223 1
1176,9805429576465 32099,82103299971 2,9893281424735547 223,11620281962243 720,5090158128946 470,4433899602613 436,0361405096309 85,0252751571614 5,431273181995104 0,059429593779583505 409,6088144845567 0,9994068218212698 426890,0874018319 1
1185,847585990409 32310,23985411004 2,9911912331614303 232,06273674341153 735,5134771603402 462,41146219360843 445,578888684857 84,35085688844997 5,374395997850018 0,05933143825179306 408,4606227004327 0,9986808194128681 432888,1282186998 1
1181,7488654861631 32338,1602094086 2,9852967863497413 234,71179331131745 731,4587707472882 468,98322691200764 445,2912590075651 84,23631847214978 5,424538689291121 0,059588387398647344 411,0812339490967 0,9986105889371756 432946,18835770746 1
1183,9295526290914 32231,19273949676 1,9891742333138729 207,49308465352485 702,0943354841155 459,4421017445504 431,64372888444933 86,39851564673546 5,387913003641906 0,05947311934973692 409,15659645228567 1,0062227169886382 433855,1463085481 1
1178,733066573738 32101,0275545154 2,0028978473105066 205,87936899267748 699,7665740475856 455,5267983650533 430,4169423028184 86,92793297819117 5,386642887950049 0,05943637255358433 411,9388016359335 1,0131542288135997 426160,3338375727 1
1187,697118944778 32374,841022321634 2,9982315964256974 226,08811429797592 700,0405326271177 457,4630256940773 428,5019009158064 86,39514220156433 5,353501763413917 0,05994241358950316 410,072182357546 1,004971657769355 430065,48250705044 1
1187,7580622612513 32031,335182640618 2,986913795824166 225,79098457227818 732,440579080786 454,2448851389156 432,69494471701984 83,77551062009688 5,359987143629237 0,059849977908087604 412,39886643087374 0,9999902965824939 430369,8793001577 1
1192,5572711301625 32149,3471377472 2,9956721493078584 224,69303051299025 739,0894436345595 457,75913866530806 435,21636896251056 82,9948829280961 5,353736706700255 0,05977040179549394 410,61932996093907 1,0040915896513878 431397,5578980175 1
1188,97478557768 32205,879941508352 3,012495721272076 213,52359951681842 711,0457032385264 460,64346840966573 440,85655561649884 86,28553542867267 5,386981071237112 0,05972481973450882 404,90548960055133 0,9987014318138463 428317,97197583877 1
1181,3727785809645 32196,54583386763 3,003430259127816 213,16689101294884 708,0428027594435 461,0049656154167 437,80146322868205 85,38411809856647 5,379961599576022 0,06076797810311425 411,99192970472296 0,9999919917413066 432609,1367235549 1
1182,1567821298058 32279,110702245493 2,974342206551605 222,66013310109778 722,8578825492385 459,1480085918655 442,0114230734787 84,87233893678186 5,390927362194128 0,060914725809573106 413,43068992112956 1,0018430899731579 431849,1513916326 1
1181,4769084660923 32026,277184414434 2,9856172636380904 225,12009868874563 719,5261439313963 458,3360935700622 438,4705764720077 84,2833281960907 5,40954416577984 0,061377702663819256 412,16898850880386 1,0030947865354527 432961,22890974546 1
1182,2578909714864 32189,12947797327 2,982875425562748 236,36595014452013 734,5050004725523 465,3746725271182 438,21088508140656 82,85947441015422 5,360970052158974 0,06116235928604876 409,51707320650314 1,0011821100648566 425609,14503977995 1
