Co2(scd40) raw_signla(sgp40) aiq(ens160) tvoc(ens160) eco2(ens160) rs1(ens160) rs3(ens160) rs4(ens160) rmox(zmod4410) tvoc(zmod4410) eco2(zmod4410) iaq(zmod4410) resistencia(bme688) Aire/muestra
1216,971714414489 32212,14957830611 2,9895859680033046 244,8438572723078 737,393607945245 452,30149839120475 436,9427656757382 83,10874284156391 5,38605569189413 0,04826133794242544 404,16262516536 1,0000544829917823 428698,3461293412 1
1207,831998497758 32163,194244358445 2,9970426643449555 249,38737440653398 737,88721788847 453,0753531747551 434,7919848789961 82,8022646086752 5,350434437663414 0,04845224137125473 409,9920863391119 0,9956795768171356 429348,3431895918 1
1222,7307557367994 32280,299928302993 2,9972374689294545 253,79925428281632 751,7150168108965 447,1373574016446 427,0732915941893 81,41175054136491 5,405399492660568 0,05021337963721643 404,18510729247737 1,0046703624772328 429406,7559223582 1
1215,514436023732 32111,97268019557 3,010794665569586 252,8685985012143 764,288853600679 448,65904624058965 427,1964095679796 80,94723169499254 5,400453538012204 0,050103654380682275 406,5079169872344 1,0014463246603775 427205,3837242047 1
1208,038235690626 32268,537219835147 3,0025996836347404 255,5168581049154 749,6066913394251 456,1406579214564 428,0617231312431 81,05490996439272 5,409528637847065 0,05000487698771742 407,04318504919644 0,9955912072717717 423376,0097292672 1
1211,1992920427151 32187,865722462273 2,9871240595831194 256,0958503076216 755,8495668615697 459,7974373793177 433,6195694943699 81,3226725457715 5,432885127101278 0,0515019751029577 409,48019130737674 0,9990478377567271 430825,32585376315 1
1218,6102492106302 32182,560651573243 2,9613664183655963 268,1561296964256 775,6607590535552 451,2113922617974 429,42027662160444 81,98035796837809 5,3880487621248 0,051745290013119775 406,2224796199567 1,001602568513068 425723,42143848096 1
1211,0928609540865 32260,31108404697 2,9961705232954934 269,051983351528 771,4334121095593 449,17031081199394 428,93360686763117 82,81770646212385 5,384134982014934 0,05297058049374978 406,6372551892975 1,0082726319600357 432312,1525698995 1
1220,3445654131094 32504,32391254017 2,979540308255346 261,0254413160461 765,8790934891989 437,3376576693647 429,79636817034407 80,45876820287431 5,376720210210787 0,05338246391942994 405,7747608864811 0,9982180838018035 428613,98724357615 1
1212,3705799552401 32488,86923436807 2,9974638010822705 262,5971391914278 767,4165192820994 437,4146080165323 427,4650376042525 80,87360039289035 5,360169679015269 0,05482013777394166 402,7141637456113 0,9974237153219686 428790,53205731045 1
1211,0262682169243 32304,036351928127 3,002499089327776 240,57492814394084 771,8753300675393 441,49691426993996 425,1709443105439 81,07548158431871 5,377159758639882 0,05455950422181532 406,51506617075387 0,9985331449173201 430339,3724798245 1
1223,004636593156 32229,810040200588 2,9993308028374783 238,81536648270423 738,5064356546047 445,30404372503915 431,31565926206815 82,44823957184798 5,418482841103949 0,05631638822194382 407,1816417967576 1,0025607886355865 427751,4513167338 1
1214,9632433055535 32320,58502584809 3,042705579755073 241,19702394461586 744,2195563335525 446,31584826096577 432,18647587012447 82,45239384860311 5,351579133241229 0,05629883469743765 403,3414132917539 1,00462257359845 430899,94957635103 1
1208,9690088586933 32409,417095337714 2,995795098507034 242,3647892041692 743,4489501855951 446,21381216906866 422,3944034962619 82,37854443108243 5,361233716330597 0,056309990709759096 406,27656889312084 0,9978320338052867 428791,25132952805 1
1206,7328951781144 32090,13054933067 3,009362585411303 242,57189558647397 747,7555489833488 451,47010351444584 424,2836831714563 82,3131318881019 5,351873112433823 0,05744890820745521 404,6914400220806 1,0028650775814798 426497,09785745014 1
1219,7539625267955 32322,698289702603 2,9786513206981904 252,9225776025752 735,9910664390738 448,1588396404819 432,9618889087706 83,63438074890266 5,380874688092336 0,05697463050802555 407,45955009084525 0,9996061807273137 431118,9473579437 1
1208,5354629402723 32486,375977002564 2,9965450826016085 251,22092593733623 735,0372680187933 448,57443122383853 429,2285961928069 83,13185457735909 5,371218842522684 0,0588810464505998 404,80824634857976 0,998078590644126 429314,4755412784 1
1209,63558065624 32103,370962298493 1,9977679825906485 232,45547427903452 736,4498834350703 448,61525660253614 432,75776326807824 83,41075084414818 5,408668888239285 0,05854672584080376 407,20815035334005 1,0010896409523022 426888,28314486844 1
1218,857837692684 32428,22484900709 2,0229569556052436 232,76867731705684 731,6192830269085 440,98001487070985 434,72232193798635 83,11805430942341 5,389926344500719 0,05937620011308868 410,1548141027974 1,000551666208592 429437,02637873497 1
1209,2499464491586 32378,66450377014 3,004728229983921 235,89279485187404 731,5177487565934 442,5690105774168 431,924342967502 82,99847366703358 5,415579027277593 0,0594822122358275 406,3641131808985 0,994727209654095 428804,8545286951 1
1217,4066568363876 32548,790944243006 3,0067909143795557 233,95192433553305 737,4533527286738 438,42215975051903 428,10956284751194 83,49290461952485 5,336269825605332 0,060996262685047264 410,3093001791911 1,0000805566197801 429511,59622411866 1
1213,0452207845606 32254,079940535776 2,9723069250840015 234,93483778955996 731,0157570657818 441,152973817347 425,3277929431141 82,8471982502537 5,375441763472068 0,06056591619804881 406,98647580655955 1,00102232243581 426391,6288025592 1
1208,6721571427806 32086,255331765755 3,016408508639691 244,3678855747659 740,1072977764122 441,8991344519282 423,8056336895967 82,8510553777568 5,3843773649119 0,06083926191222699 407,10812669742035 1,0080692796620176 424703,67641103885 1
1215,8196119712063 32493,572767963127 2,9932996806079792 242,95949432876367 746,3576031678289 438,2483927322951 425,2172198855952 81,93753316861343 5,353366204764014 0,060923195954613776 408,49107114300404 1,0031285232393392 425603,05304082506 1
1212,003449431804 32432,456818622813 2,9917602135837487 236,4900336562647 754,0368701698355 445,37599742649115 426,83247551573015 81,82248478565892 5,394210575543799 0,061026033864442455 410,7446852553119 0,9938197151590906 426427,0293618318 1
1220,262237733767 32294,667021327314 2,9835986715628806 239,09180912291524 749,4248672904748 438,02538871205735 422,2671234141659 82,01894056608904 5,371877691678887 0,06238882198356427 409,7579574703151 1,0021784439090737 424511,78284193674 1
1214,6842835103998 32548,313438772453 3,030385282730757 228,37303448855144 733,0519739511279 447,5238066559067 419,0657117811859 83,63174027092157 5,348753157454641 0,06189440549026133 410,99031537325527 1,0009964031357996 424346,1184805257 1
1213,8853861532502 32532,346536449964 2,9763793802703393 229,05201102591363 729,2587757293352 445,11542253416974 423,8964689219382 83,25597934593762 5,318310990890711 0,06235191154688331 409,66913486061037 0,9861820380306344 423805,5880301102 1
1212,0673634612626 32469,394164940684 3,009562137951469 247,27303360561154 725,0164065983961 446,7766996534274 420,85379213474806 83,88601892876402 5,3499288334802 0,06280338838300142 407,74179637693567 0,997283965568272 424467,6027729373 1
1204,1600176940456 32326,948902940312 2,9612071715273167 246,06098967283899 748,9954512200288 430,23025023042567 421,0472037184001 82,41355057357694 5,352682024194626 0,06363490045696418 406,6183333009534 0,9951166192897697 429435,6577443337 1
1216,4841548997817 32119,031829813655 3,001228393983675 244,98687839914962 743,7123885817274 430,9300453561282 426,1397698545504 82,1742397761754 5,421642057585585 0,06312261414788427 411,50247415629224 0,9978276818628844 424712,8828020676 1
1210,1826868558535 32243,465923211512 2,002787661671417 214,99416166215798 719,3380801509811 443,95977626565184 421,6537482390138 84,6632329042184 5,384365021210344 0,06324265630452348 411,3602633867949 0,9978191731097868 422255,0696797272 1
1214,963101501505 32302,0051235649 2,0022216509648385 217,8133200982944 712,2531893457867 448,46941796021025 422,2254581461118 84,89109224663136 5,388299479715695 0,063776036111336 407,4168060740701 1,007517038987665 423368,86061813234 1
1202,6529530010173 32724,767154741614 2,9582756980002904 236,415983650787 758,0728027912468 435,2483957404163 423,00119085528456 80,56177726408598 5,407395000962993 0,06317883268137355 407,49467206518875 1,0040900021010115 424045,0653073753 1
1212,082488677841 32283,988488619212 2,994384177220845 237,32823140037252 748,3704927204762 439,92382616229946 424,0837616174781 81,14005404489185 5,322278272335572 0,06446976203788263 407,76860979148546 0,9959326179355436 422659,63966700184 1
1208,8146794691402 32627,293112106545 2,9824434519768923 224,8706590135522 723,0556332475979 435,38929751716614 423,0886056365669 85,06140098637454 5,354971530731924 0,0643077513754274 409,9123800072478 0,991907541832454 422276,72087492654 1
1212,9262081756588 32178,108289324966 3,000282054497719 224,18741884688538 720,0900871693597 437,5255168449137 419,69234230384995 84,1504154858666 5,374945726429592 0,06500122233705696 409,0313359437759 1,0026429834096844 424652,54540378874 1
1215,8611383078057 32374,52425311213 2,9797326304524723 261,40878897646655 719,2902126514556 434,55864006209475 418,1333179226237 83,90638060852014 5,355668466857712 0,06524450977828804 411,6820340817789 1,0049659609688224 422898,10697701486 1
1210,2478809461818 32359,30440929624 2,9960284297246385 260,6803197521266 762,7105935056103 440,92690562600313 417,7744012225613 80,99038365407759 5,3754972190495405 0,06548374291174651 410,5170249636869 1,002614250491257 422748,45628650265 1
1203,5026499880985 32202,53786598703 3,025028563623237 260,84147013645895 766,8179224216127 440,48615616084714 411,75176555559347 81,11390108897061 5,382085206957546 0,06554332285595935 412,0390692035922 0,9989056082198116 424128,5675657906 1
1206,2454985495556 32083,6610886157 2,9878662127497955 230,65061931194236 727,9648183910398 450,3352685523365 414,54443603662855 83,16781265877444 5,378281514512639 0,06540572492977095 412,618723010247 0,9991913986806318 425837,67618990986 1
1202,496269271797 32112,81424989391 2,985166588594095 231,0257359497482 734,4432860972951 446,35414663558265 415,513754114621 83,55766812700615 5,403850262457102 0,06569336257511334 409,8477353680507 0,9995031398724258 425340,0210508865 1
1212,6490110351422 32143,304463590728 3,005939354442758 250,59453213486614 723,3259362490898 460,8574336269336 412,7236593575198 84,66686900722901 5,371167661472268 0,06573465191397178 412,59512508166506 0,9984114131977433 425010,6131424017 1
1202,202102452437 32071,724741748574 3,007641373130813 251,90061102882314 722,9762817970662 451,7214796209185 415,1840253405972 84,58837337508656 5,365979516026553 0,06566415449199811 406,75859389537504 1,004681691234215 428696,8261958976 1
1211,4912834135014 32443,5034839577 2,0090865767944726 215,402801565513 708,0300963726309 433,75050010615814 425,72462838509665 84,95630792050387 5,369643418284926 0,06612758630654796 413,594493390601 1,0016646106508005 424022,2687180698 1
1215,3890870840405 32335,310284590785 1,9926012686985777 217,219468701513 710,6029647867315 432,3437575883799 425,5607891896009 84,8695322369601 5,3818894108310085 0,06569076890498098 411,558072504583 1,011970235184599 424477,0153781069 1
1211,0229935273162 32231,410409586468 2,9820113642142694 236,41882797488563 713,0637256384788 436,70934226824096 424,9040228802606 84,9694344865302 5,363886897402535 0,06629011220385735 411,69144963347384 0,9978324816572361 425209,21213049116 1
1203,1049402608696 32241,971020358797 3,0129838809707565 234,73253655049132 734,5868763627768 441,8588390573476 424,4592730318285 83,11735998278684 5,351280543233678 0,0673858292967992 409,3050584834404 0,9995893539066633 423643,9515296132 1
1212,6925002498974 32362,905610246307 3,004592739640012 235,74938807725906 734,4967576570878 437,3006515637047 420,6710119359421 84,09913636489733 5,408643394331482 0,0666390020586355 410,7638140378493 1,0057093197902778 424525,5347969526 1
1209,4299671618091 32136,85702984772 2,9768281029369996 230,90283043455756 725,3622144376961 446,465346146259 416,43548212596374 84,13904556647168 5,3928171162107414 0,06718070319886134 410,4507926497381 0,9978111690362408 425564,14720377646 1
1205,4291170455324 32477,193270367563 3,0374632940074635 229,71489479168667 728,057632823215 445,19726456159754 414,12959758647173 83,31016223409989 5,3370920617479705 0,06678469765687049 409,6592529774149 1,0046835138940704 427962,90404545784 1
1207,1757157011778 32015,036525707295 3,0051487934331154 243,7805871605953 729,4367089094701 433,52210385808536 408,3880813318462 82,97189019853349 5,380076376088748 0,06657468675023016 408,8662048512045 0,9926538229089922 425841,270877254 1
1205,4353252140465 32240,706570386534 3,00767668311204 242,62156818687663 738,9775786221132 435,4681254210709 408,1077386135235 82,93898908439324 5,399676892929613 0,06761574188527278 410,2985983166175 1,01200653947179 423749,28846961015 1
1200,6747346173872 32067,435624936876 2,994394862609861 244,38315152956028 748,6958438769419 437,9515190254917 418,14228095666346 82,31209525538759 5,3484893833389835 0,06711016777954106 410,0817570236612 0,9975027135708457 421293,83263200725 1
1205,9339618210906 31989,88831050063 2,9795395018049144 246,65439181809828 747,0285644164941 433,8559960040058 416,58932884711896 82,17541339688583 5,439328736270119 0,06788964368181744 410,76795292717634 0,996719605542201 425701,7896843617 1
1219,360698226782 32540,195265868213 3,003870520835629 218,7834272291617 740,9087067284072 434,82818611384283 417,4446465152375 81,65264940644322 5,358549543632312 0,06731841428488176 409,77328209390686 1,0053152961429908 417350,93287724897 1
1195,1979645264707 32058,925991921256 3,0225108184781795 223,2510354754016 725,6599307908159 437,0216273509565 416,4376114179241 84,95242555050734 5,347458235027314 0,06772056083529149 407,66818484003267 1,0047411274216356 423624,4413769565 1
1202,2728973374465 32155,51854504077 2,9913229393345597 220,95021525662233 710,5793370433433 435,6229704067568 415,691637445453 84,31199294644827 5,330145399927589 0,06787194728917352 411,22624516209606 1,0009544170793871 426105,95929607603 1
1204,0978342541518 32492,252283910595 2,9800950936292327 246,39157572920342 752,4428983928942 450,150341499122 416,5828239412408 82,03153737470227 5,408113698744095 0,06820986544048041 411,21668298900386 0,9936424441707392 422203,9451276375 1
1195,6543583736184 32331,270816150376 2,9971565822110957 247,93235859765088 755,6906354245534 450,6757065218668 416,49629430370425 82,09687955499372 5,38840789485682 0,06787299320036035 414,9143104069954 0,9939533678569055 424710,77723485033 1
1193,5426674385544 32247,009915181534 1,9950249790144285 206,19187516737523 711,3587545346466 431,7505307430812 416,7016377185731 85,5560041060351 5,3382890690485105 0,06852153278010782 413,62227334068996 0,9953555937522632 422696,1402694694 1
1213,6376564881862 32133,154246070942 2,0056836476203452 203,36816469365428 709,5201907152021 429,4265975675964 415,69201820479697 85,68212470868286 5,391457884966506 0,06790439214844354 412,95307810529096 1,0086997566189786 424975,6778015332 1
1204,3106337148467 32376,223635458373 3,0111754082983504 247,76299715063647 748,7564802789238 433,69748049391376 417,15382775895415 82,61014022035621 5,378055038180163 0,06795263898793309 413,48051282141216 0,9971781360438353 422599,29500014934 1
1203,2450006905456 32083,1571768185 3,0067030195200712 248,07706396938968 748,6577600048148 429,3271699540007 416,37974265505346 82,03009043021456 5,3524983236946575 0,06882419180026478 412,57305170793023 1,0063043261076825 420880,622701423 1
1194,4708307757292 32426,025635199505 2,9933472852637575 236,8724651809697 751,3560065799753 430,432687519135 417,30476551825683 81,6749036967608 5,2921602012706455 0,06854699313413154 411,2099823205404 0,9988444889206115 424869,15861258126 1
1214,494382260882 32282,10886759408 2,9866144546338456 234,7431086036098 739,6797510592447 442,2051956768997 421,6588152811666 82,24825694826994 5,377647275158592 0,06938913773503892 417,34410038600606 1,0031161369374373 420733,8584346483 1
1197,4666103276425 32629,100974910114 2,976965300906775 237,43460395864176 733,8491623620957 443,25958813622015 418,18985518629484 83,10230979241906 5,423858264096753 0,06965952244050982 415,75561836950794 1,001599562719955 425045,1225414919 1
1196,870524122725 32215,358132754947 1,996721460441804 213,4309218254323 707,2950359207485 436,5687260810021 411,6753566523485 85,22977393976666 5,356500400503682 0,06881839101695761 411,65967611185545 1,0070653024332705 422420,32309914066 1
1201,1896242597459 32363,88085171877 1,9904349440046178 211,6492511062995 705,5174217133506 438,9519977446421 410,76100395320407 84,76132150647763 5,411715617624294 0,06963085098527223 413,0760292728437 0,9977513520242717 418899,12570794387 1
1201,128596344423 32163,44427931165 2,993027350940243 223,13974154647838 716,8237571209847 428,189924470838 416,2546890134297 84,29330415127127 5,344726987842596 0,06900569076911543 415,3575407121449 1,0077433641780376 418003,0838101943 1
1199,4089149998354 32338,05561170014 3,0200026267326603 220,77255596904322 726,262171006623 428,8404909010961 410,3812515642683 83,8851464449449 5,382039916080341 0,06990612844409715 412,69306764182386 1,0064617634675819 427082,0885201122 1
1197,5224658089141 32355,487436445612 2,0015605155354597 218,25973712943772 716,8558865903233 439,8357616092754 420,6261223573268 84,95248767581722 5,396963119496263 0,06925788516200575 412,2770701941432 1,0017902351620955 418853,89063932735 1
1201,5111782877295 32526,14792887645 1,9945069602948688 218,46020887662257 710,2423798771849 439,4418761760223 419,09225986757855 84,99074500493069 5,432637676418627 0,06986648378950398 412,0070396789513 1,0020809406360744 424823,12932062836 1
1189,319352755425 32272,96752406425 2,991028252138277 222,95643110738735 713,6133631106045 442,89388542189556 416,41526894633046 84,83322842289691 5,412062761983713 0,06988450571329287 413,2984605468895 1,008698393696773 418761,4723922734 1
1192,758260516559 32170,354103941107 3,0375067638373294 223,63308512702793 717,2199055807221 426,7695448291121 422,0307121688875 83,9667145588204 5,385154193836332 0,07013535160234381 416,517446032374 0,9942229435148566 418064,67424839665 1
1196,9011144934802 32411,480505602696 3,0131232282346065 222,79100804068332 719,4571083339969 427,45036733738783 421,6364878562364 84,33803825493885 5,379495519283123 0,07000749683758271 413,2526565232954 0,9958438503801624 425368,26812168484 1
1197,158753871187 32279,73632521066 1,9957336060245934 204,82814647958193 707,3269910726417 430,5806955152487 414,1510302041113 85,99942803513481 5,366684129344351 0,06972691095863023 415,2540322863444 0,9972661332927573 427387,0434685228 1
1201,0465707072815 32405,087716849008 2,0093817198810546 207,2811157537191 696,5246219573796 431,9027876124199 411,7647855844204 85,46017526132944 5,390456192993818 0,06997789339138251 418,49089175044037 0,9925122042941105 424489,08286973124 1
1200,8400730121361 32390,47932872204 2,9922092788293724 230,51210300699046 730,2000045908983 432,8253681014097 410,57505062029264 83,35229702143215 5,353623546621505 0,0703185981473014 414,89572309600453 0,9960046820589772 420631,56305448385 1
1194,0244271687925 32327,926386258863 3,0098384548905814 232,54991423048094 730,66982521457 434,72208956896594 416,0488592177416 83,00430543863781 5,361949690525555 0,06981903287397581 413,54065251244407 0,9959549641291328 421188,08298081416 1
1191,574662799709 32763,21724697106 3,0069921645442457 230,87615823566114 731,3148581895587 434,6426824394854 415,90788216262246 84,01440148565675 5,364273151281242 0,06989749488106733 412,3001247750674 0,9973304524550292 422393,6117760893 1
1200,730706791528 32175,876583039153 3,0040846601688735 230,5162591457194 728,2727044360005 437,6093928006981 413,5892409613007 83,89718555310718 5,354471375042478 0,06994940180556856 415,85646919224615 1,0008852702282762 422131,62521384575 1
1196,8406949937505 32394,0621840143 1,9872752500248059 212,12484247762933 727,9272881778718 437,63392145379333 413,96508156486675 83,09522831615526 5,399720525223168 0,07002716224210832 414,23606787924774 0,9942612701401771 423931,6003346712 1
1198,0140811018339 32357,526864740157 2,006332666225037 213,01750375610467 707,5782592099256 434,03437186915164 411,4745071158811 85,51942787514449 5,384786512812778 0,07008307114711981 414,800420485134 0,9950105321445044 423808,4899272736 1
1201,1763985476905 32293,709874645712 2,0178785336584553 212,2893782900193 704,9172593928159 434,3209563729015 408,70822936668145 85,4549904081315 5,40138942711709 0,070032608018434 414,64783342242805 1,0015767763632564 425649,6676593454 1
1201,3009391019853 32166,050540536653 2,9833234151445436 222,4313133603361 716,2796028544136 431,52143286365015 407,17893521445137 81,82173977126439 5,363411591188421 0,06991663731532978 414,5283380923324 0,9988027399290438 423903,7822293038 1
1204,0457204103461 32157,64870301379 3,035008645086018 223,58260764829873 716,4360236387946 432,49642001988775 405,4527409360987 81,75266949706707 5,415262919385547 0,0699020291078689 418,68057523283437 1,0041207345684373 424429,87113583734 1
1202,2408854735515 32566,581774693448 2,99631504631599 200,15416885819496 691,4535752946601 440,9580648058014 405,4398695912401 85,78294639515927 5,378309351259458 0,06890716227035684 418,38293602176014 0,9946369978655664 425094,5636737967 1
1195,0956445590125 32328,96144045742 3,0069310159394473 198,21722721008817 691,679444004394 436,7833505451162 407,71186748564594 86,32945859407204 5,343091356242631 0,06974866929161674 411,3643532993259 0,9916918708143478 420641,4427552806 1
1197,48173294316 32329,491147969413 2,9793670690753755 220,76019550092818 715,3086341799711 436,55895327929466 407,83287033494804 83,71968542320168 5,365423365153122 0,0700884752812162 414,1668851012966 1,0007368413772992 419636,4312314184 1
1210,4391097184161 32555,350627818276 2,9901597136861664 218,70443544675513 722,3521328826173 435,14907932257984 409,8894016054478 84,63535944026714 5,376957010450852 0,07002364307066182 416,970781823069 0,9994593809497735 417602,63842094125 1
1189,7807681722704 32334,069157020203 2,9720587216289163 234,54539412696494 726,0412568962083 435,87649013392786 405,0753913433525 84,1684688371073 5,366766402774344 0,07042565302493502 415,1060700410357 1,0106415410292815 422481,0712518122 1
1194,4337463124455 32180,281982107183 3,005314706680624 234,15763335539634 737,8540110381082 428,8095213910341 405,98206788920584 83,18227734586166 5,314859403713369 0,07023728438706105 413,02563562054047 0,9996980521900358 420826,88964444934 1
1204,3149908584824 31815,793557915058 3,0170135566849114 234,61305664654517 731,0791972468578 426,7380573553161 405,71454195671697 83,56230459057605 5,394197337857963 0,07057196558868174 415,8712019513238 0,9962860112752225 422044,2671139621 1
1185,8936377449097 32165,334739663573 3,0030359948396086 220,2823967079831 746,1539769749247 428,28481359776197 414,639977986155 82,91271854473959 5,375974866417247 0,07060929690723398 412,8387822171517 1,0057378485503419 421956,0935087066 1
1195,5860217446132 32107,15768833296 3,0024037515410447 222,13916073021912 740,1949656422523 430,1708996407524 412,81273413695294 81,5750053215306 5,3625706636896515 0,07124540565945249 416,3475480204163 0,9918185644058147 423514,6234387668 1
1196,6079334820326 32262,782321923365 3,005619331665493 265,9903419503144 770,8056145739321 425,62281854234146 404,40871477077087 80,86002418111889 5,375086021603556 0,07058091595996184 415,3850892697402 0,9960248860981434 420651,6797573195 1
1203,4758903597415 32368,337647346652 3,011626915325883 267,8792342593669 768,4918505453828 427,58087812702325 409,3026452941762 80,13913297253741 5,396865050437075 0,07018785149505376 414,57371596344893 0,9941592707301554 417829,5739384483 1
1198,9561680281677 32425,268709714317 2,996906684997465 224,64157502721494 730,1398749236791 428,1797991624984 396,0689880670967 84,17962923775373 5,387956256905246 0,07054387833041705 414,15682585684493 0,9937403604220598 420664,6866561448 1
1190,2448312345423 32251,06507131979 3,0138090984282337 225,3150694146496 722,7283624747055 428,8454346266515 400,63130121029025 84,45182542206203 5,347709556632714 0,07015588043141008 419,4706343170013 0,9983071409034877 418420,64845274 1
