Co2(scd40) raw_signla(sgp40) aiq(ens160) tvoc(ens160) eco2(ens160) rs1(ens160) rs3(ens160) rs4(ens160) rmox(zmod4410) tvoc(zmod4410) eco2(zmod4410) iaq(zmod4410) resistencia(bme688) Aire/muestra
907,4111497537872 32549,172971361233 1,9910233057181757 123,92846073011798 571,5418513777265 468,35238237778907 466,6258196301844 98,30859715293157 5,34277107574758 0,019482771054728506 396,19381438068075 1,0080529697473577 450310,01052314317 1
903,7615526116929 32645,599792315024 1,9967703481438057 124,17058076681818 590,9399763153884 458,2722504664789 460,1215108281895 97,02235767065687 5,388505667285192 0,020128736508203807 401,3167756022943 1,007917255796157 451938,5289928286 1
910,2645778225216 32878,08883853669 1,9992126080914585 123,7033768185473 592,7754480822608 456,6741931757928 459,4331028197233 97,59270432573297 5,400351463205602 0,020313736294801734 402,7508986605262 1,0035357740844821 446350,8186889904 1
899,68960078699 32574,305396490414 2,016498593577247 119,75390842673286 616,398724939701 455,755605306436 465,3336873591703 94,07607446605267 5,361571801402236 0,020175201325861886 401,32962300075155 0,9961360286979615 447834,8855351637 1
898,8921096948366 32440,73453163956 2,0005869372159277 118,87317880681071 621,9522325703697 461,166298216948 461,28914416985356 94,14427432079518 5,3887586179844424 0,020662464099693644 407,24758007224784 0,993057873221183 448864,0595902154 1
905,7361883997943 33029,087284551875 1,994982866512406 123,35609710609215 583,3202302865919 459,2865194032297 460,3474550833485 97,13676904245831 5,406572696439957 0,020853082514245815 399,57949083389815 1,0034329749186102 445682,930849395 1
906,8692693997614 32659,999697374726 2,0003354463747933 123,72726847963484 591,9547961623587 452,53615635158974 458,7823923633339 98,5154152352356 5,4048165484283555 0,02109076692571126 401,11739055344157 0,9941821786120242 452726,8538206637 1
902,8100189686404 32759,648294511884 2,0094003372643585 139,88507967437275 611,9741000600659 468,8519430857046 452,68254842544553 95,47542142679552 5,4077862788446724 0,02126355878924139 398,9130400387739 1,0028722534577188 450114,3368345802 1
896,7082139179084 32641,070191416846 1,9975538212734802 141,06553522194156 614,4403763925324 465,5934651764707 448,44244204072936 95,34658821745897 5,346873169429514 0,021599799197433527 400,62410945016694 0,9948544869990654 447611,6877016718 1
907,1736618997022 32828,67946225959 1,9955540247654493 125,00336210997995 608,9229641464799 466,5062662064053 451,83941504456175 95,55097409555846 5,4110373241084195 0,021547090433405934 405,7325012034799 0,9969271793539037 451520,9268476249 1
907,7855420335077 32734,04556734851 2,0082156798581114 125,87903382278773 586,6208386116748 480,5990155967656 465,82832750759957 97,7767587651712 5,395507239597762 0,022693674032526673 403,57774499562095 0,9941882267398016 446319,5686808896 1
903,0986227745046 32494,42570314247 1,9958546428568977 124,4081507157165 584,2941760770461 483,27319915794874 461,56330550735083 97,14642112373865 5,370880137526431 0,02262171848930915 398,0876379261982 0,9986352768718155 447451,8230906387 1
907,138013269532 32532,665406075077 2,0083908973104614 127,4628058494077 592,646872986338 456,08219989617834 457,4841541792491 96,6039902584502 5,372583890434674 0,022444334888957536 406,0823979279017 1,000060954737577 446975,3753576096 1
902,3698722316074 32627,7374187209 1,995770066750485 127,48644232042967 595,3734700051131 462,4450418744102 457,6455113563736 96,76783519947973 5,431707440363185 0,023426225599138626 398,7181421520349 1,000029954401979 448509,40248534456 1
903,4938464416383 32406,62132762687 2,0036529987379725 145,17822788723169 621,6429525379027 459,4252869515001 457,477752761888 94,55717637448858 5,352911143998307 0,02325068474236244 398,3800584636844 1,0021972995041826 447170,1451060492 1
907,0169089253012 32529,753426524316 1,9843052399010073 146,1687248371359 617,7619098488849 460,422797591432 451,9835469196274 94,63017150037447 5,402066936877529 0,024266219587670442 401,1365696041378 1,0076252122289644 446202,38092669705 1
907,3618863458008 32568,987077054197 2,003570866453421 142,9491631583358 615,0963077893061 461,4340149481369 450,12794244377056 95,07022268874371 5,386847270543483 0,024204256445320833 402,1121185710337 1,0059561477452417 448752,2652359352 1
902,9411026467571 32511,5622608583 1,976709980093105 143,8958095086106 613,2824267812374 460,04153938146163 451,4068408484597 95,22736180247497 5,390476109653465 0,025101325506771334 402,45202195806314 0,9986522547749428 446058,79350620904 1
908,0001702630561 32695,96467250838 1,992314451870099 132,5523445738687 617,6584317327137 460,97979096517867 453,38462899494016 94,74441833788642 5,402402927587168 0,025176611945925863 397,45325090846603 0,9987544523625008 447219,47418627265 1
898,4314794263157 32479,919764651535 2,0041744776167176 133,22150820715748 598,4740246467934 450,51490898285886 455,0668499147827 97,65812039696024 5,446271334698208 0,025576570436556093 397,8110061234825 0,9980496630997083 444034,0905084225 1
904,0203722206818 32570,18753417447 1,9851361506757101 132,52256587260425 595,0683927391618 452,303176034342 451,01690223406416 97,22125914095916 5,409986997193231 0,025534942600550205 400,23598370223533 0,9990673398799007 452604,1016790276 1
903,4490200161865 32578,207743843377 2,0115390120157843 131,61731303281186 597,5540320318255 484,5789166175429 456,01262873326584 96,23862730756704 5,4009928758050485 0,025510922250453434 401,6421069829581 1,0005042327078388 448284,4980053747 1
898,0504169407197 32562,31365350541 2,00153823240681 131,5433745978093 599,6350750934354 485,34895169377097 456,4285171723156 95,60870912612691 5,432816598252523 0,026205765902016263 399,197969231167 1,002941452464944 447153,69915391726 1
909,066442484178 32406,965128397405 2,0063483707381478 140,65325986438032 610,5835853399279 451,5216133612134 455,315005097245 95,62424834547082 5,348816639165514 0,025884212786741963 398,5307008553549 0,9906377721675428 449330,22331253684 1
900,5027745211974 32601,08075984205 1,9877828618327802 141,22083799650906 610,9719602245883 454,0003752669062 456,7115736561598 94,77244623995811 5,375231225245422 0,02589325522386934 400,86358209797675 0,9961399195291231 448993,67722998164 1
912,0935756887233 32558,417224445595 2,0025205615002153 133,54521818904044 605,4696378013671 453,3114782204264 447,62886417746927 95,91145930591583 5,424617512892364 0,02580579352409154 398,6565980299031 1,0051798552916038 447462,8611830716 1
899,5647793199513 32677,666338494037 2,0133034696156007 133,3564938008168 602,935813627853 460,0630213661408 446,2007796491894 96,06022786965293 5,376107818283295 0,026573893228646426 401,3492387018705 1,004654391239465 446417,3585745824 1
899,4834161668462 32631,0445094715 1,9996963790361146 134,47022925407234 607,2691140867385 457,16506366543183 445,3484513368887 94,81251475998876 5,3848079354528045 0,026918598747643435 403,9076378298663 1,0004947732817402 446377,70798483 1
903,4858904864398 32499,735862602534 2,0173639823208176 135,0068484692699 606,2631213101756 453,71755725464504 448,9468622599276 95,7193766336378 5,399353116517335 0,027604333129193435 405,3665023138211 1,0027049798372476 449737,08620346204 1
911,6948084827145 32542,883079292817 1,9993846695441169 134,44041990453755 608,1163260654255 453,2287266510013 443,2809036642185 96,02817403920895 5,373345777835601 0,027585598890660975 400,61069482326354 0,9992561644327452 445262,1484764514 1
897,4512649700915 32475,996657419375 1,9866661371887218 115,58735834868328 574,0279879290534 461,05466523293916 454,5163285025073 98,81307288379774 5,38275497177617 0,02770760723797778 404,07230820684146 0,9923544782065227 443656,41129624005 1
901,2581745586988 32638,048627744858 1,9894168568726665 115,39578679838387 573,8499174706365 461,6526733630664 456,5677537460964 98,55887726042097 5,371209381376962 0,0277531624852951 402,38148323358854 1,0055412714565322 441459,3650215343 1
905,0044531123117 32580,258289658785 2,012281306006118 143,4461497502312 620,9506130406573 453,97369378875084 444,6672079881813 94,51237455321655 5,37098899750032 0,02781738207980554 404,10130080246233 1,0110031835416509 443600,53996127093 1
905,4189523147547 32488,663629323688 1,9935270631236146 143,9575517246048 618,8846979404536 454,8378175582555 440,5668705349996 94,69085970807066 5,397897154931285 0,02811670602181884 400,9866036933664 1,0055395470383932 443255,4881915478 1
905,3859757847911 32480,06425645709 1,9992636436290558 143,42274134763508 614,9954168011205 456,2871794853619 448,74821172725325 93,85229170009677 5,403642271230568 0,02821770127794316 404,6490006162267 1,0082215587685468 444400,3300144367 1
910,7247315877204 32838,23097848729 2,0270194981774754 144,8290630143484 621,68646895752 453,4233719456986 448,2027808116874 95,24873071237229 5,351842152802099 0,028898789891753474 403,4188834512305 1,0003394429881818 440036,20390009484 1
905,8994140901447 32654,091943000993 1,9857493621069773 158,27313771519192 616,356452355397 458,1878443099595 447,6253419353847 94,38052671375559 5,373052608101284 0,02883001622194708 400,95496325151345 1,0004714851163685 443380,03249051597 1
900,6864483814409 32512,351364191192 1,9931863687223794 158,80101118136943 599,725698992486 452,19201006212074 451,75379290583413 96,76063036495395 5,350542578081028 0,029423442882066008 399,6724958483818 1,0064059791899347 443873,69317926007 1
903,6596673483582 32766,028984880504 1,9739160216350948 160,53304560768296 594,6295069837091 451,04863345405937 452,4712562241668 97,07185192665946 5,395794965164708 0,029166104675056082 399,69636856374007 0,9962724478250292 444404,4314751458 1
903,5710737508276 32573,669313800434 2,012837005238967 160,6671926510932 641,646529527241 452,3730143288841 445,6925602446599 92,27899574288472 5,388919709923616 0,02926101393203409 401,82236156592944 0,9964331144315939 445565,13797284325 1
902,8826748356106 32403,516428668634 1,997891644240206 160,31238649594806 647,1543857536612 449,98172386820585 443,20228713999353 93,29633445326728 5,389255985084226 0,03002765758088248 404,6352489891086 0,999744667073685 448295,32338409993 1
904,2715949037439 32720,621330985683 2,0027110685500107 154,80636118029213 630,3483204547679 459,64901580916046 439,2759677255452 93,02172457094623 5,361585381282704 0,02978537831663752 402,46244351975616 0,9981418452111155 448275,60916223377 1
905,1413078168481 32350,655160690403 1,9813783825710773 154,1647554955907 635,0687409038032 460,2375054201184 440,88682449887216 92,52068301427126 5,37574922720935 0,030044335386760598 403,3178643182249 1,0051303470389439 447561,73311938683 1
900,2224038111722 32436,00442852475 1,9910055396567783 152,03477648370148 625,9552156910498 459,8429684555298 438,040273851548 93,49399008726154 5,383375693641905 0,030019806245611277 405,72861457649105 0,9896671063454524 448652,31553505117 1
904,3081687863289 32442,48910143253 2,0049532511877706 151,25546011982473 627,8532835575801 458,40065224083 439,479477970986 93,66231846009447 5,415608651421636 0,030172251665446174 402,4367506654825 1,0073893987344298 448739,9478533092 1
895,9221572257792 32558,14269019695 1,9953357034720012 153,47729907573415 636,9129182720168 457,4037040744599 441,34637437943076 93,22090409998783 5,4185878681564175 0,030184377916415133 399,86943201066845 0,9983021205345328 448358,3156612674 1
903,3483531768577 32687,305626739566 1,9913701202877705 152,88466750451877 587,5946695617123 458,23903066068215 442,9753259014806 97,25137033542816 5,3709065932502895 0,03070471960361819 399,1429919717817 0,994904218712951 445924,2682093955 1
911,8017458519782 32826,279197426884 1,990830193238755 153,99747724580976 586,2234996048101 457,18653009850755 443,51491329034207 97,20806099958126 5,421875634230869 0,03075845428943636 404,4541923854451 1,0036892062509757 443001,5966642413 1
909,7977180380287 32426,097164525847 2,002685154612732 121,73028142596932 580,1016643159331 450,6997764094444 450,28603546367765 97,04664054410678 5,369853512211759 0,030863346149050758 405,69125215769697 0,9984583928720844 441743,7494596393 1
902,039418934679 32734,120574918063 2,0032830207660686 122,57348803963784 585,6214469908188 447,5999125598127 444,87775248154276 97,83047478822665 5,399501298799928 0,031278053447078034 404,65834728346664 1,0093848052076346 446081,7884349622 1
904,4777532525391 32335,06939405837 1,9901627991923072 126,46394478365328 590,4618965798412 468,1404927828724 441,35911564605817 97,00028851918776 5,382131966956973 0,030796078165922242 401,7151105051871 0,9932240591298268 439565,5310394863 1
903,6726094713921 32425,831243701745 1,98549641023596 125,49191129989086 588,9274510426745 462,73224790657827 445,3149341753653 97,1148093168598 5,396741491234833 0,031647506950664026 401,76667507232634 0,9963058628290218 439281,60560760606 1
897,4403629226368 32063,910918183057 1,983482763012064 156,35100144624477 631,4061954049658 454,49059032158135 445,4826310369145 91,8784577076316 5,370012004601356 0,031213059553521022 405,45235169916356 1,0038809791487315 443102,1541612469 1
906,5192316469942 32747,66575342473 1,9993895047470658 157,4771051896752 632,1465642828673 449,27244035214756 444,6059497432258 93,19788406813606 5,378837525587389 0,03205641039428814 405,57136187697523 1,0051940879707526 441233,04627443687 1
905,1696161442369 32360,302400549335 2,0008350255708436 123,20859578678095 636,1467958954944 454,4112544966213 444,06649643793725 92,82206334763352 5,3698124269392995 0,032193708201915076 404,2832674916865 1,0019538575122058 439374,4875239993 1
903,2019341332791 32514,193318618472 2,0041073553741477 123,63514312425993 594,3771698310459 443,6456665524917 445,5886052996514 96,97210680487485 5,448410223557032 0,03222687187805877 402,77271518963454 0,9974162872763899 442660,3833110886 1
898,2363637896666 32847,46371144302 2,0048170686921325 123,70091577529848 597,4603838893781 443,9677338697847 440,9553042827825 97,80716199774632 5,405812491794214 0,03230291878491349 403,12092737464076 0,9954396644635044 443287,7113591896 1
904,0607422950758 32753,861214952416 2,0004790974946554 142,1590234527506 613,0993667335225 443,87611632631854 443,79172825391396 94,6179764926229 5,360274448320161 0,03221581483732012 405,4456608303252 0,9952491367650547 441643,08566260367 1
902,6202467203303 32390,960038671343 2,007647294658874 141,35455812895302 614,6261340119556 441,75928679741696 439,94814868259874 94,89728562699783 5,361620319580847 0,032303412012993214 401,9811361335899 0,9955920142256348 443957,04738651594 1
899,9063020740971 32819,31995378153 1,9748674237834802 133,99876027780724 605,150396433494 457,95378809967036 441,69352628904846 95,66158654902877 5,381230513334163 0,03259805956034123 404,131365859512 0,9962817533999687 439582,8160567341 1
913,0334931423351 32586,246345726966 1,9999266229478956 134,3709669084328 605,572280838913 458,3102542387124 443,3376721163022 95,40990149127084 5,40727453962184 0,032837935539359805 401,84315329074803 0,989519914119777 442961,2536272823 1
906,1649589505452 32428,144046021647 2,0004605939188225 148,92949669325998 627,8430903742429 442,06727953124175 440,17461368051676 93,25011687988763 5,354002218523346 0,032615152022852374 402,6090586649528 0,9983518104017169 445471,2014922368 1
905,9955010239821 32624,432109795765 2,0034882255928657 150,14639038702705 634,7113801257311 446,44539369009686 442,6373636202969 94,35851830233739 5,352998668007888 0,03360981960455144 404,505776822408 0,9994284051070389 442912,6283897417 1
913,2622682746486 32438,574805890647 1,9825901652598878 120,70769094715624 627,1659434078194 444,10596819641194 444,46497747277476 93,74744696769339 5,418100478197463 0,03354357104324887 401,95238873810564 0,9979298593036047 442521,19088932173 1
906,4173656806017 32301,641711455584 1,9918881263679535 120,21994348876743 631,8990763560923 449,1149892317699 443,8790165110382 93,90749084783123 5,33035605196168 0,03400591394463875 401,5285043959403 1,009915891776439 439954,46038512135 1
914,166079374401 32474,379971247898 2,0006954439046405 119,49211544134981 632,6299745188528 450,81064781410805 441,44744037923255 94,01153672962178 5,378296408905291 0,033777933378558424 404,87963218711116 0,9995211273087119 444867,4790557885 1
911,5215494326947 32220,925743441614 1,9906827430930834 132,16423489426168 601,0894165911603 452,6368563829664 438,83557891219755 96,18431660915972 5,391110835585774 0,0341631325331666 401,31883498744844 0,9975056644747685 441456,53184958687 1
913,0805988421649 32303,462858958104 1,9922009044691034 131,163608479445 599,1503465542421 449,5651885094105 438,297982366191 96,5318034967907 5,394674511891791 0,034460049707188724 404,66596778757537 0,9983128695977235 443528,8099707493 1
897,0011274127075 32518,784791546437 2,0105999416830387 153,18538151685317 635,0554000841745 448,27738276806855 440,51697851139426 93,4218143581059 5,3622687565216385 0,0343089782395543 401,71977040955784 0,9980813282168073 440921,7249632099 1
906,7082760477289 32852,204670056446 1,9974006328924359 153,69920727793001 632,8234693950858 452,20476853815563 441,0176346750537 93,79257380404412 5,404334978940755 0,03563278741664726 404,9007841795095 1,0019135159623935 440984,0199805021 1
913,6888939377139 32399,81751195125 1,9886973956739156 126,23525177498237 591,0169951494672 439,8975190301141 436,6938760371691 96,90148976116129 5,409488296383634 0,03557611364403442 403,9964391446802 0,9973160756574515 442001,2186372278 1
907,8970563557043 32218,588462472184 1,9828794029684735 124,54752338873172 590,8116908237821 439,45868739710926 436,7054400609548 97,49709717345984 5,43825999666509 0,03629336187825527 406,9981662039282 1,0034436010706904 438512,1415748513 1
913,9137398318572 32356,946451658205 2,002194647193313 138,74915778395066 590,254672912977 436,49411921112886 440,1955169005566 97,17875763529929 5,401387356080994 0,03642622182761835 406,183862638008 1,0043225835171123 438141,04763996205 1
906,8456304822196 32631,827390881113 2,0049079556862166 139,3973421425729 616,3584601208943 447,3774815373648 428,69150171149965 94,853186217266 5,359308056814505 0,03647575899230836 400,81121578935984 0,9992580616909909 438452,4584626843 1
906,9917311820393 32015,678872815934 1,9889928127377514 138,46323703733916 611,261145340331 445,2010520652704 432,66513537113315 95,54744615934675 5,43936981760858 0,03665030905726008 405,3523962081789 0,995525741112994 442298,6940920157 1
905,1641981883339 32407,802092479447 2,011823615462501 139,38417680614324 612,0224335360328 470,5172860238765 428,8968824156899 94,91333877091634 5,403936091283259 0,03631183240075662 401,07884256383085 1,002793691828575 444407,42091956903 1
898,941703774729 32480,31860892942 2,0055594362263665 140,28897300893175 613,0988139979385 464,95904966525296 429,48312339814976 94,56210175354057 5,407420075693596 0,037528090070583456 407,86567929003445 1,0013704146600269 442047,22624284326 1
906,7425179153706 32196,191397679806 1,9990132328096635 139,64530046749903 613,9882314311519 445,41819213905666 439,40880137930577 94,8440205300807 5,374027420703379 0,03762257187155868 401,35820592890616 0,995138731598308 439081,2462779196 1
896,8723531150047 32505,28309623571 1,9892192730907252 140,429109105752 615,9702322642299 445,7622231794736 441,7089917148105 94,59580709522294 5,391745919196483 0,03752615860564354 405,74682435711344 1,005587133806802 436097,8269066782 1
909,3009533621139 32687,903995410834 1,9933000614326426 134,85472045050125 604,2041097559757 452,65822083276817 429,8175740543621 97,29783030550023 5,4055084966663385 0,037238373791186025 404,20027871451634 0,9957230429319477 439891,6544923573 1
906,2400767383775 32606,03946397124 2,023629864507714 135,68272941505396 609,6080710998962 446,75779769940965 425,13593465804394 97,27413741266791 5,372391111001873 0,03833822512430468 402,31038225157613 0,9925965878673567 440411,83922018175 1
898,8019092099834 32598,145274574264 1,9961339218080023 149,31515344606206 606,5069928750606 448,35343965683677 426,9416560489507 97,73280435601555 5,359421756126548 0,03838669591716782 402,4300200313663 1,005291667413141 441193,2626571121 1
905,8077397856256 32402,976405698722 2,0037753527764495 148,67202440117063 625,7626473025808 447,65700525003064 433,47348398183965 94,0885181551919 5,428179440706033 0,038521389662499836 403,2122149194738 1,000254987989733 445301,41349459765 1
907,0731299620215 32548,115920633987 1,996451928326735 149,0840252233779 627,135582480692 454,8980226440389 428,6437688880775 94,00895788421283 5,442318638807517 0,038525500157957894 405,5450554841214 1,0119663639941565 434732,35777763324 1
906,1173159057622 32540,36184443157 2,006494330120827 142,56156775694535 616,0770554369906 454,62184547262416 430,5256610977483 93,71364339527615 5,383687522451815 0,03850705348264265 406,6410457885291 1,0031839998504997 439529,88730388245 1
902,4865700997748 32435,894420338314 2,006616345247301 141,62266767466005 611,3167787024777 454,30932796042526 433,7643712455389 94,31851212465789 5,427829678884619 0,03871869239756686 406,4771241851864 0,9984929685671488 437746,49058178737 1
910,7519771082091 32210,455220297223 2,012697316019761 147,1869801268706 624,6418832163486 435,49518838099027 428,0070405136131 94,01456876536926 5,4044882638042235 0,03854353821088155 405,81746933379475 0,9930310763357127 437297,86955915083 1
909,3389831780187 32555,657263265963 2,007088037546943 147,1223615487478 619,4170747006519 435,0834498260711 429,39299583926237 93,49206209990291 5,408438845707709 0,03911150899744732 402,9898757248053 0,9944589668534577 437982,34770403884 1
902,6480380593042 32877,72167291642 1,9977918192666881 149,28044855401467 602,685089181405 439,87273227972616 428,05714487002484 96,06739714634726 5,380419667918818 0,03911538966285782 402,997788947109 1,0012072585371867 440679,9594970118 1
908,0202406626822 32797,78895125329 1,9915395379387335 148,37206880850133 597,6948562873827 436,79983276487746 428,47853383297644 95,83036759133563 5,423600118623045 0,03919411866571718 406,8696940008995 1,001809923122081 442379,25505770656 1
905,227939731944 32628,814532054646 2,000253666672075 151,08802527954916 593,7774197153952 436,8847829124047 427,7412377157105 96,60145562462988 5,412525879256571 0,03916827651003276 401,81971913558056 0,9963386057676323 439501,83018153865 1
906,1395477298285 32639,53059102617 2,008763764834844 152,93446776443022 626,8516796553948 447,5537367535063 426,3546883945926 94,00527138114113 5,369621314089463 0,03906834818663975 405,648669047886 1,0049089325702412 435996,1615910271 1
909,3985033774845 32265,639337241853 2,0026724254217183 152,56853101027127 624,8328830649351 448,4954033865998 425,3737811608191 93,65441287546518 5,3820856259030085 0,03868449949665164 404,4093880196042 0,994818814282047 438284,6025068482 1
905,1932806087387 32768,431050558065 2,001193957832983 128,24384977322447 594,5238118419389 443,7680188617115 426,8238793514385 96,20204361708872 5,368691929709757 0,03887189788315804 405,24178041021406 1,0005783056481046 440203,6822045851 1
900,3546932208321 32459,494217450712 1,998134368289472 128,93589683762167 595,22672330502 442,6031687210554 434,0445444681918 96,98114286290416 5,360723373638353 0,03931601553063688 406,15549818088385 1,0043533088137855 440183,1118295487 1
903,4034631299 32591,208885021126 2,008494168830547 129,589798770593 595,8774221812582 462,5062784917478 422,9509649715932 95,78103426944381 5,3458882088552535 0,03930270398256633 404,3648585603296 1,0054440344516091 440790,8954398421 1
895,5095491456292 32426,728339681158 2,0069945587567366 129,57725648832678 597,6192952262653 456,76847953046746 421,3664627070855 95,60319130707086 5,3498636347515465 0,03923698380499353 402,519907455005 0,9992738115994584 441202,64570254786 1
900,463073343812 32782,59307691413 1,9952861222003029 144,31406188730108 599,9562919153246 441,5826143598913 428,9114335298102 96,22537545107014 5,379256402947821 0,0394198493480767 409,0587548830077 0,9995670878733047 439780,9430841664 1
903,065594002353 32536,853840039064 1,992595802627263 145,9773883961061 603,049352222206 444,81494057919537 424,82370224672627 97,56962182720362 5,357047859387699 0,03952898161975263 404,7968730145033 0,9887409170549477 439286,4767355858 1
908,9475874324966 32404,3668115177 2,0141400118661648 143,36626787419715 600,5673102314132 444,7092385311868 426,2780549895769 96,5335106942733 5,3511856863146745 0,039918456760417435 404,19229500897984 0,9974978686765817 438363,90815152536 1
