Co2(scd40) raw_signla(sgp40) aiq(ens160) tvoc(ens160) eco2(ens160) rs1(ens160) rs3(ens160) rs4(ens160) rmox(zmod4410) tvoc(zmod4410) eco2(zmod4410) iaq(zmod4410) resistencia(bme688) Aire/muestra
1853,027576235084 31736,273711178193 2,9683498503890817 248,75891100607578 749,0534406538612 399,33915518138207 414,6830613739646 82,29335838236881 5,4034912752514135 0,4167851281060194 409,6999194165216 1,99421529319258 487628,4478202258 1
1841,4853653520092 31693,060726010528 3,0120475928645667 246,09586041111822 746,0298106523996 396,34124249077297 411,8209459926854 82,8819745410369 5,37719821668112 0,4308242067645349 409,9247634609616 2,0071694476693267 488151,4580149627 1
1849,6745755110978 31878,22728697902 3,0005251642261155 246,90343080059628 750,9622190961462 399,7703577436418 416,60285277453994 82,4010410513633 5,425660474704779 0,43186265706732574 414,22514128248184 2,006435220245898 489816,024244824 1
1851,685840828712 31902,242097529015 3,0117366692077856 274,04433709476046 779,3113294855111 393,6964228398957 410,58296423595243 78,90855246360479 5,428188942165794 0,4267787543233103 411,1659343058167 1,984168204025721 488187,8833567895 1
1844,9253408405643 32078,71100978093 2,9834820604583685 272,50474198310917 776,6173864275088 392,8176873202413 410,4428782660701 80,06403644433642 5,409510336601047 0,44564686110813734 414,50490818484616 1,9979551348378397 481264,1689493835 1
1877,2876072168035 32185,51433753745 2,9931048020850954 254,3922390241729 754,1708153518421 391,07451688220067 407,9343528744733 81,22893302572514 5,42410519250083 0,4483635057741614 420,4244781334874 1,9930755364723944 485340,67416472937 1
1845,7238854066163 31871,156679857944 2,996071670237682 256,6353427320111 754,5793246997829 393,8181930245809 406,37661043526305 81,57642723902418 5,42666617566555 0,46106848241267995 420,5258750387969 1,9956956724331238 492785,24497497623 1
1880,4568707136752 31520,37805824151 2,9984175912460476 248,102365548376 748,3254587183187 401,0416798558083 413,31242010833563 82,74672414768156 5,457467210005643 0,4626989317421533 414,86448460248664 2,007914631333959 490755,2400499849 1
1857,9448832103383 31452,937654850415 3,020556344129247 246,8574836766229 755,846064705219 403,4376502526787 411,26904641391434 82,18800646038336 5,375110774106781 0,4737664385851841 422,42505130506095 2,009918050298322 486453,71168888395 1
1871,6429418490563 31479,218000064127 2,9989619870806243 233,34704193294425 751,7284120726994 403,7338504412729 412,26720999614656 81,8400753647368 5,462752345239977 0,4795186530184068 423,5428893466484 1,9893633571357068 482847,572281117 1
1855,7411920325112 31790,687900538385 2,9968889605615208 236,08184981270986 737,519665784484 405,5992530435281 414,05189906209733 83,25304632904157 5,40994705580925 0,49340259271269093 424,70891353434683 1,9984363942487393 486299,1962101931 1
1864,6046789965746 31757,580526206486 3,021615510832942 233,97143340212344 733,5546129580091 407,85969034367747 413,4042051879584 83,98331094625821 5,4123471060485695 0,49138391661290654 427,98929265761547 1,9933413298518876 486270,5438904014 1
1864,7793064550253 31585,27782159125 2,982660893486671 262,59705276068956 751,0237963933645 396,01842951388807 413,0246126237151 82,72677586520595 5,442739582278152 0,49179731771499285 423,60673873921564 1,990252959813537 486141,23545129574 1
1862,468125945162 31604,67757510666 3,0092914768587895 260,88213914723053 746,1286010049739 402,38874764120317 414,677513880791 82,98532260794681 5,408342370964318 0,5024715467664025 431,7472047050252 2,0111158630189476 487200,1164403043 1
1869,9103477443223 31498,256531507974 2,985808438316832 250,0609608130695 747,6923518920667 392,9159589177466 406,16511460123826 82,29800545402878 5,411924887103452 0,5034485704122293 427,2512846612475 2,00809474307072 481167,3545206889 1
1857,1081540889218 31784,535525836327 3,009485507093758 251,15599512108608 753,5502717633736 393,16092945360464 404,1837276285465 82,29183377686947 5,4440185214517145 0,5177973681930388 432,35361715247916 1,9955446294720616 484994,52040661237 1
1869,7084699870384 31599,878104943993 2,974693265184476 265,45010389596473 769,4361759578267 403,2371268145068 410,5803628462633 80,84464989869878 5,463149100655477 0,5200259692783098 430,2560326322356 2,013229653676814 485905,7440700627 1
1880,14014621848 31854,962061429622 3,003995589814326 265,8171922492919 772,2441189261173 402,41823204090076 403,4904928799727 81,42507815005744 5,429545705198192 0,5287898787451203 430,14588138353326 1,9948263542806604 482520,08771048696 1
1863,8094784242462 31474,664918363058 3,0038395572946315 283,2690855712371 772,4487930852633 405,78643103562956 409,1201109112513 80,84677203225182 5,362845167914436 0,5340309685173202 429,89482218684935 2,007122931500657 485718,17801488086 1
1872,9930152136644 31708,948935332424 2,9885667192961356 281,23202422521143 785,3641886801901 400,07401505025547 400,9855564002281 79,45856272471092 5,45035090694608 0,5490771106167671 436,362666990859 1,9880774270005332 480484,64310366655 1
1875,3792274528196 31745,96062223637 3,002567339751506 280,8501427134071 783,9049620339523 402,25636313507067 403,0092502423014 80,16106746877254 5,361754606647284 0,5454014261653101 438,23105320550343 1,99449285671522 485830,9356620042 1
1869,5551539467237 31687,687767082418 2,997982341456614 276,3588027528138 755,0997383440166 394,7876505480854 399,3715278000803 82,24851670313679 5,442498705855392 0,5464537535380088 437,20204433206015 1,9983382795042004 483067,54632659367 1
1873,5055561253973 31378,342009265674 2,9990425507892087 278,01045100129136 753,3279203141698 395,0938216590237 403,41377782641734 81,73535141770111 5,438593745687637 0,5561734393070941 442,40239293630856 2,0092037149982693 478983,541890897 1
1888,868289370431 31750,87954033216 3,005416331157013 248,45563980162672 747,8457714251463 397,8786085814717 407,5477069021201 82,4000900900734 5,407028103332423 0,5551518948913725 438,21758912566986 2,01140993144335 483196,0688911532 1
1867,4008378644814 31588,815020172082 2,984956515874533 247,61394801119977 755,9970110323358 399,19838975006314 406,00612922178874 82,44136853564824 5,409741623840359 0,5644454723342945 439,241018305413 2,0055376855697884 479129,8901325921 1
1885,0825777355794 31897,80604823633 3,008621278195151 264,8111122561894 770,4009437796425 389,03983375209225 407,5749864507107 81,38387496254616 5,451368367474095 0,5655331384788269 442,1620913471112 1,9903102280659422 480403,85739697237 1
1889,9381761091356 31823,05278294284 2,980068909400811 267,09253700958294 764,4266472665591 390,9292338353276 404,0892589800434 80,88967794650067 5,430754251519168 0,5716355287712969 448,25547289596443 1,9970268262427395 482693,4152026689 1
1887,3120009960367 31883,93038162541 3,0099224531439708 251,21514625943894 767,9817563241359 390,4877272916555 402,9968991720964 80,91090115604906 5,423046734269359 0,5755707153190813 444,39698379635007 2,0120851025991833 481186,0994139829 1
1870,5086849769248 31865,04817331526 2,9991968674828566 251,60388690356237 754,6865553871709 388,21050559046813 403,1490783883019 82,01446335338511 5,396377724690591 0,5825544500295496 453,11216562341417 2,005260161786263 481000,9645955128 1
1893,8950623225091 31856,30264097225 3,020090366541878 253,65709965201947 756,3153409527367 390,2905478398508 405,5091209307462 82,22301888548638 5,408722774341466 0,5850078071664209 452,6002100070247 1,9973043639112562 477630,05912223505 1
1876,5782941498699 31448,989672596428 2,9687085814948215 245,20924763634827 745,2591185117905 386,48154629833584 402,47034686078956 82,21185342981538 5,428182904122576 0,5830127559935967 449,4201356646541 2,009285779464933 479317,68389396265 1
1885,7544928249122 31568,98949564484 3,0336293370014085 248,09034245701406 749,2864047790556 391,5273751509987 399,21166789264225 82,24184996173489 5,405217920677291 0,5889433254716997 452,54053894178713 2,0082888617590107 478276,38482973864 1
1879,8840164498497 31702,690897052093 3,0155366285139262 260,98079867331955 771,2928278549911 399,98307034055347 404,50751914369823 80,42651207483577 5,368314627273441 0,5895685053691501 454,8297973347702 2,0118627789490544 474925,26064425113 1
1903,2024465042575 31683,39450143752 2,9885297405215843 263,7630872060412 768,4659907174096 394,43760893659424 400,430695272037 81,15784947663795 5,414146875937059 0,5990881149759575 454,18111664948793 2,0048344972663354 478359,7115500108 1
1890,2701749960927 31821,461086703228 3,012725256367375 276,9819781548051 780,6582299786514 385,5498172299819 395,42640622067574 79,94147978669842 5,4357162659832 0,5905002492170871 456,52830514220466 1,9886849572630796 481295,3168263576 1
1903,5556533092742 31585,94373502643 3,002135250245828 275,11049801968437 784,7000459888745 390,003725938199 401,5341676268748 79,89858674997892 5,438428625048269 0,6131659628643852 458,59138910520926 1,9909200792218922 479081,18815107155 1
1892,2432542856773 31657,288277627064 3,0215647255274405 264,38720577160706 783,2924699793064 386,62262329572985 399,5464500522089 80,24030797323195 5,419102730311095 0,6064243083369268 457,1007308252223 2,0044618113994583 476412,0291984145 1
1883,1545049828792 31508,706913519705 2,9980862817845777 268,5250948253879 779,0938282035291 385,1494445371155 399,2846781931653 80,06211151695436 5,423834218172614 0,6126412915850802 463,1434193389194 1,9946908305269913 480752,37862529536 1
1891,0357968608166 31437,343035098515 2,9884359873982262 263,8993501519784 776,2420384350745 385,61518715010675 394,3549187044554 80,1037451268201 5,448360003419543 0,6185413344225188 463,35646191783775 2,015639036537703 479791,8263275959 1
1891,633278315643 31477,581659010077 3,031688885288024 254,25549250651156 756,7003191707813 390,2749112035512 391,1629167754091 82,08417257345299 5,441789187185966 0,6119303862106856 465,4920516199287 1,9990302966459905 480411,6667647096 1
1885,5257850561609 31601,674618144756 3,010462149038122 251,51117585640299 758,2043875169536 389,1134226434948 392,9900892505108 81,49091304226481 5,402883054569184 0,6194857964023947 466,49194526149284 1,9892551160738265 480240,5086631239 1
1896,8639248261047 31696,041147899177 3,006332431139186 258,18393740213054 763,4451512126739 389,29113872366764 398,11567648496145 81,1589660248715 5,385217246249502 0,6203770345976017 469,7477544080034 2,015114539656599 478229,7210029912 1
1907,6401943350002 31672,111628838345 3,0081357373156736 257,58235695219844 756,304004893977 390,98183262553914 397,6657169388623 82,08608571147906 5,397303020204924 0,6306938844886226 467,7678855247036 1,9996083664138624 479055,8823899084 1
1896,7090318582566 31746,005727615047 3,0093287712475654 249,18350686117358 750,4449475566677 385,8288159233713 397,10971302740757 82,26430536609183 5,416411418420932 0,6276850688724976 470,9248974081075 2,0067299341158313 478927,99557935935 1
1881,4522553895117 31454,78247349614 2,9977720564423285 250,84146853327454 752,5679932658264 385,3573639001076 394,9476189514339 82,25519289956702 5,426647829268687 0,6305132492068003 474,6683328377783 3,004596065413202 477636,93375509797 1
1917,403494794591 31494,55671871042 3,010565770791553 268,44792625139945 744,9859536593287 387,1808280563836 395,62513606168994 82,09493252262716 5,375793164352506 0,6323574618105763 475,69608570608534 2,9985728254809567 474942,7500291537 1
1914,195620237596 31710,236339461117 3,0120630957674255 273,3043203333738 750,3366647331106 381,43132324748336 392,6578644743033 81,8270689981979 5,403040082864554 0,6390900101591215 474,43999234399234 3,0206666668909254 476117,61020038824 1
1920,7053368274867 31575,232784073385 3,008705618492276 273,1687431745692 752,3928564866666 379,47178456980487 389,67140575907666 82,06437629269747 5,442524606699281 0,6361394697883278 476,23963752247704 2,982013700965723 479326,83540239726 1
1919,491230229691 31631,20486214792 3,001106760940016 290,52551994855634 794,4408287318794 395,6615827610462 387,57139252004686 78,97921272582802 5,4537989782234275 0,6402093596011449 478,1620397667645 2,9793043164751007 477240,9952875638 1
1904,391447822192 31446,968175330043 2,982834399090372 288,2115913853923 800,2001540054296 392,42051889317844 390,6779831457312 78,89741813779092 5,436712566094441 0,6435843354520353 482,2401616602348 3,0384983661194145 477176,5146906637 1
1915,8003764813304 31616,20326472487 2,9941377541308967 291,98120812947883 789,7971476475316 387,26397880291216 383,4939605832473 79,65855946691322 5,443347013226691 0,6411523028417195 480,9978490684832 3,031342764065461 476422,46839036146 1
1922,4449299295782 31551,292473112626 3,019843944074161 291,03318642384926 788,6871077187066 387,19340719322435 380,58427645637175 79,03966500222649 5,430552418028747 0,651314237431096 482,92237640552014 2,9742064884614083 471407,8372440868 1
1899,2553188146262 31673,20743927831 3,008346930940702 277,3013147331284 777,6522526681445 386,7528591594917 386,85536309246623 79,8815580317185 5,450206970268183 0,6479531907140421 477,6774408136842 3,0103506539835245 475782,9256941494 1
1905,2279823622132 31596,86699760537 2,990276023180491 275,8422409858562 774,9075555753432 385,16182607124694 394,1297093490371 80,24621993833217 5,392435598606954 0,6556964535461617 485,1518027067752 3,006807762169567 473377,0843718635 1
1894,5890871167928 31896,829285901593 2,996889486220365 250,4427541193429 780,3312288950614 384,32315994411584 391,55564214075423 80,38947238665048 5,451836845656396 0,6607348571959201 484,8937200549988 2,9975884784309623 475561,8772621659 1
1895,6163263420583 31612,324757129274 3,0200365683658 251,43394404546828 758,8654273326404 384,1580806953376 394,80220414328994 81,24260991852589 5,403614360246322 0,6541351964183424 485,98878778547754 2,9966722149251916 475338,5138321467 1
1913,7152847951877 31611,99700214251 2,9812225791226146 250,95140669027234 755,0272937151357 388,966088412942 394,445091515838 81,28008582824721 5,416114488348342 0,6609738532646066 484,9016554214215 3,001859155665166 472861,5401223662 1
1897,367748477723 31627,39838029645 3,0102007826402133 251,25966014487656 750,6000539334482 390,4143497607246 393,0097595864257 82,02682014573693 5,450205535157574 0,663833674608491 484,40213951176924 3,0044713001975816 474428,38386631734 1
1924,881072138098 31706,636658015796 2,9885688968794843 251,7756530131457 759,405762385907 398,5638681648288 393,0025049624201 82,71792096781824 5,425610959291084 0,6593054433431732 490,80973454545216 2,9862949505264993 475398,3388574753 1
1913,6900963228038 31722,401030376415 3,006802457769483 271,3492203407413 770,1128606136864 388,0393329032161 391,80512896849416 80,32769134615359 5,433846393376422 0,6601948852302035 489,78544754318744 3,0160848558927444 475432,32788647944 1
1921,3489909689656 31609,39663260929 2,98306220801746 270,35660413372324 772,2556307120308 387,1613001171479 388,39154521930453 80,40236118733951 5,42219521517361 0,6640796902279057 493,7690913555208 2,9857345406892675 479233,6412584497 1
1908,2194244123862 31688,981485420314 2,987882986027017 258,04378670279743 762,6150127061242 392,7482318492159 390,909245259193 82,23556973509999 5,469323678095042 0,6630598794614877 489,8508842631476 2,982375856355388 471413,36187338724 1
1914,2883793527903 31554,665810426995 2,9772781125791123 257,2246435545373 764,6117290316481 392,6437896515708 389,70636068061833 82,14826677589812 5,379342354717125 0,6750061153591534 495,2506634883875 2,9975717482208024 471071,657105321 1
1926,429265544367 31384,162457005652 3,011239152381697 276,42605348637017 758,8109640272019 397,03685481783157 389,81444500789553 81,6852058291725 5,416963929705756 0,6716530242943453 495,6230451499593 2,9888447923227033 473019,60571604804 1
1927,2025655810808 32021,665005420637 3,0045384786742084 274,7774718727708 807,109149903793 389,9780680045159 390,1113198569121 78,22935451449732 5,40893798383993 0,6780393062283552 495,44155832381927 3,00071908384616 472287,14632918505 1
1896,9405511789503 31653,825140337955 3,001620570078487 276,09945073182064 795,8620943910947 392,2037934736423 385,3730888918175 79,17389598813611 5,432827623078143 0,672767739644061 498,00428533351044 3,00112366841259 473563,7496410372 1
1906,6930293403113 31612,242053652742 3,0078560379252886 270,7346442489064 772,510913003555 404,5144643394822 386,90889054252636 81,44666380451044 5,407805898719579 0,6698154576206689 496,3995364362879 2,984063298364327 476413,06694377883 1
1924,3196735014542 31753,107862920857 3,024173832120827 266,07544140680375 771,4316420097133 403,1640068266639 385,78575497735415 80,66467929277437 5,394877879869245 0,6806656895949948 498,29300103669345 3,0081966499681263 472011,59519352607 1
1915,5200118186917 31588,438145282315 3,00731112815296 278,8179392646759 785,2241600571501 394,6334661032777 376,303831904451 79,32626199477635 5,46189928010891 0,6787252034689011 498,56645777455196 3,0062774962991297 472611,5282277766 1
1918,826883086 31940,545281292154 3,013563520084895 281,03543857608645 782,2350879249408 392,26099823792003 376,64570475795784 79,68391725857543 5,371543269869064 0,6878416794235382 497,826857638564 2,981248260954354 469565,407819744 1
1927,061575325861 31512,452275063435 3,002257371698789 262,1397600552903 761,7440977400047 394,0518019718104 389,0425153372857 81,05609772684073 5,399295626810387 0,6848963101629535 496,8870601769888 3,0030346482642143 473266,613106389 1
1917,9802243486931 31622,83978606606 2,998970405316117 261,1705450154302 764,5092696492695 393,23485657157653 385,4749285665844 81,22233707419613 5,431935926810258 0,6865412507553378 501,371855254088 2,969339389461333 469843,9600219672 1
1924,7733865366429 31683,52066077366 3,0066605925621364 305,33715689424224 769,617080405826 390,9199301017602 386,33262470007725 81,3903622875467 5,430131869074528 0,6875978269400699 500,29676024625104 2,9845437547139477 474155,84002269653 1
1930,170903301887 31643,928887498332 2,9742513221047227 305,4708827094954 792,138718488968 374,57760854985395 381,93602227809214 79,2229378647064 5,432546976949839 0,6868473388296553 504,3945037510607 3,0159258686370345 471542,9686682293 1
1932,5814079085612 31406,549539829994 2,988665416924813 308,0739408067708 790,8891743846661 375,7992386222236 384,2711392850575 79,8931111719206 5,460404969844095 0,690342797993157 501,92715157128833 3,0244147141001054 473728,8104266447 1
1922,3163964327016 31527,356843595953 2,9899194812428878 286,68083843935995 788,2888132036808 380,46019065141576 368,49011741660763 79,46091299232015 5,387652035184474 0,6903657076063542 506,8374187274001 2,982359161931952 471722,9131398138 1
1928,8903600059361 31365,292634458543 2,996734080525634 288,337568016152 793,311880278257 376,7736014491054 371,22752916005857 79,16707209525558 5,423724603041766 0,6969952863956654 505,0168369771954 3,003475032423804 471187,1318063354 1
1914,279118220816 31718,196366029715 2,9888930096065094 279,26135957135455 787,8090445286527 389,90244494674744 375,9424690206775 79,84410268803444 5,446377208439635 0,6912240970470757 508,7565290845767 3,0023000333675034 469959,73974234366 1
1926,2800532457643 31511,154748930483 2,9696534270023873 278,56506696270867 788,4510643675029 386,4725006956173 377,47675565033904 79,56938502834718 5,457194102561885 0,6976882793634639 510,90746161838723 2,9975395407614607 470480,80972738366 1
1928,8943882840886 31512,728800728815 3,006430995633311 269,65847023425056 778,7313728698108 373,0536980813246 379,6869980476637 80,76005292593211 5,390297023182088 0,7006285096839984 508,17704113607743 2,9930340267391577 470144,7893962067 1
1938,468228789309 31508,301100655808 2,9916007104387035 267,4772387663069 768,3236078994507 373,24564579602196 381,16752894028065 81,0463231097024 5,39274650189877 0,6965169893576496 509,8975912172434 3,015981178525788 473623,3214525764 1
1938,6298063292659 31477,35204237321 2,9968114649548774 296,60839712213544 773,959626481424 369,9859623138626 380,2486478550852 80,99913861245369 5,4134239783684635 0,6967469756664272 512,7726667258814 2,9803535130794705 466716,98810958746 1
1951,6097644515773 31681,261167710087 3,0109800929585395 297,6252830229826 774,8375419840966 367,98374360259936 377,43939947573296 80,38315535465354 5,411247983748951 0,7026392696398291 514,1672712437439 2,99851266410388 469546,9189487178 1
1924,3716818004755 31632,670814899022 3,0286070585749973 296,92505752972824 784,6288647673224 374,72313475795863 377,0928973649031 80,34631920837502 5,377595574628019 0,7078054835468743 513,363825129382 2,995643363817989 468586,6079332592 1
1936,2244767290142 31518,476610105274 3,0116195469292952 279,8556470678728 782,4525288091263 385,6310890123568 379,94043536110445 80,0032122587282 5,427724651403075 0,7011727047161451 509,6570600180374 2,992258966217534 469456,7418954847 1
1933,4556513832135 31464,075016473984 3,0108547840211237 280,3001393350985 783,9158006190883 385,9256467481274 381,2795408206557 79,85204293879706 5,447442961561206 0,701734278029345 514,6361739736556 2,9961500807290564 469250,75988606666 1
1901,1266683941178 31563,75635074675 3,026829403812611 287,3050613234371 793,8546838303718 392,58533115864117 384,0685494522956 79,51047189506222 5,35532095227441 0,7028184202358572 510,5039561087577 3,0292099943713042 470578,58196064184 1
1914,8872259213626 31494,431743525245 3,0067446556262416 288,64850196988726 786,5046591259569 389,04584083313205 384,6479412996442 79,12133723207421 5,41275579583025 0,7086138983318903 517,0839958372702 3,0087951675570803 472133,88540124765 1
1939,46921548329 31735,23893663766 3,002296085214084 276,2274096947789 783,7207896530058 379,3710592144174 390,0059177107755 79,484612384871 5,395061786444306 0,7045374985434598 515,5891683536681 3,0099877879427015 471195,7363876845 1
1941,4543100604217 31816,055535422456 2,98183448748909 278,6881198232444 789,0328485407572 378,67167003504335 388,8220548052315 79,86066643603802 5,436209857020796 0,7052747439140666 516,60370106677 3,019140543330786 474278,286702599 1
1940,5485326742955 31443,067600467108 3,012192056446101 261,83731110665076 783,9147012976613 379,14626409738503 392,1673505180925 79,85391716482029 5,440123472513082 0,7090335960257197 518,0940676242117 2,992196421161985 470029,38296650274 1
1930,5409475299039 31677,001650703525 2,9927210227977614 261,6296550455702 792,6074697863719 373,6810238257172 380,2938139903824 79,80787237864293 5,424517867722142 0,708913861443804 525,1404640338114 2,996228526157313 470519,8665139288 1
1937,2812482328234 31539,816559155737 3,0049754391267918 263,93329678339654 789,1302712830585 378,108160883226 382,70636875984036 79,82473392212216 5,442871024444453 0,7080101850541198 518,6397217927534 2,987204972120707 471741,50578587706 1
1926,4017119334835 31689,313523131277 2,9724657700452766 267,21155873903757 768,0102505596542 385,8850752781318 379,546549657417 80,71850324207456 5,3545268798570405 0,7069286701725163 522,2856940367194 2,997799083582637 468952,1723973741 1
1939,2021554581574 31842,62394591114 3,019574735171174 265,7771906976057 770,6130632006468 384,2038331798158 382,1925635114621 81,34073020157935 5,462036411864248 0,7068969643124972 524,2582542247493 3,0047360320865213 469197,09308663284 1
1931,677765201877 31381,12626849443 3,016864847440605 261,2517608802516 759,3235655497717 391,9844896033652 383,9712854592588 81,86312474924421 5,407952024812886 0,7078982375154572 520,5114489036857 3,0079477421399066 466331,29562711035 1
1925,7938456121217 31543,592702646107 2,988782040334643 260,1863727442082 767,9904623041333 389,29796483780376 381,1922746272401 81,69237144937897 5,41133794243113 0,714934737576464 522,3028134326827 3,0046307898181723 465347,75952106365 1
1932,6200478836643 31721,56582629202 2,975306504084962 241,13786113016468 743,8875104041829 376,73294406814506 377,7612303678335 82,81801635569755 5,45048483789663 0,7105245387354695 522,6406413571988 2,9841257784284365 470598,0204524945 1
1959,0861093107421 31833,107059329515 2,9808890149280316 245,28651720845184 745,8496420068101 384,5527027158004 380,42418761034077 83,06107307556525 5,429437876670673 0,7123073912225545 524,3310774636167 2,9949533207736105 471501,6708801835 1
1927,4159566282715 31482,643567651212 3,0140948080691095 286,5416749324382 744,7176648833752 384,6791041867662 375,4549668721532 82,43205119973813 5,395405796081593 0,709908028814456 524,932871329583 3,0166878055951054 474090,82404858735 1
