Co2(scd40) raw_signla(sgp40) aiq(ens160) tvoc(ens160) eco2(ens160) rs1(ens160) rs3(ens160) rs4(ens160) rmox(zmod4410) tvoc(zmod4410) eco2(zmod4410) iaq(zmod4410) resistencia(bme688) Aire/muestra
1259,9540451021917 31167,795717675413 2,983301007224988 420,197189072484 845,9408260761357 213,38745541959858 115,92918230053498 70,87975406759786 5,499384625395137 0,9140625476445728 399,88297834417443 3,009836393572197 400242,6965807627 1
1268,8123757066533 31062,45064431883 3,031229301791546 426,81914892375346 847,2194391747607 210,0763952151279 110,84554718793581 71,13131586008706 5,4502308032786 0,9113543200028278 402,83820746175087 3,0034728698324478 402909,40574272565 1
1270,095394654112 31325,069464727385 2,9992810172639817 431,6354520903636 848,6300103352565 209,58773758582862 110,31509527961914 70,0568189027673 5,46372463320451 0,9276193396571686 401,182553352958 2,976176621045246 402640,2492630056 1
1269,6894295185846 31420,402670742267 3,0176400912341146 375,79035081153916 840,3327561082519 211,37798595203452 111,7728091651311 69,93423021534515 5,4688398237075235 0,9373044884133505 401,9272789927702 3,005792564195214 400395,3107132953 1
1263,0859548959559 31173,15989128841 2,992221280046172 378,6471846720955 830,0768016716596 210,87054092659756 110,61341966014766 73,73010642863112 5,485785903677697 0,9542554366893742 402,9642387122768 2,993153112259551 402712,6794878823 1
1264,7807883765247 31277,573766240705 2,9957863050579783 377,24336770880626 825,4967282226696 210,65150696226297 110,11833175219915 73,34454820550228 5,468720532268509 0,9620069987853989 404,22342712344187 2,996829726729172 401854,9457263336 1
1255,2738481906783 31176,74110256364 3,017767693307285 395,0372849957908 817,4603853073444 207,82657180144722 110,82137281903398 73,60658542113065 5,502946597122602 0,9535048435754102 401,3917418678364 2,9982470540727215 402433,14871328406 1
1257,7717380450322 31085,288198170605 3,010376485374902 392,99251790996567 815,6306733937431 206,89901813303683 110,50563724128044 74,12262164902886 5,502393201725282 0,9686937720823176 401,63495328624674 3,014262167594925 401107,75221772084 1
1271,4178639157212 31337,679269180073 3,0034757556841867 345,8721778334587 821,0120091159991 205,96960591718852 110,15218924759672 74,97777322411103 5,481358998661174 0,9677383251768595 405,5417595508693 3,015976238018657 401915,4597017548 1
1278,8557155756073 31345,037025525 3,0188499517533414 346,50125283940736 822,2827068259743 205,6176900070547 109,80442463148893 75,07961933065413 5,512922680682724 0,9860450662855436 406,87957023809116 2,9833203942547453 403603,02714094025 1
1260,191152511141 31407,79790634058 2,9961642422544386 351,8544402666378 811,6105877397575 209,45586164955802 112,66954943817919 75,09743541150749 5,4180993989903605 0,975151003073519 403,89774320624684 3,019046810208899 403522,1348804122 1
1271,9034529161122 31245,259794011105 2,992365539989554 357,914176903191 823,9042100921299 211,4966207825409 112,96100481338357 74,34916212703357 5,465697067479408 1,0088406917340942 405,09291853877255 3,005518082719767 407426,8642716523 1
1269,998240568725 31212,891102901507 2,9861807479340103 320,3987617417001 815,0603489491123 211,06054096229656 112,77524500537871 75,03660205665088 5,415048822479862 0,9962924693792251 408,43787196083775 2,974818852065955 403251,2504503072 1
1275,2549696714364 31168,138835342794 2,9866682060223857 321,1836168724813 813,304634367152 208,6421152597182 114,92267207882172 76,8655240728767 5,425460044692915 1,004745237043459 405,37269871567304 3,0159421627659633 400577,1793590537 1
1263,9707533033297 31375,50877118808 3,0084559072722667 319,39560156011066 803,3807995579281 208,07456753362789 115,70863649687973 76,73615070907357 5,421224663793105 1,0100552012570032 408,60795765416594 2,984560217937174 398111,3174611097 1
1251,9683071179488 31570,617068930937 3,010127970127643 304,22983491294355 812,0988498988746 206,86713168045657 114,17733995978291 76,46674721392907 5,4739969980009215 1,012524661590125 406,4333449176286 2,952886160528552 401705,0942683819 1
1268,0355140225988 31308,671317687367 3,0070429346112064 303,4550818471884 813,3776677852487 205,78040505871044 112,55809870999198 76,58300848240418 5,474874388987426 1,01774380643804 412,21702989195916 3,0042653858251125 401516,7132354425 1
1268,6104838558463 31529,32286615207 2,9837275395792417 272,9000184577526 772,1356403394128 201,899053007078 115,28960315218156 80,19951629220547 5,489712767440446 1,0261428709577203 405,40626201877865 3,0116186298359833 401005,79549479554 1
1267,6861466053435 31343,293187843694 2,9939681549799486 272,14606623523883 780,8517009013152 200,51232304995463 115,49034121221479 80,09226101672547 5,480481333021329 1,0281397444229878 414,1201664796516 3,011246799414889 401104,4921115387 1
1267,6181494653663 31213,716172111363 3,026125170054227 286,1600383769308 793,0295535145917 205,8191811390623 116,67870274351415 79,34726633186611 5,436806411707311 1,0415186932046088 410,9678887676754 2,9838805712893604 399562,639392767 1
1262,17076143995 31315,47260933379 2,9895927715261745 286,4710720917237 789,8850333920351 207,12812118242255 116,24207713472373 80,02675649000788 5,408636066878251 1,0467611988728887 417,9080680210175 2,996272189477245 397978,26602080546 1
1273,3614481329855 31145,019376400658 3,0168251765306024 273,1539303489929 787,9619270636259 205,47926084906408 116,2163359257692 78,91872041142854 5,397663523633953 1,047638087796884 409,5176323334923 2,998791153243191 403585,26449325774 1
1267,1567231887543 31058,50280282698 2,9953260642037423 271,79534791088633 767,0392835262811 205,3654504064882 118,57902206375992 80,21215586235272 5,464887171758329 1,0527656290981822 411,76799718872246 2,9878673348327336 403058,95853508235 1
1269,5187840958258 31066,298654784154 3,0247361651904603 268,5957335275531 777,5282179033638 205,96740041246045 119,10193741059736 80,50243347237081 5,481578871488334 1,053954450695735 413,837855562498 2,9968419235731965 394311,60591668135 1
1261,2449338413899 30973,920963479948 2,9936675094985876 287,128913500646 756,4646051709493 207,3148538952057 119,89641063363837 81,13863483616322 5,397298488231449 1,0435185772923845 415,60022318358216 3,0108218869409344 398867,9360277051 1
1262,6352414442704 31070,96640060712 3,0038769112410395 287,17040270981295 767,9842197887225 204,67201871115955 119,90125071569226 81,19056689943687 5,423619107889632 1,0629462508698033 415,8425447178812 3,027157970314823 402118,89220783993 1
1274,7387748085682 31149,4392264247 2,992026131375357 261,7117004306782 767,7667404462958 206,4535241078357 122,90375463643973 80,45697065372616 5,505552768432799 1,066886880255921 413,48829483310953 3,0263563107849523 400682,8303357972 1
1272,4925840574474 31354,342874674432 2,9975631102437337 260,76764640370044 768,8603412306928 205,31659622020763 121,84171393361808 81,39850336373338 5,488143898187793 1,0667363581577214 421,2420454922297 2,9868619732676724 400162,6961188662 1
1270,0034516071119 31572,7994131257 3,0071971956281165 264,7948208922288 763,3011486243629 208,69050936663643 124,54280425467368 81,18221819937355 5,536817749498825 1,0626793158328796 416,81198356876723 2,974330031629526 403934,09232282813 1
1253,6039893348302 31248,44471780868 3,001356348137425 263,49316568506407 763,1734926851005 206,3149491278867 124,06549764989748 81,43586095722462 5,499964171381558 1,0705277460380371 421,6701560411448 2,9986470189524774 399522,17554276646 1
1270,8084630510236 31690,02408590885 2,9888563831810164 257,7536922142624 770,63322392631 207,85228006955637 124,63485459068629 81,58637287902866 5,4423891914043105 1,0656669558477654 417,79034831788886 2,9776162173078644 401855,7532142277 1
1263,2140885558947 31387,965939546273 3,0127280109438015 262,30354133132516 765,1890850996507 209,54702623059399 125,01034183701427 82,03326249974437 5,478088175812528 1,0841326034003307 422,42640024965823 3,0205574212176654 398296,5268813618 1
1269,082132074879 31338,28014585163 3,03380767335583 257,9500289810934 758,0974912644693 209,2189788418815 124,10477404667652 82,97906395711117 5,444814612045427 1,0719981179626301 427,5414477773325 2,99019718823215 398367,78848778945 1
1263,812308803705 31374,165930384002 2,9903367494868798 253,8238030252902 755,1621818632747 211,07484361654602 127,16615847074445 81,8389841833561 5,411701106974173 1,0759133572511799 424,11727546322885 2,9807189699125614 399057,79794851627 1
1264,337861117914 31237,530093710477 3,0078345848921413 253,6627605341445 758,0717618663388 213,18652007035575 125,58417787501848 81,51479555086526 5,501530568207296 1,0803489578398493 422,45832438420103 3,0043484545187202 401628,75419593486 1
1260,3178867504705 31506,67365316232 2,9824586396065498 269,2174638362464 781,8560813940961 210,86518600892504 131,91724651970083 80,6985080185435 5,475407729970724 1,0668400352891383 428,4426994211227 3,0124238272058586 400164,579060644 1
1278,698388552944 31186,951577633237 3,0028405241301863 263,21838770745455 772,6719291575602 208,9430817449102 130,7662925698665 81,62338088853258 5,481760910802863 1,077649020484756 430,09473371844587 3,0010208156884977 394623,4235872822 1
1266,9354889707088 31359,95189474667 2,9989731926298435 250,52345187444618 754,3159788241205 209,7651276697947 132,14693755958726 82,41628600714553 5,4229402442683075 1,066546839366208 425,99901134149525 2,9970625864438967 393379,0275184805 1
1265,6421512811087 31364,155149732498 3,024224466267479 250,4707521637322 751,2683986809521 210,61227847139094 130,7849747998284 81,86862041050182 5,476590333887199 1,0880030826880835 429,41449139483154 3,0089548985365973 393807,5661437732 1
1265,543900422601 31328,631466660292 3,020551903833058 249,42847854229942 748,7114351916927 209,95638767752612 131,29881578967922 82,33161988642405 5,48445007177293 1,081167984707108 429,0807172716583 3,0040067828739687 394539,26767843537 1
1267,5724364388207 31641,83093357153 2,9823756437248568 250,60546899467982 749,0923954361992 209,15906404810363 130,50082086386067 83,16245718681492 5,446816683891239 1,0856308300159845 430,62912002877374 2,9922787256120604 393066,7719509949 1
1271,535781599257 31119,301043849977 3,000248133528595 249,2605570888259 744,8708110654601 211,48552579466892 130,56740597195449 82,32732014315917 5,477084621235809 1,097654864062754 434,63460429872123 2,994580460739089 398010,91482191964 1
1279,7384977590507 31079,09241381841 2,9905466791525974 236,14444129475643 729,0952340432013 212,54313628128983 133,35119486954605 83,78125819469092 5,491004256986362 1,0867557442462923 430,8177842307081 3,003629436177767 395510,8345311433 1
1265,2057171590145 31187,681904517212 2,998515637881834 234,93004753928722 736,0579118313634 211,8091385854783 134,01492338600394 83,0928729743968 5,474756779275648 1,0798069504184908 431,8454284442345 3,0046369973467053 398461,80443544 1
1273,1050758297574 31252,83469068185 3,0028604505677627 237,53549578072247 733,4634746973288 212,95274565682584 133,06035360212627 83,15597740984589 5,460641336966824 1,0854966855037762 432,4877199369921 3,016946895521718 397637,7337354092 1
1275,338799268759 31399,83126188328 3,0036992103774263 237,30212557231485 730,4617036453701 212,71283764148296 132,5974767817676 83,60253318672433 5,4886971942718095 1,097863212717422 436,5387975159299 3,022782103162579 395330,24621663726 1
1271,6517130671525 31067,672610821235 3,006081976999667 249,3008511997947 744,6385910384236 211,1378596961735 136,67296829780335 82,71864930398215 5,460300103214965 1,092414379669632 434,8702965366825 2,98514569997352 394418,74176281673 1
1254,0458804866805 31276,387887730903 3,0202617259071833 248,20765454395539 752,301617376972 209,41054862862978 134,99549560057312 82,99723459762589 5,481071343601504 1,0869875596372902 436,6649503406718 2,9901521505932367 394252,9427751164 1
1270,4312560279818 31209,504779634222 2,9974160333608837 226,89431336853931 757,9813455219102 208,1648628478276 136,16289344991878 82,1103731600963 5,476858911832431 1,0879465393524563 435,67950851741534 2,995738019868024 400766,385077769 1
1268,7812383159246 31183,544294084415 3,0143588330035396 226,95930728538323 735,740472133441 213,96531082150443 136,04118094226823 83,05733976439355 5,43020137678146 1,0947115748058553 441,57711111408156 2,9783686361127515 398252,6362784631 1
1277,9045914304525 31674,609699395554 3,0126723946905596 229,8362934472777 732,6229770545624 211,61164874800707 134,67823395717255 83,86464105680379 5,42712882105423 1,0841819649311224 440,4915119032049 2,984072220317157 398825,37103026296 1
1277,101423359077 31350,12104277681 2,990257813100829 253,01650391297582 756,4772370801985 216,81253798748116 136,62534514021664 82,02642605573527 5,472437214334593 1,0964828136070952 441,163338480996 3,0137746183376883 396840,9759121457 1
1266,3615287297562 31194,627655441996 2,9993779072904365 255,47585510805806 756,9074386355724 217,65422264528013 138,1306733128547 82,13699584716363 5,4160520482840875 1,1028137893770105 438,82290549729737 3,0033876270909206 394004,92414545594 1
1263,260976832665 31398,24513238751 2,0170653839630934 213,7902104207554 711,8962284941415 212,16619374931525 135,44319817338302 85,05256479482424 5,505760985230483 1,0937128196954924 438,648474579291 3,0062649900440883 395338,4020286732 1
1266,2048161416885 31247,6113961045 1,985174437922029 213,75551714250227 707,0202696012999 212,8079366025593 134,15030990118547 86,2550079512284 5,465397382675549 1,1003675120279661 441,4717748162363 3,0162697651675234 396026,7297121129 1
1271,8329586112084 31333,182130946294 3,0031916416101634 223,67726498860978 721,9389548953573 216,67123200613585 138,33830680327478 84,37170159664801 5,449048723426465 1,0851995560553194 438,1134511807233 3,020337293960419 391305,57336478273 1
1268,9577232334937 30946,46680813924 2,9902969248428555 224,2060107460596 725,9563849997313 217,9077128809393 138,14295252368984 84,36121942605068 5,46324077746003 1,091294175670419 445,7516505882577 2,9843941743274875 396428,6994694871 1
1281,5686210825666 31063,777860959923 3,002513356342599 218,7042579931805 727,962371517771 218,28825399750318 138,60623324973827 84,75503203949222 5,442791665793381 1,0991928904679937 446,7715435162723 3,0138704532055094 395802,2649776882 1
1281,057416630824 31155,350384723846 3,0038846278585023 219,36915271315257 737,5414323431943 218,82283824170804 138,3466496146365 82,43302922130229 5,463781872107125 1,0925804459393744 444,6336852188753 3,005256847973148 395385,6644161959 1
1266,074505303832 30848,333061115893 2,9891336245185904 220,41377046355484 739,0155739583656 219,3446750072428 137,30819786728236 82,6193423433023 5,485859314470177 1,1082804193460012 442,454998710416 3,0015424850242827 395539,6777266472 1
1279,7437653783343 31216,25262568672 3,0389633881136984 219,9242290197338 712,3799534497826 216,47840443322588 140,90619029800726 84,67992835834633 5,464232979694044 1,0767326376970487 442,94430872004847 3,047621244553099 396117,5641833489 1
1257,0064969137507 31423,41689548501 2,9893013858868303 218,54533384482366 715,557264415975 216,6523880372593 140,66568614278387 84,58496960856988 5,420530197894424 1,094801534104947 451,81878154698853 2,987428577825263 401485,5613202462 1
1269,4911413171276 31402,45579000375 2,9974528022372073 220,85602107047725 713,7276131699068 218,50393226475765 138,93923660261106 84,89659262873704 5,423666397717063 1,0877419364495429 441,47091536943736 3,0148137731760474 398323,77491144557 1
1268,8413031378552 31089,04522140148 2,992867918711127 220,39292620202556 723,4222140652091 217,44474384581596 139,37390387363857 84,52326906297358 5,432611263156277 1,092236763093633 445,95938968055805 2,993357235123959 390626,78746564983 1
1264,880029695792 31143,466380454738 3,0235131467849214 243,34517148152065 740,7533573203586 217,49840938949677 140,31055185994248 82,52630567925485 5,470741819663035 1,104223202473405 449,5189494686968 2,9959151688042107 391614,6446819858 1
1261,8088240607776 31359,404427595277 3,0054071123684762 242,22546558612905 741,5647839271409 221,15562555747127 139,38139071650795 82,75505450892905 5,401643137783339 1,0910630531438836 449,04803834276487 3,000729980804032 393745,7173254405 1
1257,5813231099528 31522,87008363737 1,9924578393112595 216,60622696446706 742,8174343093544 220,35057833875206 140,01181249464878 82,4578144561877 5,477973187894054 1,093041505342911 449,42349072451833 3,00499138870991 396367,91681836155 1
1266,720970644807 31338,579856191944 1,999707856486413 218,23321711373862 731,9539953839114 219,5682107064332 143,49558914616375 83,79562079320831 5,474164019037786 1,105279940771731 449,2805434957619 3,0114363713407526 396893,3586281239 1
1277,972678864175 31325,25266335797 2,0272352137690963 218,97866258740203 736,721516241984 221,1338796349676 142,38620891667188 83,72439828226022 5,450232894141705 1,0995134733758913 449,8348547879445 2,9955923719396735 391714,23510791664 1
1270,701581867771 31070,595577642765 3,0042286998661902 226,3875528870259 718,6594575001991 214,27606481972444 139,19133743897942 83,82317609875075 5,450298158509393 1,0896660301768524 446,21058106472447 3,0193950388250244 394016,53594098066 1
1262,7883034132205 31291,834848829643 2,9914949291377164 223,1517836887457 723,6299273429879 217,12817542859807 140,97408944062062 84,21337053007333 5,457889693318691 1,0961787778628538 449,91031532372733 3,0163648711276414 395395,6291223628 1
1267,8246327194008 31307,854156971625 1,9966922096965574 202,77214702334103 689,0017610557256 217,51330295649112 143,44566739422038 86,78090027577946 5,472356559643645 1,0932815309322998 449,314325598486 3,0046643646813047 394207,72801226476 1
1273,2846549505741 31620,07004869623 2,002735757481179 203,9172916128798 696,8275440500064 217,85793741407127 141,8647023751371 86,83296118588846 5,465101752556687 1,0902209614141356 448,452240330594 3,0071372829565153 393131,14222293784 1
1266,785066122614 31121,04327018123 2,9942964424511604 233,36713245135076 731,0133456400764 216,38435221573582 144,43441660772788 83,74411970270224 5,464779835851175 1,0917919763822332 449,7901251398948 3,0240137307155046 392128,3629680447 1
1283,8083526355188 31442,216969345227 3,013705462982845 234,4991870155692 730,0856573299621 216,0950004303834 143,09767187713487 83,84470055776913 5,4712712802754035 1,095780619181739 449,7852318614562 2,9862623010000835 391822,1293963622 1
1282,621007452509 31193,770642445037 3,001105719215764 237,54312347209375 731,1984905957372 217,73117503971253 142,08146304481576 83,54830516465441 5,457138688207827 1,0963453307289008 451,6109338081965 3,004370718587622 400790,26038985176 1
1269,0020260179529 31352,79015970316 3,0001433106025797 236,6488647355271 737,2654912448072 224,8209973873467 140,1956616206295 83,25306241116898 5,4719492389239655 1,0944846831948458 454,17777452631395 3,022313696024667 397840,30546027527 1
1272,8499635460066 31215,59572240626 3,0078680848879307 238,50703679299392 739,3038703462805 223,12549415844677 142,27559489263376 84,40257633799852 5,436679767783801 1,088359147965355 449,53315434167746 2,9946953135061545 395720,5363636329 1
1278,4146247110416 31230,06805524772 3,023000767538666 228,68021433781897 724,8927274911622 216,9200636892271 141,44120178330087 84,35234271529121 5,480986231971348 1,1091448195215234 453,13078775766894 2,974897893539081 396305,1018402373 1
1269,9401609790407 31079,888956504095 3,0005506514596805 229,13688615226812 725,163889788996 217,5456448699946 141,31458699261464 84,31505089555357 5,4629637535319695 1,0916394690273588 454,0950480752379 2,9947896138653123 396602,46544507146 1
1268,7347112110579 31253,31662698852 2,9698326629739693 227,6817607525049 723,2832648649879 212,81604630053351 141,5893837055085 84,4893237299513 5,453593504181868 1,0915453090293499 454,63354292459945 3,0019687786068 392131,80695512367 1
1266,4752506789205 31415,069948308006 2,9704179295048023 229,4334296691339 727,6628676511466 215,88233692805977 142,2054312691936 83,46099983929017 5,469705609490885 1,1021943066008708 455,9976071770197 2,9784680203352596 398748,49290536065 1
1266,0427066398954 31362,641781555463 2,9939889897721774 242,34711452844294 741,3492527495289 220,32342287094664 143,33294861909377 82,64650769997816 5,499266735836998 1,1020412669977706 458,5059415106636 3,029354513363542 399137,63129417517 1
1277,9959376292122 31775,15085626062 2,989989968519827 241,34131993732046 741,3210973974756 219,66631832845317 142,20630465244918 82,84648559382791 5,514293826687505 1,0850961673092039 453,249437621002 3,0250882865948814 395994,39559083304 1
1264,6474294482289 31221,967368738187 3,009308449171394 227,17358846301136 735,4351381648999 219,05334898804213 142,0705870399373 82,59702210759917 5,469434146180369 1,0909587851364513 458,6212192882021 2,9996937180851266 396498,1284506974 1
1271,2331389018661 31380,36004865904 3,0111409283462818 226,71121664998952 739,1118334298277 218,51671137148625 142,00589665858155 83,47706883979745 5,4679819213146 1,0920517707634587 457,09051398403415 3,0234575101735093 396962,2873211138 1
1273,1776948485644 31259,29258393355 2,973486302753304 224,88543180257352 734,3730799901772 217,14130087556785 141,62344350168783 82,89306789100517 5,429014871100752 1,0935993750823725 457,21270049627793 2,9851945457230493 393064,04123959964 1
1280,9114588367406 31289,203942354336 2,005670646696741 215,45732846984413 714,6984804463026 220,5796559407929 145,3212528847505 85,62580162673402 5,451797339352235 1,0985291219268611 452,44808836644285 3,0008755091468804 390636,3281780846 1
1279,592234995036 31166,87297362694 1,9959271438645352 216,68592924104794 710,7815031993659 220,9279168552295 144,49790075376393 84,33099903218304 5,460915972463825 1,0890342134909692 458,82480144106546 2,99321943784619 394225,38230116246 1
1277,2817611898454 31345,70264855525 3,0098045554247292 223,95182825843378 723,0376788973098 217,3842265999632 141,43395338308318 84,94705349961652 5,436227594627956 1,0933701997499972 452,8300040155116 3,004805791437854 395078,0594467981 1
1281,931993331644 31213,222546882364 2,998016263930193 225,76676169261955 719,2034648207535 215,03224598227442 141,85468195525922 83,63627582018387 5,439019863072191 1,085900784369266 457,6779785075778 2,988858746503698 392940,11421563575 1
1264,2292796271367 31480,096020573397 3,0055962242627015 238,16500805174695 736,6926057972087 221,27139665015446 146,3826717180609 82,93705281900772 5,464526295597789 1,0918499023928296 457,2155832280008 2,9849946883492886 392666,23459439125 1
1276,8264466092278 31296,281050806843 3,009244464504465 239,2068989698893 737,9583675318031 219,0055235078029 145,0994823867125 82,57715196956711 5,461557834928393 1,0835378989197642 454,6453225071571 3,015079028408901 390794,5490024058 1
1281,1042000907453 31163,785750829178 3,0074413191717024 221,93155651068446 740,1318796593092 221,63549551096304 145,9499630006999 84,01619847559832 5,4994495511472135 1,1003847507163556 458,5033886103081 2,996820614567091 395268,82965128357 1
1263,4836025582013 31337,0517553883 2,990669955482014 221,5324309647925 703,3847626046394 223,22777699770484 146,03610242123435 86,5087265281148 5,471637949030737 1,0987167311052164 458,71682258689935 2,990423597268922 392526,1832164805 1
1263,5556697520133 31403,787797427005 2,993683859320444 220,3592611977603 703,8506545411572 221,65574766453736 145,59406968474545 86,36319166455768 5,448645951141571 1,0960833416639315 456,42939783521007 2,990745778889396 390752,5090114562 1
1268,749705528954 31478,069571119497 1,9893445893678834 216,76131831690253 715,0040811861134 218,4158332077455 146,45808510382727 84,97271961842725 5,443877974352432 1,0999655144528884 458,45795669240835 3,010017878040459 394407,5753608307 1
1272,785299809848 31241,089573698657 1,9980121589861652 220,10907904839985 715,5131545740655 217,70627765444286 145,52740863468065 85,58209760423594 5,451834775130374 1,084453782186516 460,36731533218637 2,992763486198271 398617,3265612923 1
1281,0641859561176 31251,175744483742 2,0128157080527425 198,1437480710949 692,7968367175788 228,24543907896648 141,94621068521727 86,44293527861926 5,420792028413863 1,0930881164202428 460,176025933469 3,0229791813056526 396040,22584480455 1
1265,8130785786855 31180,763736570567 2,0058916556327824 199,91841675532194 696,6232116115422 228,91838131224935 142,59630526210194 86,88962186912528 5,4742361798184325 1,0955553512898382 458,2766660602209 2,979737541715382 393371,9142664201 1
