Co2(scd40) raw_signla(sgp40) aiq(ens160) tvoc(ens160) eco2(ens160) rs1(ens160) rs3(ens160) rs4(ens160) rmox(zmod4410) tvoc(zmod4410) eco2(zmod4410) iaq(zmod4410) resistencia(bme688) Aire/muestra
1066,537718922926 32387,913177254355 1,9902718845194534 178,24176004483525 665,7824844803495 348,79083581457934 288,95193524376856 90,33919575670636 5,503888807729737 0,7445621832412693 413,8890126416598 3,0014818713840006 483497,91725247196 1
1058,453250136878 31775,719757612478 1,9821234412257562 180,61828677258168 669,5059669624349 347,4118831649932 289,74051439390786 90,23596801782945 5,43934319145051 0,7397971861676802 416,429221891574 2,9963588507256027 477019,9216309485 1
1067,5239938573052 32381,118322401926 1,9928364073782159 177,23571880779676 701,8579028783793 336,4742610599076 274,63924664620714 87,25381575579262 5,4662363964269245 0,7588667104360806 421,00626317988224 3,008222029780251 478471,03419571917 1
1069,2944813113904 32157,341304097292 1,9973919090396184 178,62300669357282 703,8137753746223 335,2304667267065 275,7758598666154 86,63690072925431 5,451124871302966 0,7606795949561812 415,9973187774069 2,9980425245317193 490468,59337309195 1
1066,964512345367 31906,005725739855 1,998270417404074 186,51999474410553 679,2046031053909 331,85908360107004 257,7679128857544 89,20810929124555 5,3959796617403555 0,7664558968344831 416,40829448778555 3,0290192298373873 482182,0233552483 1
1067,584674762505 32079,88614059219 1,995654275226343 187,06264462538383 675,6238459898008 328,4331331614179 258,94069806488227 89,2801189573142 5,389067222673457 0,783989792593839 417,98015660131614 3,0346480400505076 475086,9053134136 1
1068,2205840884915 31976,74220662999 1,994870159493916 199,52555933073515 688,5923853326954 326,4306639427743 249,66324526468026 87,48104912690911 5,461819146825482 0,7732867152759698 420,49824406002847 2,981025471338319 476947,32182083454 1
1061,4129404985142 31866,68561597848 2,0047558755466093 198,64988025993526 696,761385008654 325,7206572704865 251,84965849904177 87,32583836619014 5,452932809150163 0,7863348198420441 419,2176781610541 3,0133332695834403 475277,8249458785 1
1062,3742096193726 31714,5820091312 1,9964596011718536 214,32242174090794 712,8142557825967 322,53929099542455 241,76407704623412 87,41294512256789 5,4132096531945075 0,7871550703232053 421,72578514543966 2,989319078044211 479123,1882579762 1
1061,8355045377891 32171,404062305 1,9897471979954457 213,33720991134126 712,8437567759808 321,33351912947006 238,85589009455 86,12433697102749 5,417096371444777 0,7997996313449671 419,05176829657785 3,0214020037520606 476861,9652697794 1
1055,8827298649744 32069,9910077898 1,9954888520298362 189,37178591429517 707,0850723074192 321,5240846420578 240,06007997607796 85,81272078967923 5,428814097294544 0,8043020920947959 417,5393189165974 2,999373605523172 481971,10632603953 1
1064,9998239381814 31786,69005394241 2,0066837989122766 188,17821470679633 688,8428446979312 319,3448114173116 241,41105286076433 87,47240941285158 5,451519568065505 0,8078698718742483 420,18992003388877 2,9817150539065205 475811,18300182006 1
1065,539375858289 32249,39404749176 1,9908757641185308 188,14617419754572 687,4120643354343 322,91823436774405 241,94893545727766 88,57109990980742 5,427716741131308 0,807479571767171 419,43029475780065 3,014957477619875 476692,8853992011 1
1062,0620218646998 32149,485793191438 2,0279026128086968 188,37894434088784 680,9532723774994 312,7123330073307 245,57743913208773 89,49103120200111 5,47267023850685 0,8105316614044814 425,6253106827925 2,9987593537222894 478851,3187290884 1
1070,4020407424405 32203,790533724947 1,9985027216689921 187,78010078843917 675,1460279278579 310,27501252543794 243,6382236374804 89,27344141230469 5,457848878948952 0,8166786476948674 425,02132528333493 3,00246347678698 484480,46633287065 1
1075,009282712873 32045,502967723838 2,0144730049279436 194,12109929689728 689,9402590487416 313,5691383098514 238,11102802317282 88,26423820941059 5,453054350477987 0,8182223065321437 424,22051220816223 2,9940037348233552 481486,41450689145 1
1067,6610496616217 32172,701857180382 1,9972234479741298 196,02720563607386 689,2411119154041 316,35180099812203 239,79624687912306 88,02886971288085 5,4309705779431905 0,828074218748673 423,20322965219015 3,0108659317348287 480458,8949277473 1
1056,8911609498418 31896,939150233102 1,9954965752510727 201,46397257922933 704,907302785661 307,52782427300247 241,5330537723065 87,03677876580791 5,41055921181584 0,8316063766399675 419,7645096080524 3,0126560809892418 481784,4716271387 1
1060,3779426708186 32006,980496568962 2,0021433862674547 204,81257247753058 699,4872941040626 307,4555686200331 243,56021973481543 87,19878327617533 5,450067091095169 0,8383889077888975 426,5876763623767 2,9908468122966307 483013,0621695502 1
1066,4046927875454 32015,640294253233 1,9982048991871086 198,41075261677244 698,8486731824066 307,8520716662759 239,27969760642515 87,72000124342556 5,45040174963471 0,825051295289915 427,7874613954184 2,9872127373503132 474337,1283795942 1
1061,9578049103316 32280,089514777323 1,9870304946717485 199,07131642607175 692,3155469142869 306,0740688916316 238,1628870714858 86,81391083278366 5,403090607796821 0,8455519792243076 428,7719645107107 2,9941894673633445 469095,20594289905 1
1056,8040704153295 31958,260538243605 2,028896704632495 200,971395481479 697,5421778496267 305,02399318238946 238,32505969244272 88,35130575896098 5,417027361745172 0,8414189623265445 423,91937820270414 2,9721298415657054 473466,37268170505 1
1066,9832972127786 31979,280699493254 1,9905639449666537 174,3370246609534 662,1541135271654 304,47076157803247 231,71240514670043 90,32039068003064 5,3782784344775525 0,8475881986299958 428,236923608062 3,0082646905552366 470924,91054883745 1
1064,0437559964503 31898,495440692503 1,9912959018835217 175,6461322420668 653,7775773722268 306,8114132550709 232,24353143569445 90,49256408743663 5,469613163544732 0,8463701533260437 426,11922319625575 2,991600413682086 476754,26644722215 1
1063,4048214759955 31843,72439684501 2,0042906351024152 177,71904657761252 668,1826031620648 302,95718495611237 238,20073815969417 89,9735260340283 5,474398698549341 0,8566965633877963 429,41980425276785 2,9976199404287485 473372,42097010027 1
1059,4390630176567 31820,22687358893 2,0154632692779115 179,7258611770605 666,7307829663772 300,1349322237283 240,93107883864096 89,23553759865517 5,430840181866919 0,8506866623172719 429,6804087807834 3,0017759425524106 476340,068671624 1
1052,1227090748837 32113,680887057362 1,9986135636432576 198,10647828048212 691,089032128859 305,86873970437614 235,82690769109956 87,91228170315705 5,486379344267649 0,8545731050689113 430,93081255838933 3,00316736479561 474834,1954827802 1
1068,7823311237833 32021,30554187597 1,9956734650790624 200,05110694394642 691,5960658312313 307,7454483145309 232,14631987653286 87,4973716020318 5,4503458832701215 0,8588213984772102 433,06039431347205 2,9833189512162037 475122,59567600046 1
1063,07954939223 32119,950124442672 2,0056081702116413 184,69743682337463 693,123795534008 305,95750986637375 234,45307870422855 87,81599513122622 5,456047848059811 0,8622332384718935 430,15644896946856 3,014544379413093 478155,2649390077 1
1052,3692675831119 31792,92426888395 2,000799628273863 183,67136162505608 692,2257943797143 308,6552205023148 230,84360219214403 88,6881921640109 5,42045691907733 0,8661713905753864 435,2075467020862 3,023713797549228 471240,44549957116 1
1053,4979427673777 31907,79196301097 2,000507102080511 184,23802638023005 698,1747174308475 306,26360871125763 231,01760459496285 87,44171432874063 5,427747585808325 0,867143248985838 435,2975568081507 3,0036778726527644 468880,08380348806 1
1065,1862206381686 31997,03828143791 2,0038917281547683 178,3160592803804 664,8771493675087 308,4440261935965 232,80359975884406 90,54308023358561 5,4559248750019576 0,871624012041217 433,99106463838444 3,027770629365968 477747,775536227 1
1063,3733429604479 32312,921932349025 2,0080059086067155 175,74966575892554 662,1663424030606 304,49357642577735 230,7714961527102 89,1085430645249 5,424508743074001 0,8718469296866208 439,01691746162976 3,002139194469698 473847,0201736654 1
1063,0044701108725 31947,613307850483 2,00146396410832 184,70925113787013 671,581597521827 302,8679936711551 233,54258483863435 89,91708212830495 5,40588454754195 0,8782571335097574 439,28014452917205 2,9923998827284293 471326,0063406899 1
1061,480765726002 32046,976711748757 1,9941982636365685 184,05360912178764 673,1923702051636 296,94063461571386 233,8203836548624 89,07557574575245 5,444673131340239 0,8750710604036301 443,5647589114864 2,979159403041944 473698,07194431045 1
1055,3938898128756 31901,85642282969 1,982645248973376 172,59342309298114 656,3693391796639 303,4266741956005 231,86004461124816 90,27734843338321 5,438345109275037 0,8741033518204193 438,02673107076805 2,9936376954182013 471152,888752187 1
1064,3570724546896 31919,18756761284 2,0141143717310217 171,94440796604334 658,5186567776026 301,8603668256438 234,03295277864697 90,88975845120268 5,437635264360325 0,8758989282304752 438,24602673098644 2,973447153014024 470693,3752537112 1
1066,6593005502368 32150,607611791023 2,014488811657505 200,71582596255695 653,4425813313629 305,1021267764819 233,38064658230323 90,07782726974864 5,425445518993956 0,8862914999541714 440,8721348196226 3,0113062916666338 469740,48356301617 1
1061,0444349662487 32355,249032521104 1,9988443583690019 200,68391961287793 661,6931191679264 301,69406298657117 235,42220017775128 90,19164182571032 5,389889681784826 0,8844427491838636 443,3860494744833 2,98961125893642 470858,4604914955 1
1058,9935235917071 32082,043776522016 1,992035187261064 203,14513176788444 659,7439402211999 302,42505084417513 236,02417631138263 89,7865398070445 5,41660218785818 0,8781251309508346 443,1342197677752 2,979755745584794 474186,5032231592 1
1068,7274828197878 31787,312465431816 2,0000676586375694 188,30684597401395 676,862499299983 302,8298024616963 234,69877880943426 88,74801318286394 5,460845622301478 0,8875066045748411 442,6297181760434 2,9902402905522605 476461,9964081442 1
1057,2544604489942 32165,749885250247 1,9993032492826832 185,12939707033223 672,6007291218287 301,10622810701705 232,28297568755585 89,33610631544987 5,421823343265979 0,8825565869169835 447,1336131056012 3,0249114202132805 470327,0695688185 1
1055,4028352239188 32295,662827505523 2,0013653945128134 178,60551143814695 657,577431841796 297,3956535033567 234,795820820356 89,65678658073584 5,418424722694431 0,8918563226055919 445,9539324384842 3,0064578886564943 472634,32435101626 1
1043,8019245085475 32075,84083275918 1,99842128941373 178,04849608401196 662,733719564205 295,33777208726906 232,847751464275 89,80356854372747 5,439222499969421 0,8920628809936654 447,85687929817624 3,0011611589635105 470218,9739494347 1
1047,1854326988746 31886,28877128205 2,01836404004072 180,7100153400228 669,2208639039146 298,5765646219885 230,2428388675293 89,33964370775519 5,444503697981638 0,8822127105381482 447,12101892089265 3,017425394106332 474115,536738341 1
1066,0027743673295 31850,38479593846 1,9973411468900648 181,02818171994807 666,4649966178152 298,77953007110705 233,18348985946753 90,22732796146553 5,451190340890066 0,8974388438574421 446,67214231438084 3,015155185304252 472179,7516758136 1
1053,181122367846 31669,86033921014 2,000899297898917 177,16281290087716 671,9682008177421 301,0662009729402 232,35717991977344 89,9726701815882 5,437097076766843 0,895174909480489 450,0320343160363 2,984523199853134 468494,49807475647 1
1053,4308529765285 32037,979390108034 1,9980820137942208 178,43420329820376 653,5880720632771 295,55037912389025 239,74925171527585 90,2837799608703 5,499507380171813 0,9005882129799669 448,24872547001496 2,9999530015690796 469005,16022163787 1
1058,9461316589025 31656,515219581215 2,0106348201152504 177,49290873849415 655,6638023157329 296,9599283263137 237,55847707432187 90,4433513242045 5,467755057525592 0,8982826502559863 450,575247655938 2,983589722476582 468782,37373165874 1
1050,1367531777887 31979,217823126222 1,9996343878233216 189,83349635429136 676,0011911547964 300,61838539719247 234,4269712798835 89,07587980047573 5,413856788611663 0,9027860757210411 446,7084272917984 3,001438449897666 471810,250828628 1
1051,1734754746835 31815,350045505093 2,0072286851647174 188,2222982588852 677,1871812756086 298,9684230729997 232,88204784902933 88,99257137661361 5,386693829435059 0,8984064363483608 451,5859736818306 3,0081681048099567 471158,604861013 1
1045,3936472975793 31872,49641808116 1,990103097809821 187,15260719444728 676,3689124544632 303,3278508891875 229,49041971319014 89,20937889572551 5,398128227652363 0,9027608924647114 448,8301800934291 2,9770877168350993 465484,2743302886 1
1039,8456533845697 31968,218140766054 1,9843616158428035 188,02762142660592 674,8559512227215 302,09448307086535 231,80375765656262 89,38197668911882 5,4540559854030715 0,9028110567892618 460,2655201529511 2,982287473208719 469931,60445779015 1
1039,664953854835 31861,7208015257 1,9867204499337499 171,30956896718627 657,3122092850217 295,7678822052947 229,57013655968197 90,57672178932717 5,449987262276937 0,9020502079375704 453,1599916870903 2,9942305629567487 468211,75114992546 1
1057,9526778963527 31759,51748351912 2,011236188915743 170,69278479029896 651,7099407425796 294,70008836750605 228,44452690125647 90,59589139972312 5,493968137914784 0,900733726395608 454,3112323925188 2,9880861808181214 468778,0538608886 1
1049,9253850658602 31966,603733932436 2,0085113480649226 179,91802947362254 656,7379409273917 299,36547342626403 232,04433146435477 90,75465341810609 5,40601727766394 0,9073683291212471 449,25927015545057 3,0134519369148878 470654,5670041287 1
1053,8127115646496 32052,829020727222 2,0004515574364934 180,4255050191952 665,5565237905325 292,53557024412623 241,65741408084702 89,69022047570833 5,437954934804596 0,9033027847619178 455,38516057198774 3,020701298065549 475046,0856398371 1
1037,822274230492 32226,997559769286 1,9998090125014636 178,87124218756927 664,7123683319129 295,02260579807233 240,35887593260546 89,75647070686125 5,464902679507235 0,9117146416621877 450,47212515062176 2,980067627323761 466741,4429890858 1
1043,0525399797998 31970,261759747893 1,999511056839093 171,99317811288822 656,5326211786078 302,07430419702246 235,49065894700462 91,58335745410197 5,429659068877421 0,901262256315739 457,82163207479243 3,0014523871848056 469227,5295043602 1
1046,0089842134564 31781,315610867347 1,9742694265362293 172,00471601658816 660,7343598212695 299,320533966321 235,54135133928025 91,3345660738484 5,460181299240671 0,8982622537819067 456,5323719565844 3,019336773561052 464270,40254605777 1
1033,635397611642 31632,961598606897 1,9894261822681294 187,00632281424976 678,1299577437479 299,1742723553289 238,77952459933215 89,20663849836332 5,432564671373207 0,9085757269530073 460,1597347593709 2,9937369527917017 469108,14018808596 1
1036,6268619842701 32176,307040269025 2,0028641981932576 187,61348973244876 674,1529645697229 299,60534263009424 240,41931963883616 88,72230114853346 5,440822773692386 0,9005127560648837 461,4029535623977 2,9847579237169333 471192,92371480266 1
1039,7762215409746 31899,82738363282 2,0140244154023215 165,24977038613673 650,2513523060446 299,6892813397512 237,30379985154642 93,02106399135948 5,466326443038553 0,909010193116582 460,9474972443563 3,0185734741067054 464047,1296913357 1
1040,2171236234724 31890,62178742235 1,9985901269422053 165,83541690941922 651,500200176893 302,3192305252716 231,41096347071667 93,03980766227922 5,450233094879027 0,9093820798865825 461,1167688084755 3,023551877602274 464959,00206792995 1
1031,9647813976223 31805,132224156627 1,9994942604673691 177,38939930689477 651,5350504071902 298,0834899271993 234,67028680674014 92,96648761074391 5,4573409724600594 0,9107575895565554 463,81029370313905 2,970009419334697 470350,8895423397 1
1036,419827639433 31680,826728851556 1,9799754411776629 177,7702359942667 657,7628657611132 295,5424380033106 235,83566948213937 90,50383648901331 5,4652160134401635 0,9158186546664816 462,147864268019 2,9813859710669384 468931,7071288067 1
1038,6295359800963 31992,085948648848 1,9915804070037053 177,65586969597715 663,2726665170837 297,79987650923067 235,20307978449998 89,53767921255951 5,397333880401558 0,905681642979525 463,3282305933787 2,9887517250096707 461050,6415963649 1
1027,6065282090278 32012,144526709824 2,0130716876540276 162,50448945492093 638,3386834280137 291,8772598314412 236,39121210941735 91,758665036997 5,450979054375287 0,8983840492075552 462,7376031195877 2,9915358340279745 461155,397376574 1
1039,560983953916 31895,62902804451 2,015525480979006 161,72504042029612 646,2651962319434 292,69669200586617 234,46537977011081 92,02106039408409 5,428859978014557 0,9076500841911733 462,6290672475462 2,96176759313832 465584,0420230955 1
1031,482658212983 32054,601422975902 2,009731011867856 161,0582523464731 645,322537236857 300,7317977881438 235,68803938899936 92,73543592471904 5,470349517322556 0,9073456889237326 460,2259017530106 2,9734769400472665 464714,674307739 1
1032,194028127114 32043,24571450781 2,0251824634852316 161,60873655365054 643,3509744143289 303,34392792772354 233,2215611306287 92,3542932195318 5,409114020562009 0,9180569033744467 465,2495026101944 2,993817910377554 465843,4670302184 1
1025,43910059307 31712,365642095396 1,9993338682182593 186,30362722986987 664,1061573205761 291,21364607898397 236,58517514394472 90,53026756664129 5,453024731913642 0,9141676729948018 466,40875631956914 3,0182636335365927 467779,6239303496 1
1029,6947188805177 32046,21955358743 1,9892331164365102 186,78360987708805 662,3879860969479 290,4378083194866 237,73487302290414 90,46212337467574 5,456325162308761 0,9189096969968563 464,46078657477244 2,99816173230227 469375,4844250655 1
1026,0418437127485 31839,272748177813 1,9832468559369354 173,8594831007722 655,9833854323855 289,5181744087093 233,36665634576624 90,66024147343204 5,447231004569183 0,9210766255406793 463,57857390250933 2,996668120832404 466958,4937163808 1
1025,101567761978 32352,97246461544 2,0063968141602033 174,08952690734858 654,193832589765 295,7150266669661 233,22526172150867 91,34418315672593 5,404296680854062 0,9237671557475539 464,46741373122063 3,0122571022443934 464751,4825770877 1
1023,9631555779832 31794,27723613495 1,9993600040426383 174,74467492548837 658,7420245560121 293,3504128612086 231,94895117085233 91,11835360804463 5,438451928730857 0,914753231844887 465,07794609142326 3,0084266200820484 462739,00492067804 1
1023,8479250344375 31961,175780079455 2,005567675642098 170,76722671903187 657,6106775117802 300,50564421060636 233,8567726831207 91,63938313391952 5,423573201838948 0,9224816238537461 465,7449832553076 3,0038047061720468 462384,45590149326 1
1027,6171981641298 32062,888242310648 1,9870621423452346 172,46472528589294 662,7695117799923 300,4497405303963 234,87982956628858 91,65862621805275 5,434986293695741 0,9148313999095484 469,5066691044078 2,9873483424879037 462120,976305952 1
1018,4717922371124 31903,335388838903 2,0104488433040704 194,18068383100945 683,0908010891084 294,2499255417332 230,0412377479916 87,74206865678154 5,463543965127034 0,9170495290572478 465,4877676795481 3,001642921653499 461875,94203255046 1
1021,4953725738594 31838,584953566595 2,0090862737726085 194,00040952350236 687,4940613316261 296,3955470582977 234,4485550666796 88,84617347872977 5,438583824609024 0,9175210191877365 464,98286922066205 3,02658452743055 459481,2250781616 1
1024,07461025363 31877,246905725427 2,003978881434359 168,10564437533003 648,1041671811279 292,527662240744 227,45420387004586 92,9304220293163 5,474642772846395 0,9182268012899387 465,9978571093106 2,97944239005437 462181,8963874243 1
1021,0974316321772 31915,483336202084 2,0096809407752567 168,0104570477162 646,4367472088625 295,86339686706054 227,9279943452287 92,47458716043761 5,424067524752693 0,9183775654301121 467,22904971318025 2,9991603309607373 466045,87918760476 1
1026,718701809483 31781,53997295032 2,0040208521051386 169,77299022799235 643,8323822682509 291,76946589355913 228,68209320458266 91,78802739591919 5,4630371374947515 0,9089677119560217 465,65200733127546 2,9730218014856815 462521,4086153741 1
1027,721632700106 32169,756584807383 1,994838865603874 169,79256556820772 651,3752971010977 290,28581608416476 230,90865488388738 90,50529702157134 5,437113276050273 0,9133790660255492 470,02241995227695 2,9769763795909787 461993,9666193048 1
1018,1420996334576 32135,580957672657 1,9900609704655683 169,4123151743503 658,033997323031 288,66120595311105 229,8911309229814 90,64813961982018 5,4849963574066125 0,9171981719338879 470,19883761665716 2,9901221595388687 454574,1654620516 1
1022,1817526388799 31585,99876588702 1,9966305886289617 177,94794941780887 665,2088974185328 295,13838194253213 239,14983319864976 90,40831912331859 5,460937420399881 0,92559295956944 471,1326462558547 3,002467376431504 466291,80969989306 1
1021,4498548623269 32155,069641420865 1,994778494182722 177,98527476332254 662,2510110769737 294,5922739014978 240,99616902365634 89,95572949986013 5,428052163196893 0,9224697314846171 468,50450271125976 2,9914518021233216 464309,7816983398 1
1015,6781928705075 31910,083338255114 2,0015407295648977 168,28896186603856 650,3061513956269 291,2767094119877 238,7780741223175 91,47145418720501 5,463996481517459 0,9224411509126483 468,5607313304816 2,985422736935592 462391,4222196355 1
1007,6087713876724 32220,71881560393 2,0130085175906247 170,53922190511966 651,0329445373459 291,9821812742186 236,5312365266605 91,48044708960882 5,430454539197093 0,925113986259886 472,8832950236045 2,9821651500543345 465778,712844792 1
1021,6693161589991 32065,258036219566 1,9998602563767645 165,83258924500862 640,7498321006279 292,4448343220075 239,27729762659573 92,40600688676179 5,408294204481542 0,9175297008444344 469,87102037412734 3,006169618347971 466168,1675322253 1
1021,4722492890421 32007,626991978024 1,9918330626492329 165,27251970829732 640,8466331833855 292,9590705219464 240,63957843720522 93,41559194277421 5,46777296063499 0,9057808602405074 471,27207660727254 2,9781046646956093 467318,7260075084 1
1027,6137093930627 31950,068638864745 2,0157407700179597 160,3266518458857 635,3732629257688 294,8111339055072 241,0667729983461 93,08785172303055 5,437524344633148 0,9146187051311712 473,6044620431375 2,9915249292914146 465619,03567208763 1
1010,8115121699599 31973,648114041076 2,0001971459717107 158,977611733741 634,7989539444458 296,73254704505615 236,67358999764105 92,0740910074153 5,436779732595694 0,9091838740318448 469,5977443442303 2,992379411029773 465839,1562332013 1
1016,9302083208826 31880,541439772584 1,9962780580968797 160,6498874270394 638,6211366992324 298,3952635370717 236,6913533457164 92,46274616429142 5,455427899489498 0,917533515644937 473,85024541290994 2,995587573757743 466359,197408969 1
1022,0915235452949 32027,40205189514 1,9905258029124686 156,8655879860136 635,6983543712361 295,3452911148257 236,43583584085832 91,12770350950883 5,4044384995020245 0,9176353696518655 474,4871201899588 3,001868661015349 466318,80330631573 1
1011,9964802533719 31693,287212846473 1,9988650830249015 157,76997642837293 633,1275585359722 294,470808227319 235,5463453473486 92,62481006330384 5,439394229623662 0,9303383313631073 473,5001824184814 2,9943309303786645 465015,50384735316 1
1007,9755117868741 31911,04515768052 2,0089060397324077 165,125231270697 646,2985216270736 294,76897015443274 232,86807841197776 91,66494169187466 5,4920130039098485 0,9270349892821781 474,9449956946841 2,9995799763121047 462436,5113739531 1
1010,1498418017967 32027,495116782608 1,990776383668126 166,46176995366642 653,5217442884397 293,28911285041454 232,80999584875113 91,671556121363 5,3942866558887745 0,9155214746823499 470,60220373927416 2,989849902574278 461761,50965061504 1
1015,1123408170808 32298,313315151892 1,9925074164010217 168,84128144353792 652,7486454286743 293,7490632169906 238,7438263953508 90,77788242495845 5,432881748914177 0,9164168808183377 472,304649582664 2,9859536649289176 463746,66246484185 1
1005,4131568799397 31875,28758751155 2,001942967518356 170,81764263355504 655,9299152273402 296,71236584222686 238,0165558491451 90,49150425445103 5,425750070676957 0,9207864964216136 476,6047460406166 2,9778678050172145 462323,7754769887 1
