Co2(scd40) raw_signla(sgp40) aiq(ens160) tvoc(ens160) eco2(ens160) rs1(ens160) rs3(ens160) rs4(ens160) rmox(zmod4410) tvoc(zmod4410) eco2(zmod4410) iaq(zmod4410) resistencia(bme688) Aire/muestra
1073,7354649319113 31658,213847499046 1,9923424193762647 205,90732634558006 688,7808797840012 359,5697476352511 299,35093973280203 86,39286628705001 5,370272202149429 0,4414237003918629 414,00864363412876 1,987854822504995 517849,4696492401 1
1071,4667454250578 31597,50391929538 2,000452141558184 198,88522534706158 686,1641510171538 360,0499604300466 299,89378223094894 86,65148685022567 5,40244533357974 0,440376612919113 419,373785350187 2,0053360854378868 506891,39555727114 1
1073,023616008196 31859,480465315 1,9983509752367201 199,74303787248485 692,0940406719074 359,6488318197036 297,0901370663217 85,96307216315834 5,443538621401458 0,4704776417223397 419,9860856623429 1,992952167701668 511847,2055782977 1
1080,4962969921864 31819,98993661319 2,0033505926348556 199,2472576401172 689,8190675279108 355,87627724774984 298,44129249393745 86,30309680477883 5,426531954677246 0,4695569754448888 425,0637261277901 2,0121343436880132 508317,20754007105 1
1074,1808873955474 31902,32403056532 2,0122918935406964 186,54348373680986 674,9396785727805 356,5232028744576 293,91611815317475 88,02711021698774 5,3971399639614415 0,46559465478720097 421,71962125190845 2,010835775169623 510449,99160073895 1
1075,033128238324 31750,061059403604 2,002331023513391 186,73836974665775 676,4081783253158 354,9870998965441 290,0470443162151 87,39589032504132 5,417807527983922 0,4947861104652764 423,2452331480057 2,0075943466940958 505792,50163566717 1
1079,938062980674 31635,767974016973 1,9923611958977303 186,0364545176131 676,4733088284763 366,04753260874566 291,5545407509059 87,73999686847434 5,44055040897774 0,4957722612536955 424,5251876790473 2,001212138839264 507981,86204730574 1
1077,549211291879 32024,95075754042 2,0044166319940295 186,13623863109098 690,3329446101656 359,672614414005 291,22964449927986 86,65130130748915 5,4250232463282915 0,5217824175360701 424,6929401337232 2,0000632479057123 504384,190091088 1
1083,67083812549 31799,27101509337 1,9816175887984027 181,24567007313573 651,9041455584886 351,19132558991754 290,4175115158352 90,19980355410725 5,383583333184383 0,5180404094374653 418,08533558408016 1,988765186453589 506807,16527209163 1
1088,3662599867787 31685,032526963474 2,0054488464585045 183,53752051104027 648,9291244305228 353,0872233572102 290,45963262030136 89,56060432212504 5,424609618922022 0,5412383382663014 424,4096903022127 2,0151778386777357 508457,7012360443 1
1075,4017247192705 31727,349246375976 1,9818050726199499 181,53334803531087 652,8291186469745 352,3187050329613 288,8722162557421 89,62848027244785 5,465443204501366 0,5416807211066601 424,06428300272546 2,0075920093639676 505580,58849899285 1
1077,0351853355 31643,15674787012 2,006465478921488 183,42721564779757 672,4840487615588 347,19889324762323 287,3206415147213 88,03025560469092 5,39321829494089 0,5627087408659186 420,3926812564243 2,0035724396675128 507861,2109057259 1
1079,1882361221521 31751,050423305103 2,0039577135426376 182,56578744767558 677,7657810110597 347,3566749075902 288,6877878236328 87,6192934671648 5,427076588417633 0,5635791862840295 424,67213038837804 1,9957519667105954 503393,84631235874 1
1078,6804808602517 31678,358585692462 2,0014428176185577 181,66010710659708 673,3481302066641 362,79647553127575 289,62904653748103 88,20426475405151 5,371034926623268 0,560457055699687 427,0281096056827 1,9952166507326374 505758,2980158775 1
1077,0988101557768 31856,655420388404 2,003468411641944 181,9528625756665 672,8475438625131 361,78699745064193 290,0304851963161 87,41635337461781 5,376347089782443 0,5836633237582085 423,5736431402592 1,9876144241241382 499192,45124563196 1
1077,7874374123635 31812,521523306616 1,997907398918653 171,51607034805767 653,4154957134929 355,7044788837283 281,5282610884746 88,51684565675265 5,4224298802591155 0,5770397612192637 422,1350066855753 2,0000333140477444 506893,00956370897 1
1078,6025896092337 31618,685838632315 2,0111123174217402 171,52646469042193 656,4946610147658 356,35778225707696 284,79075107994254 89,91257016311843 5,393094320500778 0,5996477055060074 424,3779538805948 1,982294495025811 502734,26134815434 1
1077,9050627384847 31812,821806535114 1,990534943190437 185,57611823612007 663,8141335328904 344,89696704162236 286,1380514387166 88,71841891805933 5,372599231699589 0,6005048725835405 426,8479261045843 2,006085086758176 500739,7526410783 1
1067,7359929105153 31866,691729481947 2,023278778426325 185,07970344607736 662,4098375518556 344,1719496208804 287,1263685781002 88,35876835880465 5,417628155230906 0,6165370995606557 422,3924240378356 2,0083582770818778 504435,7281741759 1
1081,5067321539634 31830,085501923822 1,9891483874044553 164,1996654597257 668,980713256337 341,6052773934296 283,2777381257025 88,13939211853605 5,395898662257678 0,6167810623210676 421,8982498741529 1,9990939376242536 507956,46152561094 1
1066,9585881687012 31797,258979459668 1,996419770432376 162,6962248544475 641,2221593779152 347,0906057844782 279,78644936047493 89,9169335354867 5,457010346101938 0,6323127807303339 424,05807165392787 2,0033404450812995 500285,18112374755 1
1065,4137551403553 31802,800175585464 2,000343910371923 163,2140776330473 645,0986442677533 348,6012782560662 281,5156174292177 90,03774747240823 5,39580693074455 0,6295721294820656 418,0655589643435 1,9872660574077574 501290,6918482157 1
1076,7717430776495 31850,46501915903 1,9993522459005504 166,28304463270825 651,3148614030052 346,1334098165007 276,1504903495474 89,30502441259851 5,397603323169837 0,6300018239007124 418,6222240383461 2,003485202418585 503667,59667792404 1
1082,8018176184676 31690,237761561824 1,9852431248885296 169,54194049611615 655,9064254015839 345,8168677422898 280,04545319467064 89,75403775531926 5,409409406570251 0,642084037386318 426,9281551525944 2,0055030759967427 498629,7445223927 1
1083,2948899261125 31859,095564803436 2,008891660318956 173,9316339301873 664,9547228376637 341,298929783083 281,02000206684085 88,95684400822917 5,425689499090719 0,6459460596478701 424,8082145167388 2,0028956287398705 500773,229667592 1
1081,3122225942898 31797,262824722504 2,004029375811536 170,99579823042666 657,4047622899443 335,22025802606174 284,6100740430018 89,00917033136699 5,407362449914486 0,6579319228292413 424,4947511648781 1,9926602327129017 501670,7213820729 1
1074,5084982876886 31924,36436586771 2,0023623579794934 169,9649422284721 706,0554472523869 336,66190187338907 272,16304612094746 85,60519010180195 5,376032508403113 0,6578244374460511 421,7025432629588 2,0079285597412535 504413,51644523913 1
1086,8447891860897 31717,98697767227 1,9935539962016267 170,83333442433613 704,053602947014 338,26308683954704 270,35250898151287 85,43696125914857 5,3969464501725755 0,6703717254497792 424,8281484296266 2,008685042881061 503364,6110479765 1
1094,5806724561867 31970,107992892186 1,997422302328581 170,8663760524385 697,8846760692633 338,2520871002563 272,2651751374003 86,08375030990533 5,400055366590892 0,6644117351079836 420,4337960082827 1,9928922292994282 498494,7679978121 1
1082,4752305435384 31703,996544203063 1,994488244147721 169,70447115387609 660,8151142015065 338,73327578187076 267,58279613025076 88,90989478949639 5,396442566480018 0,685788001890079 422,08710619568313 2,0012948353788413 500006,5726433015 1
1081,7504717200782 31842,594115727352 1,9936912013377128 170,68296349138785 654,4945736255079 339,5400082468867 270,8430665098279 89,61311643513092 5,477331475226897 0,6841659814002399 426,3877180560377 2,0000746121442132 496220,9971319988 1
1080,7105718887824 31573,229317142694 1,9940638646918296 215,5459244372042 713,8406669933955 330,79661250714986 273,3937456991478 84,83521425568185 5,44558650493512 0,6840425160323199 421,90361721055206 1,9948101089656007 497550,3529976956 1
1083,4556762705076 31981,0145393363 2,0139254810353946 213,6519830325947 714,4703284506558 333,9750760033108 270,75011100012904 84,49691190861626 5,373396856919044 0,69453754482869 423,53856481161216 3,0044807851657724 493434,66705890564 1
1091,469539662819 31410,27639506631 1,98733646926645 191,2255358907844 688,110457768295 333,3607803502922 266,40224773697065 86,87113742368825 5,411517405342824 0,6915096632405929 426,276548183473 2,9862162072090177 491635,26244352804 1
1088,3703711136727 31790,285132570094 1,9978953015344407 189,75233567708193 681,1916137641697 332,29777276680124 267,0572497201053 86,0016401690802 5,428144507397922 0,7050393073556422 428,0193896141177 3,0101858899114466 501177,83853453293 1
1083,3976692677813 31562,70346144545 2,001150531469008 162,91396939589055 695,4970006094279 332,2790499958621 265,57985460534763 86,69622502056981 5,404791170101956 0,7091326802007958 423,54117585551944 2,988689409598585 498175,9535961466 1
1077,3384724444218 31311,69690395647 2,0109162035942467 163,09945215074444 694,7219101202169 332,6522895259698 265,7866003577342 86,14473133057062 5,454431550334701 0,7087357323363961 421,64456759129797 2,991080219976906 497634,5505040655 1
1069,6503590621599 31876,42964411948 1,9794271365507246 193,57655236326028 690,6766919055523 331,10430304051056 264,4000193698463 85,22053047494593 5,423663444917143 0,7118604418783361 422,89237309969513 2,98791386627817 496081,25953958475 1
1084,385410361571 31543,471408044737 1,9865825701810007 195,48208132076232 684,9268013970748 334,9092167121417 260,22296129614267 87,22045500526765 5,398498588315688 0,7190027860683018 429,3525643306927 2,9990199637944825 493658,9206395529 1
1086,7851147236183 31681,164215169185 1,983978889973535 195,96883248070478 690,1199422969919 335,40501803162977 259,0633331607147 87,34188909802859 5,419793687010062 0,7167948285173514 423,7743203308281 2,975526878522566 493248,7574241474 1
1085,999756569849 31977,54127437995 2,0135383101976525 175,13975192357222 657,8233383438961 323,1323580932989 256,206109978963 88,75296512587879 5,3907382363852845 0,7252698798399227 427,9130464522457 2,996495877724966 498463,4984177272 1
1081,4007401717972 31874,78046527997 1,9846762317828535 175,00231812640735 661,9510908720773 321,58951970930434 256,99357749214454 88,69896761273336 5,386640190134693 0,7297477406790321 421,982647727684 3,007509153296521 490235,0131599809 1
1088,7568289392082 31486,690105675534 2,016506767957598 185,64988190534098 675,1379527549486 332,4508611105088 258,85758022448294 86,03647486221544 5,4312980290594846 0,7335263511106195 425,19681719034253 2,986796343070516 489416,063805679 1
1081,8116755357594 31288,482084969328 2,0091931941039882 184,97138274126604 675,2648716498446 327,39493103373496 257,99130219535954 86,25735432944799 5,3873710168466555 0,7333989804839259 427,09535719905506 3,014592671796331 491674,86582773714 1
1077,8492644661555 31791,44356971057 2,0070458806785547 183,8867564040451 671,8748150941436 322,49059314010435 258,5494240455898 87,51438651126719 5,388940091460132 0,7372873994979648 419,81535624290797 3,003864870621434 494787,6957821407 1
1087,9310211793952 32058,243773472965 2,0028607792196853 185,01527428519515 669,07805575674 325,2697680666429 255,47158216053353 88,13681741956744 5,433297316428375 0,7464461912013984 426,2463713462435 3,0026850696597327 494381,2364843429 1
1081,5612226665635 31954,281314978616 2,0232499530954366 174,47044102572366 677,9218581008266 324,53235528898347 255,31719122520258 87,10995041014992 5,406359664437434 0,7448118297691771 424,45647174278406 3,00740113974853 491975,3587359738 1
1071,742603256548 31730,470508748236 2,0178798708372367 172,10734247076329 664,540346509446 329,40944064678945 260,71924252435605 88,73388035768029 5,361185770116599 0,7426179934598612 427,0526417637836 3,000088640745245 490945,66989403305 1
1085,3544396915836 31821,212882803502 2,012340902490067 173,5630652309656 657,0742094514266 333,54926556134905 260,05459372461786 88,68171734498296 5,384260366732782 0,751439730551161 423,95230519801316 2,9957757143307724 490799,5354577768 1
1078,8679006130571 31818,797549756622 1,9972734338332845 189,14993932229575 683,0658816727704 320,1616348709119 264,9914929448012 87,21762818138892 5,33990838834264 0,7508285985794401 424,1359611435488 2,994475337695956 492934,7502405326 1
1070,1455782342034 31600,077989314068 1,9872912632647182 186,7142432223893 674,0457198209788 320,88654427049175 263,0254394022118 87,6719924294386 5,404300680211672 0,7512412936629795 430,3999265282315 3,0252522742133623 490961,3555203106 1
1076,5097046016995 31851,182437662683 1,9845773893041803 176,7557375274641 692,3994561858316 322,1845550801724 259,58415808306063 86,68159312549102 5,391890809785165 0,7556388789671123 428,8447276773621 3,0077662211584544 490471,47889449063 1
1081,493885546556 31611,273130094905 1,9993787234284586 177,84973258195757 691,9109851831014 322,55117357464 260,033036147889 86,1871896566835 5,424390948308946 0,7578674759217731 431,2259239620979 3,0040892516314406 489610,03965767805 1
1086,7950253545814 31777,546891082537 1,9806953113459282 177,78686266596284 657,1252082653449 329,148362472817 257,59138776395235 88,29267846976309 5,392754424755156 0,7598874534071677 428,9137985655024 2,995700683614054 497220,91466027586 1
1081,1831141532437 31463,50633697615 2,0011394193505962 176,56803756514188 658,4500452808811 329,9193271445315 258,0062034441036 88,34193059407825 5,438856228084429 0,7617479163775823 434,9069193166905 3,032308192859749 494281,78103125776 1
1077,9493770201116 31714,166320223987 2,000440829718193 188,43585691209995 662,6173614153699 328,13800570915686 254,9655800305555 88,98749820992309 5,431568237670663 0,7725400517744105 429,4035570460082 2,994477598695946 488897,7988885004 1
1081,7378321804094 31533,789815091346 1,9966410864911053 190,15409604157338 674,0134965014039 315,09412578216035 259,85636079660276 87,26452837459611 5,420710703509513 0,7728332225600423 432,4369733641474 2,9938311168124425 488015,1370005068 1
1078,6272568719696 31603,485524473934 1,9894301540905477 189,1262086227218 670,8796811885153 319,4066876651252 260,37062926927933 87,28778504809974 5,416973978666081 0,773534289442767 437,52185948649617 2,9997879531974423 492367,3568814229 1
1092,905622940006 31399,828189890988 2,0052522855102146 174,67887657237125 661,5029229955841 322,4133680433597 260,9549386070381 88,6577719169586 5,411444729837727 0,7652299294995626 436,21177885543955 2,9910369709803364 490321,2801700851 1
1088,136263586993 31746,3592710587 1,9995815938567036 174,48325174286 656,4609691943242 325,26555805785955 257,60233970049444 88,10792303341123 5,3918527883137655 0,7741493035319906 434,92870196736754 2,999363490381328 492067,07509119663 1
1077,7075822193035 31455,48823236549 2,0138709546225204 177,8266937982969 634,7345346900954 325,07803485217147 260,841666297258 90,48272245975944 5,422402566116021 0,7789420343561063 436,22379440545666 3,0376759632662704 481167,3982831571 1
1083,6142330666094 31769,347059785432 2,0041600735056075 178,92593837225792 634,376248736764 322,0717755900563 259,1784522071265 90,26298875770868 5,372933054752108 0,7800716768819139 442,4649551132876 3,023882079772796 485809,00260854297 1
1085,0811350984507 31681,75191816617 1,9953601539739434 175,122756929489 657,5864808034902 320,2663149772991 263,2426293305143 88,61135645445778 5,322881050615608 0,7705956926540429 440,7727161787462 2,9994529708010584 486197,23630847974 1
1080,9002084207739 31962,853289920276 1,9932097632449197 173,93949646398804 659,3388927111677 325,25220299794745 263,6724854319336 88,74505865765462 5,351852229125099 0,7813695828160447 448,26121351093667 3,0002668010110822 486058,9017084373 1
1086,0445597549065 31457,455535626104 2,004475569084232 179,2488686157957 663,7392504808689 323,4411959113458 261,9489160864791 88,76949594370055 5,423244866991518 0,7854276270477206 442,87321704246995 2,998499739756821 488043,06841286016 1
1091,0407284802238 31684,872399517433 2,0094211599325056 178,06002460843723 664,8011268460044 314,93240058156414 257,6950179904443 88,68920021792152 5,434933523829506 0,7836418222680527 449,6305966813232 3,004654745201851 496094,1017885247 1
1084,9644954929881 31663,524836671568 1,9963307676279254 178,65314881851606 658,9541871438933 316,84154434142107 255,74139584718537 88,77598623799169 5,36847918249196 0,7807897080291747 444,7406910158919 3,0014869944875735 479954,2630343266 1
1075,9115105014491 31595,321285495942 1,9873002646106812 166,77291643679192 647,4692040526526 320,38882746264704 261,4721469337067 89,63957511554094 5,455709014942622 0,7781512336043382 450,8051860191572 2,951288903100147 484539,2630018097 1
1079,6422297427052 31867,273555783035 2,0107229551867922 165,858502528514 645,1424272317797 324,3009781515891 260,72115311165874 89,87342802648175 5,439203684848391 0,7924497037885736 449,5474650171767 2,989225667888607 488415,86653965316 1
1076,1290196707919 31581,40508132756 1,9855596028366258 178,48816601563536 648,1756943104864 325,3287510505451 261,0579968924735 89,73779569494239 5,402835953175809 0,7878967223404916 447,41913870429806 2,9978571527622697 490989,96197729086 1
1075,0431314160157 31813,434548221976 1,9944539876467375 178,3462189076817 644,9247130877804 328,0081411837606 259,07674027990396 90,18854917094264 5,361054601495719 0,7913920934275545 449,10098273082997 2,9861395654490384 487245,93663921295 1
1083,4321033982762 31721,3855955211 2,014521095044753 191,88045800001655 684,0564982104768 314,08067994895265 259,0403422236004 87,56479797470043 5,398171800847364 0,7820051309734298 454,031869480795 3,0034715965633443 485040,7165925104 1
1081,1915656224573 31805,67730035827 1,9837555035402132 192,4361203002757 680,3071021681294 316,69858603634185 258,9165737002148 87,31142768600559 5,40325314082145 0,79103616543081 457,3271119085879 3,027039770242379 485975,0980907011 1
1075,1295694640821 31713,94325872324 1,9766186473979475 169,6127818407709 682,1001127622419 316,9367064951644 260,62656644879695 87,51023851891225 5,438407164610436 0,7927730105222998 453,04748310394956 3,0212330853194205 487798,31218567776 1
1086,816273089361 31692,9582261863 1,9952782433839518 170,26461351923604 651,945832690147 321,8157374160949 252,58603340022694 89,39216505632703 5,3979015086870845 0,7949898067015161 456,34944181052765 3,0028253200818775 485510,92804049 1
1078,9561641579066 31724,589218707926 1,9833079807031908 168,59398099101253 654,5896779224546 321,6094291127645 253,36018605767825 90,0570024008611 5,388160809610431 0,8058375641613802 457,9384776260667 2,9954898743601706 482426,22766945825 1
1086,7831587342102 31770,30480552065 2,0155582749531433 196,12703411569348 686,180954866983 322,21230043242883 255,34682305889368 86,81290072335133 5,438528059996827 0,7977728915811526 454,56072051589354 2,9919452107324016 484561,52856583707 1
1083,3841229224465 31812,265983414618 2,0070648573482943 195,68111882342475 683,7380896264597 324,25813947846376 254,43313468744086 86,45785438544266 5,407201172990606 0,7988912732647546 464,3238394018263 3,008254498009403 479673,49261105596 1
1091,7958473244405 31547,31088033441 2,010904621057314 178,73150388329506 653,5659979153627 312,08618034602523 255,98314834863038 89,60630934630957 5,449739554792532 0,8019805909869004 460,54912844569407 2,983688519109145 485452,44396105496 1
1079,4126961844029 31769,568646908654 1,996495936422579 178,47371040777784 652,4633061273771 308,97572134972575 256,2088300264105 89,39972236307183 5,409483086344263 0,7999217245748711 461,8101875146545 2,967091623563623 481266,30437397957 1
1082,0606413552048 31861,60201759811 1,9872672938428668 193,87634994060045 685,833829030481 315,1398065466722 253,9303194432261 86,9089631776829 5,4059964844175585 0,7946821650599197 460,80687448047473 3,015384135139743 487672,4941502652 1
1074,2643423096604 31537,08746079055 1,998883222795308 193,27886771913614 689,2287177388451 320,515852492519 252,17635525099675 86,2625383279923 5,4275769787613015 0,8018745679722968 464,58307251974657 3,00384075815545 482927,8714951656 1
1090,2742092391866 31892,957716809153 1,9897573801516357 172,83992950359175 681,1799845105494 314,94445021945256 253,26747272115114 87,14009745198942 5,401879125167172 0,8070724649438583 469,0573561853437 2,9932917620786497 478706,9586977818 1
1080,7065647255547 31662,633313785416 1,9941242819994556 175,33727084087687 657,1832423854127 311,9214211765246 253,15503062236715 88,90249907308134 5,416970556822414 0,810110584236045 468,5339925489848 3,0030999962453286 484600,93272976606 1
1087,6511491597562 31643,41116834259 1,9857511662445615 173,61952224352308 656,458022658515 312,76027719201517 253,04746784668527 89,29163705669548 5,392814565980947 0,8032264241671899 467,284241323375 3,0007442862337337 480214,4987338156 1
1084,4619731116484 31764,127083613523 2,0115500064380116 168,70752209723858 651,3959219918786 307,5901021053224 253,87152740459334 89,14779134729643 5,440149615734693 0,8075628126681592 468,8619530066207 2,9987492235076196 480054,7253161903 1
1089,6973201390156 31499,15508792778 1,9978673798549031 168,91510758903976 648,4866543396678 308,4821159405236 253,00266305530545 89,32837534745929 5,372803551395136 0,8086997915091185 467,924740354619 3,0137063779582953 486275,5418420734 1
1072,243826114276 31713,996078482236 1,9977210176481996 175,78911198457706 657,7015056770588 310,8255843752108 256,3372101190462 88,70748527615883 5,3692147271352635 0,8078011636374385 470,65313451215275 2,9913521535669636 480750,748923402 1
1089,6260740235048 31791,21309297782 2,0031476115297755 179,63543877941336 654,7287419684676 308,1960232510477 255,1867717886611 89,24736948791316 5,440421950961153 0,8050270023504854 470,30085055951446 3,0061717043989358 480908,0234936607 1
1081,0895766133006 31600,27618944616 1,9988910079624806 165,19331349712917 655,9152282438171 313,10497663932136 248,2502748522131 89,71199702576943 5,406985876099931 0,8165720450219717 471,72116897751806 3,007891401111592 482104,85786740325 1
1088,416029823302 31806,720734671835 1,9937145199607837 167,14450534920263 650,9321210932499 311,4572697382815 250,81967719162085 89,58835287357068 5,4020730631663145 0,8102012470201975 472,6931472879828 3,011715001011442 485052,89552604634 1
1087,188980922526 31571,489530887793 1,982112941957818 165,7441262532355 653,9204876900855 316,08300865821144 250,61002883466477 90,6744651124826 5,393254808248366 0,8123090027246924 472,3814709993782 3,021993760601827 483238,0329901179 1
1087,2936709478324 31479,66243924978 1,9969819615354383 165,97097609835922 645,9372374619225 312,08707676978025 250,47171523349158 88,96161200508332 5,425542567263029 0,8083603550195281 472,77488447067367 2,978574761159351 482045,86258117366 1
1076,762753252387 31617,62653019173 2,0115317922200795 166,68150653899312 644,2510649577296 313,9766285652658 255,08464647005812 90,76202703336816 5,406642820930277 0,8107018998564212 475,23072788825715 2,998830085651157 474519,69313388434 1
1090,1268235688924 31468,225723443968 1,9940110295618998 164,65445666018005 647,7094528158468 314,5246350786822 253,68275418125558 90,13249879576483 5,417658117168714 0,8091427455482438 473,84287884263057 3,021249526243542 474282,1404733184 1
1087,9093224673036 31724,039090104972 1,9931109320177176 165,52325836385072 651,2607743938104 313,89589382393825 253,1479030626192 90,16875281890049 5,434022796399234 0,8080939232708603 476,1746158206968 3,0085739421643716 484290,0843118724 1
1089,6258653765792 31689,536806354212 2,00243674462043 157,06223074153368 670,054236411316 312,57371103032216 259,5854478956422 87,20473521329917 5,433230849499754 0,8161754067304487 475,86444884803905 2,994998777660296 488436,6516209395 1
1093,2574894893023 31423,95008741271 1,9960442986626559 156,5881955174251 671,1682023525592 313,80842210886743 258,5341101968816 88,67849005396222 5,4320787268983395 0,8140414825981657 480,40566114358774 3,0153253249458793 481494,023237326 1
1089,7507143868988 31663,755757012204 2,0066612166467777 178,00572290260328 666,9595218656575 320,2644142494499 255,97098129767102 88,53041134582028 5,43362309538186 0,8190584506208634 477,52693789454406 3,007698180083536 478527,3980005131 1
1079,852089342238 31835,513569530773 2,018437368175241 177,76231092046666 663,83076851331 320,1552469004279 259,19009114920726 88,28121858347184 5,37957420172336 0,815099163601409 481,57357298028336 3,002057535626097 480105,50655992917 1
