Co2(scd40) raw_signla(sgp40) aiq(ens160) tvoc(ens160) eco2(ens160) rs1(ens160) rs3(ens160) rs4(ens160) rmox(zmod4410) tvoc(zmod4410) eco2(zmod4410) iaq(zmod4410) resistencia(bme688) Aire/muestra
1309,4554393194423 31370,63708951487 3,0039065945829466 236,20429163744996 736,4917819382474 216,30808202305235 130,49740445124138 83,09515448445886 5,4383581389463425 1,0767447134002361 425,97904340991886 3,004070073557115 404672,48946904927 1
1313,2550872288512 31326,614151502556 3,0027417301673918 233,99171695501997 733,6422105042062 216,2850662713318 130,74724761199678 83,64954344216487 5,452982599441647 1,0795089585161968 429,9610432963378 2,9905303993152255 409251,6186541863 1
1316,140383538207 31495,922327014552 2,9843691203460807 235,47434946196384 776,2455581736411 215,23893660128311 134,93216515512927 79,83649151358661 5,455370711599617 1,0824066461218702 435,61890587140994 3,0076982035599937 411092,2617644928 1
1319,3644132843315 31366,938788903986 2,9973966013348967 237,0017859270592 775,7705391809675 215,4684380173316 134,9620834292318 80,06645373560372 5,416856179355157 1,089105633772935 432,6712088014104 3,0085389015850144 412952,2871819889 1
1316,3539752642423 31304,246394187387 2,9948607847462863 247,2219197038178 753,8356159412399 215,66417378652787 135,86949741381147 81,85880055564616 5,474972683369911 1,0776886803433912 437,1129416569008 3,001270308314293 410580,076290155 1
1312,4911235017353 31480,320943191324 2,994202834447003 246,46341996800447 749,9424269603431 215,6562194111354 136,38476149239818 83,01249167131643 5,4469980801937705 1,086477763422315 432,82369931798786 3,010156954802561 410716,17739794013 1
1313,0419765771267 31484,397535718475 3,020711260493628 261,5586036232862 748,8622124884847 217,29587215532237 135,33479654675406 81,4615638535126 5,493158325517147 1,0716053470690519 437,5228053021061 3,0012177797225776 405283,7225512563 1
1309,7816537520412 31707,788509989892 3,005273279514464 261,7689060368966 766,3377766597783 216,22468502139216 138,55957609704447 81,42124491584704 5,439048191308836 1,0800673960659068 438,04128341015365 3,0048199692385253 408819,74083432165 1
1301,8704826965734 31348,36428409024 2,9923934349701327 264,82337160810675 766,8325713811827 217,4973728851245 139,43097578544885 80,92455153718461 5,435220024930375 1,0846737784619547 432,777942878879 3,000096197376952 405914,90549925383 1
1308,791125380438 31399,066144859637 3,015219478505382 244,8932579743144 745,2099283185569 220,72952493874325 138,8328690077473 82,56993284856722 5,498191295642635 1,0715848452558532 438,422827091403 2,9909919472911213 407062,43002191006 1
1304,1176807814186 31669,260120508814 3,006732762419701 244,71852156071083 748,654650776845 221,1717269898059 139,00346291347944 82,70088843610567 5,480917807520583 1,0772359685828874 437,4902152845667 3,013338635264529 411738,0103268837 1
1302,0887846335663 31621,931797855363 1,9752981908996925 216,0430249138121 714,1340177268288 217,01311237348216 138,31446398463595 85,59828093875548 5,503389505266385 1,0768271061545633 445,19997352484205 2,983589471695945 408372,6264565253 1
1313,704029842379 31529,788520394442 2,011250550588672 215,5384148963913 707,9285937850203 215,8291341280443 138,8816489461182 85,84467848199898 5,481459316882623 1,0869186786939107 439,70939171887085 2,9843259316427297 411653,57631345245 1
1301,5901844845155 31497,248711846067 2,9772435940582427 223,10857556020605 723,2368224313492 221,93484249613624 141,3310904234365 84,1805762561583 5,419196322846216 1,0915704540562203 438,3585420203816 2,9965597350713824 408959,85722472076 1
1282,2338448531686 31187,232950113983 3,0172754200543825 224,26436656398414 722,1561738084995 219,9119455871194 141,4403986040619 84,99531207994244 5,45035324218803 1,0804451251480627 442,15526446335355 3,000705282299273 409716,1643928335 1
1294,9409855096048 31340,08549130828 2,998458466019118 240,2167473980713 724,6713473919287 221,6190839748109 140,6908997509385 84,8403723867105 5,476393150882771 1,0849766011051976 441,28153857459915 3,0079089268857184 407431,41070376104 1
1295,2377853687972 31432,544741975787 2,9851046255414198 238,93557308254 740,8071260573457 224,0417304852381 138,77088015126046 82,61766050726833 5,429575772533987 1,0737691678805268 446,49367396624854 2,9992365846165088 410992,1280126542 1
1299,8460819718061 31526,326322146666 2,996487107993406 241,25971109001375 738,8271856787724 223,89825554126395 139,37465925256814 83,39292792321721 5,499952213368427 1,0757383746054687 447,14339474973724 3,001764368313207 401815,1665769723 1
1301,8546023018314 31498,42161694045 1,9999942197377436 214,84944664777817 711,8487013520205 220,61030619500323 141,72587618369036 85,89684680880305 5,459088716563084 1,0892180350030636 443,11436544719135 2,992654399233054 406070,89335965057 1
1307,8955950911152 31748,54279779279 2,008004382718846 214,17864143324834 710,2578316809297 220,93525509400897 142,68804846555244 85,85681712506113 5,465243744963635 1,08915814419842 448,5803365623437 2,9959816123852567 407432,1798240428 1
1299,803797500723 31502,764675071685 3,0013380012786195 234,32127614354013 747,1074290045467 223,6724508493065 143,31654899798403 83,2511589797285 5,496188438948935 1,0761630528982 445,41418550076736 2,9802354445060364 404395,05086254666 1
1303,9086464320117 31552,749066070417 3,012813728276886 235,7958847072878 739,7182984563445 226,40073777171077 143,45978387477362 83,0709569001143 5,445401752705384 1,084188673199886 444,6555712419392 3,008850380463624 405858,91296500736 1
1293,2202727133015 31598,366793263467 3,0344149163057215 227,71109190082436 728,877166048039 221,15063874208428 147,24259901150015 84,12780825471482 5,4493404249433555 1,0855372226424034 451,58679260128355 2,972157552022203 410316,10294707905 1
1287,7385139394873 31460,249847015242 2,977941824933276 228,34929607188533 733,4008196554695 221,86153631571878 145,27532781807653 84,63753157221309 5,479840384353512 1,0716876215774755 451,2917386966127 2,9850179740425924 406345,539936028 1
1275,7776781614286 31330,85414725298 3,00558701047461 229,38313164711857 719,9454560548392 220,66161232467542 147,45305417438246 84,23434314392206 5,456304509089554 1,0845994259492004 451,47960323489076 3,005913666400609 408575,64937527204 1
1292,2657780049763 31497,596216441576 2,9974290411256175 231,883706006919 728,6553751955805 221,21914627583578 142,78710684147518 83,31765672170096 5,46229030922319 1,0862771217359164 450,3589710973142 2,9986219144351938 410544,2155693653 1
1294,1236040111346 31618,99260708231 3,0017163565267273 233,18573730972054 729,0030002549971 218,74289905674794 143,77012106415276 84,36773722736325 5,481305767648059 1,0872609480916775 449,4870672266045 3,0149600208322167 405971,2062373193 1
1293,9157490766058 31169,469072562923 3,018941558649467 241,80750641072598 742,4927335596682 224,30066149443303 145,1210783183115 82,61920251688467 5,492817792467147 1,0873798651767113 451,1355826314471 3,0145896924435167 406628,54034638073 1
1295,3636867783637 31275,621621540125 2,9707077830608712 243,28450617431764 741,937206077541 224,68270975411062 146,22475602225794 82,75882512903053 5,442608233928018 1,076550734622398 453,4769301095913 3,0063497154759276 407923,4536490675 1
1299,5783395766641 31341,11090499306 3,0153302839602585 225,32659645219852 721,4657610514438 224,4206805084509 149,43514952258926 84,27304639138417 5,523248514657793 1,0837423363563585 452,632122303217 3,0087110590257398 406730,9567762833 1
1292,589699921159 31457,20778248532 3,0036942302438967 225,1147902128586 717,9110351372417 223,22721515944488 147,79130913323334 84,79030688026748 5,491065049586111 1,0821168175465137 452,6644242584691 2,9868626476858378 405312,28740680125 1
1295,6911064509975 31484,36452949337 2,9941736019920158 233,49808319694307 736,0569808724805 223,15219512025996 148,98572828680628 84,04573097282169 5,4757688085680085 1,086618813893526 453,04027651162517 3,01173350674405 407139,75165879313 1
1285,2290562463793 31497,700721046578 2,9991056469186197 233,113659982421 735,774500444959 223,10118618605009 147,49102666904454 83,76238794176376 5,474540143355239 1,0896735655328986 450,543659880347 3,00477168469594 408629,1784184457 1
1287,9124689806938 31711,494473545183 1,999647511775392 191,8841601674108 736,5881747759789 218,90410457418523 148,3856489968296 83,85053724088469 5,465416731735001 1,0829526031830026 454,89287168187667 2,991050029433499 406644,8796155859 1
1295,7739825119695 31392,44765776329 2,005647662546059 190,12882818199395 680,599916287599 227,08024889359947 146,9468219344163 87,56172779666069 5,441776087225226 1,081503931751016 456,0844596965529 3,0005648883484115 411104,2045727654 1
1292,762751541568 31713,88573948593 1,9939324914186487 188,91358914667865 678,8243338729241 226,39656462189143 146,31180546426356 87,08165842373683 5,520937531342282 1,0802165679180114 452,6568423681617 3,011701471854529 406068,87716469524 1
1283,379064324365 31544,67864305036 2,0118687969974083 207,80871614059856 692,7433273880414 228,97279271009907 149,02956501648475 86,42115470484332 5,477280937527703 1,0774947155345824 454,75644121311177 2,9910662443441707 406315,1252266414 1
1289,3703535973164 31447,951493452445 1,9967479448612937 204,8095790215261 696,0098508319948 227,85724679757396 147,82304311714182 85,64995580775592 5,475658301497745 1,0863189126911983 454,06243263609656 3,0177034537857423 403214,7537537 1
1281,8150718214026 31561,677668093762 3,0071174192622623 243,13092010530997 743,914471630672 228,49163438780374 153,36386030198042 82,92915061460758 5,47901064754674 1,0823340270046187 456,8111192567348 2,963676955676588 402648,50258902623 1
1282,6721059921592 31334,39529058377 2,98992865969405 240,94273115082558 749,7617687970536 228,515145117868 153,73996419468884 82,91938361613826 5,473461159208615 1,078141957161342 454,3426923337071 2,9622854731955766 405783,1284159631 1
1284,5929887814318 31661,233852555026 1,9951340188217397 207,1048093816195 703,8642308514357 224,3847679144657 147,5713242726121 86,21538547303848 5,483516374738464 1,0842329917471762 457,75081036712936 3,0243595251949875 406510,0428966341 1
1294,2272912228111 31394,649714582723 1,9933435388086584 208,4177227787489 704,7860222509788 224,16399217929765 147,19936036562726 86,03187425733626 5,455529888207542 1,0770694824972036 457,8644192022703 3,0029443409381384 406132,11102005205 1
1300,2698949300895 31534,08248257774 2,0089338535221324 207,42558956841606 701,7543500231991 226,35520979676923 147,252487000941 86,23899888593877 5,447834387762543 1,0705587391278653 456,12097426665173 3,010805530247172 407721,2628069147 1
1296,2164583406354 31137,489797538587 2,0061481857437413 202,8473134363091 697,283711164324 229,68809191951027 148,68339414826914 86,54510726589041 5,431978494344855 1,085454213392173 454,64306614011645 2,9872036880667143 407249,1124770682 1
1294,9331055872433 31369,616912426063 1,9894250072842343 204,48429034824554 703,7253565964043 227,450106431736 148,86597399341886 86,258185074948 5,480626576605659 1,0887071383470905 455,96203434912417 2,9717372163871434 407064,4499396091 1
1271,1697050291598 31412,692882584885 2,9923014997395097 224,84334248444677 720,0941223068036 228,96357098813112 151,50096895151677 84,99774961709333 5,450759493635118 1,0909692809429772 455,933282021931 2,9864157678202132 409151,8831566032 1
1293,5518987397577 31565,431295180395 2,977783055139779 226,325289147546 726,9944901144131 229,30771503830738 151,00336295418396 84,79866928044778 5,502627080714526 1,0811173512979333 457,1429650941995 3,0229804324158898 403305,32204104424 1
1285,899701830188 31333,204921217508 1,997511739449808 233,27114094283198 734,7383795640138 227,95568361050164 149,71618179635297 84,06446556503742 5,417956221157375 1,0865825664150328 456,59255266861265 2,9791069208351995 406113,1427626181 1
1283,98465068755 31422,47728841816 1,9974745616279768 234,27494670629994 733,1983897241441 225,4460652918475 148,8362694504599 83,29653998296432 5,457926500726314 1,0831908044172864 457,6154734642986 3,02331807376427 407369,64692686696 1
1279,0351572420361 31249,351011679573 2,018923233638986 197,90568786953293 693,9051791259633 226,68508846490366 150,6339481497572 86,80963443684125 5,450068575205704 1,0742671029399038 459,0038094537208 2,984427535943931 408237,7533909934 1
1285,5210500351302 31455,87324976793 2,0021582865378407 197,84993908988275 694,9479988636524 228,13677711654248 149,58477359397398 86,64845428532188 5,462021687764754 1,0820270871090873 460,2857329016258 2,9982009278922805 402984,3126332811 1
1282,6254287515608 31383,827955519057 2,993677509661145 230,89181283050888 692,2838489821868 227,42040173391308 149,73681742022296 87,37362746760753 5,481495837205458 1,0897923907771148 459,1741690089412 2,9827037568733985 403612,80509232124 1
1285,0015834384167 31505,506975512017 3,0059054953847806 232,57566282930043 735,1816158265879 223,41198171875465 150,03448087402367 84,09322832694258 5,483184818550849 1,0732073671488764 458,9028824668141 2,9891549097584647 406230,7869547973 1
1273,4849137483686 31453,289019418724 3,008339460974509 230,44138681661985 732,6293417423547 225,31035936016968 150,08190334958252 83,50655874255092 5,480990942753001 1,0801233241251165 458,4964669807535 2,9934257073806974 404830,0746487725 1
1284,8160859664195 31416,987908680407 2,987688874056398 234,21695134641215 718,9481925293371 223,048079523835 151,86155429172064 85,06835087264508 5,426070826694746 1,0706133510426559 457,2957287485421 3,017006860088074 408957,5807083859 1
1286,1231831904838 31613,6428496249 3,010101100768054 232,47378889024753 714,0942524818681 224,536865347935 151,98640110511292 85,61464211875058 5,417013190249637 1,0797466691609043 458,65732535726227 2,998329817892158 405803,31540879543 1
1270,9247611500332 30994,96179284912 2,003515661669165 230,2920924270799 729,4140914460019 228,49788309442417 151,05076597405085 84,09500027476768 5,490453512398188 1,0825737575659027 461,02776095239057 3,0099935029346447 404149,18402726506 1
1290,5080691976957 31570,38949952316 1,9932906109220376 228,73425609899763 727,5789611391764 228,5137438931073 152,2291886336538 84,1846019865243 5,451752030013487 1,0862539694073763 460,3098326624898 2,9936901267246054 401316,2358921431 1
1285,3070240678608 31449,66601272218 2,99956094145029 221,41189530537756 718,2779456321331 229,16025745094151 151,80878538438557 84,89820890012474 5,490966495320198 1,0703909498485986 459,156130603546 3,0081427683142765 402040,9953567929 1
1287,6740159083847 31399,57388663622 3,03129465402557 223,51463065758793 723,1843361782421 227,9930449524047 153,86577120930835 84,4640354939338 5,459005445072788 1,0751421906918488 463,8927998611008 3,0094192589892157 406014,33623023384 1
1282,2132834017373 31392,613961378873 1,9870740230149095 208,31737406829123 719,4973793730168 229,76272195621243 153,1479234910969 85,43263871052531 5,462108272030509 1,0773134962520061 459,45311543408116 3,024057315140042 405983,5762118787 1
1282,0722964637444 31200,276627727457 2,008195049878345 207,16436327721877 699,819835723186 228,25842362626244 153,41242829226485 86,64072720785893 5,463454228292206 1,0699327741706781 460,4846122394146 2,9739227848666876 402660,05939695146 1
1298,7530810362202 31555,233073270534 1,9997833142067276 209,66470557420016 703,7072738021496 228,29597319754663 152,4926833788104 85,95305394883923 5,466664507369084 1,0745437186912203 459,28841921483496 2,9978578163331395 403610,32518680993 1
1272,3993705892462 31546,27848670302 2,00237536323441 204,2724083482588 707,3417571929556 232,6386623715964 151,43087093820316 86,40178242926113 5,454545208856285 1,0804159089062793 464,0716067338395 3,010069727753987 406772,7566462969 1
1285,982888727854 31452,66884902736 1,9943990199304116 203,00644630000522 703,3532964296959 231,09497090843087 151,82469725350813 84,79666060578361 5,469553788549346 1,083867120038339 460,21030957719125 2,9956915103576818 403108,0896107808 1
1283,5873210248828 31701,92729307049 2,0087182767323513 205,35384000609432 702,6532615173791 230,7304972170516 154,36531087626452 86,32727089715495 5,47719426866464 1,0822379718165394 462,20143153754435 2,9835354713611286 405188,75023534766 1
1273,4402866244588 31372,43265676331 2,0143208723206385 205,75696435431257 701,7086417912283 230,29109192606592 153,17297861796277 86,91834980067618 5,484080371694631 1,0753770067483865 457,6247182171137 3,0095000989177647 400632,8881116299 1
1286,7037848464056 31436,934696639433 3,0202176490577637 219,91750721866507 711,1678083791204 226,2458566029573 153,64398553062227 85,0363395992843 5,441532383980101 1,0732036127937394 461,9903917418474 3,0082205393914903 401291,9506423588 1
1285,277120930411 31452,84271013629 2,98780100407911 221,31804540285773 723,7552743194109 225,70300307450827 152,86056801122345 84,4408917602339 5,456094583660016 1,0897249776344324 457,14391771930286 2,9885545123450807 402878,3619274525 1
1280,3155732716689 31032,971351588378 2,9880222861233703 230,629504015616 715,7935290555822 226,53117317958728 152,77786505509238 85,30459773699987 5,474777764607629 1,0826685375241278 463,41297784560055 2,9897716741354334 405993,76139017736 1
1286,5549473350668 31479,77716758297 3,0185922609874654 231,5351676059775 733,398824806479 227,26790700863535 152,45049808195978 83,40130855344016 5,442209197504542 1,0836405602514394 460,70389339144276 2,981232465095647 404931,1910634275 1
1290,0691521690997 31616,77951171915 3,0142958278567065 229,09506615307754 730,9051663599602 228,49273185734353 152,76863955995395 84,70380001758231 5,456495739282618 1,0812185648311199 461,016256728045 2,992695322383768 403607,5646860286 1
1283,3885722768816 31434,338261186258 1,9913547892434575 201,17568082969743 725,1815760064997 226,71172221166137 158,23017468290575 84,44713238067769 5,462235682317159 1,0824514877215303 462,73325004051776 2,982533987396074 403437,49649058963 1
1278,8642484138195 31362,366503782483 1,9776244722092189 200,50078275924417 725,1226552717005 228,51344708986542 156,90968666028212 84,42082007352089 5,468082638587676 1,085728168930292 462,85082002924247 3,0055092515285646 404451,04965556733 1
1285,531977839138 30999,593043304652 2,0069858191965984 220,0737377582813 715,4791396596526 233,12504714176177 153,616202493611 85,70360489851588 5,425567798750578 1,078890999920018 464,996876544752 2,979284888121206 406210,149500054 1
1275,3173259911498 31394,659687720992 2,016577750953028 218,49400209303818 715,650761523959 232,69177116764342 153,4665398330916 85,03709181104962 5,496577650516405 1,0674263534788861 459,4550269805132 2,9941647669279514 407647,34949277353 1
1287,8943848420931 31454,279180713747 2,0004261228352473 209,41561906014786 700,6848594855064 223,14863074214475 155,80047005168208 85,61899417842973 5,497455934648155 1,0715159683327105 462,8104429373464 3,0098500177913663 402151,87541045685 1
1302,1394725038165 31532,52672802322 2,002075128396291 211,2725461454512 706,24183083287 226,6543036015038 153,97335610511738 85,71089834374963 5,433114596442319 1,064729554254433 457,72907968610116 2,984606060882684 405264,9464182841 1
1287,290886622126 31437,16039170012 3,0111109548178225 226,208215747098 708,7985469818376 227,71888079056467 155,5037816792044 85,78503273113596 5,413204936582851 1,071061807645563 459,5228893055573 3,004257250274372 404686,52511714504 1
1276,940981700473 31025,575373787513 3,0041577443112835 225,67578556079175 727,1478489606737 230,17669833503982 156,81261218221638 84,24284345256298 5,4980868415940645 1,0753021734383101 460,13994051885174 3,0035789422843004 403167,0717402174 1
1273,908802238687 31339,785174153396 2,998699392899845 222,4491517951401 722,5138936021684 228,36647590260765 157,81155291329222 84,7166913260016 5,448783274346638 1,0847408192915993 462,0125738424722 3,015314051605584 407350,8913751438 1
1282,1879700821946 31672,81178796651 3,014418715008127 222,57800463357026 705,9915637733055 228,4740694900333 156,11549534183928 86,66657751116294 5,435641816094172 1,073933464890431 460,42921869428994 2,9928044806704293 406213,20550156856 1
1278,4094224015116 31457,109211762156 3,0044928915640314 218,37409264945157 701,214047281778 227,57737834375644 158,8477335348048 86,14482326509587 5,449569373707663 1,0907230098590295 462,3766146480794 3,0134365506022283 399918,9296302251 1
1279,6384821338029 31279,432972399387 2,9855566655658974 220,45270411743294 722,1482028265211 225,8258454151752 155,54554398668432 84,84503955173784 5,469214684616459 1,0793315555099303 461,65441542631544 2,997986946551133 397239,52284916217 1
1285,6090715635894 31651,903656162598 3,0184067742329312 220,2000444200946 715,6162123184534 227,13033093465347 155,1468578423282 85,13712772096729 5,479214835800635 1,0737233731991023 461,6201802972958 2,972622928392521 408913,5352489989 1
1286,7973449848478 31679,622822629666 2,9830063670279037 219,39370061369323 718,8181298007094 226,66659174933304 155,0853525321932 84,93595755759003 5,417183322454946 1,077908006435949 464,64974001271065 3,0010870442668747 400415,0687299256 1
1278,7181835284018 31365,81115891404 3,012332142068401 219,6859337980613 716,6334815324446 226,85249749775252 156,74022248791914 85,42413302584823 5,422613424949184 1,0720511070458023 466,47299287470315 3,0109918767850923 399601,019018783 1
1275,1807859908868 31347,41689490448 1,9952662924838171 214,8930694871904 715,9243946495926 226,91548959841228 155,71502675112416 85,67599584345717 5,485998342733238 1,0691106727788455 462,42134778172823 2,996855002790934 409135,795133915 1
1278,8245131628823 31491,639421248325 1,9915139282477077 214,25265757401456 709,8035165031245 228,19469114692535 154,05802306639518 85,58152143115456 5,419543062983136 1,0696296317994625 461,53366710607526 3,007382565924677 404158,15439864626 1
1277,4314138316474 31387,801089816425 1,9979062064622448 212,56292262198755 706,1678864394078 229,32983322148675 155,75813352683213 85,33198503547311 5,457664286052808 1,0723212353030034 457,30347342858494 3,0006563046671397 401645,132317852 1
1285,9468360370058 31410,557584898597 2,9952921971427657 226,5677971742493 711,0313095827357 231,79617362960275 154,67079638516674 85,21368530867636 5,4360363257381765 1,0797154950039218 462,96562442444815 3,005662093290446 398844,41764359624 1
1287,5980078241457 31498,717224943317 3,01030768689035 225,45085438578496 707,368375535669 231,93120515369915 154,6871866122516 85,8250269789254 5,434362011182465 1,0851052744666259 459,4918905556 2,9793287110333164 402152,38895190036 1
1282,6965563088213 31378,186207526538 2,0100607199851703 216,30965271240132 713,2120110212342 227,35653069527513 154,2580195600669 85,18148356612483 5,439636014973625 1,0748427775986111 460,5006861306734 2,997871128434959 407123,832862301 1
1285,73689935369 31382,18025532738 1,997814306762591 217,70710469223195 717,2220967355711 228,23561860445423 155,47079924418333 85,13422861514263 5,449198229157805 1,067892576215743 459,8615579988708 3,0067269845105713 398844,59377791046 1
1282,1918460861214 31632,062988839312 3,0028048286468545 228,55720641708405 729,5050889086662 229,44963799193903 153,32148754172292 85,27246170940201 5,458359953980237 1,0748399361752208 462,6714781030824 3,0030063690949937 395889,2563585029 1
1282,442733438143 31326,422426352692 2,998740907173099 229,668400166992 730,2609161735985 229,81037220515753 153,31235160427676 84,42118951308238 5,4567101505293225 1,0790754885083162 462,498258956094 3,0030057264214673 401010,29673553864 1
1266,2939610842884 31383,195381320595 2,999149143570943 231,57355054410368 728,4987433278777 229,1291854867969 153,7084617554614 84,21483401097535 5,441597728488814 1,0742714070809396 461,14151576516673 3,0051028248085263 404485,99351548153 1
1283,9240770584101 31754,994523420406 3,009404568126403 231,23300889936706 730,4842612212194 225,93868920549383 157,78663568813008 83,22353037812282 5,448099976653887 1,0749659984005493 460,41677357564885 2,977672973952258 406304,07483283407 1
1272,0669448541953 31521,790691727852 3,014317195396104 230,22802312270613 728,9672985193657 222,73546169855362 157,84845268864765 83,62843422233706 5,496180095335884 1,0653035788677243 461,2037477845785 2,9621796414557773 403490,37237894075 1
1274,7252456887372 31357,151604008384 1,9980384243341556 205,98205330081072 710,8313834626568 235,34834894635293 154,16160016349744 85,50073366637456 5,413092609084162 1,0826312521236268 462,6028995722158 3,009658636215806 405288,4924441306 1
