Co2(scd40) raw_signla(sgp40) aiq(ens160) tvoc(ens160) eco2(ens160) rs1(ens160) rs3(ens160) rs4(ens160) rmox(zmod4410) tvoc(zmod4410) eco2(zmod4410) iaq(zmod4410) resistencia(bme688) Aire/muestra
1461,1778180719436 32812,19308028295 2,0056276709566285 161,49994129092974 640,8774317379945 455,1332247700818 442,0829664144636 90,57377550719933 5,428171595479217 0,11462570604414449 424,3699082126495 2,0041478259747394 418721,21408152254 1
1457,9469511939867 32566,596956722602 2,006548560175845 172,8540676909088 654,6060129199818 434,66735983340703 434,9753191008525 89,74670483264975 5,417995809984022 0,11439410113415249 423,4180962062952 1,9968162185267857 420739,8548415189 1
1468,359882631883 32721,753978318542 2,012113853607487 173,76353245717206 661,305690632652 437,93969250141754 430,440246876829 89,54299278876482 5,426774448938269 0,11982560786421041 425,96705416699854 1,9998908872895331 419716,1728038123 1
1471,1784576408668 32472,6695860812 1,986304116854565 153,72291684384012 663,637996780714 436,2256412055215 432,7544685056816 88,6697213111597 5,384995962460323 0,11930839193412607 419,96766923815073 2,004437023829125 416754,58353914134 1
1470,8102184449922 32257,108344035343 1,9807902836081952 153,4565143833011 626,8982425539847 439,2932474799001 442,1085631997799 91,79562841834388 5,362657149725784 0,12377358341520109 422,36519480286375 2,0050760862674113 416832,1742620757 1
1468,6054080110177 32516,653114939192 2,0106742784661162 153,1260726759825 636,0271195140598 441,0841561509002 445,7866222914727 91,93312273122456 5,316943399104564 0,1233443313941067 424,758774048967 1,9999538188386774 414934,5508858834 1
1462,8812552909094 32388,52556714198 2,010201316418841 188,25632409252705 677,8662269759823 439,6801931884957 442,70613411644734 90,16372569966775 5,370891534827929 0,12344268270873618 425,05951319340375 2,0049962320382324 415252,9933055615 1
1464,1051453826096 32588,684588903907 2,0146824971789012 190,59697476928199 675,0799750579476 440,7628861215164 440,6081301832174 90,17340080198208 5,352678661522875 0,12770484216881814 420,68477698545365 1,9989456302197148 417531,9928621948 1
1464,3704534929607 32541,93164253451 2,0051257751822225 184,7273634210601 679,613335793653 445,1431874568758 436,9410592477012 87,77935314639367 5,420100752148087 0,1276748261944493 423,70887929237375 1,9965755772299623 419404,5564962599 1
1448,5909305126813 32467,15871678196 2,000104755584252 184,7560858319407 672,2014027124135 444,9778491636127 442,2312771313431 88,30962415514747 5,407012595056263 0,13080133993747053 422,5687600689546 1,995416222359242 413057,18330909725 1
1467,217103745205 32532,825214853015 1,9981428271037665 181,27024479522498 672,3737529395497 433,4160315017652 434,29081334061755 88,7068680671748 5,360182598961315 0,13117502547854962 425,29482410253115 1,998802816930515 413885,6146984024 1
1469,2390900318708 32519,953073974644 1,9845358456877986 180,90563770961353 668,3369351638562 431,219162079013 429,83643196154765 88,30214500058678 5,42862457179815 0,1341786544644247 426,51033852348894 2,0034200822285344 416454,21214399097 1
1468,7953674691162 32661,07268029718 1,9954053767192108 168,17967064925924 669,0267627079642 433,7164943480139 427,23720348894585 88,48198155164432 5,396589843345612 0,1334812519215623 422,532334543528 2,0114546881664026 420188,7337217796 1
1470,7171563220743 32377,166497355327 1,9882825639588488 170,5742120418418 652,4849750276848 436,9754127492502 444,65672349871085 89,11696303860973 5,413071859961459 0,1395004215185183 426,8808900694003 1,9973663073193695 416443,304708576 1
1476,1951145780183 32401,816214197053 2,002519874008407 169,82265523691427 655,2736317853589 436,9455664305637 442,9411247137486 90,13658044561802 5,4074708984889535 0,13916617690084707 427,8564915221094 2,0051148432568953 415367,79677363904 1
1460,9852559068554 32434,925989092728 2,000007125844457 190,3026211993381 689,1673728591455 426,43756372137193 430,7780259973314 86,75430754754562 5,409429157569285 0,13849065731453652 429,2048895838567 2,002009140611889 419236,7149135093 1
1458,9961327788155 32521,526592347225 1,9825349664802856 188,92437300044847 690,4255563126898 427,4067508411836 434,07588662640507 86,85814407170646 5,4043368630125315 0,14507138427018346 426,33381565745856 2,0021790836590747 415806,2961703198 1
1464,0713401824657 32578,564157081295 2,0029680364637916 151,7960723690396 632,7701390624743 428,69380218304997 426,4782565733507 92,14100711656054 5,391171697362278 0,14282990381784852 423,844427539127 1,9923571964258617 416010,17726914136 1
1463,4448217623358 32364,272213859495 1,992170790121282 152,30018524748817 630,8958707808955 426,17024033354573 430,24605664575756 91,90728730670763 5,402471148741311 0,14724193982367295 424,019280651565 1,986381699551474 418758,2852923793 1
1469,821856688759 32181,193779207308 2,0120904860210405 184,5683390470275 668,5113942692626 434,3981307882264 433,62223454699625 88,23381382194943 5,353981938663081 0,14659444037794467 425,7292573593103 1,976248858427704 415439,1360183492 1
1459,3929525983956 32407,22275063362 2,00082575542708 182,65365982477496 668,4613397275502 434,8213435907895 433,8005720861816 88,07216269083916 5,345515845470945 0,15214979820498206 430,4096835734511 2,0020214435365142 422209,79013114097 1
1466,7349789197017 32443,84982666475 2,000930016676794 190,16701394931798 674,553996195785 432,4114495702413 432,65911110602644 88,1937673684019 5,391774351275356 0,15106574827152872 426,12636668065215 2,017503487326785 411688,1709711608 1
1470,204998554855 32543,76755113176 2,016853668415493 192,6129834336989 680,3929311620343 424,65778150163607 431,86425544008966 87,1781594512821 5,381538876742669 0,15576593522566035 428,0155856483195 2,006983323402027 415792,1334846167 1
1462,543157154477 32721,570352013176 1,9921117334027658 191,9263124438659 683,1634083808799 427,7718861473257 437,9746634909429 86,8913943047866 5,374796660010055 0,1558834817047632 429,5090353538986 1,994955570742809 413974,5788110104 1
1460,7913189640722 32446,303246315925 2,0049510814435068 157,76051446765322 658,1105399998528 434,3486493820099 418,5281059494159 89,91185101457397 5,3982396318563 0,15678895125791975 432,205452407198 2,00238681749986 416358,3543298098 1
1473,522955073113 32483,047530097734 2,0049472686762857 159,03344539415968 654,8669076013738 432,88400272804887 418,76539802034387 90,10260575985866 5,44380236574659 0,1586047026233797 426,49893955374534 1,980864806940473 414060,4802554983 1
1478,6756131688592 32081,186994685773 1,995649977603436 164,02097206215458 643,8129339320889 428,5484439442993 418,21073960487826 90,39713923779023 5,386191944981764 0,15752919061189585 430,17597700621155 1,9961477655622422 416977,93257553823 1
1480,0159445443182 32682,160705560756 1,997675190388525 165,1155053031824 651,4107471659579 429,86096463976213 422,9536028436008 89,80567681947534 5,410439004831177 0,16263455416342112 428,1975385281525 1,9953864808676747 413166,32163810055 1
1496,307376834678 32762,370545331756 2,014727165134543 174,34977154996926 663,1575439161512 427,7010634505087 425,9836997685167 88,98748724176689 5,40772785306599 0,1615789330012923 430,56457484607404 1,9905700796163641 412080,9661246364 1
1495,7465785300406 32389,505003758455 1,9697239378768239 174,8611783035148 655,8028120205254 422,8167168774446 428,0092156335776 89,4999704628489 5,399439857049282 0,16639662788020945 437,1254346190026 2,008332867501117 414708,0650362505 1
1493,1269411579915 32562,263200669375 1,979066545250594 198,1662800544183 657,3081951501129 422,7248140385217 429,32942063554253 89,2098182264584 5,413385533948846 0,1662514428987682 429,42681092202923 2,0209639189638793 413086,5665548791 1
1490,2277897988067 32239,772731117846 2,0082804027550485 197,80729808506237 685,0862084442311 425,17297996348077 412,9591852621626 87,07904000689327 5,423240245975654 0,16999431091606973 432,7971818381475 2,006745458489675 409544,745197328 1
1488,2996397102302 32817,96942962489 1,9801295062749593 197,27287295090036 692,0081328829014 425,09480894711567 409,60422198923663 87,3248553512162 5,390118874586273 0,16961538130924314 432,1140040926283 2,0066131816899415 409692,92455895443 1
1489,8963932462214 32579,124041374685 2,01132722143712 179,6880640282782 698,0029498630598 422,4279188784882 423,38258251243263 86,46279725045328 5,424795206966673 0,17000188115388337 431,80009112412944 2,016864084373202 411976,4622696544 1
1473,780304094873 32353,46921882213 1,999380953490299 180,5760369013256 688,8388850483484 427,6221639504834 423,79976726769775 86,63245917309935 5,442572153165369 0,1740979354904875 430,80183477732356 2,017494657069884 409891,92558672215 1
1484,2341425637683 32333,224504075657 1,9955822600139768 172,0931295923515 657,5318732609136 428,31977341355537 423,61492292279104 89,87338487190819 5,335657266862686 0,17266004647330827 429,4148025400937 1,9979764150463204 413874,3674894184 1
1476,5666818535306 32554,861216382073 2,000426764851808 172,67931797768566 655,0704911826547 423,733908049236 423,23659645639594 88,30180916682662 5,395941615722461 0,1741637229054322 433,28479265187497 1,9836796862641437 409319,87611696566 1
1492,4634181823674 32805,462219606256 1,9945153165143854 169,8804880081068 652,6207746665626 416,93847225440663 430,1296436058884 89,03718479600268 5,450299767883366 0,17574248766901615 432,1054695141575 1,988405855268566 410822,4145460526 1
1484,0781675279945 32632,256663888573 2,004294886507923 170,48265014794708 656,8440553943692 418,37031028397394 429,67483124776527 89,8198634953017 5,410651673600225 0,17780792665317094 435,8044882551405 2,0047973449445236 411556,54357371834 1
1491,4547312319944 32256,349485049413 1,9986777389714376 185,5710741422466 651,3465547544603 416,1620902579444 428,15671776844 89,10542726415586 5,371327473739138 0,1788502098676892 437,425478832083 2,004887729050248 410564,283355032 1
1503,012452309504 32359,916925999718 1,9802435396689881 184,638004759551 674,0691064794242 428,3419585385586 408,68266568976134 88,27150930571491 5,41152915090383 0,18249684282152068 431,26354994523183 1,9993844626198785 413944,62011311995 1
1486,937808821438 32480,705467187363 2,0029296853989247 184,87134099557298 672,5339011835022 426,80658824945624 412,7473533037962 87,9455711767897 5,38474200861154 0,1820633981019928 433,6069239413762 2,019698204989473 408155,29848585 1
1480,5686939189634 32407,05372470876 2,003327220947988 192,3508038088918 671,5099375909149 428,24383124738455 409,7607390755453 87,4216281952803 5,391966730657202 0,1823173754309758 433,02248754764946 2,015489420203289 412424,21955256327 1
1480,7375264828495 32371,789910450498 1,9897514023671792 193,0905827940839 682,3503366668157 422,6179034594253 409,13619685671097 88,08643177524141 5,384701147790092 0,18688816916290232 436,2416401521031 2,0069314254334354 411625,7568245692 1
1497,059168599811 32403,12530875893 2,010440324801531 198,17934080204486 686,6086288767455 416,61244720683067 423,9801230210065 85,72942017904475 5,364542165894027 0,187576996106289 432,7503461515881 2,0068297975832454 410599,395259369 1
1502,8606529959673 32696,15218130888 1,9991956710992518 198,6989901745954 685,821553752847 416,0224059619502 421,9279960899147 86,93285491213616 5,360421407541761 0,18982230396376573 436,0440268193795 2,0001868209962272 412405,8051651389 1
1500,4267217930806 32597,235040555457 2,009643622562478 193,22032609018382 681,5053616724282 432,76919151527903 417,3133031002407 87,68341773327164 5,425315242234132 0,19169262715120436 440,1239795562632 1,9879681265873972 411324,28908907896 1
1479,8526636821532 32373,83518440418 1,9822804947529062 192,6816962113747 691,9886613988513 430,71054707207674 424,077660203805 87,60771806624903 5,3391722629631 0,19402626819769347 442,6002242587066 1,9834000653063952 406845,7766736403 1
1491,2009199823674 32515,03459267731 1,9844540567332383 185,19014419988167 685,6154464253585 431,11769135975845 419,6655320476849 87,21799911408435 5,366037328949934 0,19435100568152736 436,654349592307 1,9877931103585107 413065,3260052852 1
1478,594129873875 32471,761707793634 1,9960000158480296 186,03998057161695 673,3160360529547 426,6098744144114 413,7117421833814 87,1216411777955 5,382414573383758 0,19790612513579214 442,05445040859524 2,006968162466573 411226,3544152969 1
1488,60654457886 32460,64232433663 1,98571073659177 187,05017661572603 674,1575879155595 426,30830437444894 414,53452094420817 87,5174314455517 5,38818047342619 0,19814098629862262 439,6063532746057 2,002910774291329 410100,29172237025 1
1489,8845130963007 32393,848925152914 1,9968356477679636 210,08784136114403 705,8997207496831 438,24983989792247 411,884445889613 84,9219516866666 5,384105126431861 0,1967783826582193 441,39421648834013 1,9954825966560577 408428,1717404997 1
1486,6700117163355 32502,933492000553 2,0058670513088255 211,10253814633933 710,8731683429072 435,66680759921 412,4971675026419 85,13683430533912 5,386210503014086 0,20142458628558432 444,62046781070825 1,9948766806711962 407862,2801026235 1
1487,2564986181299 32502,84710296844 1,9960163890950184 174,9071788096277 655,7607109973769 414,3394781013513 403,98994500847897 89,03680887905945 5,393597971204553 0,19831837023498283 439,5717891559449 1,9971296073020697 403395,9768541823 1
1485,6247635025547 32639,946797768163 1,9935119742821852 172,7932340873513 664,3090985536606 413,42561700366923 405,5443999588393 89,70713579549823 5,4219987793460325 0,20220975309158012 443,29578996486913 1,9933591011620913 410563,41215462756 1
1485,8950593350658 32476,850835180878 1,9966419430317246 187,16178600455274 671,3725255102474 415,32235562120604 411,54739685463073 87,86517525676133 5,394083834643742 0,20117621062782304 443,5548294167452 2,009807126245796 410773,914052327 1
1492,1315764594715 32841,86636765587 1,9959468338933881 186,39134511672046 673,0218757492651 417,7615718105708 415,14329297798196 87,4018141269488 5,40367129699797 0,2080787011254007 441,3220701610709 2,0060343791547925 405589,7489627964 1
1487,4604288662238 32382,372823319238 2,0032203071348547 192,93781449912558 681,4540369132651 415,8978910067634 413,46592201010037 87,89721149841472 5,399440087716373 0,20892572863679335 440,2617045710611 2,0077632893573427 404054,0649096588 1
1481,8859224303185 32417,058594138056 2,0232550726556777 192,45764250334787 687,3344719772554 417,80058406478304 408,2180155522429 87,3705952014074 5,311449940694503 0,20836678123784758 444,275843975462 2,005854558870802 410157,3791704471 1
1487,6853590219484 32556,62004944225 1,993545407897024 189,9634257789621 682,6642225392441 416,01517269339547 406,46588087210495 87,29459455339745 5,417582871338043 0,20830086885880178 443,65642802988424 2,024986964844133 408421,9390611309 1
1502,540069929538 32380,304590897467 2,0075232867251795 188,34236864432324 676,6143549902835 422,0412308805627 406,50715144279445 87,61948632304468 5,407612048621918 0,20771843840504617 443,2989363388965 2,007127125235672 407610,4596691236 1
1500,392309020239 32269,83217589121 1,9801531524941667 187,7484072019806 672,2621142408586 422,19395671404476 408,5993544343877 87,21906282318815 5,444919319947523 0,20925275966612264 441,66840667385827 2,0037399509317244 403851,9915858312 1
1497,8623861875383 32440,476440317805 1,9876558359572782 173,08940306497126 660,0014213772882 408,586162309251 405,3673041945785 88,4225412463877 5,349111940933925 0,21007907776555965 440,9804658628247 1,9944811870649286 407004,0979019652 1
1491,0168086241092 32258,103243426594 2,0005747023668006 173,5669813684143 658,6954777882802 406,47351525949676 405,0382923119361 89,64583379925556 5,372240963297271 0,21482503948052223 445,3899987389872 1,9862450184869598 406189,6441154438 1
1494,870395685442 32433,587563901132 2,001518329790741 184,35184652919648 672,2426461482921 420,0383252406947 401,2730084436947 88,4106740608914 5,389709473705173 0,21527432807060415 441,5034824006261 1,9814441529526836 407746,7810558427 1
1485,0301250798962 32222,95290667785 1,9874231771364452 181,868960865661 671,2630121459208 426,07512787736306 404,9391256474467 88,10445958672732 5,398301356114739 0,21854434408696638 448,7864555904902 1,9953765869272968 405289,61432232405 1
1479,552858973645 32389,52189994369 2,0138444044926302 191,4700472178437 668,4612342563366 427,90322507838084 398,8630061735188 88,44990683260444 5,398887658080678 0,2168825632907416 447,26491348252216 2,014036566765425 405412,2372632135 1
1499,6901341063729 32376,27950438616 2,00059255952932 193,06227396700916 681,2542024878536 425,4793009804955 405,5935653287141 87,01162557416872 5,418355688931741 0,22372352561098172 446,6032739670766 2,0037131993817 405765,2171019546 1
1496,8373917589884 32477,19697208731 2,0004878522268608 191,4807071453557 686,6847226314808 422,29954791620247 406,6540181758528 87,8466272820086 5,335380747299149 0,22244043524277743 444,95961259540195 2,0159451858472703 409119,8438475175 1
1506,2725663481165 32253,421059843142 2,007187682361261 177,748532959701 668,5769401108026 408,87064196203613 408,16916095827656 88,66950787110552 5,336258977685268 0,222685001656484 445,78718016119626 2,005938525484669 406856,32730575267 1
1490,492177906497 32394,767234225823 2,0087769943073024 179,28550765623925 669,3701996012787 415,327974432522 403,870333901209 88,62894838206502 5,440927972609034 0,22297780232578876 449,50743683486684 2,008272451278119 405152,4804789634 1
1493,3283599338479 32231,186391681353 1,9959793408831963 187,48896768701456 676,0892084236137 415,1617626350473 400,44685186968803 87,59526979480539 5,449838922128609 0,2263854338233852 447,66453915277646 1,99343244617804 406026,75591897505 1
1499,2548392539725 32541,403627916687 1,9992221130630556 186,688140578934 679,5939741499834 412,7220797480231 398,7864066755458 87,99253193788914 5,395077658936179 0,2296797508473304 449,33449543588216 2,0101805737889795 406779,1458911338 1
1492,6014153370727 32236,65167972884 2,008559473148232 208,05440276318046 701,4671942119119 410,59785602746604 408,3860309373581 85,98831162340058 5,370450482543189 0,22802938315962618 447,9606946876592 2,0153361843163453 404502,90743010165 1
1498,634230475089 32167,311002816306 2,0130242121573563 208,18492009762318 699,429285105628 414,5686461100048 406,75680842739337 85,8209736618113 5,398204576950167 0,22989788750212348 452,96821850235915 2,0049019278632647 406808,022863728 1
1480,0010073304643 32498,82164187943 2,0172058714952628 187,96595743772977 710,5034790875354 407,8998637887506 410,88800574918093 86,27700652529074 5,415511185329077 0,23152371069494218 451,5811364577254 2,0073917152361123 406529,0845925517 1
1500,2522534316897 32554,630231923456 2,0061945285701137 190,94965620926465 674,7431575364917 423,00341545092266 411,03079144256435 88,83869958803334 5,364227539340403 0,23087187595325892 446,9777029258706 1,98453571414848 405976,4973746205 1
1485,1462540476764 32498,60952105831 2,001082056386725 190,173531279149 664,189358238537 422,6974185565827 409,5205143122361 89,09245613554329 5,415255487372191 0,22946091868331292 452,43612396187956 1,995449785601258 405453,51204012765 1
1498,414758841748 32440,875839478373 2,0091597858853234 188,79012586342878 676,4655903719658 405,6838115098918 398,8249359691589 87,84051746248393 5,385810755193119 0,22974757481342284 450,2448740598588 1,9972466272006832 404911,77890185465 1
1498,9845734110147 32279,179460416497 1,9787097515246233 186,45140638487538 680,1837458375559 408,28885724753775 401,1964077676122 88,26204740243182 5,3855511409686 0,23385453426984157 448,24847102673135 1,9997179963946512 404261,94326260494 1
1485,9062329540918 32713,895292984136 1,9983715306314265 188,50744972045018 679,8671011847695 414,4969082054005 402,3363053810571 87,62984867941476 5,375790114053887 0,2343785008042953 452,3834388196538 2,000822597792548 401113,82343202905 1
1488,8664661603957 32463,311143110594 2,0170602445316668 187,5040316768255 674,1707103101681 415,727533783579 402,3712536275622 88,87189036377488 5,358494137370277 0,2323275064724475 449,1466053735245 1,993576661663892 406000,37123620784 1
1509,4593182957221 32445,933233615902 2,014992946171919 208,59040469338524 706,4304086525533 420,93736530900804 399,6405346729235 85,37925014045118 5,409189552132113 0,23500622058352216 451,82736777153497 2,0038977848284847 403791,71654410573 1
1500,9789488953486 32542,27714235127 1,9896206405514063 209,5545756179469 705,3988070303958 423,0019968683039 400,207951227171 84,9162857325921 5,381592423959227 0,23666923863395048 456,3184012825275 2,0037957616265945 402779,7122341649 1
1501,228953522647 32788,864514240515 2,000972878001316 209,54873103121466 704,1095512033631 421,4628538925951 402,38457435437573 85,59251304281514 5,361565269104088 0,2361201565780717 451,30032282246646 2,003595016240477 404543,0773871194 1
1507,2248749898167 32435,69974395346 2,0054722635929263 209,20101510377938 695,9660434589237 409,21440076391394 394,02705121323055 87,04257691409016 5,3712920411371305 0,24103816626287725 453,25084850114916 1,9987625704712078 401667,98770492343 1
1487,2999475615609 32427,56215572688 1,9966786244708887 210,22113933432678 693,9024705033377 407,06869368253734 395,84620659745974 86,15339526273193 5,427277944349534 0,23946776668390282 455,1658771612314 2,003054245112147 403760,2040521563 1
1505,4902409254587 32636,12068832813 2,0167277688474394 207,9196828005767 703,6832594049441 407,98728990026444 393,7396938999633 85,20441546534727 5,341848421622428 0,24129549575907874 454,47055001115984 1,9996279809690014 405826,7485915295 1
1497,791563536236 32389,444773508854 1,9968438878672983 206,41439425689373 709,2972701013908 403,97120378670826 393,33110504567446 86,05455817559259 5,405923809395601 0,24138952868935895 455,669076445172 2,0078705348830583 401464,228935607 1
1490,9972608162489 32410,69001730372 1,9928904170841848 192,41263627975633 680,9248244508984 420,0297819407072 402,5862514077234 87,33849799410977 5,449806712014754 0,24385692855144836 453,6215896768041 2,00094071440959 399159,1434316266 1
1495,5370011971308 32858,155869337475 1,985490024993449 194,19517465193292 685,4166036524056 421,87027142791527 401,5323395859617 86,69314266949874 5,422970382128043 0,24324206849396277 455,54354790244287 2,0042723834045044 400544,053405637 1
1494,3461100350669 32442,88936250956 2,008085384511816 201,55424452696596 693,1135389926033 406,42930744791994 400,6266864779533 86,31031507336198 5,391556473264816 0,24264284731864078 453,5632866179408 2,016172045195537 402994,75869330013 1
1482,7211407935672 32524,79280724411 2,012019394628658 199,2787123956903 694,9935025844052 403,6885460647639 400,1429973453429 86,94949898628848 5,364249073919146 0,24315064753710652 456,83074028333044 1,994658457064128 402765,5718971285 1
1498,6972770808331 32326,709619712674 1,9844399965711368 180,5388486083465 691,1236650539271 405,72133236037047 400,61508948823644 86,1375250190951 5,378475369348467 0,24386390346424408 459,7602201745245 1,9972087889700936 400324,2827558157 1
1488,1228036771342 32353,65438810121 2,004111710953518 180,90529692951148 716,795173285614 417,52782746895093 401,37114423381405 84,97869709409753 5,374959202157781 0,24486072689971441 460,5469567488311 2,002072665165076 405469,93786261795 1
1508,7495038543793 32344,711995547852 1,9990141025913215 181,78125595339594 719,7314691744294 418,4261784719157 395,8758622257157 84,36697897333498 5,387377191491359 0,24530954011256922 458,15996572520226 1,9984670961865705 404597,70640101796 1
1509,005971336903 32454,262182381754 2,0067600167868886 201,48577851227486 701,1105049888363 412,7918098947084 400,1100423061432 85,90034123302837 5,388222041048016 0,24870615655243034 456,68611463399765 2,0051150316526516 402788,3678394397 1
1495,915607782656 32389,771438115175 1,9932682346917507 202,62380869882415 698,6674135031532 411,05131710119406 402,58045793529806 86,31834008028935 5,393518030536228 0,24771568037909883 455,3003702985335 1,9903607442446185 400765,74825498427 1
1492,6525379549653 32350,67623081524 2,003914041361009 192,2340100160213 678,4657412310847 425,0323717547608 398,619190781685 88,01405252639675 5,385886521346339 0,24973072302841656 457,56515887008163 1,9950335008042857 404765,63516047125 1
1488,3580169513377 32476,052098525386 1,9972142540728457 193,88569625090352 682,7640657657123 420,81036384460947 396,53157368864623 87,16180109014347 5,333094052157073 0,2478985377219575 458,7019811354493 1,976209375387399 405963,4813559634 1
