Co2(scd40) raw_signla(sgp40) aiq(ens160) tvoc(ens160) eco2(ens160) rs1(ens160) rs3(ens160) rs4(ens160) rmox(zmod4410) tvoc(zmod4410) eco2(zmod4410) iaq(zmod4410) resistencia(bme688) Aire/muestra
1092,836027991 32076,64135246466 1,994602582652435 161,5337578203134 643,9896789764568 362,91699113991206 342,4817957563456 90,043670386241 5,426508235196313 0,31318385956396694 397,51116280760135 2,0166101280508304 503674,78318938403 1
1097,5042009865426 31855,62596453415 1,9709456616308534 160,6111837979528 639,6913528708238 361,226797496397 340,7318165338448 89,86732804525205 5,382142377450318 0,3397045816399008 397,89886290329287 1,9918679128644818 501493,7567453751 1
1092,7345447173032 31775,621402536824 1,9954599330345981 159,4650305901138 686,1830577141685 361,110454820092 325,58871814334486 87,23758295099215 5,377032759948511 0,3398020095439589 401,59612927499484 2,0181009319815626 499135,0653538441 1
1108,3511361921103 31724,603207925455 2,0067215329673735 159,462565667238 680,2733066713212 358,97763433152113 326,31898213828913 87,94889334449248 5,434099658069838 0,3681561567593638 400,57579230292475 1,9998872922206818 499804,5714272279 1
1093,8908296213647 31682,311398082133 2,009255542778616 166,25158909141953 643,291457136125 361,50546050275847 325,468974474854 89,67296887825795 5,3910038356756 0,35981285182558453 401,17260888068023 1,9914356031526521 504825,66084495885 1
1102,625654968301 32053,446532809547 1,9983870563376536 166,11595970892827 646,5330892765513 361,62477945793603 325,0424933124289 90,07544918168777 5,392769670638112 0,3948967690160224 397,98606342957555 2,00282659426893 506354,5976559066 1
1106,1846801733043 32039,561172288635 1,9955955694272436 180,11893031124805 646,5834917526746 359,6461294065432 324,6139583656987 90,38570581438344 5,431248842677651 0,3910270843730673 399,8266227505111 1,996451516783002 498150,49902436096 1
1092,174217262092 31791,855816925312 1,9901743135020133 182,48939108055507 672,4355808256296 348,61697622134255 319,35084231913635 88,72572769793138 5,417976191759602 0,4206546085128272 402,2317166190862 2,0019561434860247 499964,6017758932 1
1090,5602667749813 31677,04623541916 1,9847345430373473 181,73466624675052 669,603897055664 347,45921756329403 322,1442401696655 87,89363350935437 5,381776383377727 0,4232841890293069 402,6218016057759 1,9884750030513487 499443,03908500366 1
1091,099552405507 31846,36153860205 1,9950538424332682 191,69769981909022 682,4115220717042 356,6085295293402 315,89288093349603 87,07051423450572 5,427312143333373 0,4224369987474967 401,39637212131873 2,0058464522638415 497244,7842148192 1
1088,2897024292786 31812,455044377817 1,9983281274762235 187,62813198130996 681,3136430546351 353,94388425886507 313,63544116295446 87,20527511010985 5,395842497392857 0,44735893540932326 400,3937995061744 1,9970816561296294 499110,27119444654 1
1096,6138503929656 31843,887990277206 1,9973209675422998 169,82873447003504 655,7833600429051 347,15650867304043 311,36775989420886 89,25483619234632 5,398147029725689 0,4489701816389525 399,9987250277501 1,9786728432102518 498307,9192126077 1
1094,7705730101936 31966,10429968544 2,0131429149931255 168,3154985556349 652,5237907925931 348,745970361614 308,6339197685522 89,71595096660101 5,382526340540053 0,4726063591047871 404,49056603343365 2,009103381733857 497956,1891793368 1
1083,9494960925301 31883,877524709646 1,9945036162990626 170,0947891480129 653,2058227656545 338,7568809633414 301,4213638849999 89,42715768517023 5,3959526306984165 0,4765732058803827 402,7467407776362 2,0100909108765475 496540,59287577274 1
1098,2251333193196 31809,62075876273 1,9993951140796258 169,33213618612646 660,0566568832277 337,07839809887423 301,3833804415897 89,0248922618503 5,442297337369055 0,4942816262053242 401,72428118561743 2,006292862392877 497691,83077536046 1
1088,737127219588 31629,818188299512 1,997142765760927 184,41832110461593 653,7651382508091 341,91458239061205 302,6780041435175 88,61568673552907 5,422474981017064 0,4934600319656982 401,27639618290317 2,015987031192801 501622,3755639237 1
1083,4769030512734 31994,484835098974 2,011982326326134 184,4222298447411 677,081150539553 341,1509056736055 298,8350005583797 88,23580222271377 5,389150427954396 0,5182078166417232 400,06310726840917 2,003959489204749 500270,33592600457 1
1091,022610297051 32020,34505269083 1,9962987300093777 183,56720718125507 672,0391972062037 343,76311381081894 300,5266764482555 88,48499676669866 5,399650163745467 0,5148320215049552 406,75972637311315 1,9871751722606108 496449,34132479655 1
1100,2399138646858 31581,73928794306 1,9988975537831464 167,06706416648737 647,8999458434802 339,9330461117364 295,25577824221966 88,90658844537107 5,454152328291706 0,520232220445155 405,882295558076 1,9907734855861468 498609,6714495801 1
1095,012064535781 31971,96908315117 2,0026812677138524 167,4624701924035 647,8041608594013 335,5745079653034 294,7004493207419 90,1646847869522 5,43187326319214 0,5389364709973565 407,41472940782296 1,9982017764979139 499790,5525201856 1
1077,7266202120222 32071,649731896177 2,0158095896192294 181,75749935876547 669,7665064413216 344,84189716728457 292,52041152025237 88,4434750622574 5,455039182804701 0,5370751081897936 409,88750028331407 2,017090403365286 494602,62461497926 1
1084,4941250217848 31635,958885763077 2,0054169750030186 179,94873115703956 657,5954528520641 343,2686593004145 295,21114645172776 88,8177738512196 5,4016458955696915 0,5590812368010438 409,23700303725263 2,003804299435131 496458,5745601331 1
1084,6890810296093 31917,395775136054 1,9958565410114881 174,15992282072526 662,7522824440341 335,6404380619101 293,5624068172429 89,2403396165061 5,402308962488696 0,5623004129876661 414,21805180834974 1,9962331077198963 492799,8371710768 1
1086,6378449412418 31657,162035358077 2,00885220435118 173,227952922853 662,1069334776224 334,2182409837764 292,2829313583205 89,48790656373875 5,376406791463956 0,5770100544125706 408,3439165983716 1,9890162342232185 498042,30089937715 1
1097,007354973045 31855,812943339188 1,9933579784533728 194,28545450888504 663,6163465347469 335,40267606653623 294,17556582824596 88,86059965709849 5,396374312263671 0,5823002289546909 413,8012926849506 2,000043396530531 492116,19002830004 1
1090,418313699007 31667,321866667913 1,9936628752114038 195,0639161266755 686,8995180928229 341,45288148951903 287,625510249314 86,70736533714555 5,425523189627589 0,6011888688449033 409,96909241315143 2,000763305851904 490628,66588122863 1
1088,8221037834924 31359,96377364651 2,005807108070946 193,4742696584517 684,5673416507509 342,0402668322909 289,19953855844335 86,77028997607533 5,378443538659834 0,599494358083846 417,6641815087667 1,9868130946350537 495161,7874417036 1
1093,4344100195592 31543,146153853475 1,9999920647151723 162,5690566936423 644,400142325655 339,23299335352584 285,5057880227246 90,80041228932528 5,427871593535548 0,598766689886431 415,8584064966226 1,9853409915308202 491214,6617559751 1
1097,4152170718526 31866,15958937997 1,9919965705956073 161,250903748266 633,5542436864828 338,99627849371626 284,357092537728 90,41941524996953 5,401330125547011 0,6116453237314493 419,6833890477587 1,9871126313437046 492639,27232086204 1
1084,4639191479075 31610,91606683555 1,9941778055244421 154,80652955691656 633,6416351096975 340,01062077170286 282,0514456697088 91,7676916810315 5,458588635169963 0,6179715835475471 419,4919149472679 1,9930298725356523 491250,06220137654 1
1086,3363327983373 31642,73383635644 2,008485754622329 152,06500748836118 635,2114247587657 335,5613824475762 282,8792071825743 92,15533005063836 5,442978480077963 0,6256133456926082 425,64762591545116 1,9869034243894512 487400,3761481786 1
1093,846290337078 31709,15703888333 1,9966368308745017 158,4305524035534 640,180246425658 334,49471044021044 293,1069958031494 90,53868965549893 5,4541288274018465 0,6251386422498472 421,08603889789845 2,0187663405904877 495306,0233333655 1
1090,8413885607447 31785,60637094962 1,9899033593610271 159,4165585355479 640,9365292030648 335,72678150910866 290,5292908170754 90,72447186423356 5,4583389465899765 0,6370948824974935 427,30998288695224 2,0116473349812667 490385,50467542675 1
1085,1605843606637 31509,16138713293 2,006731245388923 186,3453875724734 634,2536367332892 332,5604988426085 289,95596078025005 90,60683848235381 5,439710139366503 0,6470548169470851 423,42410367033864 2,0064196360796425 487869,83284162264 1
1095,1709884799923 31648,890440409392 1,9956467157563884 187,38986792091592 667,8615760881487 329,65344404296883 282,28371521114 87,83419668380319 5,413943906091315 0,6607782996225232 431,56669022659077 2,9740486626809393 484796,5515973656 1
1090,9726332187124 31806,040624519253 1,9899779116426675 186,3744548692197 677,3902523746518 328,92056202942615 284,16362466484526 87,77478999657225 5,431279454610936 0,6576997132790445 430,1049957015554 2,9844107304563394 491033,904473619 1
1097,4917102873524 31802,724052900456 2,0174225285393566 177,4343630769542 663,5232684927847 334,24989249639003 282,0686269863046 89,10868345444051 5,341663693850657 0,6581782091928093 433,19049029295644 2,9718106398660473 492143,788050153 1
1094,1815706912212 31921,390799700734 2,0010351719503645 175,89228616175515 663,0857889500143 329,6256335880425 280,4910477984244 88,38466012407383 5,406215919972288 0,6652783174872972 430,4486434302695 2,979993820488751 484950,61795282236 1
1093,8020105618261 31878,186173599188 1,9885664125512679 175,66432055308667 667,5723093115594 324,6361222348279 279,90101925620695 89,07739016074393 5,378038102826492 0,6698989257204807 428,5705004608623 3,0079797772708874 487191,8749242754 1
1091,7808680813969 31913,763026945206 2,0038008052442775 176,16518008289026 661,5468949425843 326,81872415775376 279,6711167927152 89,27355816075058 5,421076017902805 0,6786806758359483 431,5186639850078 2,98915203820725 489916,1055260357 1
1084,9775671495158 31582,035426527378 1,994827735518802 163,914118888917 645,7309888712992 332,9323999169039 280,3934888180392 90,13928703739148 5,495527123583444 0,6745614614417077 436,21101630827195 2,9935635257935855 492282,56293369865 1
1092,730193696962 31574,704706046105 2,019034665521978 164,18740461697018 655,7604689388018 330,78462336427555 278,7085883256679 90,81326272284349 5,4457375954769365 0,6878272664885606 440,2910536135228 2,9988513048635776 493393,10713437776 1
1092,9177071219356 31593,6897152914 2,016612800036088 181,18331274316472 647,2590949800957 329,4616707872711 276,56053133051455 90,07748617511969 5,391046368588247 0,6868439432433424 437,21093097071156 3,0005121483426134 489929,047807915 1
1090,1637758345948 31772,08028171086 1,982133856991494 180,99987422749734 669,8285424536815 326,01248072415075 276,46687770211713 88,09283046353382 5,400742865871535 0,6983074323584423 448,008076818921 2,9846005484230735 493333,4337962285 1
1096,149544434144 31618,82280621902 2,006567282829495 181,35450515003532 664,5055532066051 329,4772529449565 275,8085432604979 88,34188751563654 5,420404969047467 0,6948970404861586 440,44433027052384 2,983251414979478 488887,64139958087 1
1080,2232311489174 31718,893113570295 2,0020352103695522 148,68827944032225 665,6762990354435 323,16966002793185 275,4241841852971 87,81461506548503 5,376654928953595 0,6988878652299098 444,317784811639 2,9875777220332442 486337,60691821814 1
1090,6116437772039 32004,989119218608 2,0062779357413882 148,01388556606665 669,3407879593831 323,0137786387253 273,7673823056765 89,39683319522341 5,3687479959810265 0,7065068546567367 448,07266748657173 2,9986677011575806 484033,45445361227 1
1091,3766636682426 31673,511850608316 1,988281571115319 167,34393425303386 651,6406841646273 336,46923919820154 275,4947181789334 90,17534383055515 5,356557840080965 0,7078804449120144 447,7375102435334 2,9675791649445564 485195,7402463969 1
1090,4186525983562 31733,558395081443 1,9957034247707277 166,84432749220824 655,2970953995782 337,70276492624856 273,45439865396486 89,74437834151949 5,436698513509632 0,7140516052487621 450,45635342315234 3,011697688076815 487960,30153253226 1
1093,560280283941 31827,96699400909 2,0001592253246754 170,33053179063953 656,3284938930059 331,39984793574945 273,90942904568874 89,04859244983554 5,406582037466721 0,7136380360270955 452,6046697060252 2,990555036099284 488814,4731334499 1
1087,7123622811778 31829,7329418104 1,9970643865544009 169,09432794028785 658,5858508786991 328,40166461702347 275,13168283489506 89,36174053186312 5,396980389483429 0,7185714225189885 453,52088994209106 3,0097155053715454 483866,9873576584 1
1088,5656920935835 31466,64689881817 2,0096220736475505 175,8236934559706 657,5015606424148 325,92191860042607 273,0971393665416 90,11039312680792 5,421609215870047 0,7236256294916313 455,8466039113064 3,0072770769219517 490708,74999905966 1
1081,3227577126825 31829,57242960557 1,9908211614799707 175,51346448502255 661,6409006189144 318,540096146799 278,2867070783301 89,32609583557748 5,399819753901854 0,7326255004854983 460,0288845764878 2,988370234263042 493393,9163575446 1
1094,1853186671226 31617,47691908907 1,9997535733949041 175,8935787910259 660,7411612796334 317,10717720924407 278,4896952554919 88,78378934787192 5,400322158065829 0,7215589645607011 460,39704833232827 3,017268459379181 487399,49449027824 1
1094,90493607878 31747,598729884696 2,005058692778965 181,06694037586723 651,0228863670769 323,75615368854875 268,98977757698907 90,1436875429826 5,418157189540153 0,731432447044367 459,21912416684415 2,9808607612255202 484531,76802378334 1
1090,4407912193121 31626,879016212 1,998644115992737 182,2470230387887 647,5521823149583 321,88131960601265 273,49982622863786 89,93422707640121 5,4088006386580645 0,7352554816326867 458,1477199560101 3,007087140537231 491038,70139005536 1
1091,0665248738107 31869,85934163351 2,0003404817327204 186,6609966943966 669,827577714939 325,28124762449977 273,5182904902344 88,16081783614115 5,38866740311091 0,7345250794640463 460,9831285540459 2,9965196812054575 487426,3227242357 1
1084,376374908466 31669,132921198914 2,015717786316503 183,95022548143908 668,7362113537347 326,17626104579864 274,8369262566552 87,83710257533988 5,414223419686534 0,7470695952669951 463,4825861615911 3,0028996298522452 487753,31774574093 1
1089,8144291551262 31737,229753225824 1,9905038856031125 196,75248694612912 691,674327401464 319,320330841947 269,87763680601864 86,4944151548088 5,420839805934649 0,7429736614591425 460,2427953556914 2,9879066456856247 487168,169128869 1
1090,1120512424184 31665,784355230586 1,990478134974075 195,9301192060187 684,5614871279066 319,0262330724412 268,8684416861996 85,69531316657942 5,362876613206303 0,7455587566562903 466,7601103753162 2,9747365748683348 492495,21990854427 1
1099,5255248345982 31852,40626696152 1,9839909231975423 163,9438460996568 688,3686347074818 317,9102175032797 269,247699049098 86,08664776472253 5,451013205889913 0,750491145741308 470,82820442238716 2,9946600223816078 487871,3109422715 1
1091,9406932932454 31563,21557311687 2,0029409692851434 162,93288348936952 651,80542529982 316,0732458914771 267,77929932632065 89,8422275136919 5,35528281388986 0,7511131334862549 475,2201211305637 3,0051642124509645 482713,1970909978 1
1098,175259774449 31590,458188848534 2,00558911126713 163,03912969071337 641,6923185241876 318,88689742179275 268,4606715681348 90,59225858621242 5,431869501642224 0,754202888422473 474,7456136148176 2,9778718066206062 480928,3547984005 1
1109,711164448229 31365,14286245908 2,0215765581021774 153,90191884152514 653,2476268356412 314,29541363831015 269,2597853913537 90,44023887126087 5,3859637426886975 0,7548872544428312 468,3804728610168 3,025201306638324 482459,33971290936 1
1086,2560024784218 31630,849174830797 2,0127548828503548 153,69084717139665 653,2556606003278 313,73296169990846 268,1109757859226 89,71776355434605 5,4013017402430945 0,7525029630717023 474,19140311450377 3,0053854578665393 482068,1730054329 1
1089,4437437039387 31549,146086982197 2,0059680255410433 158,4041844923587 635,7635970455173 313,08877175140213 268,0549129515669 90,44863743213212 5,366077211000675 0,7666842795397616 471,423880681617 2,9987483854554555 478273,5633174218 1
1096,6546122997788 31530,522019857304 2,029069497213447 157,58671221142203 639,4080444839326 312,5089970354705 267,3107789149542 91,03653529926179 5,421086809157814 0,7570240241155318 474,2175188090303 2,998394082305787 485932,635486332 1
1094,4144576475394 31722,013748203157 1,9884624318444968 178,04840312598617 659,4495641780213 324,23405374325984 261,9571200317362 88,49155835549068 5,437835334575375 0,7595637449336954 476,55309975666694 3,006404748402428 486755,19033089076 1
1090,4314468211523 31793,022215675304 1,9954685679239954 174,9299207111249 665,7826557066035 325,0447450404809 264,4433078992302 88,81200670034619 5,392475269119275 0,7652013513359445 481,5047936763989 3,0275337505088817 484024,8228777829 1
1090,9945310976361 31598,226238408846 1,9916952344139702 154,37995797645286 661,7817877242651 322,87307437890996 266,8762083976893 89,51947939944034 5,3540153014082765 0,764496683475275 479,66685581204376 3,007268648232408 483823,9193756399 1
1101,687812746063 31715,283100956985 1,9989905680154758 154,3039194633654 636,7047472855343 320,95055681942637 265,79514020833386 91,98934269869338 5,430172218481075 0,7717245934941495 483,64337292387154 3,000340194860393 480852,5825674079 1
1087,812708374725 31614,481635448294 1,9997213455683887 154,26761039492374 631,5154813417555 323,83822337119403 265,50852374240554 91,58733934175346 5,437183765241154 0,77533767107646 478,98199831928514 3,0156414193994125 482150,12681450107 1
1091,5551252063808 31714,940411473235 1,9705566192092365 177,32467138227153 637,04457365451 324,16528040567846 265,82977275819565 90,44239352315238 5,409449233690062 0,7669435326770673 483,15888176039715 3,0071290530215884 478875,4736345345 1
1091,4929872076502 31798,726689466537 2,0096256282497458 178,32892251168255 634,6560948885327 320,92286003571695 263,7643721773035 90,57638906349061 5,422254399719862 0,7788386732099276 483,2950197401248 3,032742929624428 484002,78629805683 1
1087,39772408609 31680,060531082618 2,0078093779853066 196,12179278053748 686,8466922284051 316,8879112402958 261,3400980850974 86,64223713228029 5,409828089811311 0,7729901375406719 488,26171187966224 2,973384753385945 483942,96249911305 1
1086,8421915575539 31592,477543992518 1,983676751044238 195,72622424746325 690,4195172531148 319,5693210024722 263,9358541629622 86,74798167961498 5,389117978262138 0,7757030758575786 487,40471656577955 3,0177934873140018 480694,5090185471 1
1087,9382207003746 31854,037497052177 1,9887765947498148 160,93782098452056 642,6534140668117 316,0251181875677 260,23546756809446 89,86165871129978 5,348921975379061 0,7737045873285974 491,59589464836523 3,0104203462351906 476900,0958184943 1
1098,305988332762 31538,574021106815 1,985877450822848 161,99303063316665 644,3490507782933 315,6853805151305 261,9287859932393 91,10114458977937 5,399087940459583 0,7798845947270329 493,2789125389595 2,9999289266253064 482620,0208948035 1
1092,421728642848 31791,442028989375 2,010697491273367 177,89707131839353 642,3486215432091 315,201341762533 261,66192082725723 90,3361844428438 5,394616821978777 0,7816951696340189 487,0857924967536 2,9969129781932518 480705,05626083753 1
1096,166751992922 31607,889469074722 2,006927654747258 178,25717508007585 665,9934095020297 313,6489416605665 262,2628198544871 88,16128629840878 5,408854512229294 0,7902002831940315 492,76356808780173 2,964250119369658 483122,64502447145 1
1095,5534311998504 31538,110563944654 1,993983255857592 176,61488877697008 664,641831218627 315,7404550573137 263,17508397916663 89,19716692859107 5,463762676815842 0,7835951479226838 492,9173067059224 2,9812611232260884 481040,9919358454 1
1095,3523835155502 31872,86028883776 1,9896180477089551 175,75118995213512 657,7834512537454 317,6321540337214 266,0644842083885 88,55953149762162 5,371000575583785 0,7836630879926847 496,77154503374976 3,0140322029419284 480524,2560774393 1
1085,6180181466234 31464,179032234486 2,0084735056478875 175,55872924966178 652,9919464893225 319,09274739753613 265,75058347048133 89,1904325397793 5,417223077198118 0,7866923628064757 498,7835048357065 3,01122093633663 481200,2245990438 1
1095,4641937556628 31618,520613312325 1,9975443904454633 152,68270149692205 635,2162102193579 311,0715654119409 261,4955200023434 91,09069718649378 5,423845248839334 0,7856643199159672 499,4832597383543 3,0044431034832364 478002,9165517303 1
1079,5876012260303 31778,211155589197 1,9855440579934247 152,5579182993227 632,1985418353858 312,0123273331168 262,5417981476204 91,70362836962104 5,374983491946807 0,7913220509075787 496,7606315864938 3,0037927110140163 480250,9207836221 1
1090,2080564054052 31511,06372499801 1,9940493339945211 164,20678384945543 645,7618855961854 317,19436799211593 264,0629578394863 90,34866872215034 5,436685104331309 0,7828327357880852 497,5416737737218 3,0045645900166833 479393,399489785 1
1095,198077300145 31890,251733413264 2,0031254479372333 163,2790873196766 647,414628105815 321,4717552276615 263,7191946836695 90,83186843093311 5,404113380937003 0,7902259810170094 499,12077858914284 2,992378890382723 480610,78212270077 1
1095,6262439719098 31747,185912615492 2,0022536821760526 172,9382703554352 645,6014793014484 323,4340487939427 264,2781254135301 90,73083508263609 5,4541458637593045 0,7921207993491773 500,071059499648 3,0049992572201916 477667,9421076741 1
1085,6348694664166 31670,19606363732 1,9999879940294953 174,62152548702335 662,7466531354233 305,1438444727419 269,53065939025703 88,30689067167629 5,398472729132321 0,7945491354354599 500,8810460624373 3,040048112741348 481644,6524524123 1
1087,219702981386 31614,191931634374 1,9940417465681681 174,61689490736123 659,6219770396749 310,52166061231634 267,9852726727435 88,74622695394237 5,3925142652380345 0,7990036459445728 498,26040209773663 2,979894050796538 481552,5135454471 1
1100,4935595476552 31630,07427214765 2,010338130768127 166,8830398537873 674,9037695287718 306,1269995566121 265,02921957485137 86,44152496805248 5,433790684241983 0,7948563512517887 498,1389723541738 3,007621272199394 480941,1170834199 1
1095,7069505461757 31587,666891656292 2,00394994949779 167,59042893722923 683,2055397621313 307,13946998523545 262,1609892300582 87,56393939159952 5,375021155151426 0,7936732171317041 499,6722554900847 3,000553847969141 481360,04468911974 1
1086,9519984505143 31531,44712312467 2,0040805164126785 162,91782873738842 645,3672130862234 311,4003861292949 260,57266129245664 89,74356761861428 5,374520604828198 0,7910116737280422 502,8796651002199 2,990625453349229 477751,54318310594 1
1094,8660886205455 31596,756572020196 1,985070391751332 161,9363911864034 642,5126718853453 313,51036820416454 260,53891076701285 90,09871732532382 5,399424707136428 0,8044510254065206 504,52897902611363 2,9971310573040566 477876,71563839953 1
1088,258882129937 31375,046138794172 2,005145771580679 181,46903099736633 667,8870175432921 311,9413411170645 259,22506106090395 88,3529843964157 5,380842360953269 0,7903709903481341 504,412911280178 2,9997416185247125 473298,1916266754 1
1095,2674471690782 31800,818008584527 1,995487901283707 180,16524147202617 659,5988187536981 314,4603907175813 258,9532998431187 88,42576532714364 5,390631116578716 0,803431201302909 502,37404893595897 2,9919348884050136 477166,25325538253 1
1098,575088433012 31565,688572954095 2,0140095422899917 179,3782147448237 663,2224387172351 311,1737294915147 259,7120187462046 87,89604603057764 5,391496370345186 0,8009491407441868 504,34005302866603 2,9991185253210113 481287,9452864142 1
1087,049357097699 31527,40663802311 2,0065606773775246 178,65898863480842 660,3572570976764 303,3401303515182 255,66656415743236 88,40018671742969 5,42104565725175 0,8083984845449159 505,67369690963295 3,008527106686472 481290,5242350942 1
1088,276358514198 31794,19460362532 2,019988670058092 178,39652245992508 660,434677107671 308,24866022365273 254,2218088671941 89,19102343342982 5,4147683246158795 0,8054012756605679 507,99583459490293 2,9998163072335022 474205,16766245017 1
1090,9104966178204 31645,682560929534 1,9954130880336074 161,92283365784263 643,0948211933171 309,54578975073315 255,2863660896223 90,37655240116288 5,402138468169148 0,8049495974588299 509,8022623486708 2,9990349126910307 477392,4465712041 1
