Co2(scd40) raw_signla(sgp40) aiq(ens160) tvoc(ens160) eco2(ens160) rs1(ens160) rs3(ens160) rs4(ens160) rmox(zmod4410) tvoc(zmod4410) eco2(zmod4410) iaq(zmod4410) resistencia(bme688) Aire/muestra
1204,8400992840761 31942,955824745568 2,003678731791028 147,63082172786 618,8370646519986 437,83994024339734 543,4556860832134 92,53179721290877 5,476008809694839 0,03409324522939209 402,98532916147735 0,9945327320605721 611421,5032199308 1
1206,4747125383376 31713,03597049079 2,010450021133435 166,9234616442033 654,1386511183885 434,66424228894505 540,4427052089713 89,43686288571615 5,423525597437161 0,034035879753322444 408,26612758606245 0,9992190772154514 617015,5784166903 1
1210,870913375438 31753,165015474086 2,0004606957986484 168,22275907149694 646,2351203035861 438,18494406754377 540,1630633409801 89,25411336038212 5,464254901435433 0,03484069886850938 399,6810083549454 1,0033754742294443 610241,739094931 1
1204,177023070173 31916,42597631984 2,982360950896867 699,6807049106719 917,8584292918523 320,2742933417471 201,7663335370596 59,95563014874999 5,502244965016507 0,03457942913198704 402,9764383995451 0,9978133995768815 603904,9779921576 1
1206,962974063061 31839,058370908286 2,969295164050283 694,6006952607709 920,5949390206424 320,10117526559327 203,4379675243932 59,92760527529887 5,467088587921096 0,11745826422270256 404,7976002403918 0,9965388439025272 557411,6301444599 1
1208,9858424699612 31242,73722443572 4,993135707484403 4114,378740850416 1559,7273689578315 164,89939862665955 51,03221010189858 29,890498153200554 5,451785402401122 0,11810506760911021 404,80106740232975 1,0034323533586436 557128,0925722879 1
1211,5144335934972 31543,46567906145 5,01466847328884 4075,2532633764918 1557,6845795997183 164,50213065222292 51,4695318345053 29,650152460925835 5,475148730708158 0,22597614881333755 406,127861121112 1,9774565612737482 555834,6106294169 1
1212,1690382840616 31188,581175870713 5,004304360633517 5599,141051738863 1567,521598371224 164,13207047577404 51,60337182612751 29,751145808953858 5,460241634676019 0,22510206982742376 407,47036363758895 1,987322788810344 499512,5555415091 1
1210,3130097910168 31268,655731821727 5,002073730881669 5581,205707413397 1901,0843262835647 114,40305330698908 33,541493765702654 24,345655549795037 5,462774536605151 0,341458331280263 406,95912435645783 1,9900340153047686 503086,43325734424 1
1218,8899964881869 31020,503381972543 5,017092201921493 5573,535335249867 1888,2388939104308 114,61083153597338 33,41866980120184 24,73138180811347 5,447866421452586 0,3418492504626119 405,75029455348476 1,9887680777999561 470907,5120930458 1
1208,437249962894 31361,404487305732 4,995547740789804 5419,991882938819 1844,839323443714 95,36358929067566 30,59565692449376 25,27622855222131 5,409030423696589 0,3451540276687075 409,75509892571654 1,9961401893976396 468676,8417857429 1
1208,2818351195476 31098,957676495826 5,037242700453191 5477,919476499751 1838,2842481681184 95,90499914047777 30,432744810095752 25,324778161258518 5,453426139583863 0,4555576535595372 413,8428814046738 1,980274345909534 442561,61666830216 1
1215,6986618969127 31335,520512351653 5,014003483200106 5030,070767429313 1710,7895537391234 85,44022202715539 30,3280818990079 27,360349698852424 5,474549234067139 0,45575140665827546 409,459173904248 2,020674413850409 444866,3119120544 1
1218,7649243229853 31352,91898685926 5,006672859887931 5021,523792022673 1685,2136703191115 86,01178422935395 30,248804021344394 27,279700029612936 5,4734475437173975 0,5666267245313362 411,3228884839723 2,0113334402356777 424612,44849658833 1
1215,345260235033 31419,716479748357 5,028476057572968 4250,153229897256 1588,3058648991894 83,87136507597648 31,302105131847295 29,519308158231574 5,466151386536148 0,5668522464480004 413,0453315856721 2,014891343398832 421889,1932262912 1
1224,9745181701294 31179,169867043853 4,988029528989128 4260,216708533171 1581,9789947476806 82,5248550565391 31,566516652317507 29,426473964867924 5,490254075847471 0,6612167554576817 414,59190040636594 1,992955294719752 425250,0917317142 1
1219,8662746853795 31294,11431000753 4,990998394351544 3637,6700312919547 1585,9858053193816 83,2182652877 31,08751289671623 29,410392772584174 5,427540073623207 0,6559878657497703 410,15316084981595 1,9971628252590385 416192,05651785876 1
1227,8502057315486 31156,579025728322 5,003630034980636 3614,6595394519154 1503,4500502051228 85,56958190725743 32,9818232913134 31,46684676391516 5,4456790248283555 0,7419018899420278 410,7167392371723 1,9869370190779247 415598,304525011 1
1215,1728713224763 31019,992921960227 5,01238471841694 3599,854309487121 1496,6069976929782 84,39881528072661 32,869078690775446 31,52170576706106 5,4402559487640865 0,751461171982206 414,27602304041017 2,0236966319087584 401534,98276414874 1
1222,9230289554034 31279,367214204787 5,0000292641433 2934,9135994812177 1377,923698556714 84,43405716329035 33,93671728811874 34,357124300884344 5,502998715936204 0,7548549030093348 412,1418028494125 2,009574847389669 400380,2414283936 1
1223,813428049534 31298,243440188886 5,016463630494367 2937,4255884095005 1362,6466699943571 84,31455990029961 33,64333991488819 34,925615236118006 5,502899104320558 0,8263824457347186 413,411033841713 2,0076076423128644 392328,4623965969 1
1216,2244248006962 31072,91036881984 5,005425078777202 2409,0331977367223 1293,6180816269543 85,06651411870926 35,26074507984731 37,19614849309268 5,4738370552446085 0,8309893861965297 413,97897399792953 1,9832844674788443 393673,9701203377 1
1211,5851145497415 31460,04550555369 4,97248230731773 2440,7702517323128 1291,5827251815244 84,92137093959485 35,30741113956242 37,025566148561445 5,44778926266373 0,8893320598587091 413,89001312971476 2,0093014258737107 391888,5300831507 1
1209,15994843378 31323,256946726728 4,034141549556092 2122,8660819056972 1246,3528827950195 86,77936433840527 36,469249850638874 39,13159829442703 5,522073709023751 0,8929761958313945 416,2732691270488 1,9866150266670735 390491,7416845041 1
1225,9654531308852 31245,67941304095 4,0185176006811885 2131,4966448948626 1236,9376846162863 86,818385393751 36,91350864741746 38,989476828432 5,427675862668335 0,9630947046851637 414,6369509092778 2,001489506831099 390027,7966916545 1
1214,2817011988927 31386,150070690535 3,9689024081344457 1924,130832884786 1240,7961756804577 87,0718027940943 36,88403833869638 38,99910277515102 5,458749556929608 0,9671376751925862 412,20098583838967 2,002663286609041 385654,6390737208 1
1226,4722758085768 31463,488497352966 4,009265606598711 1947,8373228191572 1207,2459150632187 88,16648469744786 38,036553597749595 40,76273841492292 5,47648387880734 1,006285622583445 412,7990741365928 1,9955440704915215 387318,8787022609 1
1217,8065418188717 31085,838564606667 4,039714269192745 1962,7617084333517 1209,2765148280469 87,9878144678727 37,94720781308933 40,415034245248094 5,489979221653798 1,0129202794722543 415,9410845813804 1,9925409233547346 385088,3338689703 1
1220,8539195707124 31078,471263678686 4,00900144041199 1846,0234527089738 1166,1488162600156 90,35253382310263 39,35116067536867 42,13983359697415 5,441933816667089 1,0115168520752946 412,15177338130536 2,000030596096835 384865,78831164 1
1209,189691322519 31490,68499799288 4,00039133856528 1822,1579819844342 1161,2005399530954 89,69855778244059 39,62340339428239 42,31140323832124 5,4444798192670465 1,062340195968493 416,4259799860542 3,035839769487861 380564,42081262276 1
1209,8710611231577 31453,5964552122 4,027056636680135 1541,3979315523914 1119,9690840252467 92,59394140998235 40,98979713558714 44,158568056219565 5,426230438140653 1,0530656536453395 415,446304439953 3,0080705489075164 383833,7016008862 1
1221,7045389612365 31380,09621788616 4,011251543143482 1532,2958670592961 1125,0855913240707 93,05923780983723 40,35379992441371 44,67449170631825 5,48418621445606 1,1147499496021298 416,1870889283025 3,0023728737356477 378576,85785413795 1
1208,5282187677233 31314,157238203523 4,003978998728012 1467,309216804098 1114,3573495885778 94,17948499871842 42,082191737803 45,02463593030586 5,498422202537994 1,1022503958904115 418,37186898302275 3,001353061238059 380738,9863216066 1
1208,0812488970219 30984,58176174919 4,039726714262581 1462,216070610554 1120,3062632616961 93,91921557076864 42,005188603343306 45,32515062907314 5,447606532580031 1,14305753090773 416,1614476996227 2,994952311629204 384724,27217417327 1
1193,4318521068287 31311,694240050518 4,000879541719316 1410,828399144408 1108,7531604114627 93,5848044578391 41,94552964863043 44,83089666057243 5,464717424244234 1,14295219128783 414,4717685990179 3,0246052698908996 377822,5458601412 1
1203,3263310996908 31559,083327520202 4,007765566482668 1409,22720600252 1090,5712091102716 95,06646574363081 42,09119490916713 46,254589118610696 5,469651819560407 1,1606404295182227 414,5056764885351 3,006277330451271 378932,58839253895 1
1189,4662932877013 31454,772761689244 3,98411370347198 1404,4838321148482 1096,1386459757548 94,49828254520266 42,23543092989964 46,50260983301487 5,427704077359309 1,1820824947068056 414,75116087903615 2,9861414388190175 377721,6589785076 1
1199,1757566312788 31225,524935008125 4,002531472310892 1354,1843105979012 1067,790695626731 96,30111068368775 44,17552014416667 47,86468372134056 5,454851433784375 1,1680173139985353 416,9369353015053 2,991674748870527 381354,4208352973 1
1197,3150178106134 31623,763692339853 4,013489806808473 1345,1186551392186 1062,843777208917 97,02159856534381 44,26900483687844 47,134216709547275 5,479525795462259 1,2011422269311591 416,97359240420786 2,9910598418506953 367693,7790736311 1
1180,5218677117223 31434,424820399094 3,9786685071097567 1275,6149045763354 1065,552976274767 98,5357721357634 45,67810188770775 47,85314748907715 5,4539261824299015 1,1890107954529336 415,9233209845538 2,9746935385662012 366865,65528581536 1
1189,522629866417 31381,980072668248 3,994980022585108 1269,910840195255 1067,7909528563684 99,17203619888251 45,6020928545307 48,113517608656956 5,428240925157737 1,2171402988104887 415,13460128451106 2,9995784776806556 372675,3196630939 1
1194,1700451664235 31093,905226470786 3,985083515487998 1132,6671793020344 1029,867683589585 99,57038547177633 46,00208513474798 50,307257116693705 5,501271912546575 1,2213066007099183 413,98278080654507 3,001144485381955 374295,6499186862 1
1191,4334716869234 31538,550808231048 4,012728768104417 1115,967613923111 1030,135435703207 99,80422333666282 46,22283949801544 50,01848082270719 5,485316954303706 1,2495509925065458 416,8103326977523 2,992235451709851 377836,7138032948 1
1192,8940237500556 31315,42042082766 3,9709441277297977 1098,329090726173 1028,8277179879835 99,48027888531712 46,7726274039864 49,98590689828552 5,459053334829965 1,2467360173785975 419,56558913543546 2,981640694366816 376000,13551806414 1
1183,0019086673167 31370,694336689725 4,029435891634438 1093,7465673267654 1016,3200588150715 100,537262761961 47,66814040147752 50,646505163528644 5,440169744231727 1,260781061217941 417,2511416328019 2,990562674758449 378164,0029567079 1
1182,9959100814476 31230,747760172602 4,01061155010999 1083,437776943201 1021,9578203814581 99,35285520233315 47,48458959310168 50,89999147183833 5,480228747364089 1,2495304327264136 415,4672803466354 2,9950545486390974 376459,30703363713 1
1188,1244832356783 31113,67758545566 4,011206176987359 1100,4356703169435 1012,969109966331 100,29518498202002 47,39264853953279 51,294297493692234 5,469595834376214 1,2629077522078165 418,3554312460948 2,9995017377368667 374804,6587818631 1
1189,4990714563467 31424,01486669521 3,997983511750103 1107,0852522974208 1015,5720331665375 100,57351331114826 46,92742325995981 51,45544291395062 5,4532605749084695 1,2766781753147074 416,12433767299126 2,9784978207931787 369121,3428693957 1
1184,218638968893 31494,53903274033 4,034126964687304 1146,152036184101 1028,1177551871615 103,04430465952125 47,96056687083692 49,967793554773245 5,4265011104411425 1,2727322327532629 418,96563139259865 2,9788490759395367 370678,6180210555 1
1181,031743209275 31401,618835503235 4,016421423335374 1143,7073508486749 1026,9741825091285 103,50341298841329 47,598945455756045 50,19422974535027 5,450057879299264 1,2913806135310257 416,1267634686419 2,994050123038948 368596,5209420262 1
1171,0357725343497 31136,310856513493 4,003335155860681 1046,9570274317637 1012,6522824079017 105,17043014532996 48,38149594300081 51,46637405032509 5,457391445956029 1,2887331329118168 422,6011211386859 2,9926421646856936 364277,94674519333 1
1177,837132848416 31398,424767125583 3,9992251015079052 1050,8253792986914 1017,3042629807752 104,59826774882269 48,250701326282886 51,34566555193008 5,454241519550249 1,2852580762119055 415,7435506909108 3,0096898289952385 365512,56270764634 1
1175,982574176825 31418,92448433614 3,9537843639868573 1003,9213111572986 1009,9005498713194 105,11470671567427 48,676207525347884 51,62644902488777 5,43277358440397 1,3009718913957733 415,9149468367058 2,9986588974085127 364225,2807882434 1
1176,586554674018 31274,588731225984 4,010364331150435 998,0960852058681 988,8712065082184 104,74048074357647 48,62154626100555 52,22880494979903 5,494187078819332 1,3098640877967769 417,16938740263953 3,011256692097022 364307,7020195928 1
1167,0758083810006 31272,9469703356 4,027891239053303 1004,4520211975863 996,2027555126369 104,48790910507564 48,5096242971955 52,84145598741298 5,483506111626396 1,308872058376243 416,57476379804984 2,995112723726549 362833,29411874176 1
1182,5009610892548 30943,296897173972 3,9925649713757614 951,7407706797862 1007,2332227159227 105,98008874613147 49,20352989738842 52,10556219318039 5,49571296336415 1,3017965133261866 414,7813781274603 3,0190428713876885 362357,89163037646 1
1171,7025285203895 31409,99365472818 3,9726727127734285 947,998322133446 1004,5275508240156 105,52322115417942 49,29165799873167 51,96309696900818 5,457396438971078 1,3140266949324775 415,7839158306469 2,981466315423074 364977,69002322166 1
1178,713214261318 31045,82063210109 4,006858934262917 1007,8801084659615 1005,0459933364104 104,36481172432643 50,32291520354946 52,162283929134155 5,474208337856952 1,3271853596810925 416,5053210189559 3,02182322482481 367563,8280378674 1
1175,2086795852715 31296,145694554194 3,9925269201115086 1003,5328639769465 1004,9144613724493 105,25093086341239 50,56901680717709 52,335155500250735 5,420874420321162 1,327500083319793 416,73983018268825 3,0009261991016207 370647,2374696709 1
1169,736109342483 30774,634420961855 3,982063853571844 983,115642754171 997,4476297136814 106,99189462885798 52,40521264186409 52,4106248986628 5,479214749320781 1,3183517244951242 418,80358266215427 2,99923838998169 366505,08723091835 1
1175,1284136275337 31234,370626463093 4,0316786903447985 987,7285847337334 997,4907351651914 105,84981795514913 52,036938201167594 52,70297012042218 5,487159374981468 1,3366535987133905 416,65324532989786 2,9756758887367307 365743,8674008728 1
1171,5466415805502 31242,346440241377 4,006155990495326 993,4713586219748 1001,5279314814 105,67385835984331 51,76575979590983 52,2352152022215 5,465607084612338 1,3301582564736951 418,27488438283905 2,9846548440926695 362033,6322437751 1
1184,197709222083 31264,416359819752 3,9900757502989834 990,9522779990227 997,9888245253079 106,66838720848773 50,89964985840798 53,54316755053941 5,452820140897627 1,3318537901637526 414,4989809852842 3,002382951142073 362176,5219905287 1
1171,1835095010726 31250,72422883771 4,001401914995362 988,2286038238256 996,0806719145148 106,34056166612551 51,30409787218831 53,67022359030141 5,461783967306238 1,3380619604615096 413,08033864146313 2,95704066146185 359330,789281589 1
1172,9019395432904 31308,7941731376 4,016408735629241 923,1754926033577 978,5457557054403 105,29015383754579 51,01353028085867 54,12553438719311 5,472235944751964 1,3351106363817788 417,1857225968387 3,009506623181748 365174,05273718276 1
1168,5466604589988 31208,147607392948 3,988914725074314 927,878950948968 984,6711526838441 107,11658519430324 51,778339384041224 53,77007475550168 5,4580279051067855 1,352554328170748 419,46536797437795 2,9996085441135296 361383,14844599646 1
1172,5099192067316 31196,49170750132 4,003864389424373 901,0049313989783 974,9852175240309 108,36401422219622 51,79043689712426 54,765404950883045 5,4981066189274035 1,3470308426990132 415,7968039504077 3,0103446695496325 363599,74680819653 1
1166,0184369076985 31354,735875282724 4,003492595047098 900,6016547119411 979,3979836742834 108,16608083198469 51,32431734034625 54,674696731749826 5,480169948929615 1,3516877952277386 414,9138613498618 3,0141509306342 362722,54481367493 1
1173,4438693504198 31074,112085334385 3,9932488177943117 873,0111929543588 966,113409626875 108,00275250181376 50,68713768986505 55,599177476638616 5,515075485571975 1,347991677986132 414,37192717985783 2,997123078241742 363844,2222216974 1
1159,953963293734 31224,840505234737 3,990597232838254 872,9712395120522 977,2205824822256 109,16857858729595 50,98736255738983 55,509238870665385 5,393083239902102 1,338468889479739 413,9861284343153 2,970133828105588 364244,9617338185 1
1175,028435070921 31216,286773488628 4,021171383416007 874,6111026141069 970,943831576278 109,130718341982 50,740890822220265 55,00270395122755 5,434571019807427 1,3566123413689017 417,6946065759424 3,0115617647379134 359755,6440473388 1
1171,5664610851925 31004,196562370664 3,9999734533036184 875,2805877297584 957,7424727856439 109,4501793053842 51,184259571339744 54,77853557131121 5,519504021918108 1,3502538691862054 416,89873699780134 3,006732527885675 361182,85987215803 1
1169,6494492728445 31061,473375116104 3,989350821596438 879,4181924565278 973,4968008035454 110,93330731166081 50,956644339885806 55,21992986845765 5,4407342855213 1,3494944437873935 413,53001306461186 2,979822876781887 356462,76494379516 1
1175,3023185280176 30967,914556027918 3,9960776895506576 889,2878710759779 968,8965414809607 109,57659199085467 50,97419061930645 54,504129750663196 5,4778220362742465 1,3507767472800472 414,467224943597 3,004782589309083 358785,60177122144 1
1177,4559848916633 31177,889279381285 4,010499564740009 875,1598312932705 972,9457854648412 109,30351083720613 51,277170686530496 54,41124843062331 5,449655449008106 1,3601093483343734 416,2414496253825 2,9758640557407574 359979,0960726705 1
1179,2226874166392 31229,400300963745 3,97215913753513 957,9666139308005 992,0154677565326 107,488799348534 51,763990131203464 53,24163834667266 5,435431098011335 1,354494704510389 414,77668082648313 2,992763645714788 360504,81194807094 1
1178,5772183152774 31566,78532710281 4,0202868601588415 964,1880030522902 988,0837058360864 107,16288130215733 51,705641943122714 53,44573039065356 5,483139709797549 1,3522895324885165 416,8070622074109 2,985420453177446 357489,7390421751 1
1176,9136434846241 31358,084935299215 4,015256104954785 845,9998126901946 964,7300615751814 109,88079744834437 51,18052246671547 55,98973262444177 5,409713026062602 1,3656438548465295 418,1594415924683 2,994177390837219 357824,2062779947 1
1172,737022191013 31029,125839995406 3,9848321115568317 840,801914112724 964,6849752427285 109,69917100122466 51,675266351212926 55,9944200535612 5,439958197879981 1,3571410250137028 418,8213183530527 3,007018163112525 357989,3181394117 1
1170,395234056317 31284,931390678506 4,0215635817336715 900,4765072243684 961,0487383021076 110,00346110937066 51,3342730943955 55,544779026702166 5,419247972719762 1,3641186918709707 415,9236672707903 3,006316834580335 359680,4210595989 1
1180,176861467664 31163,68950925009 4,0147027881293695 897,290172250306 976,0169231954767 108,09085221043443 51,631214365988214 55,01690029091101 5,462007522491284 1,3649431749696577 420,392592520439 2,9924415374989657 358450,6053400796 1
1181,0806765280279 31392,47850235469 4,036951752046754 901,1008970267693 970,8129513372389 108,29608950035355 51,67577403881361 55,22227262937397 5,454743279079175 1,3655572605231625 415,2941498211522 2,987396409740512 356986,45825210784 1
1179,5020056965554 31330,30987457265 4,003883202351169 909,2763838493627 974,3314111714186 110,40568301113518 51,635238098049 54,445459973968994 5,426358423121752 1,3748937714286493 418,1259300504908 3,0128486011196647 359573,8695523364 1
1190,5704028152438 31170,05342381791 3,9774354425200102 907,1786994012875 977,2749689878442 111,60287261608403 52,2865789529479 54,644239836973725 5,425819248787134 1,3570905692025568 416,2836012108896 2,99173886121093 358361,66045569314 1
1186,7614947881623 30972,064425261422 3,9964714606518013 908,1496845946937 978,7197836923125 111,2816689832559 52,62011160091401 53,999944943809275 5,46054984574124 1,3654841201754317 415,3868197110524 3,009416717730459 360408,82604894135 1
1185,729142994925 30844,29100494656 4,042627957174551 900,4096575756535 978,5665172148254 111,42586276705462 52,731646672831594 53,8918016166599 5,454516995571918 1,3711766173662436 416,42093246806354 3,0137272945973503 359482,4439781704 1
1194,0325070703188 31002,720679455077 3,944735021920147 913,9583772411842 985,6894971859343 109,45506985988762 51,95693030545776 54,14773668425311 5,465052763072334 1,3564753350975833 417,91825936041096 2,977567124844896 362264,24975376856 1
1166,9482225305055 30964,531643121052 3,9935169305534597 917,6965339068025 981,2817768810781 110,64350385575452 51,99835545151251 54,296278938759635 5,489481363857384 1,369907352266534 419,70284038860945 3,0138838378971187 361512,53651698836 1
1185,4972828517064 31186,688281282928 3,9727656326927336 870,3996941913526 986,7125176362148 109,86660622985444 52,25453452993338 54,1822045498047 5,415770565674491 1,362157127464364 415,62358610672635 3,0071116857646385 361363,22402578295 1
1174,8964818073534 30827,459104183617 3,9802255977686207 872,999130008539 960,0117967502008 115,65423031446997 53,014349662574 56,14197353098088 5,479075916751538 1,3635117380516277 424,5015735821915 2,9997417502471873 355558,5685357882 1
1180,8949814807859 30984,293637812578 3,9647657890376373 879,9940279887747 964,3034659684529 113,75271343612727 53,17661488496188 55,4869294728132 5,466744980123106 1,36651885306647 423,8952640668032 2,997759519849686 354634,43613874144 1
1183,40854190255 30844,09386135578 4,0051741445290014 879,8798167138708 965,365717969224 111,2981164931121 51,83481898977124 55,368163400516444 5,472706265044649 1,3729992749766522 421,6358656843171 3,0116114496023423 354689,89871960046 1
1193,3043278434636 30952,485741805227 4,033219708161683 882,4816400945933 985,289089334832 110,31916795655515 51,726128929092695 55,1670155570821 5,425785247108867 1,366863590171288 424,37545358998483 2,9925824625038513 355490,8568382772 1
1177,5569615453876 30773,3740114783 3,9905430693570247 856,7290550294884 962,3562913449631 108,95506567672199 52,33433240659224 55,05906079669269 5,4729588985155875 1,3677353703052888 423,19699174540057 3,000481085099735 355918,86417200475 1
1186,8057233027744 31005,42911019761 3,9662169654262764 863,756423892824 964,1095737507886 108,14943485061028 52,02405115875223 55,582277856702554 5,4529269198010475 1,3643540831723928 425,6979016501363 3,034441006389283 354232,73109520035 1
1189,0134840347546 31033,103106881204 4,001434528794168 900,5023783254501 979,4556995668406 109,09116393039936 52,718584149871525 54,54161452988854 5,474605463503694 1,3740600392156337 428,93703222166323 2,998361026911507 356626,8940847131 1
1198,6549377604579 31273,405536497998 4,02140803331137 894,3750656920093 975,098348315504 109,43897428632482 52,26973082121289 54,406968225930335 5,485726071033541 1,3627468792222917 431,45151301846926 2,981597302649468 354012,5156841773 1
1188,2469458709875 30946,12927886312 4,023080719768676 831,6274259077926 968,946093460508 108,47204483158205 52,83675410647303 54,13177117934009 5,445886739155235 1,3753123960375955 429,7253504877818 3,0236260273405424 356377,71204921114 1
1196,0286050007553 31093,155739491045 3,991041856406645 825,2961529877126 953,4535470210379 108,74082130635493 52,12161752155276 56,483380388151005 5,499664597436554 1,364518420500428 430,17213293773847 3,0057747843246596 355470,8801017036 1
1199,7745650961415 30999,482706836046 4,007180230210064 822,5168791089866 961,502263909899 109,57895573914223 52,108889189165055 56,71737451299904 5,424890176426895 1,3668017499310614 429,95360076206276 2,9970345773257527 354007,0730690702 1
