Co2(scd40) raw_signla(sgp40) aiq(ens160) tvoc(ens160) eco2(ens160) rs1(ens160) rs3(ens160) rs4(ens160) rmox(zmod4410) tvoc(zmod4410) eco2(zmod4410) iaq(zmod4410) resistencia(bme688) Aire/muestra
1338,3351910239644 31669,906200260877 2,992351402941342 526,2786206311976 878,8803747654798 214,6923929162633 100,92542095914288 65,44738448314047 5,468532466162838 0,8984616179507905 401,68390521905974 3,0042891733493677 415160,06836256984 1
1346,6197674613074 31340,712245728773 2,976758032451842 530,7527988770142 871,5727875997279 214,0478963804316 102,23713724301147 65,93641162496465 5,438557604560352 0,9228026569189984 403,8801331245933 3,00740096843069 412250,09919968084 1
1340,5383981431485 31362,408826364703 3,0114806290838403 525,0261425435272 879,961697783686 206,756594429634 98,41306302801891 66,26069166801604 5,434363571058956 0,9175184080038031 398,01925337242386 2,963583297515605 415769,6065438514 1
1333,8348882573853 31820,724413901215 3,0106935027240755 529,8063992044939 883,2274294763844 206,2360793238528 99,03551865711532 65,58458625795839 5,502258830778214 0,9464926244884999 401,4240242002625 2,9871610333591088 413110,91780727654 1
1333,2434670804457 31451,80411726111 3,0021125732758147 505,47230040068956 860,4722009196266 205,49509683452328 99,28425753118978 68,5920087410929 5,469216222776332 0,9408944493641921 400,90571445858217 2,9974461973614908 410369,8603240517 1
1331,1619251747904 31306,18605864905 3,0288313198979804 512,8330019054464 858,951708683758 205,38699389613717 100,48352121744182 68,66534186481869 5,43158160563048 0,9593606839290034 402,0670695621155 3,0094214629375395 413611,9582290987 1
1333,945337919117 31368,61446861591 3,001951585207602 432,3283667903422 858,530883443702 205,5276678006017 99,98854949243672 69,03594474421385 5,502617448183175 0,9594920442961618 401,71922748600497 3,043231809966307 411936,8070431199 1
1312,134208313181 31394,610198183636 2,995398404238778 432,9412798932616 846,4973031089347 204,14584674679384 100,24031835705793 71,00563313905236 5,452257886967841 0,980610543359251 403,5519854152839 2,9900378781013224 415993,4213456335 1
1323,2643189474848 31376,810008318167 2,9953501840937258 432,77576152931636 842,3799611422854 202,98653040008557 100,29136707168571 69,93363439517317 5,429256748684523 0,9764675041334006 399,5314301653251 3,0049865878334225 409378,33335325576 1
1332,4432338410622 31445,49409882211 3,0030507805902724 398,93209110809767 834,7396227313807 204,2411016515056 100,8916805225588 72,72976767431057 5,460959985747014 0,9895765594215693 402,98680726724035 3,010170493363999 411019,9222896736 1
1335,0249137833207 31723,428698356067 2,9820367368668252 398,1799646350889 834,5227897481569 202,61594701423724 100,87722760557295 72,4901404732389 5,433689750152258 0,9899470528733891 402,7872205077251 3,0136535138772693 411343,53707321314 1
1326,2419410143978 31326,36503254077 2,979648307508507 385,9911999454386 828,3132790559677 202,52789625849178 105,2611291515456 72,51875561649182 5,421408003402936 0,9938930460436779 402,9543773073353 3,009984398035905 414360,2548165612 1
1326,3598991325982 31628,99719921822 3,0003269438345272 388,7920532518202 832,8854612182578 203,66233123970662 104,43195363671383 73,15986639339847 5,4680105556645175 1,0090130795322936 408,97707879052587 2,978705482855796 410459,9029364153 1
1325,7368693123378 31447,973113829732 3,022960994184108 366,37850261001734 820,745101536511 208,35763840754427 110,15319556295073 73,58750790544835 5,4514047201254385 1,0011917515711106 406,6887088803316 2,998534940174879 406048,2277019115 1
1335,606106956989 31368,723966930913 2,983650473793189 370,54050591173615 827,425393957886 209,09356796530756 108,4852892361141 73,56384579120505 5,477436119339512 1,0204590478521505 408,72198035289915 2,9933703905682947 404902,3474522422 1
1326,5645671328707 31556,046379736523 2,9979606091466273 350,30180561228684 826,283456184933 205,8798906220642 108,93124619988569 74,711683008386 5,434967587150943 1,0232150943305376 407,1977834270048 3,006084966011233 408246,0733295779 1
1316,7173270304102 31757,055725568363 2,99163114328754 351,5211087545942 820,473896958486 207,93409581750345 110,66761063018565 74,9507786964834 5,470008484996932 1,026555365401931 411,93468944998506 3,0381402323592086 408318,8127593257 1
1326,0731618173043 31627,405030980946 3,0183256837928027 353,64106349790427 813,8491011256035 209,0626554197956 109,63111193866105 75,20370899003763 5,4232414144891345 1,023790348546366 414,89014936412235 3,0161607920773585 411614,63103939814 1
1332,0710446330806 31623,35544479057 2,9935651744872085 331,3504659518389 813,0213634021851 206,7872262811166 114,08866445739758 76,28100626026152 5,394286909570789 1,0353520355097536 408,5388593022467 3,018405170180675 414271,56156071497 1
1330,096559688082 31249,138098551135 3,011740639118463 329,1230291275226 808,0248849884027 205,79261214694887 114,22565763782222 76,59063481131052 5,4595975718438 1,038342343614768 416,61965837555874 3,0272295952238526 409169,79386321845 1
1321,1727304541905 31394,034302452903 3,0026457697625637 321,3117534473917 797,1344280914348 211,47799035481123 116,3538079037618 76,7594238574894 5,48464152347633 1,0399238602750434 413,8828911455396 3,0194034870101665 410730,497149808 1
1322,9482983798482 31427,47351739601 2,9967949497805257 320,1897634987822 806,6897702142575 211,56911800502314 116,91001847475347 77,31140480340201 5,396724252630701 1,0490797696848224 417,27051445393903 3,014492794347086 410214,2277592495 1
1322,7562646967403 31318,709810508877 2,986514548991467 310,266481833128 799,4196897740023 204,81185756806943 115,99597817089818 78,06971863429277 5,413554949067019 1,0581592253777214 416,3964493458271 3,022758727561028 408991,2394221668 1
1323,797459443554 31714,435027535917 2,9980891634153086 309,03988800780513 805,9014625956797 205,7627354016037 116,13070859926225 78,08748739807989 5,3852761898592325 1,0489309539677047 418,5479247758662 2,9993734748468137 411579,5809311986 1
1315,9398268159896 31561,676238955588 3,0058514050383396 290,9879281099464 802,5012317136461 204,90890396709068 115,84444094114728 76,92682488386276 5,413957055388186 1,0622239690582598 417,70123877570944 2,9985500672659464 409670,14487700694 1
1319,982835796237 31497,69051915099 2,9902313401169875 291,38204061779015 791,3734198996258 212,84460323727825 120,5923536931598 78,92750377960517 5,398160958558525 1,0612479654763114 416,5665089424417 3,0119187303039574 409045,02739777387 1
1315,3289888688644 31490,76921308702 2,9972829143379762 292,5379475817499 800,888148294727 213,63654776220375 121,08747072542569 78,84310987957966 5,481482955611917 1,0679988434717427 422,8002780605106 3,0340615414732564 411026,54304873623 1
1312,2864126948862 31326,081161964168 2,9823532593268487 266,5383262504006 770,3072448594304 213,41735016752605 121,98390444747157 81,00276450044792 5,464785733223845 1,0562766272710358 420,1850310380104 3,02686796549735 408318,246389501 1
1322,1483847309846 31703,499231139085 3,0020400300625485 268,1236209238285 769,261570803903 211,32990233396194 122,25415441306448 80,38975255795717 5,44738034694404 1,0621211937510193 423,70703579671357 3,016560247734744 411688,60392736946 1
1321,0222020203182 31559,01506696081 3,0415409376122495 294,7930803001023 776,5980566742627 212,52711232398917 125,43904049666989 79,59197844985684 5,423390941779659 1,0633880332086398 426,8163557655207 2,979565243943816 412061,25810689386 1
1318,0162127805745 31544,49040192332 2,998704250005114 296,35702010148106 783,1657407730784 213,38355286038083 126,09525375826122 79,81922127651166 5,446023548851358 1,0618554705092642 424,1512470581996 3,0002718482158994 412500,1468075485 1
1311,6443902865933 31292,371842545075 3,0058931336995203 249,25170071894664 752,4562336580698 213,99192981100916 128,59684130170675 82,17869114255147 5,446540314731379 1,076609325379023 424,2193705417447 3,015041899938521 410638,95027107355 1
1312,8655506039804 31625,710415825622 3,0013839885574853 254,02779995013117 750,9632348452351 213,5677465573083 127,63638568589043 82,05863969642272 5,462887164760946 1,0659746425794483 425,0371072887106 3,012122086183536 409571,2110068935 1
1304,2025804716584 31407,957155281336 3,030752470962863 228,01592497452515 754,2571334147616 213,86498097477332 127,2546034080073 81,93229704161791 5,438593781209827 1,076596308318468 423,2617753690439 2,9902536577700394 409584,3334626631 1
1316,3750789195112 31423,613491348075 3,0015928156032676 229,33637446497966 725,6774134692696 220,2098772872744 130,76922437854873 83,76550958477489 5,476733289922544 1,0809914897600457 427,6826068860448 2,9676174774818103 408025,21260986413 1
1314,781817820532 31551,619889741323 3,0207831381553083 229,5556838905334 725,1287823102346 220,341830804676 130,1630642929672 84,4023049475123 5,4816902030289 1,0803549556642935 426,90918434050826 2,9932834998556617 407575,9981595783 1
1320,7993577750412 31442,277316634514 3,0108554268980496 235,08714590204315 728,126113555253 215,76198225279148 130,52192579058368 84,32479334855407 5,4302665904223675 1,0790059930707763 427,741212110102 2,987947594457593 405388,7554285969 1
1316,7540475232538 31422,696273421465 3,0123230096368605 234,68012554072976 735,9953979471451 213,40446472501384 130,91194184476095 83,76728397238702 5,462810530158322 1,0823831943322209 434,51885909838063 3,000632123334997 411150,3467358886 1
1303,4279310345303 31787,03823687374 2,9885183629952157 236,34615394617268 774,2861051022635 217,3033183190642 134,8358624931506 80,31010814603138 5,427415550959376 1,0736498231642193 430,05161858981864 2,9794536957889535 408911,02335649525 1
1318,1433436006762 31401,082121076823 3,0018829594562666 232,65426627355248 768,0874217861109 215,2214168525224 135,27320610048125 80,2161229041199 5,436661779182971 1,0763249383750515 434,58745981805646 2,990637531683011 413657,06492510374 1
1312,9562010811367 31520,671751989736 2,985317585022491 248,5852901523479 747,1744159995277 219,14668935733238 134,39510214077356 81,85415319613475 5,495601705726857 1,0789361588351485 435,62337429312134 3,0016403717222744 413589,8719124518 1
1314,6446758706047 31380,825417424065 2,977824594143455 248,5875939075013 750,6955877671998 216,88161823089692 135,57527587576746 82,52658617554022 5,4722055888100805 1,0779846972549003 433,6450673195852 3,0051269707987465 411516,7732508726 1
1296,751540279181 31452,28919986597 3,0079432461253317 262,8409894579822 747,2797904048367 215,8816516044867 136,91809060535044 82,14911917100991 5,478553475571066 1,0740774164681668 434,4609220242469 3,018810278320343 406012,57004379184 1
1312,626456623843 31383,20765717522 2,991051609946198 263,0669222772144 761,6544198848694 217,37654748083722 138,56751884857698 81,26761417614131 5,485198381236196 1,0825357590849085 436,92168622664155 3,017696967855212 409617,60504286736 1
1303,5136918310427 31681,081825717367 2,993784215213067 262,0592105246557 756,0977082657196 218,8888749350773 138,23589451569697 80,92659864274356 5,452612620892403 1,0867078935937755 437,7100454982755 3,011821247680981 407310,5315238936 1
1309,6413500708152 31321,77283535556 2,9948233068823615 244,77104855511342 751,1296608315474 219,2754243981037 138,74661522677698 83,06377901562213 5,490684002176086 1,0814234543542722 438,13897276841567 2,9935056764591836 409804,7140431152 1
1304,1369860388045 31444,099241667547 2,9993078660097092 245,69809010922597 741,9843699877052 221,2948620453175 138,58541739389895 82,2385217005414 5,484753643694513 1,0798933571322618 442,22296404710534 2,9972366240562676 406500,12210852135 1
1307,8231975333988 31387,174683628084 1,9938381722348466 217,68016739985984 710,573005822318 218,02939215598565 138,16356286060406 85,34584622004171 5,470981912082997 1,0913220049416839 441,1084982474238 3,006866406411418 406298,93608728796 1
1294,072068954112 31439,3578970779 2,013999397797279 215,63744056848336 711,1028397955454 217,05390725075281 137,8815585340758 85,71566926939974 5,473035828685043 1,076760656419792 440,46698361301856 3,008856651406638 406646,22541590076 1
1295,3287164628389 31331,491129097456 2,985163118052518 221,80413413918382 726,4383002061118 220,13623319254356 140,6888480359667 85,09509046205596 5,397960512025417 1,0795480749678847 441,02947905992346 3,012200645518204 407035,33438696445 1
1305,2882664109368 31409,588351801685 3,021475353474206 222,10275499374936 718,0196354709159 221,3256955537072 140,99124356371067 84,83769248342604 5,446539477097224 1,0809355106386862 445,5386558632586 3,0000224548923207 409989,7278703418 1
1292,0003973123 31332,501355881075 2,9851416494801706 239,44538956931797 729,6058897213726 223,46839621048352 141,26644353517293 84,56108403207553 5,501893262992197 1,0893382217189709 446,8989427347403 3,0246465670040448 411631,8889632587 1
1300,498107367183 31763,971080089133 2,9996961397024595 240,79134050635 740,2603938782413 224,7791199884763 138,5714030212882 83,13035480507166 5,497751886738918 1,0781230200270946 444,7315172152784 3,0266946787070985 414366,238847659 1
1280,426274453828 31860,76883309423 2,991538867576006 241,6210335320195 735,4271157354219 224,2171275299759 140,50054690733114 83,87793972940653 5,451524085389791 1,0815867963472081 439,5788628089418 3,014047971060574 405312,8549694176 1
1290,4123832559742 31319,679807927183 2,001944830672993 211,55179569293549 712,1592661788296 222,854233268457 143,05462722813158 85,8697304848799 5,4239374895467725 1,0825294439908486 445,2449775666154 2,9806256343323634 406170,49994811084 1
1281,952409667937 31467,08084887575 2,008517371146637 215,93106987349336 708,4714460943179 223,89704050975442 142,02463508029513 85,21414419600542 5,470003002560275 1,0875942542453971 449,2917791833322 2,9942475303842433 405884,2619855917 1
1293,2719871962809 31267,73721056617 3,00154236759671 235,51153944949658 743,382873128446 225,29772943210904 143,43077225030996 83,1115312317913 5,500642617816152 1,0770422869748069 445,6760470632204 2,9856965589407634 403216,92144998105 1
1297,175464188904 31422,492647973468 3,0053395955123925 234,02846507478134 737,0014395783876 226,67341933212867 143,35136241103476 82,67647059619678 5,468391562904991 1,088741473435951 443,26157283401045 3,018982819437444 406060,6627814992 1
1293,4767125760193 31451,78749482472 3,0345527942377983 229,46466475885967 728,3390319571113 220,49482920268875 146,16182200918414 84,242201315724 5,436630852617901 1,076194336409648 446,13866362701685 3,0360881760195424 405104,8631440278 1
1292,878662887912 31544,73522387195 3,023750918265586 227,3404593118726 727,1088921853782 221,20076882358973 145,302900075856 84,17505802916493 5,438720707179551 1,0882942625291687 449,7290009872357 3,009442150060952 409306,3015534841 1
1298,9789038998244 31461,711615582957 3,015038622430718 231,9035049083964 725,3767406854678 221,66926982451312 146,65702214008112 83,93084772570022 5,441462324972761 1,0836378116317267 447,30897647294034 2,9756483168459096 406890,44480176055 1
1286,0797101077637 31504,75681936833 3,007081113875618 231,4305481620379 728,9344072646521 219,8564122014952 144,22204368778395 84,19978790498274 5,429877569347433 1,0891682807679952 449,12820671306326 3,0007481109415357 406230,7831618986 1
1296,2189973581512 31505,50314530997 3,033917012106987 231,81995671113745 734,3269031859581 222,34815839797002 142,43801783104684 83,55329475805311 5,476009704748382 1,083848328447138 450,1183205291464 3,0165919787722943 410359,9387978574 1
1281,5271108052266 31356,040023818 3,0111154877392314 242,23705243141487 744,3770942108183 225,9327039055741 144,35099860180003 82,8922938970932 5,487327746373467 1,0933455163819181 449,6818239895106 2,9928971089879477 408970,56373206055 1
1300,4565376272292 31284,331382363667 2,984937491197531 243,4851635274693 743,22600621946 227,1056319899848 145,33584152307026 83,77151593837615 5,470579346152383 1,084797698205224 456,7207882683507 2,984138484602522 407355,46540655114 1
1295,3286828776152 31334,842999294542 2,9884411771263246 225,69077065621343 728,8753618925143 222,28787559062633 146,25780066131793 84,60112588610632 5,442998645158428 1,0854765914898163 450,8885433347067 2,985696227535827 411286,941122431 1
1297,212678680368 31419,652949311738 2,9953723168556454 225,48470860446238 714,5924805213579 225,16274679052916 147,8012432394432 84,55947603154179 5,440530413022306 1,083164200712502 453,1544722649072 3,023854399625522 409320,557771289 1
1287,4372792734625 31645,169629194243 3,00786737975979 235,1233239646567 740,7067727282163 222,73594985680077 149,08668011179654 84,33925428022431 5,430244386721712 1,0899994696760424 454,28823779568904 2,9585706285211137 405006,48564378364 1
1299,0149351009386 31477,21880331915 2,9879282317509843 234,75826550627534 730,9666863128175 221,04399051870956 148,74946844959055 83,99216266084024 5,46680790982008 1,0735110841095838 453,37444321213485 3,0183673453279587 406551,91795613477 1
1281,575914046504 31307,104462803563 2,0034852059347124 192,1727262530114 733,8130724892824 222,51815934790275 147,95822596970652 84,73223799801214 5,512241671662684 1,0736302518407264 448,8709828595239 2,9985524368557503 408328,9279952575 1
1291,8313020970204 31457,90017610751 2,0166962040778906 190,02774351969686 682,103530589246 226,3916155205208 147,2324820609145 86,86571928244845 5,459896058990543 1,0780394874156967 453,6424501208563 2,995733141162771 406990,41960982897 1
1299,6649846653252 31466,376021077733 1,994967895270653 193,77807879084224 675,6723418466352 227,8507278423737 147,53006611148655 87,86412190737786 5,453596517208528 1,0871671125446114 455,2719573126065 3,0230051787145933 406142,09198272094 1
1281,1374609401523 31824,10665684249 2,004200146325297 209,14059652339148 704,0643650486816 227,20309847748942 149,1163443070955 86,29969289614273 5,469791798403642 1,0872156235165116 455,3351118227427 2,990875841576789 406092,3697483529 1
1303,779983275877 31456,29623893038 1,9793500556904597 209,39128198592417 700,4658817768503 227,8841954321236 149,06455809148284 86,41449488734821 5,470148417275685 1,0823623688884532 453,8844021605017 2,9929570721566954 403396,68985991523 1
1306,353293970245 30962,421772508154 2,979003212912848 241,69002531423249 746,2504626350341 229,42885892534292 152,4896683287356 82,81319984108379 5,412296343272991 1,0805091960800413 456,8747323597199 3,0163592919743616 403402,0514554218 1
1295,8986358718287 31404,8282299361 2,9784385357711134 242,2191681500013 743,7159691791786 225,3946863035372 152,75924772353514 82,80454760287543 5,482304067614036 1,0818226343333404 455,1882997694632 3,0254556602361213 407267,6337314944 1
1282,299148218923 31442,76923283258 1,991994708130507 209,1471779349099 704,9980272475509 222,87254647315564 148,93703312941628 87,03276454665 5,51314873066595 1,0845635384486483 456,50008555653557 2,9890357481345267 406706,503087339 1
1295,0287163511612 31457,799326079654 1,9922120814038853 208,40879175976184 696,3169497750807 223,1346074674336 147,6799613139835 86,57602020145178 5,443018872419928 1,0798274867294329 455,5725739761602 3,0002626995684203 406768,6941384343 1
1289,9392151221239 31498,344041325166 1,9855564802646748 204,7580577164688 695,2146358375983 225,52090432319034 147,74144591786242 86,22502036464354 5,417146485842382 1,0814493260036064 454,4910927853067 3,0240416783012884 409794,29988993856 1
1286,3643695069507 31667,932643991207 2,0087390964519884 204,3348257388535 697,1838347062626 226,98010129837195 148,86800725901642 86,57838336117612 5,455935087892985 1,0747980474226837 456,3955250118423 3,0034399821920075 405802,3165518887 1
1297,548256715287 31492,89012359918 2,016058858701348 205,93897907497754 697,9892160957081 228,1112523176678 148,97826958053386 87,2645134536178 5,4441940283494965 1,0871978435530443 456,33377523242797 2,994529508431043 405589,1727304431 1
1277,4397119534988 31210,09876931175 2,9939405538943045 226,44624549411643 725,612827935518 228,56360403782233 149,82829843608317 85,19310266755222 5,462910685293625 1,0667172394848334 456,6456323408676 3,012373727410387 406251,64083075017 1
1293,2181587124496 31325,512149213642 3,0064688321780997 223,94379614111057 723,5757375043046 228,4803734909492 149,10819200540584 85,6808063142707 5,489456177559838 1,0766651841226587 454,47786289598963 2,988364808614255 405778,46214690537 1
1287,9344956285604 31261,059785852976 1,9787264789434345 232,78087938502168 735,3445150707978 225,37699980769435 148,39781525328547 83,2633177654487 5,483628307771007 1,0795342976619517 460,5567115502873 2,997252842612472 406784,2258214752 1
1298,3843765875035 31414,592082906565 1,995951497542218 236,87915285325408 730,9965121335833 224,99891693123183 149,29314684716954 83,29747366161153 5,501884203219357 1,0819923082776512 459,4779463279164 3,00651537253571 403851,82078050944 1
1290,835094610666 31405,234662890616 1,9832414015882078 196,56826618871162 690,1958769763881 227,17793441125878 150,92294362029438 87,62033229037085 5,453264196713714 1,0859621114974733 456,4552737852904 2,9841490083763365 406377,3172523613 1
1279,3823331874294 31496,807033009365 2,0014727492922666 196,7748910673379 684,6655096707287 229,32548277840354 151,32637786835602 86,58550348294354 5,4657069302156875 1,0925536082984946 457,80316558882026 2,9823132390172034 409291,5451951033 1
1286,942907679562 31460,786618212824 2,9928214485836695 231,14247208328024 692,0432670212905 229,81094862006128 152,8108530947099 87,24778812796016 5,454892417744144 1,0805068898640169 464,5777270590868 2,9840797623642743 406402,8269905727 1
1282,7445002341594 31354,55757710832 3,0008923709061257 233,67915443022378 735,054271850236 224,8306373129181 150,3091747456953 84,03890653730684 5,464551134663186 1,0835785803375189 461,9217480856338 2,9934270537648286 410552,6557225754 1
1290,4706187232662 31178,779281112304 3,012610752152888 232,9406500155082 730,424026070167 224,4149983580051 150,9100645105884 83,52405421295529 5,441245405720013 1,077931229880341 464,97442456824217 3,001094347116794 406742,2121662544 1
1289,0781416443808 31575,40519405076 2,9596428721422625 234,99476410295594 706,9586282741972 225,9058053665308 151,6695072681788 84,64959429041922 5,4501824028993955 1,0906163794730561 460,7243632277973 3,0056786036775716 406623,56246757926 1
1280,9098409287594 31328,136448144494 3,0176300774791276 233,86161580660195 712,225529477247 225,25469616818472 152,50312291709338 85,39471796154037 5,390813193628188 1,0860882590896688 458,8087656380622 3,012202704504198 402199,8809067791 1
1285,4305239737498 31489,786898374077 2,0019078578932823 228,1082363802201 723,8168134903626 227,7815989350284 150,51844390675308 84,29512413419056 5,470478640201553 1,0727204445677299 456,48035119184027 3,0140968802230077 404570,3853440967 1
1293,9513178407688 31241,593685564276 2,0054996775555884 229,59642627147483 728,3826392908084 227,80174932465567 151,86547852724922 84,15552350055012 5,4675536234324476 1,0848714938020718 460,1179011816558 2,9976345412649885 404182,63216230605 1
1281,7264992870146 31349,755397110974 2,990138468600997 220,03267165008918 714,8570652715589 230,0448184409357 152,60157352127726 84,33746425650249 5,451149244284992 1,0760042952312212 455,80799914420095 2,9989247759681272 403481,239073824 1
1293,657588996839 31297,343639123144 3,009553267366192 222,66757593691102 719,066040700454 229,0889223036695 153,5539718562807 84,43208381565265 5,460565311038307 1,085980891634958 461,11323794509553 3,013883904921367 401924,40977534105 1
1276,1828260617433 31452,754942422973 1,9969888391564168 207,27002218681054 721,0013286329709 228,10908588548557 153,30685363616354 84,56861849937823 5,415147281935086 1,0853738880078005 461,6293918838132 3,0130813479066547 404288,63848523103 1
1270,333670501586 31498,84981281882 1,9997043214259123 208,48745184275083 702,1294366206097 227,17094582928084 152,9397825770538 86,40039727681699 5,4771251509811405 1,0820653499793922 460,49392474945125 3,012881840610968 405532,5280023796 1
1283,7597248891066 31431,605388687665 2,014898088481705 210,16793389334026 703,1167945255302 227,5232236414162 154,1622216779981 86,4379413434741 5,44336456412 1,067774656425974 458,93781380207287 3,0230130929161794 406230,2969320341 1
1291,667421683615 31165,527830748364 2,0012966253652884 203,5695533692583 699,4376229418281 232,01144591291103 152,28120413395743 86,1873902514303 5,456796023664712 1,0764299298148257 458,21861810791165 2,9864237242780627 399868,54476110026 1
