Co2(scd40) raw_signla(sgp40) aiq(ens160) tvoc(ens160) eco2(ens160) rs1(ens160) rs3(ens160) rs4(ens160) rmox(zmod4410) tvoc(zmod4410) eco2(zmod4410) iaq(zmod4410) resistencia(bme688) Aire/muestra
1163,6650384182606 31945,674974748126 2,9970814911063184 449,6877511831008 861,106414475729 280,03109259452054 161,11027518959625 70,35413577448783 5,434961099848886 0,7331567340976655 431,2457929469144 2,993092890270952 483279,0585416685 1
1158,9988360891045 32186,99880266618 3,017993993533434 449,22945395430145 848,264759671053 271,68771588078755 152,19476760694502 70,27212987917879 5,418581003709274 0,7291459518589862 431,76556472122303 2,996746183644648 480880,5844533813 1
1159,1070983477293 31807,53623002068 2,984780294434728 454,12627609567625 845,7060225060857 269,4094633524161 151,2728233391353 70,16101489104372 5,415180069510098 0,7521400182105632 428,64369576318154 2,99116426150655 478724,78064865246 1
1160,7820688874879 31872,11446444734 3,001901149398944 459,9632264454631 854,2090036903599 266,61909282901615 150,06403131972363 69,65136458321483 5,434284938465779 0,7529986349098131 429,73154941185805 2,99952771270649 477874,91167474375 1
1153,3686496663777 31926,17617295946 3,006139700008987 454,4755396957262 860,551467113073 268,9139253290807 149,9939423334318 69,15730096754086 5,39847669125903 0,7692376075626023 428,6526814553404 3,0085622991714067 480302,3559270739 1
1158,7769274353655 32077,10559133815 3,0290773760212844 392,08923891894534 851,133053992227 266,79885696729707 150,43857169117197 69,21859923018664 5,459621940126297 0,7678131273727271 423,6679183031939 2,9960324147300046 475764,7185216591 1
1153,1977342654866 31994,296918744916 2,985447302679263 391,01313255099916 839,4654749875265 266,26667011824145 150,74089540805963 72,86675163895768 5,429850762007108 0,7931488208995202 428,2499249855695 2,9976700884797727 477284,77396487765 1
1171,0971229978156 32101,798584070628 2,969133319595846 391,33676291534243 829,1971520979943 269,5310455946314 152,5654366315499 73,19935987728029 5,44911281289555 0,7931141799887633 424,76611509372077 2,9682095833777398 477697,9281297598 1
1161,0846473376391 32275,06087246244 3,001805398983529 337,3932588221718 818,8710243293548 266,14195736010225 153,5420536394226 75,66729315267652 5,465008980177501 0,7984740473820326 423,8191000584846 2,993090869444404 476808,3474055634 1
1157,990069820197 32042,228305296645 2,9950345436638197 342,21676687484296 811,5238243045566 264,972896466485 153,22506595147155 76,13362463926825 5,4431240991494745 0,8143407697068601 428,5368158223789 3,007542079166056 476568,95645271975 1
1156,5590431688179 31948,747820582135 3,0190252803896644 354,4712022901807 816,7241832738642 261,3943913543306 156,85707371121535 74,81519662288446 5,448897386503561 0,8138350045836104 424,80746971337453 3,0012194021711682 478303,538658591 1
1168,135762823298 32016,644484236178 2,9902851171785456 354,66307944380105 815,5377185005224 260,19025912168564 158,06314851164686 75,0731917048355 5,47179414316863 0,8216567381923486 425,4742960909799 2,9885669223654996 470233,81452440814 1
1168,852766997233 31893,20128352871 2,9977018873625134 321,42531445350176 808,5944260742232 271,38082840513954 160,95763360802727 77,48803879977704 5,37681703297004 0,8278863061155562 428,3155741993876 3,002394690465283 475638,3241909841 1
1161,4117884678603 31845,16669067649 3,006736144365825 325,9121583383946 804,6648033028828 270,5733454959405 161,49854382298702 76,9917724288225 5,46569165617552 0,8392400110419392 430,3339268622118 2,9869703531493723 471332,94496626646 1
1178,355931969112 31901,435229909537 2,9987742451596846 288,2033629476588 808,1071269399401 271,4956231407829 162,21131725525981 77,29062720502823 5,38948125118507 0,8408552290587087 429,35159535155793 3,0033010087776146 470281,1498599992 1
1167,0129331921037 32069,438478965338 3,004475005859828 286,91538427105223 787,8240568660316 268,88007556324516 163,76053150789465 80,44533015442654 5,407762848861888 0,8569723905803402 428,6740364771028 3,0274207430909086 473582,15090322937 1
1182,2039305979708 31963,506863719093 2,9904660873203355 286,8817835366252 793,5203630875092 267,6406576647186 164,73072669841474 80,08553848272491 5,375032214456317 0,8687748124955814 429,86738044393826 2,9891181287504796 470824,636532363 1
1176,171900822571 32130,294192645648 3,007683338576551 278,6610119260788 776,5547384261082 268,6772308732944 167,75280323771221 79,91118707920259 5,452213066223486 0,8556078881357003 431,5477338634595 2,9950399720675898 468963,0306828068 1
1183,682180611584 31827,308638072398 3,011166309971334 278,93139490158967 778,3612769837896 269,67896090853924 168,26829669946062 80,33804028724762 5,428960465352954 0,8759905115812209 432,9075335271309 3,0040142095930285 472870,93422607274 1
1189,3768887015362 31820,284725804726 2,999729827230351 255,4399582076244 755,4573997137888 264,7341349238429 172,55916356220206 82,47590033223963 5,450978246952051 0,8727038503660299 429,339441629458 2,9993200007879763 474044,22713342385 1
1191,7470542993103 31899,795889711313 2,9801186722954927 256,88572943158 762,9157725029993 262,7012090168011 172,24977471915625 82,35350868681816 5,443765919889347 0,8775095066832836 435,37504930834507 3,0028693480861106 471101,95373192825 1
1180,6012501737498 31805,274463174428 2,995274634341146 255,2928651216801 752,1083197951183 265,3571457744545 174,8090247831613 82,43227834759188 5,389960610793303 0,8738215176620682 430,2866921935012 3,002932286230279 471221,5262771615 1
1186,1195907363967 31883,476147673748 2,9537937840922335 254,56444906543234 751,9465214463576 267,5868189745833 174,6375880696101 82,32767279633572 5,38053480765189 0,890864834936612 437,9479392227833 2,993769079238577 471060,4873950475 1
1196,9277306768809 32028,07759241872 2,980090934692516 239,99233018128328 755,343264989875 264,44194092793293 174,65777508683223 82,99298918982343 5,413206627208333 0,8834693177955197 437,8501700221593 3,0033848680562905 468961,5604276928 1
1190,4711858811847 31932,46373889159 3,0279048574979477 238,7656565038185 735,9599028796092 261,8262141733218 177,94863087946337 83,12195611722143 5,4685374266219045 0,8859962170425405 438,1057724065939 3,001453697221754 470552,09972934064 1
1193,6501517801166 31841,333863273667 3,0066979521636115 239,88980462558678 738,1737179103927 264,1823600292192 179,1727518807218 84,15403672500346 5,403647946474432 0,8943700859295837 436,2127827089866 2,9944483018078856 471559,3390767136 1
1191,0935615229125 32046,083993419452 3,0109890254279357 239,11169544442723 747,4685571720369 273,16244392030734 182,09405309520878 83,36757010113348 5,433560318876873 0,8927247627806207 439,4031551475104 2,9917978653497035 472557,6633424557 1
1188,1657247169014 32008,868098293322 2,9952236890307042 242,92299867539114 738,0649344401137 272,546546608196 182,07408558571356 82,89830426889861 5,434185735675595 0,8986906314436851 443,3027354297308 2,997455131858955 467287,27064569044 1
1187,8333229156442 32018,021565719086 3,0050085844043055 236,57256135859402 736,9601843445396 274,21946523855047 189,56457101777326 84,37422056568852 5,49792207294136 0,8967894437439603 441,1620772249809 2,9963017848424713 471834,52148622985 1
1178,3682739694582 32365,15152202106 3,0127954696296997 239,67630245716592 735,9424188250294 269,99861071340786 188,05791804830616 84,1122606550422 5,496216580646608 0,9066396036661816 439,90902557767464 3,0157147687249797 476942,1510088566 1
1187,4627294635488 31905,94052889674 2,9828200776690856 236,09274094844338 737,3844322804873 270,1640560794058 191,65608620870836 83,52563208544451 5,424365523956897 0,9074683095662117 442,14826971269616 3,0235878392096414 473239,620206601 1
1193,9757249762847 31752,847583344013 3,004046730232906 236,56140495226919 733,1397515840916 272,745976344448 191,65463169102898 83,67987027698592 5,465723247308301 0,9165755030569364 444,2941249749386 3,0066744952774282 476017,1690939928 1
1189,8197192424477 32195,508749099718 1,9928904262590639 212,2543322577454 736,5699064284943 270,9720227403479 192,35660209376553 83,53427156862882 5,429747317502129 0,9097481978150479 445,49783008510576 3,0032164099425325 469983,4822000773 1
1184,6763870596126 32029,97428664494 2,001255731512912 211,58383052591196 709,1042767062077 274,89137908621973 196,0443510573831 85,94497592551718 5,482179915824631 0,9220746617347517 451,0577758648365 2,991943643612803 470436,2435706581 1
1189,9079985473861 31894,28045821857 1,99099968475517 211,56797297666208 705,0122988962429 274,359241831596 195,754234542657 86,25005609100312 5,482790537360661 0,9131405718820552 445,8298290577673 3,0095674998474498 469485,1046526498 1
1194,2731562732802 31865,33881933772 2,00928769877197 202,8074457367415 701,546426942018 271,84542266123555 193,61185437955544 87,30678589980934 5,438525103888426 0,914204358346093 445,5533855225449 3,002154879109304 470903,528961689 1
1186,4736471428512 32096,388274614208 1,9993970173247932 204,75929361554194 693,485973882123 275,23948029015776 194,6434750307111 86,62958331401641 5,474691138819799 0,9206287969568205 449,74177699789595 2,9823794347578945 466588,68842773384 1
1182,3721182575512 31897,566256510032 1,9865348792333004 207,61534365657167 706,8080025051793 272,3492928361998 198,16019231347394 87,06038758632532 5,457678022759034 0,9202157868310405 447,56567985420037 3,017091407720973 467366,1355412822 1
1187,7025399407041 32286,973444624204 1,9935193680970964 208,36696419289953 702,7245233911507 272,72757421296063 197,39856091132523 86,56501534474063 5,433762029064403 0,9149055512414273 452,2820567390489 2,992446723936029 465876,3928799247 1
1179,4734720305744 31827,34600796948 1,9981520336277696 206,85816874202774 697,5487503441832 271,2248182966832 199,23925733086443 86,55697373713383 5,420403197380884 0,9230605190259485 453,68237973889853 3,029641001050063 469163,3134198995 1
1197,421946484442 32179,25628286503 2,0004168240036706 207,61864050374032 702,5434898928507 271,6307514011345 198,99425084025236 86,23617319229453 5,383588381235534 0,9245573673428154 455,8055625459167 2,971267348922824 469927,6128099565 1
1194,8097329941972 32143,203702333714 2,0090523942113547 215,2467023429065 699,96568045499 271,11934962541505 199,25343664905967 86,91515366508297 5,501126602229086 0,9285578454363831 451,9509184416523 3,0370274000550124 468594,44739846967 1
1193,1796125425262 31916,861199871782 1,9989512450546003 214,7729791098045 711,1777287731595 278,69548634477053 202,39466959920586 85,50445551862097 5,424085935679842 0,9224151039677221 457,38153500306765 2,9836010245018434 466913,39871006046 1
1197,5180343313964 31988,25627901176 2,001279333489146 217,4329173208694 715,5790983639056 280,85645975063943 203,6013761692873 86,73973177656391 5,457319783292326 0,9314561505680151 452,6914160159166 3,0197390379587112 469566,73782596644 1
1182,6128109576948 31786,691198512337 2,0031043742471453 196,55297083713702 700,9222547420623 274,93507605663655 201,1220745500396 86,73564840832069 5,429064501957798 0,9260617454529898 456,71470286754476 2,994314815235274 468053,21449930413 1
1186,0605184547805 32166,901441413596 1,9790001883150388 196,04055467013734 708,2471726668713 274,53033076503306 201,58126878823208 86,9300705474555 5,437863796051551 0,9280865372373075 458,87583887899393 2,999976740845822 468030,225538745 1
1192,5267415476364 32141,14953398127 2,0024686809438075 206,243183489809 702,2780963639805 273,1876745620807 208,33798601008303 86,2539826935248 5,444853201008902 0,9258146937733016 454,80305515306645 3,0013043168453812 469808,18601552834 1
1190,7584492090282 31829,14633658189 1,9890400587579398 205,1973624802894 696,3565937832658 273,6064927798816 209,55082605294297 86,80995627252037 5,405189975305554 0,927826914041601 454,71632984240455 3,009040159271171 469414,6340052444 1
1195,0497563450713 31904,933483782075 2,0098765295328604 205,82843880673954 697,2241911251048 280,2907771723181 208,26738262369386 87,21385724853053 5,504766501678641 0,9337424899823449 459,6968050304996 3,016374385826615 464850,456708781 1
1190,5982082184662 31949,63287119633 1,9874731153431298 203,5652038063134 695,3150546155666 278,8406000074307 206,37680706658006 86,98098270215279 5,43595209603476 0,9376312250132997 465,78524939230033 2,98352571441252 470115,5137120152 1
1196,294677609176 31829,380567754033 2,0089406397788987 205,49737933667345 698,1128951148035 280,20850798812535 206,8975714495754 87,32401432389497 5,46147837835885 0,9286869678246836 459,44578945758565 3,020469351853934 465677,5401953393 1
1191,6080725728862 31941,43512366353 2,0055174691760933 208,42925117335506 698,352502789995 278,17815152600474 209,72203718340717 85,97419896641972 5,484804473170592 0,9290205695958379 461,268817334404 2,999084800095388 465198,0912057097 1
1179,395808257922 32126,13186860624 2,0121227983206893 206,7409362994682 702,6898361886249 275,33136690587014 210,4051703900645 86,98004045306978 5,39665744702769 0,9316821954329975 463,432398083976 2,9813162484354097 467711,8413744766 1
1184,1339412241382 31913,118705908913 2,003538541736752 186,85496252807616 706,0965241543785 279,27674665645503 209,1321732202585 86,7282682698486 5,403439976573849 0,930396260187603 464,277414043289 2,987505836399649 468168,4187994576 1
1197,734798957241 31942,698783054486 2,0094367917816047 188,5478193531773 702,6194618303748 273,6983262599676 207,8339963952097 86,86355099674304 5,435099017104612 0,9326837244069073 465,7543832237613 2,9942466678578237 463576,69266585656 1
1182,7909180137926 32149,76339658468 1,988392349015545 209,30305292214962 708,514342252866 279,98467385857776 213,03262799622416 87,17930031682077 5,420989830698374 0,9321237397422939 466,48070753174886 2,9953044209663697 464599,6059557323 1
1187,4837115335695 31892,718097200435 1,9989448618792969 211,51636509020847 709,2350681687055 280,60490216417924 210,96836377883804 86,62581469588758 5,450681378677317 0,9307218160754478 465,4761843752974 2,990420786581132 467331,999439391 1
1187,0040649931154 31798,733238627596 2,0039083039791525 207,88826127658663 704,5376493914383 277,97002092220464 213,97553527210636 87,01093116671791 5,434480389445006 0,9339650839567754 461,1332423737212 2,97703832366065 468489,587632761 1
1183,175278859248 31970,667525196972 2,000747897104393 208,70840042643647 708,3055038675473 277,78958828525595 210,6720407581415 86,12034646779215 5,40850817715611 0,9285673563386222 467,7439615271569 2,984459801450823 467639,9855922843 1
1184,177332550612 32090,20432510723 1,9903505995091442 176,86145219312903 703,4782791181643 280,0533096944356 214,0156540631189 86,93171852541602 5,44233758946849 0,9371818177344551 468,191003511077 2,9920381858164973 466085,1874436798 1
1186,7883397638388 31977,86624633807 2,01019914566895 177,1861614964129 670,3736655235804 276,3863668988479 212,79090744695287 89,77432391463454 5,467443168632887 0,9379938727586536 466,749123100804 2,9812695984158397 467503,1732459746 1
1184,32875484444 32179,870297908903 1,9966577417024902 178,87609666386217 663,7985788023964 277,17003228902746 213,46328802025485 89,44044342501793 5,448062809050365 0,9428543139251379 467,3240983424721 2,9824822870442826 466140,1953140347 1
1185,9240823025914 31907,264627612614 2,0167515514415233 187,82192705218822 684,0226181666561 279,54709997772903 212,72198274042873 87,35843589072222 5,473625805511575 0,9356809625584629 468,0920929063734 2,990199645687782 466511,721652509 1
1187,3524298389623 31714,07765388607 2,0151155094377913 187,3691869866224 698,0303359614126 275,43373456147935 211,56360488170696 87,73991594790041 5,404163709583324 0,9338825031064529 469,4530931576649 3,0162760877386328 464356,52242500056 1
1173,54936554043 31944,7753268931 1,9889203873435821 189,16789859834165 679,7175124137165 282,4518869635269 213,6268343000732 89,27339927692243 5,479913748834113 0,9355913511026174 469,27161319259693 3,0215791292195644 465509,92465606536 1
1176,926027177905 31684,31975385826 2,015251552510171 189,39967368969096 671,1956963898723 281,3755506837367 211,53452093263152 88,52891415141916 5,478253242091685 0,9389870899363438 471,0785480196659 2,998347122690177 467857,78458854713 1
1173,4485749957391 31673,79286222344 2,004754343563021 195,51357919735733 688,0798684335705 280,29899618524905 213,37859307828376 87,62510535558923 5,418262480547359 0,9358602968382855 470,5298435879092 3,006638273544688 463325,4083072849 1
1180,0560733588807 32026,04023939275 2,004831552915423 193,010840925169 692,6519803377628 283,8395017177077 211,08521365254364 88,33584744771366 5,417834239734488 0,9329218304176833 470,40367593815074 2,9919106504818416 464637,5405545948 1
1181,575067364617 32005,384546940368 1,9991689737253875 187,4898201339696 685,8131254490705 280,57522616652636 212,05649045386036 86,89228788006433 5,430338286537631 0,9346391751532973 469,32139397885135 3,001234970757908 460539,33507979196 1
1183,0049160231365 32053,259464901912 1,984776662215894 186,25012251060048 680,8349672689232 275,49830848842305 212,43024498768546 88,347609825094 5,4699130722829885 0,937344310809757 470,7737478642034 2,9937010696336195 460365,94921356236 1
1176,8118976294777 31745,015667280084 2,011196135649065 186,63107730875592 671,9700501083677 277,191852453243 213,8976384307539 88,74770243333545 5,502701757894447 0,9428597057068149 474,92892170589306 3,0353573683232913 462001,0043082308 1
1174,4641401900124 31787,14241006831 2,0050325229758434 199,6904951166455 693,8677465909495 281,28583375383516 214,26924820661165 87,0347709251131 5,420059301120639 0,9345807535610938 473,03576358261125 3,0050648324211378 465184,43831462186 1
1179,5519822275362 31932,47982238915 2,002635929177348 200,51404968445553 685,575034516428 278,5768873916394 213,03687502071014 87,43076101106818 5,465001544725178 0,9384062737408102 472,0770155290241 2,9965527307978004 464744,09526963945 1
1176,8227736619062 31868,89719165545 2,0257811289787044 184,25731915471033 670,8100605283954 277,5966721405787 218,18425477051832 88,6940914890251 5,47266066692074 0,9367022925471211 470,5574490620428 2,9859330513085727 465531,61171500274 1
1180,6886321063064 31818,606331552972 1,9857682161020143 183,50422849368005 672,76056787445 278,221895769375 219,49138549450242 89,02502624626487 5,461077056295286 0,9301777321099859 472,20755131148223 3,005561478631066 463912,56293141376 1
1182,2143768702683 31801,8043025227 2,001147933446296 208,52454824086368 703,8232214445012 283,95654056427264 220,35760247678786 86,44353821179469 5,4456860052526554 0,9363367345623598 473,19175046430377 2,99959044161847 461587,88045163907 1
1177,2137789433611 31971,058023851492 1,9882198559392559 208,1773850813509 703,4839313550053 281,58355448596956 221,31237630909015 86,93656809687405 5,42625071825119 0,9376254210415761 470,558460011732 3,0106749576763825 463645,55027933035 1
1181,058103658333 32124,823365644268 2,0004536909754496 198,1067299632649 701,919054666016 283,53440154629124 219,7013797977322 87,16475075309594 5,435455541997977 0,9351302683244965 470,11070532288966 2,9916113542733833 464660,0874736113 1
1175,3781272173221 31706,153893894087 1,9830235293351925 194,40574947765123 691,1683322648381 291,4588261123274 219,82435849836645 87,79266968289565 5,454575329043193 0,9365270639240574 478,49491612650297 2,979680528316598 465834,5380409325 1
1176,3159183537823 32111,749117355692 1,9820412991561585 196,03564466906232 688,2140010453371 291,90466926744205 218,2080123524874 87,94582326209247 5,459408338553317 0,9362789426472565 475,78323625962605 3,028142118157635 466270,5327254009 1
1174,574093280407 31770,635864508986 1,9800616014237624 183,34317141331402 675,6826534510595 285,6744943960201 215,1721323916351 88,91486688525629 5,459411702622199 0,932654610265301 472,40878107900943 3,0011709648933556 462427,58514747984 1
1170,2678830554469 31863,703405101995 1,9936703943658376 183,56237317560416 675,3811535983582 286,48202713004395 216,44172287787015 88,98576590479537 5,422792338975236 0,932646521094402 476,2129398857562 3,012409870264972 458140,39145588235 1
1161,6512424397672 31940,512513150068 1,9976262744759843 189,84211815293287 684,8602629032504 277,73075179250657 217,43287833510223 87,97210997147526 5,439505172713966 0,9383271739016124 483,57490865109526 2,9968347596737672 463772,909205555 1
1163,7781211545578 32222,81455863631 2,013212692066101 191,35787098959327 685,3249927511937 280,2977675149432 216,96575631908328 88,21832232233133 5,438883683872498 0,9423669973867542 478,2522711230916 3,0250772063424582 467267,96388412605 1
1170,147262708417 32075,695994215614 1,991996827608313 174,5943438109544 657,8595947256879 277,86013238876177 217,55742392515052 90,28670449063102 5,381395524973401 0,941378793729326 475,75876693088924 2,997552610124237 473191,9427177599 1
1169,8835348094708 32121,682417421427 2,001569729573743 174,47607593110254 660,0577728168972 279,7310584558896 218,7589304619117 89,87270381052502 5,452628091556513 0,9322248038745217 481,78550767304966 2,9922136806045967 464404,647771274 1
1172,5746837671804 31738,24455116364 1,9897002410472922 216,4121373357068 659,0705052038101 277,6937013612337 219,46515644603113 90,43956903811326 5,434025211964831 0,9338168962662652 480,5919915886846 3,012940409932966 464111,1165523586 1
1178,7537466423103 31787,810882356207 2,0004488100354956 216,73076902012252 669,1956964748051 276,9540666563747 217,79399843174056 89,28041221714169 5,447835515432134 0,9381110032463638 478,1733877138618 2,9897078895279887 461571,7333920836 1
1162,056566826109 32048,857727692444 1,9948218638651436 215,95814668039435 664,657053354359 276,408318054255 218,6334879964543 89,20114940851792 5,4368194301215835 0,9311681579144222 479,9894410243086 3,011476441017275 455751,0505563665 1
1171,6190656961796 31843,046548910886 1,9962424357854762 188,08164092331734 680,8291362054638 284,47864088593207 217,3893131049959 88,00229603797722 5,444210055966266 0,9319891780231716 481,196656242521 3,0083293152524306 459586,28672828164 1
1174,8213733407497 31941,280973283076 1,992540054019922 189,93752479951812 680,3105345211281 282,5954188575345 215,30386928423334 88,28668314594617 5,443648219787415 0,9397138151979884 473,3806758044537 2,9724577743542406 456742,62525846425 1
1167,9779999334537 32071,120839506955 1,99856597016831 188,3817798932651 675,2913513956934 278,74042854805066 215,1848714824663 88,83939265572592 5,472489951928601 0,9346408149563384 480,5656812735032 3,013379537228457 461587,57691457024 1
1175,897213567012 31873,4200936014 1,9954291676887141 189,5617695062529 679,2720500401123 279,5335220227792 216,84019879742362 88,24700279058138 5,399407534493675 0,9392807504879934 477,0492995717744 2,997266153183852 473226,39125441166 1
1166,6960327961426 31908,684148476674 1,9935797930219898 199,71983476156174 697,4287487176616 285,6441555996343 222,2049494140335 87,87527162234045 5,455707962933176 0,9350914396733305 479,35001070679226 2,9874017429116346 473380,4529637052 1
1169,2207981358279 31895,66275887542 2,003416997333241 201,52506576271358 696,7604454510093 285,60272320395643 222,15771178647222 87,21758727935968 5,483653675574271 0,9360399920273905 482,93620709906736 3,0009777706159264 468767,98326233437 1
1174,4680939393286 31629,234689327095 1,999131789144041 201,91704572340714 691,6993702172722 281,9740674673333 221,03599606924604 87,6054673202323 5,407840698631666 0,9325221344290539 479,3065185255365 3,0147011920852833 459217,4290499322 1
1180,1175729093534 32171,43031902339 1,986461343353675 203,02631380367336 696,784784618109 280,3078834046445 218,29266124423557 87,11795205090445 5,414422621602966 0,9309533801941394 481,64560358709593 3,0040136961396176 458803,92792695697 1
1161,4652168977366 31473,13532251072 2,0073876343384756 202,1701450081821 698,0970222989317 282,9759444192832 219,30634421256593 86,7823163891302 5,44816491998335 0,9329942498464322 481,1771442787392 2,991805191389778 459956,8607441835 1
1169,0464014021832 32152,61430573737 1,9962945614261414 187,43270425099766 674,5643189330636 278,08110565258966 218,30557867171873 89,4027968408178 5,463850417612151 0,9380277580965699 477,97029983803264 2,987392034108288 461317,1331456826 1
1168,9690242387423 31958,200633584904 1,981256959259865 189,0743623483693 678,6240266112349 281,649442698414 217,67834126474455 88,55761599334336 5,456037848913784 0,9390266880873231 477,54204347472455 3,018996433283204 462924,16945166595 1
