Co2(scd40) raw_signla(sgp40) aiq(ens160) tvoc(ens160) eco2(ens160) rs1(ens160) rs3(ens160) rs4(ens160) rmox(zmod4410) tvoc(zmod4410) eco2(zmod4410) iaq(zmod4410) resistencia(bme688) Aire/muestra
908,7281744491294 31113,661784273834 2,99688738096392 392,11791118828717 833,9735400924992 160,08117604026512 75,25820294256202 71,80709958899152 5,474466726696848 1,1239573912398708 419,870433902872 3,0092404236957138 407730,51102029666 1
909,2603319059341 31461,76005245247 3,014112018977996 402,8185139381495 835,4479671224337 164,22274527044272 77,01264177836981 71,84627860802188 5,504631035865736 1,124944886878003 424,06941498855815 3,0066906910802302 405459,12617286993 1
919,6425659335983 31376,177501255912 2,9972200486694276 406,20456179401094 833,3295192501187 163,76122595581631 76,79039078909872 71,33872261133622 5,4445637014019805 1,1450796717106646 425,1423888412872 3,0024954725350224 407629,2873584358 1
905,8848821651384 31171,08228317966 2,9805695496632247 389,56821793688664 839,1516512212214 163,01834229212835 77,6189022608664 72,13960980945578 5,506691116283555 1,1327955907364156 421,84854896337333 3,0140429493800243 409147,9148910391 1
916,5525591055654 31268,292500769396 3,0209432938033407 394,61721289953005 832,3496490534316 161,16359472328145 76,64427561677438 72,18574598973048 5,457019454433683 1,141455988992613 421,9527282314879 2,968436080787808 406008,0868220307 1
923,3934440225653 31509,201149648874 3,0071229917577806 392,01984165939484 834,8086086839277 161,4084434407438 76,24772037392859 72,34512521882148 5,46485623812847 1,1480360361926414 424,39866993378166 2,9975710757818623 409930,33820501005 1
918,5242735397862 31421,855889042796 2,974974277245053 405,0759748526506 830,8391973571522 162,58971896451644 76,30288250145495 71,97240302851367 5,483859763633109 1,1488810735371282 424,2666998602412 2,9975324921087476 405402,3346421043 1
912,2592057872763 31429,79041895869 2,9832046933831853 402,2942004342003 829,5209112690274 160,71738689792105 75,96914317637757 71,83684453422555 5,466912057919427 1,161521443163357 422,19693539571483 3,0151669574247535 405842,2923753837 1
924,1971429301284 31374,569016458245 2,987354910055499 408,5590779764714 837,2432371000605 160,23945948626445 76,22568790351659 71,51612962698273 5,500691045207618 1,153329025224169 419,72580253033766 3,021321555163278 404987,1913793875 1
912,6055601646393 31197,913386022214 2,976631007461708 410,15002945328 837,6934397289991 160,95049767321993 76,6076631997059 71,2135574680535 5,404048127996567 1,1710155407286449 426,0114779370926 3,0131674631689966 409676,4528467602 1
935,7982175428742 31180,855406099567 2,9932572689724326 468,99690209540677 854,5036256958163 153,33317143372722 71,25976251737117 68,97538585432578 5,462946009555139 1,1690663957600607 422,84806997577914 3,008100262249621 407303,3920928949 1
925,2356486456553 31306,314963325436 3,013681953233741 465,75250504649955 855,6185645502534 152,3974618634036 71,50657764580924 68,51297847150197 5,496106945120503 1,1772959468338637 422,2873608561364 2,9796442715613405 407604,93955248105 1
933,3454383125728 31294,430948706988 3,0055904809631597 485,27867595324705 860,8334532118838 151,289395235728 72,11391484043492 68,81180582201263 5,40393861568216 1,1782584631585016 423,74918334721775 2,9917848217336154 402953,9068917081 1
931,4624643279901 31429,716929430953 3,005324386439751 482,3627812702663 860,458423358331 150,41187152078842 68,37208095065849 68,42121845473544 5,471615425308353 1,1900544183690998 420,59769961953344 3,005586066772301 400281,77177665575 1
924,7316745987388 31246,376257183434 2,9745037201199658 480,204497422607 866,2305153590338 148,6596835978832 68,27012618522775 67,62500446121243 5,4316214097518225 1,1888471972422223 423,75374394546 3,016483856545193 403815,0460953897 1
929,7358151265491 31406,083156842105 2,995361624686153 555,8085644903186 886,3608905793136 147,6711351421327 65,36179397229367 63,877571900354944 5,4559404985066715 1,184987639915778 419,8020986627329 2,981183719329773 405204,31550632266 1
930,0064417978728 31337,245621041184 2,9693753668007274 552,2529220771925 883,2445631996087 148,95025663880418 65,58208114559221 62,84268464181088 5,50196736832431 1,197491504096086 421,73059135793045 2,990817451979921 397865,60569257993 1
930,404274112205 31163,962503122035 2,996176000259921 545,9497070320906 880,6073182295005 145,8665359452844 65,31792619487575 64,63380106983374 5,461576849129915 1,1909886967849181 418,4463018319552 2,994510424144863 399222,9136857739 1
933,0359152428473 31390,275471174304 2,9759955693053897 547,2255282125781 883,2124440103091 144,93888432714775 65,55199941772828 65,24781366996865 5,485099191612482 1,2080348992863688 423,06587107553133 3,024691843189551 396726,45412610605 1
936,7273739862129 31315,453532951728 3,000576639778383 566,4396647423322 881,3838808991501 143,17327245655125 64,10401368340845 64,44791524824254 5,389072893212735 1,2121263484692602 422,8868925859791 2,9685486444420346 397919,7205128822 1
942,3724467069627 31478,205405092893 2,9947243507162753 563,0920008227563 879,1567311255874 144,97250603383526 64,16057330541477 64,45395240048101 5,479628027050332 1,2087809784720143 420,63836061075136 2,998523368000348 396174,4853479134 1
933,3531825943764 31190,47282491097 2,997360062664412 491,87815184196694 885,919795703406 143,95012281010068 64,73467936447842 64,12503655411075 5,4447453395708 1,2108028955744266 422,32500010503935 3,004176831054181 399295,8178131744 1
933,7378060636166 31476,481776730172 3,010347162941062 488,6849018440796 862,3214202395067 144,04631126606765 65,87973029682632 67,66948339037167 5,4658271254484445 1,225555316542478 422,6767191422075 3,0220627336987453 397038,87705491594 1
945,7517667167692 31256,140879173174 2,9764602159580136 492,81643271664797 858,4750590981608 145,50997946655517 65,99524797976993 67,74883661863956 5,453624752240487 1,2163171420606522 420,81652734286865 2,997359532951213 388556,284119333 1
934,5248632591325 31505,374566283328 2,9877282757216763 493,77476111269226 873,9748191624528 139,12187325409977 64,44536401266141 65,80190246085651 5,473222446209344 1,22685277943265 426,1855106220523 3,036538749405759 394627,03299416037 1
933,9328580929708 31573,259213288362 3,007144158878945 489,99979106609044 873,3548903005228 140,781549047527 63,935567327859786 66,59155119795979 5,457636831420488 1,2279846435306532 426,9346284196691 2,987670760217183 393530,8363909143 1
938,1646697691731 31057,417089875657 2,997177114386686 544,6629284718101 881,150381702972 141,94945285462143 65,14996506105562 65,31977921421428 5,455028946135226 1,2214464284594078 422,3087864337412 2,9939419160221457 393404,73684671125 1
937,1603850096005 31211,031025862354 3,0140628083250087 550,6288332009223 875,8554962252003 141,3223667981252 65,53478529248056 65,16682681166844 5,495603861334137 1,2345555211742034 429,4804593363849 2,987513933916313 396083,3028134692 1
944,0844116469942 31343,845217751274 3,0048665774513568 509,86555672465215 871,4716052616736 140,31578427066415 65,0728239235529 66,81285120590603 5,451040211266157 1,2404544408408738 428,7179882277618 3,0004070172263235 394768,27663945407 1
942,9670562682412 31516,92016080668 2,9803543161142843 503,1594237783682 864,705089903996 139,8762332328334 64,39121304864462 66,35261320180194 5,457616686330988 1,2490476217088764 430,6401485220626 2,974843154817111 390205,6873717636 1
944,3868402632784 31114,91999480588 3,0180804125078913 484,10969357207233 864,7920202852071 141,05238393898745 65,45018526552089 67,12151810097109 5,502082330995298 1,2455111928807496 431,9723060693902 3,020685570901321 394936,7474178453 1
934,1279217510764 31221,77676241659 2,975459274395022 482,5625113417756 851,0819440575706 139,7371482161297 65,39318558411854 67,48787827446421 5,4949914855226965 1,2567473004051426 430,22678536452463 3,003902509448542 393691,48315653316 1
938,4104485408385 31147,87426960767 2,970937371305653 488,68536922595996 856,81083942414 141,21183553041834 64,82548685658024 67,14372376258322 5,441045173140096 1,252909309434842 432,21439540452695 2,9862175566290627 392325,9614240702 1
938,4869248188585 31411,02327321691 2,987363002192137 463,09725562103176 846,5566599914725 142,36904771061782 66,06485634949394 67,99874927303559 5,497571004848127 1,2444541383421115 431,96358907067497 2,9937134895385413 391345,9173020712 1
945,7469881250202 31249,580501049637 2,988276172698103 462,6456154623066 858,5620618298063 143,19257806521873 66,54243257422442 68,87119847116257 5,431980902540185 1,2511028427441941 437,29828996688155 2,991854251755791 392053,1929048919 1
947,9713041227943 31136,834708400416 2,999109535776562 436,03373247492704 843,7432822622305 141,5482188486043 68,57725910578063 70,08169114720323 5,492283501765068 1,2582141613198163 436,70098037699665 2,995784960880941 390081,8247707965 1
945,2300402390357 31178,711689710857 3,015839095423157 434,0012372288435 838,7894999042963 142,16105393152327 68,78811004599187 70,39331542692702 5,432388068768546 1,2575816473852073 436,61146009434884 2,9853713487885742 389326,45685698855 1
952,6600427347449 31364,012564583703 3,0080173752696155 440,87964702433385 847,0379193515919 144,89726144683658 71,34384803040312 69,84327634961859 5,428719838966002 1,257163223259369 442,0073205828245 3,0130864280507232 386985,60323054926 1
953,9174900660996 31254,980484721258 2,9795035025960916 435,8859105654624 846,4765470000189 146,06970996197026 71,35804630886521 69,45193292414662 5,455232272649398 1,2660632819789248 442,52164652082223 3,0156153621760273 388269,6813865918 1
955,2758936916399 31197,268934924203 2,9940439878267093 435,3978960373329 846,3313713568475 145,15655779462227 70,69949218610098 69,5088045912812 5,463227715742544 1,2544835041872797 446,3779790530898 2,9672090205351482 391151,4607087562 1
949,4550095429221 31215,152181325313 3,0115522286761407 434,5781549158491 834,7068832404542 146,86165316825054 71,24102112810844 71,43326686139095 5,458812248812863 1,2625795140962284 448,60129176877524 2,9848727346849344 389729,29462983645 1
949,2139385773868 31218,55551406682 3,0102085895122923 434,8981468720955 837,3124536728274 146,13490830842764 71,47085737383911 72,03898016165034 5,450584788780157 1,2735168728681223 446,52832478300746 3,006923530078069 387746,86053956964 1
950,1915379718012 31231,32331728574 3,0173232267820254 404,58483041468185 839,1085054853353 146,96949151096118 74,40354024416054 71,05701757082616 5,464137775682198 1,2655438288162015 448,80991019619967 2,9993759641619557 386428,1043140169 1
952,7637015351603 31273,684294326395 2,99826917293618 403,0188816486384 833,2655181012384 145,403337534232 73,36040155986674 71,84450065279214 5,435772329939168 1,2680071303391922 449,53528829934965 3,017918011997479 388956,46835008863 1
954,0854047581845 30871,052534121056 2,98944886843874 364,1918711593368 819,7673930421383 147,6763371732694 74,05267210765584 73,68290880664604 5,427286123112029 1,2486027807103657 450,59843338194565 2,9860929786860426 395508,8136138797 1
952,7061468528028 31353,173623669703 2,993099824194058 370,3331951349262 824,2410667631061 148,37949831812435 74,40873086698754 73,23729517059586 5,465392393149984 1,250585884934493 453,4625311509783 2,9986232996909243 388934,1504040758 1
961,8235943070869 30911,035001433498 2,992376326943587 381,7476423764728 833,8461992074016 151,41741917726608 77,12169278155764 73,15752885439586 5,451865263957106 1,2583981281863768 451,6000298537828 3,0195060021580358 394223,8800840051 1
952,312552158411 31013,638200140987 2,9938353499152166 378,2528672451262 824,4808589652094 149,82526314691293 77,46182517210082 72,76300919994279 5,4996707130367835 1,2396095495019466 455,2369802709393 2,997495947474003 392561,0856164608 1
962,1496008904309 31261,663285242317 3,011120460577688 306,67869408667127 826,583976743741 151,8911392191804 77,30162341144556 73,45816614925397 5,477963433909736 1,2650587604113728 451,35939738009216 2,9938690999704862 393904,2291054238 1
957,8666237788235 31041,047910649948 3,0255763441243086 301,9716363107151 811,8816897285678 152,4772539443819 78,42923797086645 75,22202185943398 5,452061658463764 1,2503868046663895 456,31436939811596 2,9934942950259242 389988,3166710996 1
970,359134460698 30827,304675089592 2,9765258786340563 312,4608318912802 823,906017006218 151,47281138642037 77,79477934916969 75,20610667533101 5,424095892081566 1,2492453341383418 453,47197367201034 2,9845209626355613 387086,21708104084 1
961,1191873284479 31070,65262621843 2,9835007750510822 306,26293785924906 796,1436403838898 151,8339626674659 77,60211446569441 77,24198846015065 5,4388210975435465 1,250956660221062 454,18068461390806 2,9919391655699155 387846,06464096095 1
953,7286484909664 31329,231462720614 3,008383022864968 308,7633358788656 796,6480272757731 150,71875549728324 78,71984426814522 77,24270711185001 5,513215123658862 1,2507509833945536 458,19366089584037 2,983862618105678 387171,8166707708 1
960,9996839724012 31137,42213137632 2,993549140450476 358,87241128980264 824,848971530807 155,3883706034403 78,15050748955613 73,90662652654116 5,418863466306742 1,2498420639031873 461,9134119021071 2,996912432918659 382240,46022282337 1
965,0725460526836 30889,03088374057 3,0128943420364838 363,0652750856352 824,6597536237681 154,48443131149114 78,61177574790959 74,57067217345116 5,464717402561063 1,2553281581604407 461,13822852853036 2,994888318981406 387830,04488634627 1
971,6343201294827 31465,26992922874 3,018135082739018 354,9941586006453 818,3693877100321 155,5014164670503 81,11956513549568 74,57830815430066 5,477773023916976 1,2480043891107664 459,6992125522623 3,005049227310379 390077,72703523835 1
956,6103987195556 31318,340362239687 2,99212712647061 358,8764746862127 820,557801133134 155,21177898043842 80,68150853834297 74,57445133789479 5,481567735087705 1,2472826844778528 459,42266117728127 3,0072674500096714 389077,6126619244 1
963,6423980806974 31011,512484845513 2,9968963768266965 355,64190133699213 825,3724094792752 154,5289186631574 80,06005202479076 74,14815705352702 5,43003638657555 1,2428710792836468 460,86722580347976 2,98528558949861 390399,05999769096 1
962,16376825058 31044,467749079624 2,960164374890063 352,8357518422193 818,7748548309584 154,6916659565477 79,98301680765617 73,83192872883055 5,39921623328195 1,2422862424869443 466,9770630432104 3,0103617572985355 391224,153031614 1
981,6840133750334 31111,589334160137 3,0070121046375156 354,12481081680016 829,7513835648801 153,60464578183576 80,84097738546039 73,16224413902984 5,458460152028556 1,2461308198920833 465,4410858265324 3,0074902694693053 389801,44276041177 1
963,5956719893844 30973,125914368196 3,0020481735124873 372,4002614461012 821,3499631653084 153,58580129086994 79,6255202911726 73,55282391843025 5,453194138753846 1,2412674687817546 465,38543248220407 2,9903086286973477 388495,9503103144 1
954,2973476183638 30931,235881224475 2,986075526969649 373,91769896551284 822,917161242397 153,3368192720917 79,07222199925273 72,91973795527379 5,489985197416377 1,2325445229135674 464,39533842771795 3,0038391561377153 389299,84442351264 1
960,5326570318277 30858,184244239583 3,024120811621439 349,0411060152066 815,0142516090477 154,5410570774228 83,03594922637224 74,20326247901525 5,443888849924318 1,2314662888011028 468,4794371562209 3,0246891130536575 389505,8825244708 1
959,7615895329825 31308,940105512953 2,998684504189786 352,05576892053176 817,3256962298592 153,96047529174402 83,79156474745866 75,12737959630175 5,44794932646443 1,2372353514384034 466,51246853121097 3,003994659794505 386347,60234891914 1
969,2356384904211 31117,202159213204 3,004655268762577 340,646359084386 812,045399503408 156,2382901517209 80,94374911038932 75,35527952601637 5,409884830677706 1,2515524785195093 469,11760568856585 2,9835993252135706 389728,0904158348 1
965,0665790221017 31144,818146917343 3,006407806959105 342,0548864732682 819,6359914375033 155,7019818133426 81,62215357385416 75,14978436879348 5,457257841909294 1,2326613803704398 466,6874726382418 3,0131477293663305 386748,5953529914 1
974,9486350731893 31226,60821709987 3,0068550286084372 358,45577728080116 817,7028861877193 156,5037972442924 81,71203417351099 74,93435378529139 5,451512224363219 1,241713892751101 472,9125174129188 3,01812758568908 389032,88163981645 1
971,5953829773067 31195,251471149837 3,003951128309799 358,91672283771805 806,6546038747638 155,10251161091344 81,11475936053016 76,46701955883756 5,479272050556736 1,2471972480044464 473,1841263139825 2,979489259587474 385639,57235494815 1
966,057927700889 31196,24473012734 3,0018654163027985 358,1873163807697 805,4439269239451 154,50952980706955 82,30329754817336 76,83236658426745 5,4544800070358095 1,234671229182975 474,1115546698288 3,0066613395651496 387009,99915381364 1
979,6099466407259 31106,178619979928 3,0102232010769043 367,18878777105346 814,508734617806 156,17668953473049 80,59625103443109 73,42979307917952 5,44794906132502 1,2325068508348744 469,97754637226416 3,0053086737172685 384530,0013360639 1
977,7008315706807 31069,15584424283 3,021055792019209 363,045070801151 812,6346391169216 156,26742444911292 80,67276821941954 73,61164036132752 5,464353389828409 1,2292857648601054 477,24563001989713 2,990406348499873 382443,9356916382 1
975,2525877605939 30967,767414481896 2,9738396497278323 353,3627467116163 817,9725055092796 154,6892007031974 78,49039400976277 74,10737066195115 5,44098666535113 1,2322889377084218 473,6995657817395 3,0185395682818283 383671,5944190222 1
978,6076451112613 31041,340867525632 2,9955660258833277 349,97307989833735 824,3128227832237 152,9285492945866 78,52102316281433 74,3470936716854 5,3956253387929 1,231339605688229 475,4326232657004 3,0019360220867455 389560,3189352835 1
978,1702220855527 31192,919954252877 3,003630548906179 366,36244300384584 822,4012525235318 151,49433631779596 78,97517218892544 73,87882925505349 5,451250701388973 1,2399328052357201 477,44512586975105 2,9984291788148263 386282,9736420243 1
972,9421703885499 31131,9502586723 3,017229092890359 365,28394494840825 819,3583666516242 150,98826798659508 79,02058301339586 73,69913848187687 5,487553166065697 1,2363226997283883 479,2634230615849 3,0090431635364077 384782,95715870184 1
986,8670163896068 31052,105236682048 3,0306655680314836 412,05194726736386 819,047488554416 150,78534002445238 78,80582651311823 74,01444175458047 5,4336231744795445 1,22448105512957 474,82444588099486 3,013089071116858 377980,25833462505 1
975,5916241812826 31025,53483734547 3,0196042210401677 413,35785621799494 826,5871160450498 153,03695006230913 76,68841321499711 72,54757547553247 5,411509556615357 1,243968987245767 473,980293914513 2,9903979862942096 382374,00454900146 1
983,7222077404613 30882,50774358902 2,9665021046939537 412,51616768291603 831,1952935337736 154,76213775168503 76,61395616042381 72,19426995281793 5,410063068182567 1,2363795337356611 477,4697586751587 3,0072244354932227 385572,6325508869 1
979,1126930891215 31173,64795204978 2,9825205248421054 379,788496510645 829,141631843628 158,29271182521936 77,98764448433516 72,97098600016238 5,4854487221737385 1,24075377770409 472,5420925209251 3,0108447900638335 383601,4106604033 1
983,4655185135947 31290,003760887874 2,9978374795700318 382,88135127400943 833,5248567046918 158,9250066911197 77,2879163124945 72,40215964354363 5,482815155767027 1,2387494097715488 477,48803520644924 3,013958462869206 387762,4460021809 1
984,3137394253281 31342,22470109452 2,9893707036117254 409,47137729165934 837,6705890395632 150,99895598707053 76,26878332591355 71,87654590549649 5,467367413821561 1,2379581983090204 476,715745864589 3,002772610546855 384974,8935369646 1
982,63302499906 31216,804797491808 2,9920449518170997 410,8952517544812 841,8558814930548 151,55934505584068 75,47502138009453 71,23964888717298 5,467321080554729 1,2482592304903766 474,7806961667918 3,0012786151953814 381434,60582318733 1
990,9175588420891 31014,837934253814 3,0111715521446243 397,3102637759722 828,410727805632 154,0665581943432 75,254107139768 71,87854164295422 5,449562434187738 1,245396213098301 477,8529028932801 3,0019803880753013 379008,4993385186 1
987,2111873335431 31110,355073402767 3,0116330534372273 401,59721069127636 837,4834523377843 153,21291768383566 76,0951093154617 72,07451477642097 5,443750193912857 1,2311112667867377 477,3789788481423 2,980507405531476 382361,1118157164 1
989,5472581901358 31096,292640724623 2,986506339077703 444,7193760247533 836,4149251560788 152,39689777339177 75,3446981820324 72,10778382241239 5,48522150070185 1,2441801386315385 479,5853466058854 3,018424587805759 382948,4004506085 1
989,0503342297926 31075,073525002612 3,000955171107953 442,93432599231943 834,4271077347531 151,94315529508407 73,5679374076898 70,81738133105445 5,4636741896601375 1,2413865360714664 478,57174099263534 2,994114240567764 381049,2025473554 1
986,8396812782998 30989,697001066113 2,9892914989521024 446,89869881761985 842,0253685916005 152,7290609486082 73,24257173809414 70,98844832367698 5,4278031155240525 1,248331442339796 477,64931188184886 3,0149524188835404 383036,48999751615 1
996,9036172090879 31338,591425577866 3,007913733287335 393,3711329807173 827,6001408040031 149,11825372762965 74,6045902975723 71,91858661664493 5,4683087272894735 1,2514988800255713 476,39052717267754 2,9985283579854167 380364,9149010378 1
994,6046605575606 31162,963142604785 2,9843918693434413 390,4719710288402 836,0140237807922 147,00751000923034 74,50797630762902 71,76017675907165 5,429468791197527 1,250702910829172 478,4899928222359 3,0217679629592027 378551,5761997233 1
991,2774908278074 31032,88020815398 3,0083050798728754 416,6330910774384 842,0495456756482 147,1731510646111 72,09505121797876 70,6104171886498 5,439723156401702 1,2518356060130709 475,4510862647762 2,9959886599349645 381208,35176430596 1
988,6959207441946 30987,269293972535 3,006408089877594 417,2310768056658 838,9814284188425 147,6206271264673 73,09896847451633 70,64558341424915 5,449055770595065 1,2333204807774074 479,4853828836716 2,9956273944624905 379314,5294753101 1
996,7554333553005 30746,380865621286 3,0012504203775245 429,7456501184683 844,6842392746263 149,06810259003993 73,04773751481116 70,51092113327974 5,44005960081852 1,2453768631317748 483,76764725703225 2,999422615163552 376950,4120555945 1
1000,8765309806768 31081,59374276241 3,0011633992654314 433,2103627476248 849,2368394136324 148,96621058925516 73,3397230453084 70,3327595014408 5,458360630442251 1,2375468278510724 479,5699970617448 3,0120654443828796 378052,95674051583 1
1004,4537023540413 31172,06641062043 2,9950664542857846 427,05585899267885 836,3006879202071 148,70775364804425 73,00954939322285 70,63078829898261 5,448655777283222 1,2465167462948745 477,26743105068084 3,0258175612891467 384661,03386954323 1
1016,0408604150856 31198,13308568603 2,9981293761680736 422,5198429431094 830,9931004673815 148,2893164898836 74,95195254883913 72,12733035747243 5,4550105925621954 1,246745329326592 482,44954839918256 2,9910793081224094 381067,8677386217 1
1015,8548741136756 30867,173838473293 3,004484736315938 422,48977412524846 830,116125608526 149,9164786720762 74,62375394586662 71,2941115742186 5,492243637677364 1,2470906997225228 473,7442825525362 3,0411762407295804 384707,87169150665 1
1014,6780952873181 31070,182369673723 3,0180093555352814 376,78748569507826 823,8169501510972 149,71170135160756 72,71952868465831 73,11639621907482 5,471605285256461 1,2483011743064876 478,0537287429125 3,001798034022676 380745,4248090372 1
1011,4762881404489 31309,546434770018 2,9981525513722325 374,26503316946224 826,4427291145519 147,5501849826019 73,12393888778452 72,89817733536802 5,472216827454984 1,2509182801904406 480,59211416456776 3,0166628786322036 378367,8090738675 1
1007,5916461887077 31192,56963296861 3,0003710185226486 431,8061213295623 836,2487587330553 149,04641165886156 73,84157255879124 70,26172558045079 5,499954520904704 1,2448564926207184 483,8288331564511 3,0089619971650867 380226,36570446275 1
1017,4431988234219 31205,946872997065 2,985095188934992 429,84070183148134 836,1273625862444 148,33288886469927 74,4714819670891 70,08728461801573 5,455263434270075 1,24605190971209 477,2316573802045 2,9986125565728745 379325,35805463255 1
