Co2(scd40) raw_signla(sgp40) aiq(ens160) tvoc(ens160) eco2(ens160) rs1(ens160) rs3(ens160) rs4(ens160) rmox(zmod4410) tvoc(zmod4410) eco2(zmod4410) iaq(zmod4410) resistencia(bme688) Aire/muestra
2070,572404811434 31706,11010301101 2,9842806357192133 430,14127694014695 839,9787066818661 382,12759465238224 315,3744524503146 70,74052525427653 5,418614096980563 0,4166445279147227 410,35350920490896 1,9873073777732628 454752,78270507243 1
2063,338170566167 31749,716018627114 2,991438371162449 476,6861309720362 866,7007500483513 379,42914421782245 282,69298768851337 67,66021610332893 5,3796723637643105 0,4216116420486875 413,8035548308267 2,0143023320397875 456057,43837509415 1
2051,766970702873 31907,66263300108 2,9736596909399355 477,9794690814502 858,7540909988163 375,32585919782747 282,6051042394236 67,66029619445897 5,387480504611451 0,4641513286197981 416,72278744212497 2,013506425816241 456082,97214217315 1
2037,138755110353 31916,879491792948 2,9814327982985036 452,3040767518163 853,7739909650654 353,2149378305956 266,46755133357885 69,97882629513255 5,392426669256892 0,4652887613057233 414,27736364377176 2,0086866192532864 458510,13594653615 1
2052,3858842875343 31656,09197126611 2,9841155160716983 452,359561317373 866,1475493410385 353,5762030322336 264,5428177768775 70,11562866955913 5,417628182378821 0,5041419620358168 419,71431655221795 2,0002833740546477 459522,0083250481 1
2000,5736821054566 31593,224146388282 3,0149630428497542 465,1825338549183 850,5001609929174 355,3932492813233 264,0322205070641 70,14358834556941 5,356831484189582 0,5003110802350925 419,66019677644 2,0079871463643846 451570,1607798169 1
2031,4975694293785 31792,334756900582 2,9734867853687343 467,1198220452384 860,8781118069663 356,88934455021666 253,77123423745263 69,6156537335509 5,399369131470533 0,538995293882623 420,1771003125724 1,9983457502994761 455793,32719025825 1
1962,2776200844803 31336,629955381275 2,9948130035655574 469,7741509673139 851,9162590371076 356,85700225636805 254,51835804032217 69,05871889796248 5,415069394900017 0,5360707484379964 417,05245698294857 2,0086025983092934 456739,10574704525 1
1969,0470606696977 31920,915081109724 2,9876962807606633 454,2764847960289 851,4465453220689 340,1886189421776 237,4286578043751 69,91955385468862 5,370891775094015 0,5446289374928195 423,66916232961114 1,9976725265552846 450057,0557991452 1
1958,8871426893334 32010,632817178204 2,9975225834046433 449,8536721494365 856,6965015787226 344,3425999256244 237,70993401618955 69,66335028726144 5,405183152360786 0,5744443435902072 422,61057769707656 1,9857426666232392 449154,80732514674 1
1950,9809680955511 31701,89664311421 3,0072724457339 427,29625805298735 846,2399513430761 351,94926879418966 226,35133866414276 70,87452538658953 5,449090129496489 0,5746296013981986 426,85387102040085 1,98779087805824 448882,36028800823 1
1942,622241631748 31716,34298237793 3,0013142194168765 426,5867672123611 846,5405629227274 352,0199354339518 227,04335632139657 71,31404025078587 5,445817725371264 0,6012313720864826 422,2214716277232 1,9970478166387113 447568,73642809765 1
1941,1239135131957 31735,744728708632 3,0213388966990933 423,4744253993154 843,874409546705 332,20695952238077 220,84635129528584 71,70936668850283 5,445733183530321 0,6062127788352294 427,6390336132855 2,0076175253745268 445577,16141240846 1
1928,5175572848407 31698,72487378738 3,015854622502053 426,4608707890147 838,8880831413078 330,60408478081246 220,9119511280677 71,50583401420239 5,44240850660536 0,6374161976191618 426,9407637521338 1,9937560817160203 450382,98810994346 1
1899,1222445135963 31497,383301357986 2,998039670686855 483,9989938750634 838,526326163258 329,44671327797516 219,9238483380414 72,03814498421576 5,391678463149804 0,6331761802544782 425,9125729670766 2,009167104295117 449069,3251632294 1
1907,2691126816858 31705,849247348142 3,001503389808817 483,9114547318948 858,6733181610372 320,13738902946403 220,35656773535032 68,21150081693946 5,436615655348302 0,6643359573050224 424,56477156583117 1,991364281395038 443821,4388268081 1
1880,6395018861447 31511,923177998775 2,988133760485789 478,04142674609096 865,4555150320449 322,356814864375 220,5931694714164 68,09690643546016 5,38270833678407 0,6638944983566868 425,5541280924082 2,0065171736493395 440994,0285984551 1
1856,2291562062603 31766,70815826463 3,0029121156408176 433,47585631171097 846,4864409074115 320,4734308382779 211,42274667088262 71,601670054934 5,4052611106406205 0,6741858394098142 428,184301692026 2,009478113266309 440839,4758460853 1
1882,1624087912792 31885,924465481672 2,980602972446585 432,162991806571 849,6090229240098 323,1865803213202 210,8767686097217 71,2555313649485 5,407364347787801 0,6938251437161512 425,01188729172696 2,9903621562911002 444185,48193742684 1
1853,0511218270358 31996,676673396716 3,0102057386132888 448,5564412450126 852,322573053793 310,52886385321597 207,29090860993367 69,24645981312598 5,441411976867793 0,6888791985778582 433,36104661824595 3,011236759396751 440059,4567869262 1
1849,001237382896 32065,090157099912 2,976605361124694 444,0690245365977 861,3501303676336 310,00034520357724 206,32335411749565 70,5119730624558 5,396357278173897 0,711282271188265 432,66408780050773 3,0125201662551717 444065,33092972625 1
1828,896876626768 31677,820061578717 2,9998330547139767 460,51625947199295 853,396060719616 306,0896563927231 198,4872640524736 69,5483226505236 5,4078343243629075 0,7164749514623004 432,3597855825335 3,0059460690517517 440718,3579113348 1
1805,639142243953 31713,239567963956 2,9984765578614567 464,6496158073103 847,3622730433985 308,69973359863843 198,15664635510456 68,78248818884417 5,4280108170385795 0,7420204588102967 431,10420518883905 3,0183903208931766 437963,6727608703 1
1816,4223885926742 31738,62230698217 3,02275020933934 476,7750857596745 852,4565373753915 303,8371273959663 198,33014620744996 69,78292290578597 5,394159782785757 0,731146199409696 431,26134441133763 2,9953244152138803 438744,6915732789 1
1802,6482523927734 31734,814514642218 2,9826934902640523 471,9122802279876 861,237449155007 296,704029058917 188,96599771858965 69,36258110252778 5,411727844218502 0,7555942394893393 431,125611461672 3,0012031965703354 434932,29272391857 1
1767,5007171219588 31778,690718397884 2,992911345403358 475,05687128782256 860,342502249585 293,9484121417137 190,82425186935242 68,72298473166701 5,451125487198831 0,760414957566697 428,6511039034478 3,0116614951596157 435021,56318121066 1
1799,7197412944183 31725,78035258668 3,004409904170799 450,649177491733 847,7177592793442 300,0281475615511 190,9730547278803 70,48221065989708 5,429415314360387 0,7530313677016905 430,2239505922114 2,9948926475249302 437633,2128473747 1
1791,4427392332268 31529,797899008056 3,0139093104114383 442,2239840482646 847,2167187685416 303,0600197002081 190,82327342659826 70,18928374671597 5,454782938520831 0,7767758540027908 430,7048975810857 3,013980006512649 437715,2157299499 1
1765,1156839655237 31773,882873214745 2,9724565611517155 446,2443135444803 856,0756460583825 294,23045296247955 190,03837646081442 70,09364921258712 5,434688860810803 0,7750895546054731 432,8437275652938 2,997429956802571 428056,9323065492 1
1757,2840394901937 31734,454656276957 2,9846778987843505 450,17773047550395 843,9431721876014 296,49243847067515 189,15415920409222 69,5921603531675 5,472970045831087 0,7969122383590875 429,4870274197783 3,0307049118142384 435118,0616499659 1
1741,9567852973457 31698,712090683184 2,9956815833059136 437,96808029019417 850,1334239554535 290,4629647248028 186,45875864722808 71,23066268484658 5,392698745969697 0,796629636179177 428,92259846899725 3,014010458603048 432928,1271839712 1
1736,6277802959164 31637,488822637675 2,9951478138271064 430,8307831050015 849,8032483763045 294,83429428737924 185,86741377784446 70,35828539730518 5,429716050057936 0,8137656386019674 433,49986074514004 2,991347754208254 428997,29308385536 1
1687,400524197567 31723,352344705934 3,0170442317251718 483,8307503383508 847,8046680344518 289,8268379787973 185,74436326288208 70,97358972050073 5,38669011228208 0,8072603963282198 426,1150003103236 2,992308066922759 432206,2217294085 1
1710,3756554924912 31880,317803588932 2,998480305673414 487,04512465712935 858,4525810327069 296,76882290756726 187,48707919305767 68,83819260359557 5,415733973466747 0,8192385190280616 429,6219823304881 3,006623355666531 433823,0504815188 1
1683,154188235159 31722,612882208872 2,99554927567396 486,63751603168464 864,0912477010216 298,96286327226517 185,27536386513478 68,57213921503758 5,45981690376139 0,8255761918776987 427,86722192211846 3,0014792491473816 432371,2102826548 1
1668,7073312595367 31648,192868935465 3,022165635783036 433,4433421444653 848,583897630602 293,67744684257406 184,11941695564607 71,80776867685331 5,464321959521998 0,8241900755111821 431,14770959137553 3,0017282291008263 430109,1032829249 1
1677,1302219475392 31879,20705836447 2,9924790259520555 431,8535000240235 848,378602468178 292,30489182878773 182,51260862435916 70,82512423835898 5,40803626917926 0,8391847030098518 432,9944847318463 3,0014227814733077 429679,15160203644 1
1632,377673240593 31544,648692761242 3,014307773653937 481,9012770331731 858,1819963389925 285,4544467952919 183,28169222047873 68,22168083447363 5,3829265499718915 0,8422127252081121 428,96586428192757 3,013799086823507 430548,9463440377 1
1634,7049196799678 31633,892606756435 3,004607169174692 480,55727281244606 854,9450671811258 282,60679685216047 183,31326339495902 68,64955607025139 5,39532404223487 0,8484111282472548 432,1327582306216 3,005049598751241 429115,0763085827 1
1633,2261078292981 31490,547049343266 2,9904312042421557 465,31874768946557 852,5528127051599 288,3990086786896 179,2928561329555 68,97140041444675 5,417662438981675 0,8460035091369078 430,40449920130663 2,9782710326606283 430343,19474737137 1
1611,4027679542887 31499,847223772013 2,9952903763758445 468,2565891632805 848,3747001698948 285,18374680290543 177,46678792681487 69,4210723652967 5,438979961601014 0,8681332171446013 429,84954183429244 3,006043347236738 429425,897506184 1
1594,0211376829611 31844,73787511958 2,979805260570845 492,79494893219754 858,2320565305089 287,7125287055276 176,10362231969066 68,73227478653365 5,379613878508672 0,8688690902864282 429,82283732160346 3,0062436297604016 427897,5009991668 1
1575,8700761148903 31652,278865479853 3,037128194542392 488,9215827031947 869,6058186857914 281,9086172273238 178,20608388207063 67,50791964765835 5,413795760680104 0,8782005883973745 431,0876761908768 2,9981456466293785 430983,02882316825 1
1557,6183216428271 31543,522832439474 3,0424674577656523 493,4926213844005 857,5770431607756 282,2539392613663 178,58204348272474 67,92867934803789 5,39113935743806 0,8767381264410061 432,5332589318912 3,02312059767885 427796,5579406716 1
1542,3847664078316 32132,822776258658 2,990893313584139 469,3014861544402 861,7564540893702 280,09909709979405 180,81032720909508 69,9391467967821 5,405611322878148 0,8651607206261643 429,5103392840379 2,9984221417473167 426828,862871074 1
1540,2102156806548 31418,646542306302 2,996272242312745 475,11095230112807 860,1121079404119 278,40238446799896 180,58578357090565 69,51804955779956 5,477549313216896 0,8878936889579752 431,1546528444823 3,0158206755321353 424572,9536210836 1
1529,6834216792402 31749,271293040412 2,997256550774331 458,09730213948694 849,4104516469221 278,0457354175983 173,76133302180662 69,24578888470288 5,412320667727264 0,8902768412703773 433,7600554886626 2,987221009929101 425513,90355318465 1
1512,803202445833 31763,89818097591 2,998700110586248 456,99228563121113 856,3424424452902 280,8426742371749 175,8973173812914 69,6301912218008 5,4045841620709085 0,8962655442160619 434,587528005841 2,9967577436186863 423110,00624793523 1
1505,3520799640144 31789,471644401103 2,990000683127197 480,0747669106918 856,4856170512771 274,2819543834103 175,98889471199283 68,10199664600027 5,428314707179477 0,8892971187480856 429,28019549236024 3,0389137564413202 426957,8130662977 1
1513,1956395528873 31658,46378047704 3,0060606424426117 482,11979726290195 851,3769527231616 272,67291067625064 176,94658986516598 68,41794504958976 5,405790775360647 0,9082484492362372 428,9796028684734 2,9808740820162694 423768,6947783289 1
1492,75508737404 31690,617399999723 2,9756940584000855 459,2658195132446 861,2730302008873 273,46341866746576 176,18144408930314 68,7664061875228 5,4494968888429005 0,90685886714068 430,1119675436165 2,992457208419698 427227,21641870495 1
1485,5181315988277 31915,798615704618 2,993865399572445 458,102116040084 855,241255432039 277,3122756332059 171,57004759843 69,86803239721537 5,388424179183055 0,9042746322628337 425,52183869638645 3,0051358198295777 419921,1364911179 1
1489,4737262624635 31177,885231682914 3,0040279871797004 458,43091662021953 861,33825189646 276,0029084754497 171,35239346383082 69,74172430880668 5,390849149053782 0,9111704789062287 430,56900905764 2,992978593788931 417472,7438704337 1
1495,1646973295196 31629,736737736956 3,0085394231113574 484,16820183392747 865,6728650992177 272,09150847655627 170,10118887296036 68,56114704659826 5,439262033588693 0,9116235935955236 432,113038456773 2,998918130541992 421497,0692420447 1
1493,4278176752928 31489,286571907036 2,9617000670749065 483,5920715975304 855,0035106122187 273,43318370705373 169,8587082048163 68,66271123280154 5,4613112957299315 0,9179780928683009 428,22940070337324 3,001967152239753 418012,37388420413 1
1471,1035233234425 31494,481991512126 2,9972434301546587 494,78584567577656 863,5666052853246 279,4010173932211 166,4657914949816 68,15103121164618 5,419536295423682 0,9231325170244589 428,20448402947534 2,9618956759944135 425410,1672645005 1
1468,9240628574867 31598,9171471678 3,0167401486790064 497,0191197050419 868,1391703279306 279,2080992754136 166,58223076494397 67,99623230286282 5,411911495098925 0,9318428798286256 429,31226110698384 3,0166901076352355 417724,17617285985 1
1468,2897568759195 31773,215413442707 2,993867943120832 470,6807602750507 855,1921078161857 265,76913918415687 165,853272179472 69,27455967705134 5,433472823556513 0,9278280940107003 427,3363185783922 3,00901353468993 417549,6704279933 1
1447,923777845513 31819,83619913001 2,9900016607705364 474,43788021955163 855,1349487814007 264,300655350964 166,88192812881996 68,60438299412073 5,446474809909471 0,9282107112048703 430,82447304993593 3,0020423782359136 424613,76593039033 1
1432,808221348399 31895,128737602012 2,992058336371722 486,0900324703852 855,4091464991545 265,65166523687986 170,01913970035204 68,90135947614482 5,4346604159700656 0,9338666118118406 428,0795954892771 3,000009484207061 417150,667845582 1
1426,7798315251935 31629,13911717945 2,987941097759456 483,1860039446344 867,82871106954 270,222335685117 167,58627774644475 69,07078795422392 5,4364562963587595 0,9354139221194844 429,68270130867154 3,0196648098325745 424267,7898887093 1
1412,223429484885 31588,615677783408 2,998003376613728 482,70434105436954 863,7289641268843 273,7080960067882 164,8114579239094 67,95139995618214 5,4659758150616025 0,93092784449159 434,33211992504135 3,0071998616622606 415375,3523058175 1
1424,2269503390323 31443,33676509555 2,9799077494512494 504,30614740325194 873,7041143742998 266,54457164838243 164,69234731982584 66,99831067036463 5,400584240918153 0,9430147389783569 431,13590055826285 2,999289959865648 411942,3059426934 1
1418,625417718363 31726,755301496527 2,978132847894576 500,8980435842996 874,6378636543809 267,9734695371158 164,92313058319021 67,9406199784559 5,43993010851563 0,9410860545919641 432,67797049280676 2,9931850122550014 417966,8639742875 1
1418,1945127065997 31625,058356074802 3,001006703529526 456,13018364022093 847,7280007068135 262,5295923229648 161,32107578813998 69,97799714397719 5,411197627806168 0,9457031392263734 432,85682394412703 3,000971217410264 414687,44909226696 1
1413,2595202103582 31508,60344320036 2,991778662654953 453,7413424473982 843,0131158018696 260,4316061800105 163,83967316943273 70,74959380533706 5,41672232186055 0,942354352356539 435,1310929476962 3,0016139705583527 413869,4295309696 1
1395,0359764102232 31635,516342089053 2,994344181184161 497,54985259127824 863,2166502522294 260,2812206066725 160,26507202996675 67,37003971072764 5,451948046922653 0,9519345565833303 434,04454247560477 2,996345564519641 415375,8943925118 1
1401,8237534999148 31743,315376818693 2,993002282329832 496,4176320396637 855,5672154706734 260,2329311136387 160,12540529438914 67,848643164286 5,424893039147036 0,9556378145174791 443,2566864872711 3,0128319787639963 416368,88773120864 1
1386,2809105358256 31717,029974863235 2,996176149253836 516,3058497188914 859,4447226795363 260,63939486684114 161,10306501612794 67,72983149179109 5,44339858799841 0,960032125681896 441,6807894521121 2,9958854698374298 413388,67851040803 1
1368,8810766022168 31613,11392414968 2,996787045831203 512,1456417913514 879,4454769700134 252,40860296161017 158,5110230333384 67,28899735805342 5,431877416607748 0,95308312563721 444,54765365468415 3,0006589049470715 411445,2138158292 1
1375,7825464760374 31446,39326900344 2,9973748223256345 518,1343082431489 865,9413925940711 252,2641239660366 159,72192247199555 66,63472084124476 5,411269481800302 0,95572666533726 441,47542984014217 2,992466269566387 411121,721386965 1
1375,0520207629788 31711,09737084197 3,0091888784974143 506,7777140962471 874,9774420949092 254,56282464716682 157,50397844112237 67,18000510602823 5,370492689635078 0,9535246185831338 443,68364616573535 2,989959268191762 410664,6061601278 1
1387,7915458665282 31746,85637394034 3,0016123941910506 508,9319787598317 876,9288410952901 254,92608285865472 156,71526137112116 67,06927437313105 5,365983766737859 0,9706067047062745 448,60670249692413 2,990099296016888 409313,03948146565 1
1370,7216415807843 31594,15413531298 3,004609505630383 475,6417169721583 856,9289354003226 256,07119687655353 163,0350385104963 68,96871084158171 5,44026348156354 0,9604054166647377 445,60538789807663 3,0050898581089704 410294,668887015 1
1374,1170551685 31685,917595163417 2,9935495408023036 472,74181534924963 855,735791470876 256,05179471096255 163,97300777742922 68,47260742894838 5,459568905256871 0,9731033474253393 449,3708423659795 3,0175568189626936 409582,23808783205 1
1363,3833312048139 31437,63666970306 3,0374671191306293 487,08097072404485 861,0053733592928 257,09007195570535 159,00017183979418 68,04858055156178 5,445349987014619 0,9653639909075961 449,57563967211894 3,0036987342413357 410000,0214152074 1
1362,0824475703055 31642,947560317712 2,9973662396054 485,52443264867765 865,5803102353048 257,4967761793514 157,92731908162546 68,55880101139671 5,424292441895541 0,9673135080184229 451,9221456756242 2,982788995807794 411216,3709626315 1
1336,1356298305604 31594,205963933757 2,959065484195837 496,8249417783847 861,2076896300472 259,11438352625015 157,78899181214183 68,09160638289168 5,4170315373862135 0,9753727928311 453,6369423881945 2,9983977755233404 408508,85013188625 1
1353,0536362683713 31496,691806026505 2,9980103840102696 496,81044053585356 862,2595617262158 260,53350141771716 159,89427854148374 67,57031450812194 5,447839657707049 0,9661305965874986 458,55174903187543 2,9728447809513305 408948,2211433916 1
1337,9996274265015 31436,21656173618 2,986762739140482 494,63043609794244 868,9246669618465 260,220733638835 159,76157176834198 67,60791852138149 5,455005934102536 0,9739038085608971 452,084849417004 3,024340626175083 409693,7590024363 1
1344,7128883921143 31391,932647768535 3,0074025065646266 471,6799879206688 856,9978791834267 253,601690410828 160,48387211267442 68,90317110411375 5,385115339364986 0,9657260986931248 458,44579277982166 3,009430028702612 403067,2526497684 1
1345,659109961089 31823,418483976213 2,992211487789265 468,453591031042 850,7263823766157 250,04195723565735 161,7354732432875 68,17461231966487 5,413130104801817 0,9740853367176778 457,12664372823974 3,006049230921148 408539,25867700094 1
1346,2124029004888 31718,99294699668 3,004974452074051 490,20075526522305 860,0632185219079 250,38995768911508 158,48348470149682 68,00154176033688 5,400439023327372 0,9752945915668118 458,3267452183889 2,9910274744641994 408510,84241968405 1
1346,79025629053 31510,559732159712 3,0200815778430847 483,6135511998044 861,3585516285182 248,71232567651862 159,12971275684043 68,5036707877714 5,3698278564197475 0,9718939911428955 460,8485068717012 3,000278463954995 410489,14991468424 1
1341,6970754627932 31646,775436500604 3,0356521301678523 510,98483234989953 873,44716849339 257,0868111264143 156,92652474015077 67,19011849425137 5,3857836006836965 0,975269468724488 461,26366124345225 3,005912105734188 408230,67196005 1
1338,690027223924 31583,788612167442 3,004189239460774 512,2981495591613 865,124919141151 256,01860777186926 157,88998309129101 67,08583326151845 5,40685336209659 0,9805205992104892 469,9535323972641 3,011843451160373 410796,00794900884 1
1330,2406868264545 31630,14020201363 3,0092706393107607 518,7046688444865 872,293871886017 253,97808858384352 158,49206150352003 67,66547708372347 5,41065623340139 0,9788294616399412 467,6904878039248 2,99619781061176 405498,02638593956 1
1328,3861650283145 31748,033267610943 3,0130790764413966 511,5661012852079 866,7197490449569 249,0332744733271 156,71272219238352 66,44584231857306 5,394189240214428 0,9828066459148208 464,4681700539625 3,001160105677493 406832,35177968524 1
1336,2028846037845 31619,32961840746 2,9850413491706247 520,3637230044487 869,2249205739425 251,49785325697135 156,30499141099958 66,83756150393492 5,408080790823642 0,9793844177481306 475,13831780888165 3,0070449517553595 405446,6469034931 1
1320,4697786294364 32006,16224656698 2,9965551785499818 529,3123931591725 864,6136263990273 244,13523985667976 158,1133977205838 67,76515844722712 5,368295386787266 0,9867953816131506 468,6744805464549 3,017879451438216 402980,9426704305 1
1328,3677959913775 31461,984203678167 2,998728302232771 528,1596225588128 871,3125980554844 245,4446598541459 156,7994097335605 68,01346736576559 5,404203895238208 0,9826879226158891 466,6872098541268 2,9787496317300306 406950,8071509448 1
1326,7351574767347 31513,835826205755 3,0356157022755093 521,1379858044454 868,014386458955 249,76053735093024 154,4167253621971 66,7376290637723 5,430352802882738 0,9831417811503789 468,7432632091097 3,0027807571226974 401473,9651597249 1
1321,8354347148554 31617,18068612314 3,016970200101751 520,5168514290102 876,0308004147796 250,27118039250982 156,2679751934565 66,2899913626118 5,399021032455875 0,9829142938298413 474,1636429636851 3,0045660696995102 401897,91121551173 1
1325,7204053051416 31907,025634074067 2,974263035761491 509,5182796829551 861,6159008954361 240,59883876956224 153,2065826187398 67,18142635916169 5,430634526043031 0,9861472928901021 472,04442830978854 2,9714868903554197 403196,34951042815 1
1327,2178045107287 31350,949752558485 2,977195910094865 508,98093077651623 871,5341093615573 238,53848628875303 152,1068375042233 67,55481463909209 5,455444181040821 0,9948128753002381 473,3804253555736 2,998488406751762 402011,6487904984 1
1331,577027697663 31363,39034977236 3,0051891500027565 529,2912233554166 870,8699684259698 239,1338479838322 152,94063636378795 66,86595402808793 5,425133860670722 0,9875649347835443 476,84044499203486 2,991526479038723 403195,34310835996 1
1326,3150059517318 31385,41321356706 3,0085251170460143 527,6897272583209 880,8163965195776 248,034713615745 150,66466420818875 66,64473594955436 5,427961969017053 0,9928878218422172 473,29636364485594 2,984495684610158 401481,9577579503 1
1317,232313904035 31659,133608487726 2,991895327520993 528,7296283677408 873,973052888261 247,41001069201346 151,20692825515687 66,35973489753114 5,393068160433247 0,9938603439739377 477,6196172422704 2,985392720768292 405612,1948629974 1
1335,8095053697905 31790,454353091885 3,016782992881081 546,4933405614303 883,186212058014 247,3492352999359 148,43244011966308 65,40226353324954 5,4356439179921 0,9979897075446373 476,3034041090161 2,996013595012464 403806,82153564855 1
1328,7014503377932 31441,52972958311 3,0107984799098877 537,1925306321051 880,7299563688035 244,5895390666852 149,8158293349378 65,73972723214781 5,409047216249017 0,994261588165902 481,26545396914037 2,9983411524300516 399256,1896197509 1
