Co2(scd40) raw_signla(sgp40) aiq(ens160) tvoc(ens160) eco2(ens160) rs1(ens160) rs3(ens160) rs4(ens160) rmox(zmod4410) tvoc(zmod4410) eco2(zmod4410) iaq(zmod4410) resistencia(bme688) Aire/muestra
821,2422234243857 32838,62972365476 0,9892038303797889 62,60761219238306 482,8092502236424 558,4808277519315 727,5484656493984 105,0738768407117 5,447453977016356 0,04856422003454008 413,36431878668714 1,0034622496550587 615900,1266354825 1
819,3016341707081 32783,568791402744 1,9929722570952757 65,88281920583385 489,0292926474259 570,7223181668757 737,9914368935863 104,61361193477227 5,471089070161833 0,04871287695939328 413,2247493067992 0,9918662131116214 615392,9210042481 1
823,4279476698538 33029,584775807394 2,0037140646015654 66,18341022829266 492,4686441682703 575,6219826891835 731,2534303711129 103,94775927185016 5,49904780198535 0,05145346971683457 408,8957191422957 1,0022118874673 610975,6282733678 1
821,5902803538396 33060,62046606016 1,9960817576638226 67,96512513371981 490,10373595310665 561,6795117156755 737,034602783056 103,89816266190057 5,459396598036491 0,05092832226547856 414,96179403694117 0,9958405798335345 616865,8849272477 1
814,5089804141785 32679,187476482533 2,0130301942963102 68,32670566395781 491,7660623359078 564,5595640510096 744,7256467969847 103,7133548665989 5,423487469581332 0,054269538048988895 414,8779255793908 0,9955465934877664 608668,8818240247 1
827,3332245437715 32351,391718946175 1,9993824297208593 78,69519899763844 509,738795262458 567,824301067547 717,9160023854636 107,98631302109953 5,482851808371684 0,054447299510527805 415,8586550011478 0,9999597686840069 613362,9661605839 1
816,2151391418465 33003,75036161107 2,0046788271217264 78,68695129512632 510,3096429234212 566,3130532155413 722,5941597937251 107,37965302854927 5,475154294430771 0,05766813787067188 411,09189589559304 0,9987620617521595 614954,9025286124 1
825,5993754869115 32899,933154421924 1,986703172657318 50,025380175677725 512,2345311026384 564,0466469940122 714,4682831577416 107,22055182458729 5,4088577722652875 0,05742715606730469 411,35343817720366 1,0046619008826625 611718,667149586 1
816,3549115738897 32920,77026865868 2,0082317767907902 50,30801815101829 455,51611198513837 563,3064590634634 706,7943388725773 107,16291985849848 5,424849180109523 0,06089121576535104 412,0863144646763 1,0019672218546187 607701,1024953163 1
818,979578983882 32889,712209725185 2,0088508433394026 49,804530424846305 459,22345108623625 567,7003701282617 706,9825146274277 107,119047581698 5,494451405894957 0,060635654425874604 412,75456139289446 0,9992500099375294 611642,1644584306 1
826,6408151391158 32693,87071271113 2,0115547369588778 66,049504616965 482,78801439614205 546,4703536659017 715,7799112513701 104,16843772977194 5,4728196549912145 0,06107888814641449 408,2666600622932 1,0113954302448571 609186,0780044334 1
812,6269410813956 32946,03460971855 2,004452151963522 65,94362128570103 487,84598294300645 548,6814450916074 713,5468604483447 104,00606482123759 5,494341520468496 0,06306729969680283 412,04132732169035 1,0011287669633528 605604,2819322037 1
815,5941474425804 32840,072067322886 1,9972674047046415 66,84511198734059 491,1826068382849 566,9121829301779 707,3877297166987 103,98074674727697 5,4812873853720685 0,06365155097572692 410,3924422158486 0,9983286252336198 607520,6803040429 1
815,5928820927961 33134,68131903784 2,0042629750293823 66,53834029987728 490,6403784447088 565,661647893409 703,324316091028 105,28488160043183 5,489429999487206 0,06584919165832544 412,3531947035254 0,9993331034011315 604458,3443860143 1
823,1067410119433 33194,27086060519 1,9871603095508528 81,02439513025733 509,69620706285536 552,797804577398 687,7808895513226 101,92571631580323 5,491578518246916 0,06637709491519898 413,5446838298386 0,9968112792322577 609024,2989115126 1
819,0760119935769 32796,8330994023 2,0084325702103056 80,49831587028993 512,4064158217977 558,9353107081953 692,5599339846747 102,8569510697521 5,457522021476926 0,06903956318307189 411,35015428974174 0,9987754985119279 601491,8084031517 1
813,7161609712768 32833,48762326279 1,9986763299319799 82,26763542343777 514,2254759563781 553,2815539101965 685,0568603428856 102,11091032937799 5,4903012530246045 0,06844220952451648 411,5173147486465 0,9950182354614402 607746,4163527328 1
809,3640377891409 32926,93817967155 2,0077099042614135 82,61531543006237 519,5002175988045 553,4674660935351 676,8471745669707 101,54241849174326 5,482741205759903 0,07228425523451056 410,633136962399 0,9989966308994286 605375,1874400697 1
823,1388305075253 32767,544726929093 2,0100078008217492 81,19535647485117 512,9357854441937 558,5581426095383 686,2297199941015 101,94482567138739 5,515158990661521 0,07215388228072958 413,03929107976427 0,9990793571562588 608173,0219317186 1
812,0705905006712 33245,72620919454 1,9965537626565404 72,44566336774498 496,4697108955155 549,9183788512692 685,9331911195604 103,31515759205115 5,48319983254327 0,07174032275250335 409,612372725989 0,9935712190446617 609296,6454793304 1
819,3920485006827 32997,15792191168 2,0019981894255436 71,81889736253477 500,1768983891426 544,6538275368299 693,1267508602135 104,28442150486443 5,488882554278917 0,07465059877528517 409,7272290966531 1,0034657122391324 599525,9355424024 1
821,7087695321335 32665,430760202802 2,004471959735262 82,59851616561512 517,3604477266217 547,5682503479841 683,4118710901224 101,30969368731444 5,536744801283131 0,07510727332269568 413,15685036366307 0,9972972726040553 605881,083226997 1
823,9146728207487 32870,61956670255 2,0081364832316035 83,11764511646616 521,7484847069065 541,6220332726865 684,0428584736994 100,80265114234548 5,540678168273165 0,07686641114015003 417,97297732728447 1,0051375071590494 600976,3489591227 1
816,9671321312156 33057,08470271486 2,004126385139749 65,81296148940312 528,1395187622688 538,4012661121611 669,8847231308739 101,47051018114952 5,49080663357763 0,07629841683930676 415,9229089501151 0,9998555115755926 601199,8169289933 1
819,611511102533 33093,586636756656 1,985783786203969 65,64998909572282 515,8609680735824 538,9470827095575 668,6031375531534 101,02797166306686 5,459954127371727 0,07845685498347929 410,6076622634481 1,0058784928700364 604583,3723055703 1
822,7925570716267 33055,63646989249 1,9940985311973805 67,51191988806431 514,1708343278585 540,2978960922966 677,4433466693271 100,50017733177195 5,426227059278588 0,07871522806663894 410,37473142878787 1,004839051247618 598538,3227468999 1
817,5097454318737 32657,71278742233 2,0062385857797103 67,04541085263124 488,97130942250124 536,8135528950243 659,0671281697952 104,73800608735829 5,456574463338238 0,08062210053135774 415,4896385263431 1,0039199141308905 598515,9872658721 1
829,0486789021041 32824,15843833296 2,005091533643008 67,46424803381406 492,54573881174286 537,2192329208233 660,4854745193011 104,67278411285311 5,44852904680968 0,08087932834498927 413,2161644515901 0,9945989608470234 603631,0554559788 1
813,7487264054613 32875,177177085585 1,9787536860922976 70,94224707739401 496,02356436313426 540,9405707494632 658,740791010986 103,52077510694605 5,457421450652289 0,08030625167882798 409,65383221322145 1,0029140699276264 600940,0952769354 1
821,2063529232155 32881,59184901883 2,0159244201591893 72,36707036953804 498,5098193265777 539,4836510380726 661,005487218658 103,1807730002877 5,544502579886739 0,08217302875295157 411,40105098950175 0,9948240982093834 600292,8088000172 1
825,3471189037189 33052,534433697605 1,9894954790402803 73,72786727319831 505,02508450959914 526,6489556345219 654,7466118135387 103,4656677876123 5,436283181980297 0,08194775018953766 413,7568132863975 1,0038752595360212 597082,3025333821 1
818,3457398246285 33133,62186195318 2,0001715610118183 73,54796920476792 504,86215760107405 526,5100095545939 649,8569056371249 102,05372037156943 5,494901919889206 0,08562468430608276 411,89680561765425 1,9870358819172462 596744,1328547271 1
829,9994034459004 33039,74332076487 1,9854131062921023 71,39582544259241 504,4807545107499 522,0992558467864 644,2075630848542 102,40213839933178 5,493381116359293 0,08517317723838087 411,40445962956295 2,0126668323393058 601715,4548964575 1
823,6130911520532 32687,697986932035 1,999838359463158 71,15281730290137 506,9545558665754 520,9174751457094 637,3345677294302 102,94156520894771 5,526190648584289 0,08666549193350846 421,09970451447214 2,010358984410332 602646,2346730453 1
822,8365827805264 33070,63009616428 2,0054379956256456 58,719211787519804 504,7967403948375 524,0377335673851 638,6829637031818 102,85133941814138 5,422198533483872 0,08675263340953501 414,3395890594589 2,0046511999319137 594424,076858624 1
816,8845041380004 32989,42309914856 2,0085224096897183 58,992455867135334 474,3002153111342 533,5523892215061 642,6426917894062 105,72898209924007 5,5093079426865925 0,08961258121751232 414,16670874849416 1,9903113157912324 596618,4182906853 1
825,8320279871069 33034,97785323547 1,984087442362203 58,983100007 480,0632736351454 534,9686444783515 638,9985530611713 105,72557160245192 5,535603975862522 0,08958380140231222 414,5698386797661 1,9939722596910412 595685,9726273677 1
814,8459718652882 33222,458697606686 2,008576367115355 75,51655291740038 507,07774534482087 508,40093027282586 637,617343421954 101,78832531429511 5,466816954181595 0,09014721403523117 418,1565397175429 2,0143847537492574 594569,5944560907 1
816,6388259525544 32831,57981840832 2,0095893806293432 76,15862612429738 502,90430468093297 510,0166879009214 636,5620798112665 102,11808037627142 5,483135335477873 0,0917603458965272 412,84641245504827 1,9960105710414415 601015,7968782074 1
814,4277520743417 32586,94615653502 1,9959734548396004 76,91493004402035 510,58590948252447 526,4560930239644 630,3962664790319 102,60652448232005 5,4715846721090715 0,0917928915882889 415,5366445568875 1,9913277066801203 591406,1556323812 1
826,0346030535627 32947,97768968418 1,9818560015062374 75,69560995691015 506,1223986699496 524,794491173636 629,8573613046512 102,32325279672978 5,492015011904892 0,09316846365951996 416,9561934321589 1,9859608588563153 599553,3869120387 1
815,8586450941323 32931,39916962898 2,0056419996326738 65,1898567802589 511,21769272271996 514,1156563298193 625,1673206732374 102,59313735508768 5,499156397844065 0,0932874185670855 411,3261672677417 1,9886137875419474 600028,6490071426 1
818,6937436578629 32945,25249611309 1,997858001354367 64,79583584182744 511,68258803453534 511,7236932564746 621,9073110826702 102,43171745541606 5,520544547264484 0,0957311983572718 418,03514985845396 1,986781963562342 591853,4772977298 1
821,1156291076155 32778,068611660994 1,975422573434739 88,49373583513008 508,6874242158391 515,2084273311265 622,0667223981903 102,7973755899902 5,505761343181881 0,09671517112963687 414,25354009367175 2,001926105856407 589032,4910673616 1
816,8901262013405 32577,63683341297 2,008530002846119 87,30451169123049 527,8525419333237 513,2090790753739 621,860916712917 100,53214479405557 5,475576431942858 0,09965933863716807 418,018474004426 1,9700113679433053 596709,9875550598 1
822,2529251231861 32835,22490492384 1,994685487457335 87,77627433029825 530,335656201577 509,7790309656743 627,8270975115578 100,0188905607428 5,517056633320267 0,09899219523121564 417,6932226919628 2,0013625309231418 595583,2461364702 1
821,2292913078777 32980,24883118369 2,007383748576083 85,2506355115067 524,8019554676819 509,4482715628254 616,5124638101424 100,17924326964818 5,443434352698705 0,09955596117855676 412,01367768911604 1,9986982188664162 596649,1186586267 1
826,6464919634598 32845,62121627081 2,0016767867401937 85,17408421549884 526,604618503779 510,0364627284272 613,7778347210115 101,44546835308883 5,479578603206457 0,10086564153762846 416,913869769091 1,9864934229920521 595080,7915965295 1
821,4904504145189 32727,479233779584 1,9918595304672766 76,55546043314845 508,81207839617105 517,6253693540827 621,7951074522455 102,6973328810165 5,460341078341543 0,10100408671658738 417,6408433260148 1,998905007834197 590370,3976279434 1
818,3193921111387 32819,32618323064 2,0078802316376776 76,81224272000331 507,1924679045475 516,367214363513 628,237473471044 101,58154725353037 5,453307752966592 0,10253869463222033 418,35109755522694 1,9896640966727839 593203,2508570659 1
822,3029015779609 32800,63362769321 2,0085942446564946 83,88250846810418 532,2060492695274 509,0327530338145 609,6409437681223 100,98255012875121 5,460386093283762 0,10308842204847073 420,4074508476796 2,0143743205096993 593866,3988071457 1
820,5585759731599 32539,06948564927 1,9965903612986995 83,75576513095115 525,3316553189863 507,777773828832 605,9275522648056 99,61625768510675 5,499913806883644 0,10506565887421719 417,9347379901793 1,9836040503414987 594940,824578046 1
819,2579695986926 32952,498577927705 1,990987045255595 81,53980935819786 527,6231653944816 504,3618939895861 610,4778035589521 100,68748376305487 5,45261250686849 0,10525534492259707 414,1684675466656 1,9932713691303972 595838,5717387535 1
827,6734789639218 32868,317513310205 1,99233775156801 82,36920100626067 518,0470007309187 513,749574172215 603,0235131005546 100,88650477878586 5,504416159888417 0,10699652025467105 420,76631110782273 1,9815635011915522 594934,7713528639 1
824,8343644336154 32734,189198984724 2,0004572424317595 82,00337757696317 518,2502360471899 510,6786883657024 609,2617522185948 100,26736285826044 5,44226439988967 0,1081582780373922 417,2090797161537 1,9809377286929617 595919,1251238971 1
825,3257304374366 32750,31867531926 2,002371803175129 84,76175744968016 521,5153855221555 516,6749687632533 610,2859148905449 100,97831676295044 5,457439277761827 0,1079725678467465 417,70607441066613 2,0087078020018807 591459,5026386871 1
822,5734819798698 32738,488241191513 2,0060316478051936 85,20037694353361 524,0648625841744 515,9002804934627 611,0390312859033 100,71067420614662 5,538006482680438 0,10794984349495984 419,53790199971144 1,9872047280955671 596575,2491481886 1
820,6158426292367 32821,616704317064 2,0034264469537617 85,45772423839556 525,1810714887507 507,39072392389903 603,8694443490608 100,98847749253622 5,449377480684338 0,10933668600550656 419,1678870174177 2,012470706983289 594893,1119960636 1
824,5845287883126 32926,13442703965 1,9805616885562054 85,16550899157966 521,9289533456466 503,6438936630032 602,9413180163193 100,31299152426678 5,490999504117717 0,11138168406516151 422,0061893045621 2,008711873135614 591524,030021764 1
827,2381827143187 32927,56720738714 1,9930444102919107 76,1305904798888 509,6023342008198 503,8244424821379 596,6656336599282 102,98020347136053 5,495393474656535 0,11104856735088706 420,5019668250898 1,9852052457121179 590275,8940986088 1
822,4564958638406 32744,184589571778 1,9915205498994188 76,54043761331806 509,03658412771847 506,7214098951318 597,790971844227 103,69474792730479 5,493776534623485 0,11351766002823589 421,6877349659028 2,0057572048045587 592978,9591831526 1
825,5409295798978 33013,53291954567 2,0065516813866457 67,44910469966207 507,677360031363 504,5858743783208 600,9799157566277 103,26895876818021 5,4777828237120385 0,11453499769484736 422,64908855587197 1,9983685159039224 587498,841998685 1
829,9897851239538 32994,67493163901 1,9999181499143543 67,12943648777646 492,9015507378464 504,2430979170287 598,948453597947 104,12344283196406 5,527011610680737 0,11440536493328037 422,5785635711766 1,9945345436026938 589029,5772761817 1
819,6761881721203 32923,13567748447 2,0121554276552236 66,3716790444067 490,57252025274767 502,1581258725915 600,6741855865115 104,11779998759484 5,433824626559024 0,11449777424239227 419,6572481267159 1,9827083564393073 584338,1666330665 1
823,9222128978465 32773,47949366224 2,0014198390212727 84,15804982354224 521,3135490660333 501,42925928240436 589,8910919935951 102,1832136987851 5,442679651515669 0,11524984317006844 422,7935328505385 1,9901667529768814 587624,4538758256 1
825,948517715004 32963,553834633356 2,0094809908050437 83,95059671538824 523,4464269647544 500,037912623714 590,111340929664 100,69706047280779 5,4777720848412725 0,11588143491603577 420,4985629169761 1,989841758653427 583189,3538858345 1
833,0622141802091 32919,36991782055 1,99758753902994 82,35060364619973 509,9690474080464 498,9151883284731 590,6988984198057 104,28119654921441 5,492040195829381 0,11745680776128348 422,32682814778934 2,0079515427622168 588266,6752424218 1
820,4352235860458 32959,36229313981 1,9967253262639653 82,29736552984606 507,6951276208509 498,3428098860363 588,8130087746024 102,84474289042453 5,510296440737064 0,1166869424801536 420,639603432061 2,0038385549950584 591291,6491605124 1
822,218418161311 32847,16501933914 1,9865854737444928 77,91062958256886 512,1660106984715 490,6940829378733 588,9445544228911 102,3045623977508 5,439371594763503 0,11835004155953041 423,32162216589245 1,9984767019809198 587848,4450280451 1
828,368166606472 33054,92302356713 2,005872451250744 77,615028458276 513,8795067408943 493,7608205548475 586,7227575625641 101,29159847422103 5,43316878679238 0,11994638822045511 419,62915719593195 1,9959091677962917 589564,1794600658 1
823,2065283139262 32768,576105036984 1,9941629981464517 86,45676174256052 508,30880790558786 488,17057316421017 583,4003446238861 103,07646364636771 5,5178583267300505 0,11942647182938826 423,5440723039993 1,9889341749961849 587978,1657910569 1
824,9183519222731 32674,64123922943 2,0054442036363196 86,06937837597883 524,6022607529131 485,7319383098334 580,2527901489648 100,82770065567614 5,494193288281141 0,12074911419686224 420,62970048533447 1,9931082452861975 587069,9175571498 1
819,4898781253582 32737,310080146814 2,014131127931963 85,75371693709575 528,0197044159405 488,01314825642254 583,1262137693884 100,82437065882372 5,469516426742085 0,11954699147134591 422,6464699764573 1,987251589642459 591428,2299277729 1
822,0204423262255 33020,42800087829 2,010759534228986 84,5251975990177 527,2264110226281 492,293467369692 588,7999416940248 100,52696877319259 5,460984506864321 0,12117598967973708 426,22561720721825 2,014355508813334 589911,72210196 1
828,0886884721091 32872,65452897115 1,9980019398124016 85,10441624510938 523,9146896584627 494,53320350965924 588,1870322170683 101,1611474618298 5,470604595694876 0,12221773057188577 420,7750929235553 2,0052174239128933 584305,6914833206 1
823,638963789897 32792,32548530567 1,9937027943410512 67,30275499716602 532,7140365459807 494,66322937947336 580,7426212326881 99,00617323400985 5,469147488216974 0,12161289621117509 424,4784725481773 2,00293998641516 580598,1302156416 1
837,6773302215548 32930,98827757991 1,99373938819339 66,60575774843268 533,3816143393568 493,51795984747974 587,3234157880448 98,72292855314556 5,481536301080034 0,12312911997456054 420,24968272914253 1,9965000997119826 584173,1704305952 1
828,6201627347053 32649,57702292664 2,0098008232425055 89,1779659541505 534,627845170238 499,68213933104823 576,2775517711235 100,30955148449826 5,444564422135204 0,12346365853315577 424,08389674487074 1,9831153769901375 583155,1197747043 1
820,7267834420725 33027,55247950585 2,001845357285688 89,22242724387921 531,0111393580418 494,4739151720603 573,7891185517324 100,32547345013668 5,471243074969457 0,12496744201038879 422,88718284394054 2,0121120476219803 587991,8148300817 1
827,1813050428915 32757,200206510126 2,0014985446519287 78,71740858127578 530,0312962200467 498,994029847161 576,0496992558425 99,95142704371536 5,4838632988727465 0,12378471776133355 421,7372401212864 2,0161897484003553 585497,6419461797 1
826,4068770025564 32877,93886617247 1,9908014161553402 77,61673323839513 509,27801427108005 483,2934488160676 572,672837159363 102,13918261092769 5,472249433415305 0,12481870185772688 425,6551072016068 1,9990019257831577 584523,5752480457 1
830,7943937858117 32765,944851294946 2,001251925932775 77,94595084010426 511,9174666818761 482,5224781091061 573,9116187548605 102,24767149979905 5,494283982942204 0,12539713096161834 421,7575635875979 2,00779337374584 579497,4694495721 1
823,6791179133884 32793,16289726157 1,9959425620233562 89,19822796627129 533,403078359007 491,4210791966071 572,0585828838247 99,85677516398133 5,499246714458195 0,12635756271248355 423,8847865680719 2,003388923803093 582302,959784214 1
824,1464903747836 33307,243298685775 2,013642261435735 88,88289266404612 530,8336553229756 491,2385978571475 568,0424933272889 99,75803290577902 5,4683257942280346 0,1281080860996698 421,26946592523166 2,005161383951691 588854,1972040477 1
816,7756863100012 32985,23672614535 1,9940333271118784 71,2682988505356 494,4871626243726 485,9047979048625 568,9734337872469 103,15901932835273 5,489314896966796 0,1276217490447929 428,75432386628233 1,9870935392516196 581312,7537645818 1
826,5388297797734 32653,30121295562 1,9980901384618 72,35173537522516 494,35814512901027 489,20095379941006 568,1349422687058 103,70078307622211 5,471613201721427 0,12911539599909763 425,6640218891382 1,9964533422834263 583647,4052232658 1
830,295899156243 32823,6525362265 1,99211191741265 83,11801956622499 523,7025296733283 481,5016197256253 574,3322883098724 101,23005293490128 5,47374189416545 0,1276062341141957 425,6882691519304 1,981016553808637 582834,579390013 1
818,8256395160178 32749,974875817898 2,0135307814010757 83,59632168135184 517,7200631915932 478,235127087439 577,4978279333571 100,4344483800228 5,515673915388978 0,13043083992104804 428,2993425251984 1,9957358979657822 585079,3060451807 1
826,7628429181776 32736,57641244312 1,993368091926712 92,43506442430792 523,1380967741795 480,36159965429056 576,0146236645336 101,05454435459679 5,430533293608479 0,13000180062304098 428,03880908864943 2,0035548128976237 580429,7630422632 1
825,2307047889807 33103,01620278408 2,0099977667171163 92,12868872016 535,1937320777816 479,4068951361478 570,6258315403902 100,3620315887174 5,48692207572297 0,13015091691023012 427,71502728950475 1,9955973461262173 574939,3574183773 1
827,0881044294591 33112,441452278996 2,001102312440296 91,53670055537624 536,8122878694065 481,5817301994554 567,9306142784841 100,00707909756343 5,451779527940758 0,13056351145340037 427,5338298444134 2,011355144071226 577362,2068667012 1
831,8028204491784 32853,19235938215 2,0070905524442018 99,10868499483571 548,4714208934496 478,3997226009929 572,1223802642086 97,63501646413276 5,532829295292998 0,1300148128116128 426,4308968660416 1,990980098409538 580775,5495381436 1
827,1429864382641 33013,21334895172 2,0033977507954144 99,26639785322753 545,7353815662811 478,0460056864552 578,2392462281819 98,56525283803404 5,501073565069099 0,13077211867660135 426,36437459510256 1,9877541174283009 582726,6690559649 1
824,2709455158212 32790,7691945274 2,008257161733561 73,92119308767177 538,3864556801576 477,567613490216 570,3444665537954 99,11304543183324 5,508729043686852 0,13126519642639756 423,8672200112982 1,990489325905283 576003,0494484401 1
819,432619609889 32789,76534841078 2,001657607711884 74,30874530016186 540,9411280017583 481,2528015666879 564,8414740733336 100,16114973353346 5,504020403551476 0,13067821346545924 425,9545925168466 2,0140717096580483 584005,4784645418 1
832,9322084358249 32645,9066151529 2,0048002644494267 91,03527859793253 530,5353590585379 471,8827719559272 569,5011836891834 100,05508660079254 5,473738900767608 0,131463949324843 427,3667578359006 1,9989820659094293 586468,5340547048 1
826,2975849561881 32670,498531175286 2,0234848923789426 90,89305886614656 533,2438004268536 476,49657889984 567,0818951333202 99,36592982584371 5,480646906297957 0,13116293531705936 430,18125365632943 2,003701275808388 589272,9605485596 1
824,242091450766 32983,23459290373 2,0091176660341525 85,82459901818495 534,3789005107495 475,2908930214743 555,4411335636755 100,63891717105308 5,45760156312002 0,13154433365120352 430,8240777264086 1,9853019002726453 581268,0715853658 1
834,5096513651818 33066,43373549729 1,9967852717047445 86,4498031856679 529,7663717099524 472,6291491697529 551,9692471663019 100,86090809684333 5,48861486166375 0,13292429053310942 428,0965102507806 1,986126731103464 584274,6212857935 1
832,8211642553176 33180,140880721454 2,0071452204660987 85,35584409797595 530,3980831671672 474,19175506567035 550,5873755011954 101,88322943464162 5,48840038461402 0,1328089155107776 426,92570403948093 1,9971510797319152 585761,8454811004 1
