Co2(scd40) raw_signla(sgp40) aiq(ens160) tvoc(ens160) eco2(ens160) rs1(ens160) rs3(ens160) rs4(ens160) rmox(zmod4410) tvoc(zmod4410) eco2(zmod4410) iaq(zmod4410) resistencia(bme688) Aire/muestra
1671,0178124080487 32443,897673406387 2,9971095513194737 450,7628274860889 846,3069727119204 493,49159822780416 434,7704721196025 68,70720505257121 5,341625057043879 0,049383194787090495 406,781707416677 1,0065452992163189 442731,6782873268 1
1661,8736759220426 32563,68672996989 3,030039670767863 454,62993114038824 859,0706277910039 487,6803335799078 436,35428931215955 68,95872807288907 5,352520379550949 0,05568565297693493 405,15951690101576 0,9992330737363099 440404,448929351 1
1679,61726625769 32451,938100409632 3,009234103519793 465,5736480432715 860,8960868206924 492,41170675586375 425,8300337062635 68,95495375876867 5,372619675787596 0,05567404119731985 402,59598100089534 1,007631984115758 442582,82596820255 1
1676,0413676181936 32413,33381306057 3,0133655749014854 466,0440019144806 856,2019563243672 491,81577990085805 428,65312604049683 68,25279947562153 5,35986265471516 0,06344844030842015 404,5276920150475 1,009310528279832 438678,64107806084 1
1663,8478095361925 32268,81027739429 3,015573440199927 456,0102614762415 860,6677878769639 495,7274381939792 434,04852878596046 68,77952494197218 5,368945945113202 0,06280495036057052 408,45806408209614 1,0088907087473984 439319,7508265702 1
1667,015035544008 32534,923320532107 3,016965838422668 454,7015150783141 853,6118850232116 497,1719964543752 430,3641547609632 68,1700136998944 5,360993011445232 0,0700735493959225 400,9674248720693 1,002158963746126 437637,6376334619 1
1669,4149456529065 32274,401247368798 2,9892694230391657 436,4465995646029 851,8435366332055 496,84129965002444 429,9549259397365 67,89363035055482 5,358669995774886 0,07066419314621775 406,19419785651155 1,0041594417544677 445112,55611530493 1
1680,818492725523 32626,49798141441 3,0087481154248468 437,1400223299098 842,0808448242219 497,8088065216907 419,59426319864025 70,18196234562227 5,3734686515553856 0,07856749611671442 404,04697119344775 0,9933385238788023 440737,4819145487 1
1675,447083088534 32251,148426626194 2,99995740145171 436,7717890112364 853,5906858245403 494,1130601724468 416,120554069047 69,55757228662368 5,3655239815177795 0,0787687487835465 405,34887861694637 0,9966803245709275 434936,6919534541 1
1672,1545227914605 32222,967769151524 3,0109045575222915 425,40304508224585 846,402227252933 479,40799616637105 415,3578066570643 69,8832372766822 5,346681443844267 0,0785785113280343 404,5241388790385 0,997501847598853 438061,56729643635 1
1679,6396397698065 32582,562280966085 2,979389237677881 425,2060086018431 846,049083098701 482,8482118460915 416,9490231565417 70,72654639136799 5,350951028591908 0,08672479255831096 406,9617850271615 0,9983724697994903 442581,6427813345 1
1694,8162189631323 32292,35230190021 2,996700210254258 450,98857496148327 850,0190488401371 475,33310010567243 405,5714785745618 69,18680454634385 5,343037164583295 0,08688414213537875 408,53671756401474 1,0018114539709038 441974,04103036626 1
1661,4310091194122 32514,11191036833 2,993550429981476 449,80763858493026 847,1558503844674 469,91784526473384 412,06799048079984 69,40692715797748 5,341360084260752 0,09506869493456888 406,83900731733087 2,0158220020320923 443090,7798689705 1
1680,6826777757576 32253,638643237315 2,9984425943623445 441,79363687891447 852,4466557691944 470,8910239695287 405,7074752599974 69,69761582527707 5,387189068123164 0,09580181933793742 404,08494730139836 1,992685920064489 442796,73226583435 1
1671,6333702579998 32410,37179343712 2,9920931220733356 442,44716954758843 855,4556055258552 467,6825841637323 404,972791070775 69,0102153476895 5,333761011434755 0,10311750318364607 406,6351793926304 1,989272380452647 438722,9121946053 1
1681,9629277171312 32815,73714620709 2,9895932820812963 443,1459871049955 854,3848800390202 469,79695854954105 406,05950026228226 68,66824993994923 5,330907496805111 0,10316357441850312 413,8608346922571 2,006672065154523 435305,6126817226 1
1685,9373943663381 32492,1813249014 3,008169569841545 443,01558854316556 849,8140378428279 481,19257564547166 409,4016698114029 69,57824793269636 5,39708665462682 0,11121301230891655 410,2931823956642 2,002755641132662 435502,2114760451 1
1687,2704527814 32041,871847413277 3,0202127634628706 445,5527174578261 845,9712411700596 478,0820288895116 410,1045326910658 69,04011745160287 5,394798296512298 0,11112680237095675 407,6190628237138 1,9995384703130643 436498,966247945 1
1680,923058071799 32378,54661274471 2,9970445976546682 437,82262393899964 846,5804749188262 468,3143965808828 396,30128737039684 70,10062230145046 5,3458602835948215 0,11178613491746159 411,24364190896307 2,0030757284302654 433643,4270036307 1
1681,486901646698 32405,921278500544 2,9989737113999615 440,94233954438306 844,178753145769 472,0853763511642 397,49513300327806 70,24306495414736 5,319525370417134 0,11906475843939461 410,5407654701377 1,999017643975426 430225,2288287869 1
1679,0254011435864 32272,07536596857 2,95715617728528 443,7374769530758 844,8427340737677 479,12886164725114 397,17620676339004 69,15339864412995 5,359841015493032 0,11890164932604061 409,9934111659055 1,9880859102452961 439122,0005231809 1
1677,0527235649063 32484,86231257191 2,996131040066006 444,55319654341446 851,2952675422198 473,7363223734076 401,16075849097035 69,82702326182034 5,366612210173597 0,12750050643455377 409,678156529075 1,9922560236870785 439267,4545520137 1
1684,5693780636554 32201,19558998552 3,022024120774688 437,86652751810675 855,6118678014352 463,70317976157224 388,9838812316547 68,7098868659875 5,363268514821333 0,12682131299847907 411,6693031034372 2,0001016231415782 435202,3383958926 1
1676,9085046269356 32536,609177704962 3,000301413008761 438,6659770203922 851,7162725943549 465,0413069752207 389,7067017707443 68,98367775567193 5,334506619669829 0,13617190262256987 412,00234539397803 2,0046796278922763 434844,5197141244 1
1673,0639543969191 32448,671345727817 3,0011438002554245 481,3895220240792 857,9203594104299 465,70769473021954 392,45900011664406 68,64111117630564 5,303458947363651 0,13699908104508388 411,59027631308504 1,9889497665537417 433921,8474331352 1
1672,6035237618198 32664,702194938374 2,9919538972555566 487,3057224776029 863,3648918186948 452,638707459283 388,0390016717741 67,56340622371802 5,412070478343222 0,14822374773057073 415,9716081560151 1,9948154004347023 436072,88338688295 1
1685,2402798316502 32262,32261229412 2,993436152555648 483,68676650596984 864,8395812416779 456,6305314704011 391,08084928998 67,41858948318568 5,358769433160277 0,14827788425107835 412,91590368463073 1,9978374037604134 435912,5385174466 1
1664,379021951531 32249,41961023116 2,9978051127529324 458,91022475803715 851,8181661762758 453,1569903909737 377,1881271203804 68,43515321552435 5,390792764512666 0,1488954903184091 414,01102071995734 2,0105800474047006 433371,4473016534 1
1689,627155085 32621,404570218267 2,9894031874484766 462,6412209537617 849,9336181919032 458,30627458665185 381,17474883538523 68,06529276145737 5,370299351208096 0,156653715194391 418,3351738338174 1,9828302159385105 429484,10230222 1
1692,090387949133 32464,43778609527 2,984898278719299 470,39105220827525 864,6837314130202 457,233131293307 378,83759881307026 67,71360140376427 5,38375279766053 0,15589376794387452 416,0598930247403 2,0063226025447913 427993,5108118733 1
1678,8411397387754 32424,587326922276 2,9950041594962435 472,7562603535451 861,1814310235884 453,4460277237562 380,54197694680295 68,45061095509722 5,399662635810528 0,16580861963566287 419,1449774666367 2,012428164759513 431536,19304108823 1
1685,2170092114354 32564,128628982835 2,984475079060338 438,3910527878917 872,1066482047269 454,6194963592724 385,166069682747 67,11134786766297 5,341662877261048 0,168091016291876 419,0813838240153 1,9986544159825503 437949,6938190598 1
1676,9791127619242 32676,140426950056 2,97719348059823 440,3345614662932 863,4136197046124 455,56901370163285 385,47952160733206 66,92101852228909 5,396237090373866 0,17371954054085723 418,15571839508397 2,004125106556195 432676,5881547985 1
1691,8029808726926 32095,324354192777 2,9770847690334796 470,7084125485906 859,6110302514327 456,558204422957 382,29022580517454 66,93980846272679 5,376169846541361 0,17610562894169604 418,85627662715854 1,9937125759532497 430138,14551299176 1
1692,1874958213957 32388,956894772822 2,985613634922549 462,9661513394614 850,9072177386872 453,0882628841605 372,1111971563519 68,82659923030495 5,38751007008867 0,18244780236672717 419,4035774786089 2,0055183976663447 430621,74361969944 1
1694,9642469050136 32190,98645424526 3,0092771180394813 466,9549586219797 862,4187790534315 456,77300791182836 372,8318099536773 68,73170344904126 5,372103550290252 0,1835584669642214 418,27909657411743 1,9972665020429017 428535,02463313786 1
1693,3070236791914 32244,868592018913 2,9777972458134316 458,1578582578777 862,6077988486898 452,09964776440927 382,36558663335205 68,29869309746208 5,416974309786068 0,18300155824676298 420,3055971314527 2,014923688471268 429159,22736806975 1
1680,7629266860913 32285,12665105501 2,987643526764673 458,27841210845764 852,3860196833839 452,7190458631487 378,2664094065797 68,70861047911465 5,381300494230507 0,18970177282825823 419,87912125292274 2,008670353541556 430499,3393454935 1
1691,8183320107808 32067,669501016982 3,0002564938405536 469,2546398339627 858,4761073257621 446,09318482911414 378,15928184561665 68,03979632103875 5,415097566050703 0,1903819329411891 424,42539003134004 1,993180697619484 432161,088922277 1
1695,967087332838 32481,279407641705 3,0221132455164432 468,29680715713124 849,33018935827 439,8932902493409 379,501056308617 67,99372127019303 5,352890220563727 0,19839294597520374 425,5550315995134 2,003459042071253 427988,6557220856 1
1688,2807502898133 32420,710608653273 3,0251096032005975 468,4434375499172 862,9924301526314 459,71829104778965 371,41577802632685 69,4114629756159 5,331522309033045 0,19895679993131976 428,10762041245414 2,0148871821202943 423737,75733243854 1
1692,6436008677815 32517,356468509177 2,998589257073574 465,8155398125923 839,9665164327639 457,4578072664159 370,1323182521825 69,30104922725752 5,338974677901352 0,20353205209756262 426,0469478999651 1,9981040544336424 429687,0955313239 1
1689,3395053779727 31972,398643243974 3,0114564959747345 480,6112398198657 848,1470869437125 454,4944773366693 371,9772073998105 69,49615967374248 5,413788533269591 0,20824298731660956 427,818053723331 2,0091099022219554 432918,0185567798 1
1695,8077502248984 32684,429423916237 3,0080384856141578 478,7933057669746 862,4681568282905 442,8625416658978 365,6536556847126 67,88786056974807 5,370725384315548 0,2125508511261124 429,06425301354614 2,00982645537549 426741,6377187342 1
1697,9461843500985 32632,70229089961 2,9813729026239746 477,3926935542883 853,9906064583295 442,17304479977213 366,0070356108631 67,3908906402065 5,319089291072951 0,2135908323184564 428,5839664599127 1,9935985902533415 430547,2915712813 1
1681,8652883155269 32133,37694166485 3,0068774794924717 467,26674132129915 862,074025194498 445,21422636016456 370,88063316879044 67,79158070599033 5,3947277071812225 0,21424175916820923 426,2762046052782 2,006931434223434 429054,93056226877 1
1686,3675345802128 32219,449111675716 3,009262756832875 469,0652671073759 860,6185396621416 447,4188793947484 371,62613030409705 68,13217093355594 5,34441110830858 0,22004243371857193 431,5362220395596 1,9963609500717265 431247,7880017567 1
1690,5634318515563 32261,448644116088 2,9915821567148013 464,0283041868591 846,3957699798843 443,87366771806035 366,74497162341123 69,10267061526199 5,315061639871702 0,21781947124108123 429,0169396373399 2,011621705528858 430397,65901321033 1
1696,743704373158 31928,06205350666 3,0113220168418815 463,32277422815827 839,868054345583 443,3802328895421 365,78708905843774 69,2658587201765 5,387721569649142 0,22322254817171644 433,0107297940708 2,010708833176827 427208,6627936663 1
1682,6879465468357 32595,22568249346 3,0029072717761593 470,98387149927635 859,2744997225714 435,7659678654637 360,2855344566662 68,58970899157023 5,315453442416207 0,22303695816418975 433,95230673994763 2,0001927497836727 424679,5960893736 1
1696,341371143724 32358,045071712044 3,0053643939496126 472,4396957232666 856,8467977254644 435,81248832644394 359,0414993346409 68,76529782426645 5,361516448088565 0,23144069799290262 433,73986567591936 1,9974315546055885 426671,44055761426 1
1693,5016333957183 32298,810403362873 2,9792346994502696 449,9318210226183 855,3020384113564 435,4272999951226 359,53730912422037 68,39055516212568 5,3870012897415975 0,23066117426574023 431,89239372714724 1,9970229705844742 424073,75001996744 1
1693,1730542741607 32544,10082422019 2,9917539927429138 449,0046649379327 851,8301727286891 441,6710447948069 362,9763505387222 69,05144450362475 5,3529908985528385 0,2359304830652989 436,56551902951105 2,00725742539805 428218,0518761324 1
1682,9431530309769 32537,039275901796 2,9844818794822303 450,96492929676407 848,4023459207233 441,17159461205415 360,5125092952703 69,43850518510787 5,365104966219826 0,236532020797019 437,93987141495 2,007840698034594 421382,2141220893 1
1694,10426233426 32310,676250604567 2,987843972446256 492,5516037002524 858,7264950650448 431,4984388515595 363,59620460808856 67,59487996841861 5,343486254366997 0,23617554901110216 434,60564375404516 1,9914018745321556 419970,05362812104 1
1688,9820914375268 32184,33340529782 3,004438440206119 493,2602261584605 855,9467370422819 432,2847979309281 363,53170926564593 67,32957594540503 5,413052434036033 0,24301125752428487 439,15142600918216 1,9897118861144811 427711,4758308125 1
1700,1660642021743 32442,03246708038 2,982219695871992 413,0360809522458 856,5080985251058 425,9899923263772 365,9306918603778 70,05737332542432 5,427208515499873 0,2435301669720521 439,2712092093956 2,0048751223782952 424691,45071465906 1
1685,792035386376 32080,48411818606 3,0234654403994194 417,9859595224227 845,7064789972275 426,62933364120266 361,27572488929496 69,751523284958 5,355800516644913 0,24770016020580876 438,94507586035854 2,0154077021709926 423832,9088673157 1
1686,5723497930617 32557,47465615497 2,9914916027005276 497,03108725504165 862,8866678791323 431,20470943447333 350,92863326328 66,76815534999264 5,37757463603827 0,246074419798687 442,36621015873516 2,0024635187790234 422078,550106031 1
1686,2459926785243 32173,30245786696 2,9927261629805137 502,204345858164 859,9128548430378 431,68294379908735 350,3415218358371 66,7314570601995 5,3690003937209365 0,2525899942679346 439,8454573111579 2,0021001015521653 425759,67324731546 1
1693,2193691054404 32382,68557695588 2,999164178465162 423,7212430342023 856,8215056833627 429,10550819820406 349,9887308263165 67,01008398072679 5,380308302722134 0,2520387595058329 437,4920782118813 2,009018988113209 421480,3241104782 1
1689,6003769960907 32211,68646397594 2,9821105954489973 424,59549075158895 851,8441371228218 437,9440650306434 354,69549032799387 69,98741730925025 5,359894062529017 0,255057931850542 443,9121122126225 1,998774194911519 422105,6564189172 1
1680,3944325780428 32323,194165790806 3,0271348529462894 426,2898644071621 842,3435884718936 438,3090238879609 358,9295882544564 70,54906827552763 5,393500329253974 0,2555310675433543 442,0890624382413 1,9845415974818015 423938,7201866996 1
1698,7429730602075 32134,478952067322 2,997177587118045 441,73769526050546 845,3074534861033 427,9870436376857 355,30426854191205 69,96919947000593 5,377604245398076 0,25728932290912887 438,6582276438916 1,9844406024161483 421465,6929073143 1
1687,33371062888 31958,936861669277 2,9889034079948114 435,0112867308231 848,5253535703819 428,7892274171828 354,9249013693119 70,64487264082746 5,410611663928626 0,2630570064339035 443,58888353012065 1,997556490577547 419628,89435706433 1
1688,384448017418 32038,54594124887 3,000425346713474 485,4080900192507 862,899981747967 428,3830565098115 347,84477313899794 67,1270435418077 5,361602551022472 0,26272133424349264 443,4580389296833 1,9930871683001743 417669,3028212954 1
1695,6255959092248 32678,930918290123 2,996737028781891 487,46279359133575 859,4106848244163 429,8510503061023 347,874820928443 67,76609055723121 5,364837744890684 0,2672023814783945 449,19846214642115 1,977415051912 421500,8995783115 1
1694,1942750936723 32341,619380609285 2,9801784843235835 437,8475060921004 848,9243657556206 428,0643094489779 354,01325966050433 69,5382763907982 5,320943357405695 0,272558749323672 441,7776821255584 2,001923764998839 421827,19170873234 1
1700,2221147113546 32471,996359919598 3,022833509140837 438,64925491564173 857,0112064956245 425,28205715709925 355,86051414897497 69,69919696029308 5,36669028213041 0,27437489345744737 449,8757849992868 1,9940267376229572 422394,75245891407 1
1690,6692868479422 32249,26122853151 2,996039007103485 480,06763021304874 840,6455754140615 429,9648907679772 352,66268544404124 70,12725336181919 5,385008158138406 0,27284806443517984 445,5899242388963 2,0104356753553567 418087,2254244625 1
1709,6709201894082 32274,68375907528 2,9964782798641676 478,3754756268819 861,119073475654 420,52053897228143 357,5378780946284 67,4031400544889 5,367285023413027 0,27705690233259406 454,9684431618006 2,0142760573503065 420834,317211632 1
1690,6788544187143 32052,026912408906 3,0023277491506617 483,9854060617249 864,4314757445965 419,8765812870408 354,9041052338865 67,73529569396278 5,357752569262943 0,2777246537753149 451,6304533117213 2,0059547881556643 419915,40903509676 1
1702,0433497766624 32204,199653687258 3,0393146004934306 482,2809377857443 859,388047503655 417,69420742067814 354,0122730804429 67,32419996675986 5,392752305636232 0,2757781714748763 450,2771553638205 1,9667212653906023 418970,4835618904 1
1700,9936274425413 32304,5946692831 2,9958857993325316 486,93272976279013 862,4603585287936 418,4089694524606 350,2434803274191 66,5928926711674 5,397884788658659 0,2843420706736989 450,0792178214295 1,9870146481183046 420445,33949600236 1
1704,6994628159105 32389,025273045827 3,000833408989169 454,2605145930227 849,5304424642461 418,27409538513774 358,9431585779367 70,2212663415993 5,369462244152105 0,2832467348879611 455,14899204730625 1,9916718226771843 423249,7041522956 1
1695,1678915732475 31907,29932951369 2,96356744943601 455,7322530048805 854,4277801058183 417,9027694521638 355,1693498568603 69,64132318402243 5,390721160242779 0,2879876781700385 456,0496172149772 2,027291820147236 419763,165622995 1
1693,9532710080966 32478,227582079227 2,992199979650566 496,94453623636247 853,3420014438846 426,2235519423551 342,3038248240136 67,324125662758 5,371229985227757 0,286806651434924 453,54693801058943 2,0146250479298122 419265,75879677554 1
1690,8173788541737 32388,7410498332 2,9891956087910048 491,2598972483398 870,2917217443618 426,1953312402611 346,17738903394235 66,8668393719476 5,354369839306857 0,29327341901655873 456,6528198347932 1,987218153046862 420827,7852825309 1
1698,6738610997782 31903,23156109243 2,9901980023305312 430,7563900292523 858,9215978700029 424,38811931913006 343,05670204844193 66,85830684469354 5,414215313701457 0,29316086462762964 458,3143265758542 2,002713023816869 417259,6665396769 1
1700,7419826871412 32195,33622104571 2,999434618054518 435,2546215379221 848,1604146377521 435,1227532493012 341,13943981868573 70,78948830329183 5,385713384620356 0,29274691626815585 459,5912332991159 1,9849943695299777 420792,6705978254 1
1695,8648415965984 32113,49935870167 2,986966397831485 430,08899810131453 840,0086147765243 435,7332348957956 341,3644987102824 70,09252033043082 5,3491997455952465 0,2922844424268805 457,4474738507615 2,0018162987287145 414871,94545518525 1
1693,542684938398 32278,359532983945 3,006620227721942 453,143128925401 859,1035491944485 418,68015074266657 346,50494112264823 69,31615364196847 5,377224780770417 0,2922102571547509 460,8242610911444 2,0102030468440213 417381,9805553603 1
1689,5068533475715 32097,14546902229 3,011190045892131 456,80788172736254 848,2921563260443 416,05885272617104 344,37742099260794 69,05752254913274 5,379030141737665 0,2996277505844193 460,3740914119486 1,9943898794632866 421201,1056036704 1
1699,569415281077 32525,61618788808 3,0041330677807476 473,5531146660196 862,7933436001337 415,389446484498 345,91700803964875 68,08813727400731 5,43764676965807 0,2956647195590141 464,5755349483158 1,991517735894758 416843,2093949664 1
1690,152117213574 32041,896901204418 2,990863438650636 475,3130434386593 859,464344166715 412,42927778546795 346,8677450975686 67,67852033884911 5,3874209529758295 0,3001320774674585 462,6036740751662 1,9910332580015864 419173,5246019511 1
1698,9399866787064 31882,698132182133 3,019301585418503 471,24703044368397 855,2677226139219 419,2575550199353 342,64923094814304 68,51749724197354 5,349532508370965 0,3012377585899603 458,1290515985701 2,0207954204324707 420755,84258850274 1
1691,2806095788999 32325,710036210963 2,98747129550663 470,0679219500868 862,1503188648226 423,784306167254 342,0949342421189 68,90426874888865 5,322374613682786 0,3040042181785605 463,9030297076588 1,9859574340100459 418008,3881844117 1
1698,978149974184 32486,19477121958 2,998696422836747 476,90888000239613 853,9496164585271 416,8383288921926 345,61780340213556 68,01623952530404 5,409524016929365 0,30255147163540896 460,55913894725927 2,0188857453759095 417022,26285970456 1
1697,7657942950318 32281,366888859513 3,01790607098429 482,41102855589946 857,380003330081 413,56227307639506 344,9824206504241 67,62255686311951 5,382778755142613 0,30627976785622707 467,28831217157466 2,0096996965096494 415810,2493363292 1
1707,7651229277742 32189,05228162235 3,021020640777946 479,6263164065677 857,5371063719176 411,44169128345055 340,5641956580691 67,70603743519409 5,37437665919621 0,30514102235387236 463,21059585041047 1,997754500491163 418695,7016028569 1
1703,7993592227324 32433,36675703457 2,993573761920529 441,8780051688042 850,0103787602944 420,27578594575465 339,9884768161941 69,9110024684957 5,369780337334883 0,30581193849722754 464,210641503443 1,986166386974574 417697,2442484639 1
1699,751679456326 32016,365242085194 3,0058825629045414 440,99621196951904 844,9234764936533 417,07821240925546 341,8729813962368 68,9967977127266 5,349128016780274 0,30729742779716557 467,93558247799217 2,0018258443312145 416164,1659853875 1
1700,7695486240696 32194,210140878542 3,010636318843931 474,53116472253953 850,0267993685138 418,47691696737826 340,27649482954666 68,30836492156328 5,388745097747367 0,3085415219510859 466,1730552792097 1,9915136345963027 415925,49770983023 1
1694,0618159276032 31988,97758384649 3,016559688344647 479,20302409348625 856,0569369257513 417,18387498465995 339,68846142359223 69,05437090101367 5,395021854674815 0,3125080887397609 463,99048113049616 1,9885526932463269 418231,3646502148 1
1685,3599278291488 32252,92648091992 2,9968410462159603 469,49972628736367 863,8093967754853 408,973879736762 342,39310649414153 67,77570866182262 5,3176362238549855 0,30906359555074747 466,67517249722533 2,0017224238312656 419733,48731634906 1
1717,6191627393928 32270,437186601077 2,9866574374937516 474,10255926757526 859,4272934441087 408,05979959325805 342,9934742774542 68,44958753489412 5,34202923949856 0,31370025419836256 470,0023900685238 2,004097147836847 416521,8695948992 1
1696,3586969561609 32229,104366451174 3,0338086095212464 466,76548454016626 862,094140083865 409,53224782252624 342,01387301798883 68,7791437770476 5,36407785368167 0,31102523084085965 467,83799637129374 2,0038299143506064 420391,52938277886 1
1696,9298177620897 31981,903475898525 2,9936093008947267 467,8299236639746 856,3054611268527 415,46615368638834 338,0853078651853 68,40466149736014 5,433853879954625 0,31692505602025084 472,0319014372412 2,0043155981809724 415690,33843459055 1
1707,4081040938938 32206,217281959725 2,990046524850801 466,06589245261745 861,3948625459334 410,61188694883845 341,60583210595775 68,15542970456133 5,338174289177951 0,31652903092602963 467,42140682722754 1,996525215781721 414388,15714340255 1
1686,0171843254861 32087,114594720835 3,0082041433000835 484,13927880724475 863,3582890887811 416,19344195673784 342,4536858636148 67,20108918231499 5,392345623451563 0,31647551821712977 473,17181565334533 2,0111609637799734 415973,3295726112 1
