Co2(scd40) raw_signla(sgp40) aiq(ens160) tvoc(ens160) eco2(ens160) rs1(ens160) rs3(ens160) rs4(ens160) rmox(zmod4410) tvoc(zmod4410) eco2(zmod4410) iaq(zmod4410) resistencia(bme688) Aire/muestra
2294,822081489034 31465,80077954696 5,027301925827529 2382,289564499794 1292,3098517525618 103,24992828913815 46,22741420177609 37,633276750522654 5,418929071930469 1,1718861748850324 418,6170338550704 2,972974424288482 347955,48280488246 1
2270,746209666928 31197,77413196646 5,023145127450411 2406,5719546524188 1298,517524334399 103,0118860202791 46,28669661140806 37,3458913983586 5,390797953016891 1,1888917111793795 421,10927838091686 2,998515223541011 348280,6195761151 1
2291,5400499941015 31556,7677938731 5,037282004305598 2432,7328397383862 1301,8152148880365 100,67321115062508 45,82990419490144 37,54451907825466 5,357953913123914 1,19236954935141 418,05034759280414 2,9807905782297923 346328,7923082759 1
2264,619856359498 31307,143597735456 4,9727663122952785 2467,849542360567 1314,5141094429014 100,4575567957207 45,83762667623211 37,09544171773623 5,389528881929873 1,2041614299063388 419,2523955310578 3,0076843529216775 347781,01688899565 1
2296,710095446473 31363,556956642125 5,000282327150972 2371,113180444687 1298,8478780946762 99,87128421946296 45,339779635790485 37,17815008318041 5,390352896491436 1,1951405189641848 419,34431228491763 2,986429056314237 344764,5714270005 1
2295,952023214504 31394,27432719113 4,99926523136543 2356,0310262902394 1277,3143880628688 101,93701655872557 44,73564497572988 37,90375253837574 5,437560623283086 1,2191091285845177 420,73772219359194 3,0051740087634684 345751,1137620859 1
2289,629641159108 31316,46673531343 4,9602280896711415 2338,694479249935 1282,6360455546871 100,76361643640334 44,15866375076938 37,86938466203574 5,450593890104033 1,22343191809449 418,10608303971173 2,9937400844416517 337680,51010849694 1
2303,7478969430927 31376,347529900642 5,000178631978808 2483,160501679981 1281,3855053755185 101,12028397786425 45,143887919128844 38,46902760431035 5,39808941343275 1,2109857418738144 424,07809731266946 3,0117965645001696 341070,9148980926 1
2279,9433723372263 31363,835153223597 5,026962142449997 2470,8242375010036 1283,4503950069818 100,46391715060355 45,19447243288353 38,26819160623589 5,433659440631459 1,2361522397207811 419,14636247163224 2,985476533694074 329128,2178082782 1
2307,6280842417054 31071,960218789132 5,015697001740244 2318,093622268461 1268,226920769269 98,89379261705697 45,04739906453462 37,93785544364116 5,427722213851266 1,2298580564378205 421,82472532779036 2,9858923544547604 338473,838806414 1
2303,055345442867 31693,98402856087 5,018437458249244 2278,61250248197 1275,101823940427 98,02877408826623 45,166904053301906 38,36340709936319 5,404439518316242 1,2436104862632127 422,3737113899007 2,9938994869389433 333368,9655870805 1
2253,070530892129 31335,92635802004 4,984348221537676 2291,9240238313846 1285,9186525708162 97,94301648734108 45,66604961834388 38,16325297648389 5,446764824415069 1,2437907009907239 416,2626685740286 2,997338727507043 333719,938832197 1
2279,7294809828686 31309,120519957927 5,000432467366618 2301,205887740444 1285,2225693938224 98,6824936915582 45,85890596458877 38,23459578254573 5,435257484679352 1,2527112498923103 420,20192803304843 2,998351159468103 332133,7353357323 1
2269,5716251239564 31285,70179097574 4,988383519953362 2401,2295623054765 1275,729230508299 99,31773239836103 45,621664540611036 37,94345764507235 5,424083743597271 1,2696851201578945 423,6900961240828 2,9913921995218438 333855,32088035165 1
2312,358931740261 31332,58362601669 4,956458765984345 2379,7768385639406 1288,3610913482235 97,4532967202855 46,1887033825453 37,95244923085022 5,414557436420484 1,2605841513097158 422,25989962679 2,986064189475307 336524,25120713585 1
2290,8860203599306 31291,47683678265 5,009123323640513 2380,725718183974 1289,7529515760853 97,18111690672622 45,81422069045669 37,61756103481236 5,424514706276125 1,275363828424176 422,4448504465063 3,0016305309463815 327820,2026494612 1
2291,1551567373904 30903,183273207916 4,970134005523975 2521,252333765953 1295,7408057368157 96,16544010650814 44,92133620717916 37,66052026971718 5,4043171234451295 1,2641221655748387 423,08007054568293 2,99322221142131 330767,0194972512 1
2307,2069810726075 31281,22882886269 5,003895320329901 2551,7374341302825 1297,2899578546992 96,24587168334975 44,65591149325744 37,59554220261742 5,5044920613399855 1,2861181363831125 415,66147902131763 2,991530441893717 330975,2335940186 1
2280,083417849324 31478,980717245282 5,057978708291907 2268,4147890040094 1255,8247955328825 98,4011042142323 44,97335656265055 38,20324538232261 5,381976811907453 1,2892518500414205 420,85294369558943 2,9988956279017405 333183,01171864494 1
2293,4049839896293 31201,63511796675 5,038205504847275 2253,4362355364956 1258,187612061963 98,41372503054951 45,33264889715265 38,410782020334736 5,4035544468521595 1,2815116759876366 419,35510654665933 2,993775101820606 328627,81802217104 1
2289,5807969967477 31057,199491200885 4,9554395971563645 2313,5714487094156 1270,4272343673363 99,5488430874897 45,882094991995196 38,4669725268404 5,442521694694553 1,2838261927582868 424,28306046736674 2,9903905308070664 330576,2843722856 1
2289,1441188848635 31250,07178759292 4,96764303050945 2344,2729859207857 1269,0249469320208 99,30505560694435 45,74750249444967 38,17662766078693 5,440927183689635 1,3099890117420248 420,6042005783956 3,013892248718271 329398,1656765782 1
2293,953914612902 31262,77712710154 5,004197068413636 2314,8825641282733 1271,1520851507717 99,64302442071377 45,993629718449746 38,37093618919962 5,447711669910258 1,2922240994361542 419,20981623696247 3,027479443396114 326936,6709934529 1
2288,4938001293617 31210,61063322385 4,951263201868238 2297,041862380031 1275,589268953096 97,22189053755697 46,13611761301816 37,978903944339244 5,447420093691349 1,2890154497595723 422,999556902053 2,9800621292575693 327589,89458032575 1
2305,3750134085 31132,778910593675 4,9741462085379125 2322,030117055166 1284,7448507201593 96,83605350104666 45,26112024774154 38,234277597978426 5,450736795170465 1,3137319009778141 419,2150421711875 2,967676063093669 328088,02526262216 1
2287,2627684634963 31141,73984526231 5,003966661912952 2330,427161665712 1286,9358154147812 96,47349314271337 44,16763522394587 37,31337628073875 5,404645628907842 1,3017464937197047 421,769882507332 2,9833086848832013 327030,6652360946 1
2308,646934705318 31072,396057545044 4,959539843619876 2340,3039844029654 1298,8501431059212 97,11154297753681 44,5049194236504 37,34601464962866 5,391026120451398 1,3064250013145793 418,6051790363767 2,9563729575309603 323977,99841610465 1
2280,4202899548586 31032,168115988312 5,002146113025611 2348,604644992418 1299,8291438894423 95,25566956319314 44,05187513473368 37,96841959041848 5,3785918917535955 1,3122749939290876 422,09494499951336 2,980950470250304 320965,3760658076 1
2296,911614893784 31310,610278119595 4,945730534876274 2322,5330297348305 1277,4780199722716 96,3424714059567 44,03910374554902 37,90406722391154 5,409071209242656 1,3076390481505356 420,2132182612966 2,9909176129008985 324369,377488453 1
2294,2878399617425 31103,29798516686 5,007347778516602 2269,1814117579647 1268,1746052006504 95,37924706399737 44,49101533107886 38,45949508464769 5,42676884604862 1,3156850003211622 421,6661729116938 3,0196608896703543 321535,1616089109 1
2299,4716648684 31122,010110247415 5,036599184337173 2295,919858637047 1269,5726609001283 96,05920008825292 44,47982125058618 38,38546526977871 5,444174113094759 1,3312279838855892 421,91292470939635 2,9907245535901845 320700,39826236037 1
2289,591245809015 31061,80481773529 4,967762771519158 2209,8224675295055 1273,4495807699527 95,40639563808386 44,47037635031457 37,96039324972337 5,399304950283099 1,3220125745719575 421,9008330591643 2,9864637931607336 323181,7914844691 1
2279,1916051365406 31051,224473768056 5,0165838636399895 2211,9813147413865 1265,439928839677 95,26279603895185 45,04665100724848 38,71740567900962 5,413521490786054 1,3288937199612902 419,46069486589556 3,0120660622698923 324304,921447808 1
2299,4920980668753 31112,655228204672 5,029067431632629 2211,7655060975326 1259,409303750802 95,70009460719069 44,89499474118102 38,96782440461951 5,433404315250571 1,3301270322030139 421,63293912318477 3,0137502965274714 319672,3513185612 1
2284,7226466149423 31053,039464699305 4,026742791582602 2121,9942527128956 1253,3962079018727 95,44766925998317 45,43050891710118 38,71154177328785 5,425520915131226 1,3295768735162745 419,88254865039073 2,9943968553803106 320099,0324700619 1
2279,3245766083114 31221,6265970709 4,02101118581649 2170,1072063138336 1257,9104548220446 94,35066074451643 45,16522827450005 38,983002021251785 5,382406985365814 1,3336805660628661 420,32221158816395 2,997955905217929 317755,4227516022 1
2278,060231418981 31442,36762444819 5,011394276829916 2216,893612621089 1268,0978593221255 96,68050417751121 45,39598137581991 38,73936516586452 5,373944478892661 1,3224346026148512 419,9141956253694 2,998732695889747 316066,7116420143 1
2271,945589417503 31302,819440159466 4,98780143983792 2200,797369620083 1249,6900190133056 97,0961541677372 45,381761102035966 39,12926725777409 5,438309711568221 1,3478412500080825 418,5597950578989 2,9869137306516733 315546,34249021515 1
2297,595527969135 30983,585883889722 4,024791365690097 2100,195436671352 1242,7805592589757 94,1083497104411 45,481191818591896 39,184915062405956 5,402660510052068 1,3334311992428378 420,71416901558854 2,998599152215247 315569,4995615442 1
2300,190410186281 31218,36944583717 4,00044362257607 2117,590458361189 1246,4630136260682 94,09326953107424 45,17152179401671 39,27124477241048 5,445224770431089 1,3332920541188276 418,4423998477692 3,003499538197215 317636,0298591358 1
2265,527753632454 31227,195210485355 5,0432124480556055 2256,130575472584 1240,381920166516 94,70947754395904 45,045470006137904 39,59449768660415 5,416601172953107 1,3333902031333538 422,00354610168796 3,009987163337213 312863,758656463 1
2282,0798716427257 31277,75771297786 4,985241860340731 2242,1158439310566 1270,0928210549034 94,34131344543877 44,85899794209942 38,32887573790662 5,4056678322737985 1,3383736817553584 420,3596326589421 3,020991572929953 315665,6872364437 1
2282,904223273423 31206,238085651534 5,001842335106169 2245,794720208434 1264,2649292349386 95,30318829222071 45,05829215948441 38,781565694476605 5,391126364438052 1,349587208145939 420,5837535740771 3,0112915915207656 317066,6091019446 1
2297,2959218368123 31075,117680072177 3,973931238999482 2119,7562537405142 1244,3147633898457 94,818669275209 44,4985052234112 39,65316665589874 5,42615137213253 1,3438030408933437 418,23572499776986 2,98919424798752 314615,9490493263 1
2303,0206284270735 31073,506309293527 3,9913134791966933 2112,15285302007 1232,6842395292504 94,49522921022887 44,540648356161846 39,629092139187776 5,4451211092160925 1,3492767620601176 421,92552227988915 3,012917805421423 313296,9390851427 1
2310,4072817091424 30978,47684622602 4,987721870190244 2207,7241953774296 1250,3543423572457 96,79117116962499 45,497885366393675 39,07551259331033 5,406348667438721 1,3490960980851106 422,3283769652789 2,9985975448553455 313060,33117213 1
2270,9638266783104 31279,752918706014 5,017586411960284 2211,707864972432 1259,9191472353905 96,4726852249624 45,653947475950616 38,56006638966483 5,446713240359092 1,350204975783147 419,30983798058844 2,9829677168254474 312434,6191317782 1
2293,186147373705 31179,409878479582 3,97352335836274 2013,938977223604 1219,1221316443298 96,80633307058378 44,73428011671587 40,476607323415585 5,390440677127567 1,3498596873310083 420,5623605969404 3,0051774728078238 313630,7102937834 1
2291,4382992257524 30978,373279487474 3,9837858716135623 1999,9597239692275 1206,3282845549315 95,94922021505056 44,85796405081454 40,513312111000594 5,422036478971532 1,3450170829899029 425,95959103032243 2,988914329127927 312465,1372729633 1
2284,9525962884386 30828,46179586221 4,025553116361539 2110,560631783862 1216,8658068525856 96,22355326116708 45,12983432837059 40,6245408805351 5,420790760712479 1,3389496053237604 425,5308537002407 2,988756668392691 311255,34256306564 1
2282,4849199696187 30944,418992188417 4,024431986997347 2085,71779425817 1234,9188566849348 96,53099774975682 45,65271253256925 39,807481452027645 5,402725665717431 1,340021244552108 425,9225120803887 3,0113760044272206 313427,1954414716 1
2285,075675276099 30856,84462311924 4,01828676591709 2112,196071475767 1223,2828184036596 96,90486894034211 45,98217195186999 39,700082756503605 5,453276730319765 1,3490238386684303 432,0342874010591 2,987760296212465 314229,42421704205 1
2281,4020308386907 31079,6210245545 4,027741784396366 2177,8600630685983 1213,0640291831585 96,1642679317763 46,28664805336495 40,34080946804702 5,459188687090603 1,340935345481913 426,62614915012557 3,0008095662924497 314146,7348402869 1
2302,485603650347 30905,054273989197 3,9953061857793206 2197,4044727064206 1218,603583553089 97,83673285602383 46,269064144522034 40,80820688423159 5,387181954466561 1,3546073052074528 427,23229153684736 3,003358146495777 310322,44297310617 1
2293,6808284403514 31205,617839135542 3,9958606086480564 2169,561923744604 1259,0206887129418 94,46963747397699 45,4203599880528 39,109700898382485 5,4470841216577215 1,3608753156645315 425,6325052463064 3,026120366342459 311679,86772024696 1
2275,560504983779 30986,75154056431 4,0302885546662806 2155,4131287002347 1239,0812562879923 95,93780375916465 45,57918798268765 38,91707280519682 5,431503202471085 1,3522939367444478 431,74658216133525 2,9998310229397736 308894,6624256041 1
2281,5992902741177 31157,45030147939 4,016715748575406 2172,545699961384 1253,6704629577166 95,04051066146512 44,11973492958997 39,254508799338396 5,437926093610001 1,3466688505424838 429,69202890320787 2,9788749242058445 310649,8454094942 1
2290,4447567558304 31144,630251086266 4,0034363030187885 2176,5212831956787 1255,4398821033994 95,70372583950379 44,75471532518106 39,16585626904334 5,415716661649737 1,3516970942592033 435,8977823660631 2,9748497451346783 307750,31743297493 1
2300,809413670401 30927,93556221241 5,023826361795329 2258,463224174446 1256,5246407201462 95,32678168265508 44,554119477782145 39,19325769224619 5,390891837637332 1,35439472212255 434,13815498470444 2,984173339857741 308491,24082961783 1
2294,0251959593006 31003,57883629731 5,002798713378251 2279,995255102629 1259,57110665158 94,74919086324712 45,12098590576368 40,13113475351008 5,446722899882912 1,3422043423674315 435,2687401914783 3,020111280456025 307021,9399255908 1
2282,519890894481 30890,003166449533 4,972954219172376 2267,334253806202 1271,5923319059484 94,48516680080172 44,94361179424106 40,180997478485 5,4214017208181335 1,3516644778118905 438,7767754664559 3,005632754738797 309423,9099931614 1
2296,2572260887755 30864,825824280848 3,9947769589367548 2001,8501289922071 1231,5163397826584 94,58278144586984 45,98112878118833 40,308562144037836 5,445830937646785 1,3577133984888832 435,3473224980702 2,9955124964737694 310787,467059047 1
2307,299739643987 31168,180112899452 3,9712463004505834 2014,7987776910454 1210,0293485972295 94,01134025609107 45,887384252136904 40,26055172886715 5,395104920696499 1,3579562566281682 440,5231333266096 2,994803960501015 305837,8419551868 1
2290,9049748116536 31017,024410355378 5,016795634072403 2253,8228577461655 1260,834666571444 95,59490758948156 45,832961679693064 38,75216222118655 5,390555845173327 1,3459317506860797 438,74641089331647 2,991135399139856 307384,4227522862 1
2306,052821346988 31144,714733332108 5,008073260116061 2250,5297610305333 1270,5643088782379 95,2254970964536 45,9422699080356 38,324911533570976 5,489427039669116 1,3631653727203563 441,0154305761079 2,965676085737355 307322,24340256513 1
2284,4613428526454 30937,118719636117 5,010799239679857 2329,8984626410634 1271,7130218727357 94,65586091347092 44,979860620254804 38,02466010996569 5,369752334113383 1,356449835478726 444,32462788152674 2,98244487489974 307110,76826869964 1
2302,2896223070525 31027,419426648532 4,983215312368015 2298,137154648737 1276,796998735289 95,50192047865559 44,83193274947034 38,04592324442071 5,390859593284061 1,367073102918978 441,1026011030166 2,9935638256427533 306910,84770766145 1
2281,9128072467834 31048,73601763795 5,003896813281346 2239,2815806477092 1264,9222012755838 94,66501801885929 45,21368211891706 37,931501629224435 5,357058636066929 1,3443863802419234 440,8909440658108 3,009807866470226 302360,95113669103 1
2292,757906961179 30822,86170733534 4,9870252976810905 2265,576804179621 1235,0979633985992 96,39487428153896 45,12564100744705 39,49323595061347 5,417233863482195 1,3431868058311618 449,19517733262876 3,0043992331154623 308180,84156240954 1
2291,273778710908 30863,126907232192 4,996916318281556 2241,1027699899946 1239,7753838858016 95,42577327813235 45,6210023670077 39,25480924070952 5,40670900042743 1,34227328030764 448,21085585933554 2,974370420478694 306411,97808168904 1
2285,972847941966 31024,487403164752 4,050149299640149 2150,948135742702 1255,0016636822754 93,483358334192 45,70436311572157 39,45937877765015 5,450766895310835 1,34644190896731 445,5545464350636 3,00351189265694 305525,59753559955 1
2274,6452685049035 30919,105320599992 4,014337848704554 2164,0752800075625 1255,3618352255237 92,75125167180069 45,70750674392863 39,23938366942276 5,423993455796114 1,3604178003632947 448,8409366100364 3,0178819850349727 302965,1760382927 1
2306,6122564326693 31027,41568058591 4,026274164016102 2091,2948932685476 1225,513970300334 95,34127665762448 44,68735707103834 39,691717149658245 5,410556579857406 1,3484692738535438 447,89284856080786 2,9896762023993597 303803,7903515684 1
2276,630506386297 30937,360103706327 3,981692663346796 2077,4461895532577 1237,8501027531133 95,07446941455353 45,276990691182 39,75429579423339 5,42002706051423 1,3590267287458713 449,2380208180778 2,999465812424206 305993,9340628487 1
2328,5024085802565 30731,783914035583 4,001080020519139 2141,2012773704223 1248,4751479819336 96,09449634507516 45,95655060004467 39,39278831410009 5,414116983310365 1,3503931266926839 451,10215434815893 3,0158871183431804 303732,35495760816 1
2293,969480828917 30947,705402037183 3,9685429908734142 2164,1451095682464 1245,246956204402 96,29715750053369 45,981858663588135 39,16961197505479 5,414162395536255 1,3447374365451965 452,1493076709105 3,042054587847413 306952,5982342329 1
2278,065595815728 30871,932376710924 3,9620880769118445 2125,473526573684 1249,4576603589455 95,71481098593881 45,7958756174995 39,4026911308499 5,384836947278422 1,365733324773866 452,1811022315517 3,0115697726210255 304344,5817932339 1
2297,423841203936 30794,449436338866 4,0326238309970535 2123,0446945174126 1242,351992578512 92,98726897011719 46,028123185147805 39,60569846056511 5,38638389876838 1,3461458574116645 459,1624214411351 2,9826351557788575 302846,9104452876 1
2298,9480392937967 31089,713972593316 4,003499490734691 2129,7212539912916 1232,825272623393 93,30799605403868 45,50074027699104 39,803498958091474 5,3875549221617 1,3428151933272334 454,6039593623918 3,0271101778052936 302670,97452201217 1
2291,102988985376 31034,58326823349 5,006028581528618 2091,868856958203 1227,4019333778629 98,40352666119608 45,948563507396024 39,80685200353912 5,372635340002502 1,3502481921040148 457,2973542423258 3,0306073074800057 304362,6724613641 1
2294,083993579021 30783,24882110511 5,015553654186165 2063,587382980281 1224,8794009080686 99,17551096955765 45,398621098934015 39,90089090942313 5,424644409305515 1,3498652771479316 454,3614420295867 2,997833483851646 299864,68672271137 1
2294,7852575076467 30842,391002684566 3,986703743975795 2139,7413636248334 1235,8378698646482 94,53071474099707 45,204642137571454 39,015515658998474 5,3832453976719306 1,3504365359194308 455,8172273003787 2,979055409306774 300700,4638229819 1
2268,3086128010823 30961,573779219645 4,002790424671829 2140,844811725072 1246,0225534891306 93,84179883049981 45,05645207594118 39,512860509059266 5,434234900315142 1,3473044196119512 455,1461249730805 3,0037372623363288 299316,18555473664 1
2325,26468911339 30749,682661388477 3,990326625280732 2109,980504187126 1240,2327703644835 93,02223954444526 45,49470470014434 39,803541971767544 5,397615493888274 1,3491527391083682 455,92076003377787 2,982025114999804 299637,69872080855 1
2306,490919842309 30639,049569803217 3,9721372118760416 2110,3364986840734 1235,3680475618498 93,7848741659038 45,407906413928636 39,430757989653344 5,421812580615079 1,3401140248817829 454,7764863021686 2,9937745496203987 301453,25542565226 1
2303,613783268877 30664,303935167867 4,012676355913339 2102,0186674323713 1244,175344970115 93,14230354435078 45,23197815755512 39,497347063485655 5,412827233308501 1,3555421130869756 456,4226678085222 2,99283776988675 301649,90805780765 1
2307,0242284229034 30791,684162031128 3,951431309404525 2100,088268073583 1237,8658994888863 92,77128809152498 44,936962420683784 39,527757110039396 5,371343966754972 1,3563229440276283 459,7762263437729 2,9930643843975266 302088,2968834166 1
2278,481570970596 31262,264485629985 4,012187656904022 2106,025696532929 1241,4144807482342 92,95162142484182 44,89142827132988 39,416572721948114 5,443601042586096 1,3521342819644948 457,039666108032 3,017700451005191 299122,78243733844 1
2314,174479238721 31051,687936391994 3,993547251140816 2091,8704223862946 1228,4815146418778 94,94782256904982 45,52853379008147 39,95026101822257 5,460727474268898 1,364580924200489 461,4799693544812 2,981126551878718 301259,42183589406 1
2290,040583388142 30831,525933090034 3,9912890464381205 2058,4758471741065 1222,7857340588405 94,07757064565152 45,483120098148135 39,90271241054815 5,361818419643277 1,354074801297795 461,3853333624428 2,99316305317936 301816,90844539413 1
2268,5163306626537 30934,1329885402 4,027645705613347 2194,7353611300955 1251,6985575938736 91,05277360823465 44,91710447338487 38,76061103683571 5,443813732756249 1,350484485903692 461,7274784753423 3,0070016744139636 301673,3310442672 1
2305,8412159874015 30702,88250810365 3,9920369455976243 2197,656849351417 1252,5774277949463 91,65556248957782 45,06234925627381 38,844530248465226 5,421318858808132 1,3434334901389682 463,28051779042255 3,015360885691053 301701,44869630353 1
2302,60750809466 30889,549327065833 3,999009846199917 2148,636116809206 1244,9257689704687 93,65001734519224 44,30546476960334 39,4515524437723 5,417441003616437 1,3561756008855435 468,3233378737442 3,0154917673575143 298019,9666812442 1
2279,5560227961573 30885,33098649017 3,9848338297687858 2158,762208397182 1243,839301877037 93,13915231362401 44,29988150364221 39,23606673183572 5,413457966859855 1,3393544631561378 465,77851476718945 2,985174283453895 297745,1782481078 1
2306,029281457954 30801,02759056984 3,9928298840880134 2040,834512868362 1242,7282759245236 93,09615280057893 43,75769734372744 39,34014685874973 5,3980274125218415 1,3429518935420433 466,6372332205991 2,9834930333554217 297059,97603524604 1
2322,0260389228424 30904,58655320341 4,007719894938879 2035,0691567173437 1217,1731764797237 94,92854723542204 44,36648154971041 40,507916378588554 5,431694780534861 1,3578024705938596 461,30967222096007 3,0195700209178598 299483,7445237141 1
2323,0758300212956 30794,254554103885 4,023419915964602 2042,3741409072634 1220,6667114091222 94,15230677869633 44,474248037455276 40,01165486929245 5,415020868530874 1,3579484515013622 467,8632509163606 2,996958719438513 298764,13378481765 1
2310,856208429492 31071,40303816503 4,022962367071602 1984,7330433743819 1211,929715021429 95,12605761191558 45,0585658433251 40,639517390029155 5,429377901488101 1,3539108872605095 466,3122106369044 2,9911829468715734 299488,3399902128 1
2303,8702094279897 30755,289769059687 4,003726413317541 1983,9639660374514 1217,994796829098 97,27825510924359 44,97245730111194 40,634571311273746 5,387554706575346 1,3590595250034467 462,4565011994423 3,0169624135205435 294697,03917837236 1
2301,034398332405 30934,967855177656 3,978931929418791 2011,265297361262 1218,0725108778208 94,95444859505231 44,86449690631534 40,19683448546516 5,408508003308163 1,3535320378235547 466,1552398896343 3,0096160560521223 295774,8530374804 1
