Co2(scd40) raw_signla(sgp40) aiq(ens160) tvoc(ens160) eco2(ens160) rs1(ens160) rs3(ens160) rs4(ens160) rmox(zmod4410) tvoc(zmod4410) eco2(zmod4410) iaq(zmod4410) resistencia(bme688) Aire/muestra
1965,2665501658496 32344,459444884167 2,995429084293064 498,4839926931228 858,5980887704243 433,17518831871735 361,85189565187244 67,27997104240968 5,4118664962587575 0,24636938804447156 466,43103860408246 1,982824716722078 424484,68202270934 1
1936,2705698739553 32238,752147663974 2,9871976365387183 498,8056613789481 862,833189522419 433,16943921230217 362,30752032013845 67,29178274947081 5,312127728620847 0,25854727245995224 462,135007517382 1,9908448826016414 425705,2473536178 1
1936,8601887244392 32165,859657156965 2,996207686513172 542,5968478254191 876,3597556475298 429,6922977891557 359,71418809507696 65,26389699288272 5,376177520600384 0,25656111979383217 463,24990519693284 1,989321796551558 422934,5515032278 1
1950,5235681004567 32193,36197677858 3,00905967337131 540,874446988265 875,6737258408491 432,19862129103706 358,98852153828335 64,84730202344979 5,32289430614522 0,26950677316882765 463,16458392339956 2,007623829840469 423672,21757220733 1
1949,9978385519116 32139,547399374256 3,0064581187925583 523,3587236434502 876,1463976903029 428,6552289554982 359,5226032287702 65,80424920072822 5,3998794503246605 0,27085320543203606 463,8283565459011 2,0008582385067153 419568,99960637593 1
1935,5333708405087 32477,42266401834 3,009100766126501 530,1206855221554 871,9438825660627 425,42425655834467 351,61615028729796 65,92757098111022 5,383508051624306 0,28257538967131157 470,2319021971961 1,9953389486956368 424111,5695458535 1
1945,520412512495 32467,487515654564 2,987935513499841 522,5309986765634 868,6653781423784 423,4632252965074 352,05270871580547 65,85745653935366 5,402872723740592 0,28001904031883545 470,11633234049845 1,982261472532606 423705,9679784613 1
1952,4259136910202 32232,503259131576 2,99000739333887 588,7156764417473 883,8435659098898 426,70825487299686 352,06961784318696 63,48989528346978 5,338024993139633 0,2793215086785897 463,25407659280165 2,000182207002688 423843,8278916986 1
1955,8844831142824 32162,8285626472 3,010080307840951 592,3691790181683 890,4694614093894 423,7642413521381 353,67102701901996 63,68612088763219 5,381375930386174 0,2915118130948682 467,7117329456012 1,9851694928902945 420687,6378382723 1
1953,505632166964 32009,380750770462 3,0009753598257896 535,3591403901894 884,7078046230012 424,9475897664536 350,25005777338475 66,33143857289338 5,387421131718659 0,291253443716543 462,28871555775333 1,9922647522933674 416885,9767640539 1
1956,2761885668244 32260,393550060155 3,0136690956181846 545,4483015703585 875,7819604645911 420,2203793440552 349,3843786160039 65,45200269891244 5,322777306159218 0,29794287892555293 463,101733050839 2,0094181851953037 413565,39630170993 1
1957,2686638013708 32181,360479688115 2,9865979617578686 604,1536315566833 896,9066591206335 412,3854615482528 353,3035166803044 63,238477109003654 5,340276218759121 0,3019451874387111 464,8620634373124 2,0149807874991934 416619,8698977166 1
1951,4090663421648 32456,17689304689 2,999457293653537 611,072801367691 895,828733693 413,2613457104726 349,6695910230729 63,465110247093804 5,377202300985598 0,3141497521496545 467,3355575775841 2,000126462680467 420538,61552756245 1
1953,5897420582837 32319,108898262843 3,0120033596301905 572,8322670975084 896,9148614280828 416,0618082121537 352,80920836104815 63,51211506999017 5,418235134643143 0,3157143760736293 468,083286680748 2,0023199068318713 421178,78216012585 1
1946,8661417891199 32061,189812621924 3,002505433053063 574,9966960773327 896,262484850217 411,3200777816828 342,2244962771648 63,55120145979585 5,3533007284455385 0,32343438078057274 466,07244510592335 1,992962846506928 420476,8867128228 1
1936,719326292853 32056,53290696845 3,0149215213777794 574,3635709338146 891,3578088117725 413,0457108958065 341,6770180461566 63,794746537293314 5,348630320051256 0,3297903174929727 470,6981251788568 2,0233354948974407 420001,2988862939 1
1948,7093498432582 32241,18199932028 3,0140973920703784 548,1801753830889 883,2339086402754 418,46438922967616 340,2902465539128 63,98603499462376 5,416531131202239 0,3277801477435967 466,85748116716917 1,9952560157000374 417309,26996824116 1
1954,4729496703153 32387,0618227347 3,016921010888912 549,6376326852176 885,0542316279503 418,49208726819955 343,0247038064497 63,79150077912443 5,396196419946261 0,33684594173233295 471,2700556568221 1,998822272067316 421569,58116549347 1
1949,0767756051355 32188,250751655978 2,9832421843316226 580,1840955852962 887,6872007914743 416,93815950856225 350,5865613585979 63,99824714406035 5,363170337676745 0,3357911568979475 473,84294374776994 1,9916614565436184 422926,63500789297 1
1940,387576534863 32342,324686313415 2,988718972350543 581,9324786695217 889,6743865268289 421,13223080967356 346,4395723067591 64,16894513329586 5,3562239399401115 0,3465711006067423 469,04131827028505 1,9943409348172885 421197,96396945027 1
1937,8796995598686 32316,233961444254 3,023427481575486 545,6751582692197 875,6250815823564 409,70093445536094 340,40827755702935 64,65456737281501 5,381402729285406 0,3434069994312951 475,02354909130327 2,0005869756982917 415552,3926522072 1
1961,4652699194462 32285,459249204574 3,011741104825057 549,5536979509322 879,801304899791 410,6040190206518 341,19498759112963 65,88177682867754 5,3261319574713895 0,3531766385250435 476,1045617806283 2,0050994416048074 422291,7456535851 1
1943,9395644804351 32088,857366062162 3,000918548143706 574,964154975585 887,0605413030554 411,86528610778953 340,4034973308853 65,67627163086979 5,378842957657869 0,35128841071382844 472,2925718038377 2,013583601093323 417110,3357897626 1
1947,784745488753 32425,43400672966 3,0059276975627047 585,509720936219 887,2592838687974 411,5513696453098 341,6360500596895 63,31612790993352 5,381063089252392 0,36563652497390603 470,08072468759883 1,9865021827334908 419304,95615412615 1
1944,7221542652117 32344,221009028344 2,9646610211570956 577,1946867876753 891,6989908795298 414,3757065793492 336,3178879178416 63,852508125497 5,407562237598646 0,36773485504930165 474,7149076340687 2,007815555312689 418027,56724881596 1
1941,1007171013487 32256,24108630535 2,988668059581461 538,2853825264622 877,644071142403 411,7133545821963 338,4489753673452 65,24920056396859 5,341710606050562 0,3652948225370062 474,37737987136643 1,9790972145512242 420463,46188597317 1
1942,1177358947227 32114,435468414464 3,007433423068549 538,6810709505755 870,1860201151829 412,85390172621123 342,8725878486103 65,96216733576578 5,448726103381913 0,3759523505460748 478,16219307015433 2,008016501811481 417793,1064708613 1
1964,4552653628034 32427,542369533112 2,997924688673974 591,5356251443876 895,7520609475845 412,09744647727854 337,3213744434631 63,38487786601463 5,372203291381225 0,371890621743855 477,0477337220681 1,994202888442142 419536,15401306323 1
1949,6377493327188 32227,78552575099 3,025002838371737 599,4065908250107 892,0602459569028 410,0572170462184 339,00367956364204 63,11221834363657 5,3350927344773815 0,386664701797787 476,77603059792085 1,995737152799659 421342,9198100521 1
1939,8028750960086 32249,475536390524 3,005547797172051 577,4812055340556 891,9537657730871 416,0702579270037 339,74713113595834 64,34318250592355 5,366691542166755 0,38765135632892694 482,0178102185192 1,9817461858604768 415802,1410670647 1
1941,4382248889267 32360,010618943048 3,0181992936462816 583,8159712764752 892,5627380567043 413,0644358724436 338,4436076379601 63,64002186467905 5,358093440451776 0,3884566127847187 483,1655714427707 2,005774875536942 422085,4364788983 1
1949,6478945326762 32161,228180781083 2,9758380774407005 588,4129294360635 894,1396176839096 415,13316540021435 338,984433117976 64,55200845999263 5,338527802840727 0,38974926445988156 482,5083473545896 2,00554571109082 422537,36840588244 1
1953,1686560475548 32651,326390946004 3,012591631222138 580,6184546602665 891,0018531447892 402,8174528243456 331,62706751935843 64,76186447089675 5,367204532874428 0,4015288614432711 485,6139990099139 1,9925842515309842 414719,13684234535 1
1940,681974006014 32339,030830204167 2,988371186295038 582,7602301847592 879,7702055606592 408,35416620578246 334,20337681569737 64,68643833833444 5,356594829927662 0,39677765021049494 484,7877126632618 1,9961491349177878 416259,8950473427 1
1950,0724382889236 32623,882383117387 3,00999969908643 577,2744774721662 899,3055189718779 405,1301905330121 332,0021960600484 64,2171297877096 5,362507996229375 0,39757047888242947 480,5882513433524 2,028731396289855 415168,7608231013 1
1940,504879947224 32637,912445285256 3,015150301268789 576,165061908047 888,6715032584389 403,7503527755959 331,09564346006925 63,632068834886326 5,297323600577665 0,40712294683381467 481,12697942224065 1,9986261417529916 415363,9114233667 1
1936,127952367833 32297,588433804667 2,9854944133135772 591,3345050785032 886,7465702908805 405,4919583140059 340,28681205982696 63,68530646241768 5,38866383632736 0,40923971395658687 482,54962157889605 2,0010929258590453 418637,9347340527 1
1955,2484954670651 32131,606000727006 2,992171954690301 596,8798936714315 885,3733384120023 407,07678654463325 340,86304924800265 63,22428716816001 5,364161032538141 0,40980330657577285 487,5797896751522 1,9896295611785064 414810,6356079461 1
1948,9935550202106 32151,303700724173 2,993741847591976 563,2012280454989 881,3425119832685 407,61973190601816 330,25125381181687 64,52575897359746 5,3980889164304235 0,4148087985196378 488,70278075408555 2,0074269018134605 412090,6770880438 1
1956,5455325332732 32365,90231059599 2,987790948964638 565,7771274913201 885,9342560348352 405,34519207539 331,58268550692304 64,29926387324208 5,41267273339016 0,4216724833220216 486,97256559935704 1,998147037778403 416858,6701254971 1
1941,7883412036615 32358,895458934843 3,0102338130962707 595,0200890445136 881,247477343481 407,279010888566 328,5042856435518 64,4623082832044 5,321250042644162 0,42094433642384976 487,7967050756446 2,000443447975167 415817,31894020946 1
1958,1865324424257 32220,85631961601 3,012454050719215 593,7809242740789 883,779970851328 402,0230746112432 336,0325721633305 65,03590468700973 5,332977148149739 0,4283963722281051 487,43952119735206 1,99593809036791 413082,3794604641 1
1963,5144756736531 32426,273918425217 2,9945943496243204 595,877383826328 878,6503706795703 404,1129409432387 333,90325013734366 64,83432848101057 5,352097415051638 0,42882887297955813 490,71034451225 1,994730983241253 419107,9973559754 1
1945,9743503917982 32139,105154969435 2,990854720086419 580,5851317685886 900,3642014455086 401,56149917638095 332,24810165604924 63,69725244455931 5,346264920371645 0,42856531297569717 490,3428033008232 1,9779712982704645 412705,5984186884 1
1931,6225565966895 32183,859232216288 3,0117858694170447 576,6888917730788 892,6064639040825 396,2696206794324 332,820833670185 63,87003220442906 5,349956556262713 0,4325951921527314 490,4362496973951 2,0052454000583473 416164,96040852804 1
1945,6044669755347 32152,739401226016 3,0009357860982764 571,8560205763523 879,6365529755957 418,2647150249499 327,92575047154986 64,23842040484269 5,327705539464602 0,4355191978368327 496,28230707979094 2,012545515511821 419853,6416605034 1
1946,0078611987844 31905,41487686905 2,9889378914019957 567,5065128209492 888,817846457964 418,1545357959758 326,47023464169297 64,16368476221916 5,395401053419552 0,4341282473698482 492,8842547166951 1,9999380559211692 412382,7650173677 1
1948,8229924165194 32109,9674030997 3,005510280209012 597,815090792664 889,4124773543298 397,474794161115 328,6794593928708 64,12418055726029 5,413872968943726 0,43625113051591113 492,68118171090794 2,00614775289711 414333,8833611578 1
1935,860415766229 32234,87660748074 2,96433529501034 591,559028389322 895,4904320197793 399,4988140832199 327,31763777251894 62,97653661121331 5,344975376635175 0,4447934295634988 497,0552338621122 2,0095228536105183 413816,86666514457 1
1944,4868737798593 32128,22637110196 3,0010277607009725 593,6253183119532 896,8809057239289 397,53564375333355 330,7155490329748 63,4140492012508 5,355337115942628 0,44313021043069356 494,25308442018087 2,0037601002302985 417294,5024359672 1
1949,9349157857878 32583,10303479146 3,0240670637191926 589,8384005372627 884,6179880241583 403,1523387192408 329,2839381611676 64,11696737175272 5,358210058110429 0,44524065783458777 496,6601434324477 2,007440715126172 412713,1080907621 1
1940,9885201451464 31956,66259235399 2,9971357948370123 592,8554066941354 888,5639826647664 401,80807210851145 328,04179927489093 64,17123569525874 5,40356290790118 0,450706683339618 496,40099922006254 1,992727778021611 411469,014221182 1
1945,6611787278127 32003,848541917523 3,014432687285285 587,8641836214222 888,7384171405756 398,0660091350274 322,93959545643634 63,21728300293262 5,329946021040308 0,450010259023642 498,10758171725877 2,004331662733308 417299,5481158697 1
1948,8765971651228 32181,519956291933 3,007285481694537 593,1667180565732 893,1260248058869 399,214908454303 322,26531818572676 63,53219751200215 5,370092483673167 0,4516828595313466 496,10565047668507 1,9966659798955586 416965,23405832046 1
1918,250110535767 32303,6842811035 3,0241177215923076 581,7051502388266 889,3554096700298 403,123367284252 327,40662409988795 63,957018976627396 5,426396778774635 0,44846050083747785 503,8792122840813 2,0125852960301867 415124,9426992403 1
1945,101194415924 32491,612252774088 3,003745440751927 582,243675477386 892,4380879021594 399,97781599325606 324,92071186933526 64,21668625638387 5,361438293226636 0,450335327389194 501,95118434858983 1,9978119569247652 411313,0973223856 1
1947,8745858498764 32176,38454887179 3,0144525625117984 554,585538192295 880,2947772333365 408,9938389838316 323,4642558184195 64,34210782029743 5,381506939000122 0,45779984948068925 507,431905707163 1,989458786577486 410596,4258497046 1
1934,8962435072733 32364,137848378567 2,997599485873088 559,8840818511865 889,7887823117909 406,68802728958866 322,86521475675255 64,3169713299116 5,372665932091102 0,46066854953516856 504,9196562603192 1,989037894230238 417049,4652744497 1
1938,8131971461833 32103,12498684808 3,017979812548189 561,1914432409657 881,0434263802014 408,60649891758277 319,4315750189638 65,09977043691201 5,3766414814262795 0,462921853841126 499,7666283143565 2,011766750222595 410056,71460179216 1
1942,247127566706 32496,875595820264 2,985121715699121 559,3854688705551 873,8972977473233 402,89114312266094 315,25649013653623 64,8095534429284 5,3773829090760605 0,46404436203525495 506,2725315979687 2,005437795144967 415869,3824175575 1
1944,4156052266364 32281,18279364846 3,015094211127066 559,0569019119557 887,0022872149721 399,54380209536663 313,819068707487 65,72946711011522 5,334163259837878 0,4616201138873965 504,4401261119722 2,0010849354845432 413540,02255988715 1
1944,7405785197957 32179,509445103842 2,9720871639813478 560,1731372665014 893,3940946319814 396,9170167218737 325,30937472714595 64,35648049884699 5,35841805788668 0,4600532866981005 502,2346567331986 1,9937623655987458 410754,84793858515 1
1960,9325875017107 32079,52234202317 3,005255886985947 566,2032406982221 883,013616187691 394,06323326610874 323,94917102259325 64,39614001634433 5,411541104021267 0,46522614894755776 507,1173093080293 1,9973068076922829 414411,60884190485 1
1925,414894094236 32054,627038072023 2,996411701947835 607,1412960299447 900,5040547765466 391,6576971984776 328,4187408865799 62,795923629707424 5,369505820024055 0,4685448903326979 505,1509171028449 1,9969961112714159 414346,3453400228 1
1955,7715207992285 32398,61027957544 3,0162960777812895 606,1563079490019 899,07366998303 393,61084885562076 329,40466491302175 63,337144582135146 5,39571162374838 0,4704306664660104 506,14290645212645 2,0000406871215883 414418,56476042955 1
1933,3425399882847 32237,294153706083 2,9770840965382317 620,5785371775485 896,9101289223496 391,6807908714615 312,7126773233463 61,877742209894265 5,339015610791741 0,47218911639399236 511,26414942044966 2,002583791631976 412977,16619824275 1
1942,5486634588042 32251,01909265624 2,9970024427265236 628,4988466502812 901,5300981699266 391,63020706305815 311,1821158744799 62,15629412224868 5,360052617933612 0,4734738691869663 514,6652511896059 1,9753448099956579 409942,1473370045 1
1959,3599785292222 32460,856821676283 3,006606934820493 593,6679374439649 903,0305348922022 390,3224863934845 313,00966094135725 62,616231395646835 5,359489487358764 0,4729030473776673 508,25588104459655 1,995397615331172 408002,1389260164 1
1916,7699566243805 32226,540879230375 3,0030442210296 597,2300901922132 909,6402827418689 389,86768482113456 319,30716245891205 61,806583611447024 5,361428019523163 0,47451283924505105 514,3789400159636 2,0069033092493833 409055,4675966103 1
1947,8702552690509 31858,187720686943 2,9998032846044875 594,6267541610443 907,8807043458189 391,1980013397395 318,27122567413255 61,824315104006224 5,388466237630981 0,4771872972380619 511,5072944911136 1,9968280269710612 410927,49757943774 1
1944,5961229486159 32122,431820289366 2,99248627995486 630,8736901506514 902,153528917845 398,1171833940142 315,07597639158575 62,4240785816653 5,317853476526871 0,47953037703833423 510,9670439894687 2,0115576695583046 412628,42553562694 1
1956,061630185512 32131,278861946106 3,0198465588333328 628,5345270063542 902,9437751652866 398,0161589490651 316,7832468421724 61,664971505882676 5,349169787913101 0,47598336183139917 516,2494081050932 1,9966404497269323 411735,10971497936 1
1951,3287009708288 32206,35094382466 3,0048037749510406 531,7186666306217 873,2586374224569 393,0641960929817 319,60251662944023 65,83484434918614 5,380710239056905 0,4804767045535051 510,9500558338854 2,0051221520600437 414100,38653918955 1
1950,6711555157112 32076,7234442478 3,001348792038682 536,7321969589577 877,1691518785535 391,6917898422174 317,60632139109447 66,72254580430895 5,36134204678662 0,48462600886597673 515,1732932649063 1,9950565488619194 411647,7226404457 1
1945,9137359040185 32258,42598650734 3,01039175390107 566,6975648501934 886,8533895122092 397,51697705589817 313,65685589895844 64,5943804868479 5,356871871697559 0,48495262192048 517,9289214001069 2,004566380890136 410234,73807055684 1
1952,5393751120512 32098,486246001492 2,9862366997609255 570,484592008202 884,0309123314312 395,9665117570942 311,84122192368113 64,50828563059584 5,351669175837927 0,4859953072627229 515,6666155355865 2,0090826765096184 410865,7884448152 1
1929,4560405964203 32211,038798179154 3,0070593734552187 619,8252054347178 882,3092068529829 396,8707912891644 315,6471991660731 64,4323913293168 5,377655049380864 0,48892478228989456 518,3855104885854 2,000860945752023 406427,4684975632 1
1953,1684751678804 32344,77730905446 2,9927209034871454 621,7915557414913 894,1329743484432 389,6862169086657 318,88609373183385 62,51185897345796 5,346607259691096 0,48840769983047905 522,1737605576426 2,0002787666384747 408898,14584140707 1
1939,36731888999 32031,64816700386 2,999426795205666 616,6256012043183 901,1841658295618 388,0719177044197 318,4546962781184 62,7663623702468 5,3689428159404065 0,48750761807088566 519,30814627671 1,992994909112585 409419,21098720946 1
1945,9913125724997 32331,780642139696 3,0231126251320664 611,7347222931033 901,8230593245169 397,5027815826217 317,3272621713162 62,67101396377596 5,356376955510424 0,49245490489275473 520,9863140102894 1,9987741383827973 408282,6031351927 1
1949,5103440814087 32303,05629473644 2,996561072550514 611,884091575275 897,0797812386558 392,7974160492059 319,50860959863945 62,92961785937936 5,3809965723803295 0,4945563578631594 521,0399333915173 2,0152602968877185 405670,87432472163 1
1961,3476591130745 32053,78040217163 3,016871543119165 582,0645283157505 891,5878200508839 388,99739869026223 316,1182373788031 63,66458706283283 5,367241224950247 0,48825619836172696 516,7629397654135 2,006869547426872 407418,88402005885 1
1955,5866311349196 32155,5013849935 3,004467591798085 589,2076657493204 890,5149740030008 388,8033574005266 316,20936723077995 63,5128318528784 5,389423812636873 0,49467843212564433 517,287101248169 1,9836045433692324 402936,27213246573 1
1941,9537996649876 32357,64317994359 3,043598224462417 609,6900465818919 900,9207254936907 398,17895562003997 313,19516578999907 62,889186054640604 5,37379995110773 0,4908670971570969 516,083440830019 1,9792756492651489 408031,0183597024 1
1945,7801238418776 32348,98669404287 2,993931018580439 604,4186920950989 899,4504183059204 396,96980000160835 317,18474876075715 63,092988680674374 5,371506632763639 0,49633619096833276 525,2254695678954 1,9816248868187047 408638,18748891837 1
1939,6730177516317 32351,94574848586 2,983270783678466 573,0972828978627 894,7869263440555 399,71629466100035 314,7430277333787 63,53094472730417 5,355636362382797 0,49678634009036104 524,4588907251151 1,992807595701733 410544,3483919759 1
1943,4171797481729 32276,818719570998 3,0136531954886685 569,3140754744977 890,6432537742767 392,5084718158162 312,044132167216 63,33500324581473 5,4159527044772675 0,5038104792969578 524,0307577999937 1,9902387499676912 409476,4346928274 1
1938,028818805198 32109,182571974277 2,962134887599295 568,7628616615076 890,754852714204 390,45639001975815 311,17303085780264 63,65198385995299 5,35524354872414 0,4962628867056516 522,9540733014055 2,014417716529659 411872,0548485621 1
1934,752371375322 32087,24359307551 3,0124842267714893 568,5636161596188 882,1001631558253 385,9344901753073 316,12585674933416 64,51490378889476 5,403552523990307 0,5010456613427008 523,4781087450806 1,9845067002902563 407017,51007580385 1
1956,9142150501837 32203,63106890472 3,039138053535234 569,51865611162 886,7336186364141 382,3879809051602 317,5079194767118 63,23646413590352 5,344193751417341 0,5035774817210591 522,041012549214 2,00934514940654 404376,3681610314 1
1942,169726104726 31867,58584569817 3,000199807941974 545,44516032788 885,448900474956 386,14899118149776 321,86213307371224 65,42752965196485 5,372890589019568 0,498392503749089 523,9868390155426 1,9969209647957953 409041,901496133 1
1954,4314632567646 32003,845798302813 3,0050544560237924 549,0549963076112 874,5494936455863 385,27878930903114 317,71881486803284 64,74467022768387 5,380767987396472 0,5000971633047525 525,479562045261 1,9998760824684334 408860,9081830462 1
1965,925987956735 32165,9097836677 3,0375304078569343 578,8225300732819 898,8561185148172 380,851378678866 316,6567269823243 63,2983736519229 5,397070849026184 0,49801089133117427 525,4401594906891 2,022342620270062 409401,00781965983 1
1952,878846935318 31944,641064776843 2,981404576250733 577,4485371154443 885,8638230527284 385,8709336812987 316,98369794093816 63,84589280021192 5,329540692645503 0,49829074863980577 532,5811466406676 2,0006529732873357 411668,0661189985 1
1940,65857509519 32283,664284026116 2,9816595318322636 593,34239995821 889,8918435957982 383,57735450302704 316,16257336506544 63,8100609376289 5,4052246668182775 0,5029158306403331 531,5308022191589 1,992699011157248 408331,91538692417 1
1947,9306453065903 32439,501621045703 3,0117024618254167 600,2226350091936 885,6069508919009 386,82514924723085 313,5858276585743 64,63285322107292 5,403256846688072 0,5032330399951442 526,8494295422867 2,0049251094866998 410318,95793026435 1
1950,2973279807206 32188,04761060272 2,9896474883989725 594,6646244133194 891,7973170003739 387,98844859108385 315,10414455490127 64,25599517291057 5,379441382357991 0,5038327112866988 530,4955004098476 1,9964889483209916 408429,83510314056 1
1934,5374244302545 32245,74310571134 3,00216840307339 608,6436487246741 895,58122608735 380,87437552459045 310,6250052583457 62,97292572550733 5,375345897996304 0,5032697076643865 528,4603044957314 1,9898145468552177 409224,68766526465 1
1942,1786011464808 32303,277346876876 3,010772283375939 610,9555373265418 898,4444092724235 382,57935379841797 309,0760485547272 63,199548546673704 5,4087891920641304 0,5048162356080866 529,623532208067 2,0066722116165976 407428,74793186877 1
1955,3322102738357 31982,796744895433 2,997094825793437 578,9341320515914 886,0233338278387 384,4674873785768 305,2977444945785 64,32713531837155 5,3311395244523965 0,5068560849034722 530,9077587995221 1,9944462597039205 410318,71137605037 1
