Co2(scd40) raw_signla(sgp40) aiq(ens160) tvoc(ens160) eco2(ens160) rs1(ens160) rs3(ens160) rs4(ens160) rmox(zmod4410) tvoc(zmod4410) eco2(zmod4410) iaq(zmod4410) resistencia(bme688) Aire/muestra
1135,2971987357662 31474,61880360337 2,002889775936465 155,83991940173127 637,6222342271317 377,17558097739413 382,04516866482265 91,09447330704074 5,427412859113422 0,3856431148460928 457,5206704345488 2,0031538500126014 514589,37231551955 1
1129,3585308673808 31414,73869784832 1,9884169136966845 157,0421596208406 635,4806412485095 373,68688198368886 381,68114271288874 90,69245493921551 5,377895933849678 0,40077762962028124 462,9664589203322 1,9977642340813968 514508,3310970175 1
1126,599262206621 31640,69881744083 2,025368396782963 149,1724884354941 641,1010806937633 374,8866720786767 378,4921638562919 91,08857749938919 5,368407656362215 0,39367619167308376 461,9730976935092 1,9963179463161853 508106,84170271555 1
1121,621401388993 31557,84528272874 2,0078072655674153 148,53868021185326 634,4326502722007 373,240255578673 378,0479876970732 91,12417538493456 5,410759662604718 0,40856446668752033 462,1381259804906 1,9844516888971662 508539,2863072596 1
1127,3986239292685 31858,262722780568 2,007047830131306 174,77816705843136 664,536921752167 385,10734136573205 386,24241427585685 89,77050996102312 5,432781084609565 0,4023921052182684 468,79756914720554 1,9977939736030002 509857,1743494398 1
1129,927029701909 31740,511778569162 1,998777998672372 176,6272454994397 664,4424635774474 382,7269511391801 383,04808190482777 89,70212195465115 5,382467204443517 0,4187322574830063 469,40094368775243 2,0064153432748713 509962,6230418489 1
1123,1965550737755 31893,23122348828 2,005929247595682 149,07722755879152 663,7182631557672 385,1631577695096 383,4205454382993 89,92117247437886 5,442098238789339 0,4200386602672507 464,3517715684646 2,0095778342230752 517521,0302049805 1
1114,2461059868576 31605,370490556925 2,0015286188116628 148,04197725479864 615,9898682285344 370,5625237584459 373,78182374526153 93,08495168492998 5,401735463862769 0,42341129960317936 469,535418647032 1,9942377147751367 518309,1946959034 1
1127,1298491992588 31652,727210454283 1,9816841139952959 147,19390504853519 624,7524115291328 368,9504860759727 370,601475123983 91,75808952085652 5,428318745693134 0,42609235266879003 468,11847130027724 2,0006307879183627 511696,6474300261 1
1125,2089226072083 31744,88616915358 2,0037863906932776 165,36761836825588 643,9203213835739 371,2263010103638 381,4962031752797 90,24824907933939 5,46962201537626 0,425837716880669 469,04147277064743 1,9828739736653918 511219,50747093285 1
1131,5830104972429 31794,78588357866 2,002797050212524 164,44580917095445 654,9267483447003 370,7494186049603 379,30815864076146 90,27622937221089 5,380128034628818 0,4367493107167818 469,422182256552 1,9993176613709043 511536,22246331663 1
1123,4832332517158 31825,195297011334 2,009675638445367 154,1105761394869 640,2274822646045 373,71495111229086 384,2870318632409 91,03004269459102 5,427303731026268 0,43111942815248827 467,27693165359454 2,0033580288499415 514155,5651786035 1
1120,3205955333203 31673,591321127504 2,0006755448311546 153,87470297115505 640,7756668582197 374,7774502169622 382,8434286696362 91,47010611420774 5,400350904577422 0,44465389059324734 475,82278887766114 1,987935833544064 508339,9206548673 1
1116,5481031657664 31998,384587763376 2,017440500954093 150,67245573360367 628,9981834875019 370,68210420039406 382,7110905202856 92,23995169464324 5,419472219342659 0,4469891403042756 477,33428361610805 1,9903085014673494 510095,75469547516 1
1123,0211772891762 31922,0236608458 2,0131974651724964 151,14371350168486 626,0592481752692 370,0026114440277 381,39987036156367 91,6345153108523 5,41162209549462 0,4554821710813866 477,81025575547324 1,9883727019338746 510001,29690395115 1
1120,9554547436373 31550,933222877506 2,0002261609864758 158,5912620986292 627,9588795700996 370,4786516275939 381,57753758343375 91,90298028185553 5,445186721417861 0,45515722993965585 482,2086228691266 2,0021026676745564 516499,1637355347 1
1126,8597351936476 31599,540334872483 2,003708795152718 161,0914030355917 636,3404515447186 376,61365706366746 391,25648046394195 90,83338713778535 5,424153479055793 0,46498956083963194 474,40633555081325 2,0069329912306206 512964,83711927186 1
1122,6593309616303 31744,877279296397 2,006591091518294 157,7025315828537 637,9875360136544 378,19329825848484 395,8252617568516 90,97696094439675 5,410865914108876 0,4623637470838599 480,25858617496505 2,0140746547124024 505932,3158417305 1
1121,05723311654 31953,30041268315 2,0104691438234195 160,58263986242594 634,3025496397647 362,7363691144681 376,66267391639775 91,40858134097029 5,405562236508482 0,46330765490756465 481,8334747357011 1,9996541045657898 506683,7314978487 1
1127,7539684880662 32178,328816951296 2,0021465528045748 160,70857487405357 640,4438956626508 365,3887211241335 377,9368976330024 90,83523772356973 5,422959316913855 0,4767980511086371 481,33381337253195 1,9931281879327465 507162,82356421725 1
1127,5348348803457 31680,528524722307 2,0001086096209506 154,60919671946473 639,9244862080757 381,70565678419115 375,40962548264974 90,71878387327729 5,426027108824602 0,47527472084785316 486,8941055320631 1,990485227680816 506615,6705973392 1
1131,9682027127647 31792,509863270847 2,0051507969182687 156,38573502683522 646,5433213524775 380,162636120939 375,3174679438033 91,45575891590936 5,418853345202369 0,4786773593539735 484,7282788443125 1,9963738577891943 501462,31098945 1
1123,9962605748865 32188,366188691685 2,006336242203869 150,17461360672394 627,0230405426972 373,9515344605366 374,02299017675386 92,45378127196314 5,416260381611276 0,4824722347882192 485,49254391415093 2,016408887873946 503147,1598435724 1
1130,1700392374885 31714,99591405708 2,0009779845249565 149,00587735239526 622,0643836951584 372,18236572351344 375,51836880527037 92,11058576462209 5,380700780707322 0,4900391685297648 487,24083710485337 2,004415952844075 513529,01311149594 1
1132,0537017138681 31738,27361831889 2,006895580114543 154,58503174708466 625,5592300419968 371,5229950469189 377,78403638144727 91,62272296323759 5,418717199292515 0,4912018878392341 486,63332781744543 1,9926559555795695 511314,21077590587 1
1126,964265782473 31721,447006267277 1,996870433033734 155,7752142527437 630,6206272818321 373,33798181801296 383,0792492570178 91,45800574970988 5,448189839396554 0,4996216747134855 489,37266418642406 1,9989017635152109 509535,0756996532 1
1129,351814891429 31537,104265869282 2,0014819440438028 154,75045729282363 631,4069783508385 371,8903359674866 380,7451739595833 91,19386632495234 5,448237375144182 0,4998651645899209 490,71204855373986 1,987232510165301 503778,935206919 1
1127,3900623813583 31599,75100567791 2,0057943180043334 155,26905129272203 640,3963240518664 372,55437469414886 379,28145329006844 92,0519178030009 5,387546641171563 0,49992808130496147 485,83361920668347 2,004122715156085 504271,01731502736 1
1129,3480392654544 32039,649948311966 1,9953234085660445 153,9017185913889 639,2733435326588 367,7403200783561 377,26245236900667 91,69573741524354 5,4053870651403795 0,5041259818820196 498,7180181159905 2,0165121625491245 508344,78771450464 1
1134,2842279028719 31634,02319650535 1,9954083935088132 148,7815155284249 623,8648798774476 363,53851666525935 373,6556804423984 92,14740886858434 5,4264263352169415 0,5060931845520342 495,9512770975261 2,0071754244070314 508773,57192022476 1
1124,0067480654973 31630,1174146302 2,0051204507510882 150,11815765485932 622,0867735010614 369,0254401001796 374,10224159595634 92,50873426687198 5,373196334750474 0,5142172995530041 496,881612536299 1,9911699642663028 505764,2937510056 1
1125,8911328670101 31620,56944784437 1,9981322418754188 156,1058027327571 630,8872920132047 374,4368560300525 383,54148011276345 92,18124800556593 5,382833609266658 0,5107494236375708 495,0316490397798 2,0094449855705774 508619,2834251921 1
1138,4247070092536 31659,46251815142 2,006501635172648 154,67640770649948 634,1643783575997 377,4742426763355 382,13945887828606 91,90276987719328 5,438235683655674 0,5249474345249051 496,93005500737456 2,0043400252553214 510403,61875121517 1
1132,8813582491716 31388,825509810777 2,008757125393014 145,3467431668042 633,736657764539 374,86087786547483 381,9010832681093 91,37903814425293 5,411153124501112 0,5130106725354133 499,2979563200339 2,006252297150416 510628,3948150117 1
1129,7604850354585 31775,048312030223 1,9998062648607922 145,4201248926763 618,8175576102439 378,5846075970301 374,8981500236101 92,74813653506682 5,41508788895986 0,5229729250168793 499,69808401763987 1,9917440084795752 512238,7835156766 1
1133,9412142731808 31662,622052161496 2,011731094381185 145,15927854534266 619,990439736033 377,39559870236417 377,32520380893925 92,29851170231598 5,389826891675262 0,5321656632198821 501,2531182157433 2,0084316558801834 510023,1670988467 1
1134,485752114371 31798,356082916398 2,001927696064422 157,29935826491499 638,4337371009 367,59559683173626 370,7613543406875 91,66476904627417 5,390224619713186 0,520808188531053 502,36669039241707 1,9887518161603377 508004,76373892324 1
1119,741784969634 31695,921462203874 1,995486227672592 156,59005231088918 631,1410606878687 365,533397886591 370,3716180577364 91,39580627298889 5,439686771140222 0,5279823991586382 502,9381680762626 1,9983651844827712 505936,79725953506 1
1129,6400312984122 31672,0009612388 2,00679881282817 157,84175648232252 640,1128579072104 361,4175690116484 376,2730922506337 89,8800768049943 5,420278482402938 0,5294970393604918 505,5587704004208 2,0059176447043927 506786,2997496113 1
1118,3822610615616 31756,19367621003 1,982117735579029 158,845195667515 641,9067883806334 363,0967650689343 373,21458145186557 91,66213337308233 5,391753949311723 0,5437833705181637 508,2069464044759 2,006416407467684 502372,8987072413 1
1140,6094531760837 31944,95858498661 1,9820156742294053 154,6286291141073 634,1066833892779 373,5999134239713 372,22507825196953 91,63579979129331 5,441655502617986 0,5299802362985501 508,26062936159667 2,009014424358891 505346,52285769826 1
1141,607329170875 31773,173215730898 2,01039876789659 153,9458315624274 628,9625691383733 373,3273954777567 372,5655995085828 92,61322428364214 5,422201035395068 0,5420454308596333 508,3644854863555 2,008448786533304 505744,5963196703 1
1130,3501669998739 31784,122000569332 1,998668005371128 148,25351820093834 633,662501260518 370,82834659992886 374,9260804146426 91,42518562284414 5,409266852127071 0,538076416060461 508,0592960438606 2,0075065431855945 501250,46975298587 1
1122,4344323474018 32083,692294086657 1,9999660319758912 148,28344392856368 620,4590573763866 373,57009745489694 374,9276438404561 92,90345938608748 5,4085209770523095 0,541772123912767 511,7749148967767 1,9877650027357538 504890,4092327637 1
1144,639986648552 31791,97931936289 1,9797832835576472 147,07942097184542 622,6734929035894 372,49414069053614 373,68587721343096 92,87537189293714 5,394298063102856 0,5489413084245549 515,6156365967631 2,000743594537205 510074,3962183022 1
1127,8709246576236 31626,191548744217 2,012503135218953 156,6569421765799 638,5377892602427 365,0571520316692 377,9724742673338 92,29764092219416 5,44472110334289 0,5498435297315096 511,27832486731955 2,0046576890025345 507558,56445925875 1
1128,7486565662814 31631,449738815492 1,9849157073170156 157,68785005394645 632,1575874265088 365,73831258350697 373,9981505407078 92,75852715943742 5,406993788054821 0,5503463576656968 515,7238030777863 2,0059312019937354 508304,46700644935 1
1132,334202933042 31900,49514348795 2,00315581015056 156,25349137438758 631,764450117029 368,3905552570948 368,88695024482183 91,53202315242048 5,376872320151433 0,5522563961523537 517,4649760633923 1,9911377019776293 507866,7218466899 1
1143,6154395685949 31415,195259823275 1,9895749027743856 156,91783437863452 630,01227903294 367,5468124459847 370,88146342628306 91,93605811311626 5,405808739819331 0,5529721547807438 514,8525273102217 1,9916995552849923 498975,22693892283 1
1132,3684179618647 31691,52650667855 2,0286479033762834 151,70510341185013 630,1732651446694 366,4107697994411 374,5600038841179 92,56534619187241 5,409627431406915 0,5597170186038136 514,574945255885 1,9871891874794851 503625,0871166112 1
1129,874694074741 31773,328644742152 1,991352014921062 152,3433636462689 626,7697336944556 364,7450499471639 382,171159058147 91,64164270940866 5,475958202735347 0,5603347094172149 523,4635892146115 2,0058777263539986 506260,72936254164 1
1132,413886668821 31733,987854675026 2,007776937754956 155,30265920137694 630,5884004902988 368,629218049644 377,86948850793254 92,51610516985842 5,402879598178554 0,5539393128985037 520,5134615185863 2,007882617754971 504764,3313048235 1
1132,449926991646 31755,71133890078 2,0148819871057166 154,78867917587246 632,4462431772272 361,6020163890252 362,0258813667456 91,78011533288023 5,398134894334584 0,560406296128664 522,9567660542011 2,0195881549217716 506742,27322739305 1
1137,1494821792423 31806,315286122368 1,9984617384659193 154,92254436932592 631,1867321067895 362,337416050882 364,02186656480256 92,18938365659315 5,428096049561134 0,5611687536772096 524,0947446558201 1,9885406169750826 509479,1131936011 1
1140,8255762321721 31701,327091218587 2,001668980920181 155,10911319790344 631,4474044979376 386,5989153013794 371,4791009508739 91,9035422617447 5,427270922316401 0,558555520493476 520,4653001175434 1,9736381550018807 504269,7549011474 1
1143,831819303638 31916,991300003763 2,000420568852697 155,27271079895223 632,4126353124934 386,7150799504069 372,04629906017533 91,50628789721493 5,401653182369022 0,5693699191817673 527,2489615384484 1,989889756766864 502300,70579966344 1
1139,2692396767675 31720,039559411813 1,9985199046999491 154,45400939547093 630,5289103922079 371,3330803507339 369,55788390939307 91,6799544344355 5,349520208896593 0,5648406671323705 519,9654570325922 1,9856770845237175 508581,5454495193 1
1143,867458176979 31671,231579647665 2,0039611562913633 153,92242504198512 629,0928231945954 367,63270367098147 370,5605404381478 93,12251686670336 5,412394930505472 0,5701428444323867 526,1135975360017 2,0084864822045003 507717,03566061 1
1138,4452852385289 31731,78464025634 2,0184769109585985 158,94201317261977 643,9009329979684 360,74878088194004 382,1258147693829 90,94391239858584 5,409571007129265 0,5691970792075679 523,5094484873132 2,018025301458262 500971,5636420884 1
1144,511110885882 31711,88830778582 2,010956268552135 160,25600333858247 644,0366640329371 361,18288562675065 382,4659190007995 91,10984555315369 5,384700865233186 0,5771493569816746 525,6720835075748 1,9971229266658943 505872,8054187956 1
1131,3440035685626 31905,060200888845 1,9985837270302838 142,7207353919288 646,5704605734492 358,95942228422547 380,01796382811966 90,35086979952813 5,419607523526679 0,5789419574833696 525,0691864894253 1,9913511354191002 504836,58666400716 1
1149,6685114457293 31420,538409918438 2,004149686083189 142,46975695422086 618,3017304165696 366,3374456676292 361,31610635063004 93,1899617921764 5,399793787953788 0,5786900136437759 532,4581940382317 2,000594490978672 508311,29584194714 1
1152,424654072184 32051,191455568056 2,0066294608707786 142,3342514379634 615,4916146296947 367,61385432430865 360,31200310121784 93,2829707789053 5,413300041347152 0,5806112647491234 526,278358287594 2,0010759088238346 503896,9249249888 1
1142,8584741702493 31687,145722587968 1,9873562204935369 159,68638521305624 621,652288514338 362,15492349776514 363,11804011269544 92,08974983116276 5,4129638159843445 0,5825776108179922 530,5895849612062 1,999415128047976 501509,71279473166 1
1134,4008878850193 31643,965550571436 1,9967405342047253 159,61175805097264 623,5788086898082 366,49851212087486 362,75507822310817 92,33841785765593 5,445118463711488 0,5803597958693358 525,500309139508 1,9863139280565805 504921,0546491561 1
1134,8048722261458 31744,569480714195 2,00555746204735 155,61048312162131 627,9769301801056 363,74112968494495 369,0576324548235 91,8948587881689 5,361414100386768 0,5774610152224587 530,0366470142336 1,9881899084324526 503591,88977531326 1
1140,4672881054905 31832,830667401213 2,000426010992746 155,5041722151172 631,7635229658431 361,7861431404325 368,20412876128387 90,92176370636747 5,368451929169732 0,5806433916457225 529,0279730942099 2,0020094024970394 503372,3857231308 1
1146,032706848059 31738,113286296804 2,0160090513730693 170,41158735825874 654,7868168548565 365,97533410526864 364,1740195425991 89,56964199754842 5,447779437758555 0,5894931782188493 533,3199793216485 1,9910263560692023 507431,4924364817 1
1137,8125169620894 31539,389041999155 2,0006600820965628 169,41518463534015 654,5432676623026 365,81805097239607 360,36551531402796 89,97231336711877 5,378724224632839 0,5891451063075709 535,702252770107 2,0120945174082454 502463,4759631617 1
1141,659174180422 31860,100638553762 1,9836818051787164 150,44046038230186 652,7837149267551 364,19220310892274 365,7718606347203 90,1951072393476 5,420557468190203 0,5878413769929125 533,4133386352236 2,0052151621178136 501357,8144886527 1
1149,8412103669257 31661,14466726013 2,0039642064630345 150,60201401148248 634,3053466023795 364,5810719319552 364,3439807389121 91,96211639331521 5,421441175231243 0,5939731778610616 540,2806239471915 2,0288823430808827 509353,1197909097 1
1151,7134463465763 31693,157073387865 2,003062764250206 150,16181876701125 626,8851222204207 364,80540897786796 366,7806576607361 92,07188109357851 5,423427758250891 0,5909146329476612 535,7050397382552 1,9821479305087928 499507,8016705754 1
1127,1780154833548 31840,926058576028 2,0096760909059164 145,15609272909546 644,0546682192011 362,5353954691903 370,1613718534521 91,05738464414064 5,403832222453397 0,5867587081993715 535,0576409986867 1,9825747015711082 495923,4295787259 1
1139,6618101351235 32016,902804726426 2,001230512354461 144,1502165931171 639,85366383779 363,11260393205526 371,9644312681992 90,79167921586287 5,377479739719058 0,5916397841637457 539,9831403955891 1,9946098141214326 503435,2867279445 1
1137,5679184886917 31814,677753476306 1,9905883175333272 135,79648012040246 603,3968010891422 374,8333783892864 363,1309498957613 94,15736879849644 5,433426757319127 0,593410105273 540,4646981149282 2,0042583441678907 501662,97545991995 1
1135,1636973253117 31715,633582779607 1,9906958238237014 135,60375645058323 606,7400327421572 375,9255116862493 362,74649914835857 93,3781351353408 5,389306949065051 0,5970455741494086 543,8093923274967 2,000070687025375 503929,360519686 1
1144,8273117841986 31699,4631789149 2,009159871112294 145,52895049885038 620,4201586693838 365,5806613957702 365,1392992951786 92,81797670860784 5,402484452238677 0,5995248789548133 542,4998223656096 2,0037374828541923 507499,0467989382 1
1140,3208192766847 31619,649202570752 1,9874876564309991 143,82452319875378 625,844449820935 365,5809371069543 367,19626937057166 93,12325949861251 5,3836270135782565 0,6040753107830303 538,2073828142272 2,0050625189472586 504815,2465906579 1
1140,222302443379 31681,27492424357 1,9814877219058336 157,54255985591504 617,0304061516051 364,37723538481924 365,1193363775832 92,72274271015704 5,403679546108456 0,5963862484206048 541,1382175191872 2,005071242160901 498961,48869516735 1
1139,8822441305715 31816,76290151465 1,9924648852317934 158,9042254521418 635,0281320463444 356,5075136687508 367,94625293617986 92,6855045462586 5,46439557904457 0,5994067988246323 546,8513245555265 2,005056105990983 501137,5353845919 1
1150,2670882121477 31862,248297849626 1,988372912927154 158,3731831128947 636,0932233917744 355,11457022110767 366,43507554990936 91,39701968733709 5,37303510248852 0,60558003707651 543,7759587794121 2,0002944752729084 497462,39068641444 1
1146,4342801942491 31718,01718896143 2,003064734625265 141,75750539070123 620,1923100448116 362,475466865118 362,5874107846854 93,0526661107574 5,4035016623779875 0,5997998993691643 538,2555002131322 1,991342312869321 501141,69487093296 1
1131,8393610581218 31710,034320615636 2,0025738510263174 141,87787021297552 621,3903272479198 360,09512166163216 364,4671605475817 93,07283418405555 5,35295063040852 0,6024067840849565 547,8542153016875 1,9870229101902954 506515,6191890337 1
1139,244949354127 31562,617424371703 2,0016426101480103 170,03588962056503 649,7626497514781 360,9584380650923 361,4309881620236 89,51666018481708 5,460789626272747 0,608573461209767 544,6469899805461 1,9983760979131566 501788,50205959013 1
1130,5731520508457 32180,178386917865 1,9940281581490442 171,37013887313043 656,7017651314761 363,1311374430606 365,79828904235467 89,32355554177394 5,452480343557204 0,6095718312657071 541,4334770906139 2,0029383623334622 507449,8054111403 1
1146,9325505927145 31540,32556307123 1,9924067856652736 154,08896595414043 631,0740129813104 365,11445142943194 363,6312777061967 91,48111051764074 5,425087028315664 0,6088443289550068 542,129742738086 1,997081096926569 503272,3957920479 1
1137,7237898716182 31741,857325739467 2,0171705587470323 155,40337103457557 635,5177127170473 364,6983051173394 360,628902920435 91,20554723700643 5,425076624458651 0,605493303953839 547,3407527439288 2,0048894108768613 502373,56647616386 1
1149,0868413627077 31612,84964416661 2,0160390989724366 151,68518224765077 637,7608809363096 364,5038057709169 364,30322287434024 91,9223337576444 5,442119786549516 0,6103668431020013 547,9300279136537 2,003869922645292 497130,8184659016 1
1147,409494247027 31656,253653240405 1,9978151685127619 150,10041990478493 628,4850091941437 374,8823725390467 363,10771318918495 91,89176844890201 5,329323546462825 0,6118053465065794 550,4228104386922 2,004118807026046 499751,1489431269 1
1134,978281530958 31862,422958589177 2,0096941366483128 150,77199198584287 624,7160106910007 368,8773808166455 364,23772716716655 92,8057718899876 5,43641364065057 0,6126947767085 549,5152924394218 1,9928746376122932 500829,29244783166 1
1151,8189775263857 32018,353429867202 1,983847813523309 130,05170785955016 645,7934399257567 356,24239357216516 368,3238266635537 90,30532754275966 5,381547213317365 0,60644601328944 545,3909716397202 2,0088692273151043 499160,3275088139 1
1137,6255274904588 31484,592789854287 2,0088114143814875 128,93122705927078 641,6380980143657 358,8200408259045 369,6894744511488 91,29846668440989 5,404235981859234 0,6088334575519618 554,9001239083603 1,9933524245865737 500499,08420943795 1
1146,547374298245 31547,464442985853 1,9998218377219126 147,33255526664718 624,3883329043686 363,0712963994562 363,6778177225322 92,35156861756779 5,447613352787602 0,6205086592323757 548,3222461801996 2,0159682290580836 497809,8972289329 1
1139,4047183280736 31641,496889620736 1,995862770003898 147,36799816512072 622,7329745358849 365,10597443161964 362,2189468205236 92,35283607100597 5,446045457525238 0,6096809860513017 556,1846817467065 1,998481493596745 501707,3173774005 1
1147,6738987384708 31657,853684647514 2,0035664850181623 151,31898480925153 629,5880520239264 374,76887623800343 366,8855082291194 92,8441338084549 5,412628794231135 0,609742895605339 549,7468319042475 2,00864324358767 497482,06976059463 1
1136,374066637305 32021,16988848391 1,9978236357489594 150,94674073092872 627,6503205457046 372,50364193052377 366,7457942337153 92,74553640047648 5,418139239423801 0,6143146571935145 555,9309956036319 2,0064242995693116 503673,2647181124 1
1139,1568974659383 31713,51865306355 2,009424497350592 156,327621879604 628,9054913369289 375,2029606865762 367,4106491129577 91,41573455864426 5,429083617454603 0,6127648775386241 547,5391493723271 1,992019040737037 498203,7741305254 1
1141,8870850320848 31884,38745790593 2,005053328306001 155,4167043863463 635,1303348154696 356,46045406341614 358,932213905891 91,27216775067147 5,433115139438517 0,6169793022805162 555,4076361754256 2,00624846392051 499536,21642249974 1
1144,3426029181683 31797,22502598252 1,9891817333740616 158,03594125592403 633,7284745224306 354,1171952760018 357,34058785245765 91,52906913526877 5,4322448979814535 0,6164033561176148 557,0401979330736 2,0030826463571607 500406,0339123041 1
1143,5486327749506 31910,547632133737 1,9834406049946864 145,90854977078936 642,9466031748804 366,96123953411274 352,3275759469832 89,7927388111914 5,427846344270779 0,6170459740202255 550,9325005165103 2,0074018673208185 498527,71436515154 1
