Co2(scd40) raw_signla(sgp40) aiq(ens160) tvoc(ens160) eco2(ens160) rs1(ens160) rs3(ens160) rs4(ens160) rmox(zmod4410) tvoc(zmod4410) eco2(zmod4410) iaq(zmod4410) resistencia(bme688) Aire/muestra
1004,7014090266835 32392,566993395252 2,001540685441126 107,2168631553583 571,5041920290145 486,23424422093956 485,79188258884574 95,91654748178964 5,388892424339745 0,03913217102049491 403,7338729857424 0,9984550930922472 447997,12256249075 1
996,0796129400011 32677,609964613683 2,0016518873907416 106,5255373134811 558,0831044152934 472,6253537487669 475,99254626437676 96,4621748414631 5,38774911885366 0,04157800208544183 400,7098652453265 0,9966007328648544 454656,1801045295 1
998,1167702308851 33071,34714516852 1,9800157970207193 106,74065062070096 559,6143073863017 474,64166646037864 477,4143700173642 96,29830978434582 5,3901677958879395 0,04206066290849148 403,94052983898587 0,9953900054361747 453192,5818121851 1
1001,1269876572235 32765,263403080062 2,0066171758013516 130,83870262135454 580,9864319995495 462,27278382196266 479,80626901539983 95,61264452611873 5,413138622491868 0,04182645021302296 398,38211687267267 1,0072957023684208 451742,3685742859 1
998,6503680997628 32493,05776007149 1,9944671804088383 130,99372683375577 573,5425479599152 468,6486454479126 475,46561824585086 95,11797092328213 5,383250576193016 0,04418920098737337 400,97628871054906 0,9966015292952453 452639,31967563304 1
1001,2674387060425 32719,04192901448 2,0047106197766 107,35452204115064 560,1335552419093 466,74014890476843 480,71830119684046 96,93456261979163 5,378583703698912 0,04404486166237535 402,5185075331704 0,9987992990068421 446899,02757379226 1
999,7879819751004 32999,37334172434 2,0051443391386288 107,77753997208056 560,3458687743687 466,3958399335797 479,7996654975351 96,75676824767868 5,405941051928333 0,04593392431783106 401,7483183309982 1,0033433418465247 450715,29137932847 1
999,7511795168616 32725,53022686383 2,003480905977832 130,42610386658833 595,6117185462277 470,68235115891076 473,7613388654354 93,84999987958976 5,362840481932517 0,04641815889925993 404,08347991306726 1,001770578977259 448254,5684596878 1
990,1235360362358 32957,1969943704 1,9906667685225516 130,4117993926576 600,2948639357837 469,06074592160104 476,35202342017055 94,21169344254737 5,37270806948205 0,0485708852138569 402,408273445971 0,9956133666798324 450811,0983172843 1
998,8877739125041 33038,59661580665 1,9904752006522666 122,55680786729367 602,6606099941007 466,0121856903292 471,99609068647885 92,85914298070105 5,380017554685372 0,04888481985348231 403,84459844421264 1,0063734531228834 448599,62298892095 1
1005,9773016160464 33000,88079708929 1,994350357190146 120,81079679980584 588,9906216576261 471,68368123984 484,61950367033734 93,49931829783473 5,35845562366252 0,05161681808609933 402,2845308453115 0,9998162950385433 451255,63992972404 1
1001,3206511683496 32719,37337059074 1,9947903536158378 121,45165304308534 585,7592819749577 469,7678919726766 480,88302173951416 93,93328672102935 5,425910679593971 0,05153178480212846 402,8737643564425 0,9935101709524876 446041,7745650442 1
996,8485848953321 32787,53847175866 1,99741765615181 105,08828248628996 558,794365370415 463,18721268635056 459,81696503607037 97,18387643052793 5,4077242551832185 0,05102361640932485 403,1050988552158 0,9872461554262051 451743,2777557612 1
1000,6617813952805 32868,85714753896 2,0017663944656783 104,58822600005978 554,6056972772673 457,9071420898987 464,6633496204277 98,55815919389512 5,389101332479671 0,05346033252435065 402,53576448731764 0,9989270399530611 446630,1412996441 1
1005,6093435624948 32703,25490151601 2,004141853970606 116,10790232408533 582,291779231841 474,4849129699564 468,648450827753 95,54727575869511 5,360003395007297 0,054089508562515716 403,83056804451496 1,0045780858592421 447850,2770999299 1
1002,3084739876631 32676,811161990663 1,9958888398724333 117,0099043526845 575,6985662482816 474,6482707510089 472,069051989114 95,02519021975415 5,400939976312414 0,056214620341631105 405,01441594999767 1,0090996357663746 450222,9286121114 1
993,4002762978989 32927,23048792165 2,0031299803065443 127,0580980651485 591,507303767732 457,9602942248459 464,4233455973693 94,4899883810264 5,348674633975318 0,05530939444187954 405,05196030895047 0,9987096661849174 445047,38244162285 1
1007,2345550935829 32752,30818654525 2,0065665475956473 126,52392524311321 592,7508903132109 461,8312746869588 462,14243215653676 94,19522511284384 5,418148118880203 0,05744857626397761 405,6382450883596 0,997015385654148 452668,8673380949 1
1001,3555825741637 32798,58972845878 1,9914634763932413 113,50159325921736 598,433795152351 458,49271905208025 459,5924230389293 94,28527847871933 5,373980321632512 0,057680179554412125 404,0042581778297 0,9928800576711562 446152,76185840776 1
1008,9451522589773 32556,43230403645 2,0034637889361724 113,2488147094675 579,7982718836689 469,87884915656264 453,3679477114164 94,91266473447702 5,424621627388016 0,06092493116791313 407,521265415909 0,9970493329860275 444244,512639978 1
1003,1571807301177 32776,16598662158 1,979597779077035 113,44758034825188 582,9887508310708 466,54196634435027 455,0927845363697 95,35519423444389 5,387148061483048 0,06079937231879597 407,49438997830435 1,0036230423456518 449614,8521858409 1
1004,9586562940101 32810,134604966064 1,9818530702407595 120,43117703356043 582,6257265147892 467,6879471125568 469,15813543115326 95,16246729922655 5,428213795788722 0,06088925617024779 408,6895966505598 0,9958345682326815 449207,3991830549 1
998,7593589056046 32866,495800261124 2,000510177405133 120,23721430080337 583,6584690322729 465,58110984575865 461,9989530395028 95,68047325991279 5,379704377123849 0,06299136702529234 405,39562424751875 0,9992059858991049 444919,46087898273 1
1010,7480190262129 32460,998479428665 2,0118453754918852 119,59963438693487 587,1026442296942 454,37623984466353 463,33132525704525 94,98021550701407 5,454314652001356 0,062501911039719 405,85517137646434 0,9990254915876203 447869,61190197675 1
1009,088765427934 32628,22996543859 2,0020975294012895 118,68552053900216 579,822100746609 454,7476692528828 464,76645581441755 95,76881465279693 5,354704790300124 0,06495727956244339 405,56666420362154 1,0057004952973188 443171,7973870484 1
1000,802005973279 32648,897525061664 1,991728664617506 116,46618133415653 573,8921198577169 459,43821664070725 460,23194006046435 95,71160505462844 5,364232947537625 0,0646841370269185 406,8014029176121 1,0012765331236688 444138,9033567775 1
1010,2116057122386 32633,92674069724 1,9986154102969758 114,66792833842904 575,1062775236855 457,3196185435463 462,67510898263504 96,1479843636966 5,418321969253828 0,06671598937441549 404,95078924306847 0,9952648507102487 442390,3645519911 1
1001,8793067654916 32639,454135202253 2,0023053475803274 112,39554379786792 574,7752417868656 457,6167979764654 461,97813890609467 95,22412776712308 5,4059875464728675 0,066569591211589 406,7487692666393 1,005200769383891 441454,6910041525 1
1008,1132240280214 32853,7901772807 2,0066356460184744 113,30736747168197 582,3444051834356 455,87612907001375 465,8230888455105 95,61016721398376 5,417901909327716 0,06975453187435825 404,8840915189598 1,0018071376795505 442054,6325028605 1
1001,8752570168673 32826,90672406508 2,022925070369855 112,14314314781456 586,0802631576869 452,6682742572311 463,14871895907544 95,42082357421262 5,3899744504364095 0,06879729424545036 408,615710275985 0,9994884739826797 448718,36596306117 1
1012,9193825746135 32665,11707865385 2,00007700539679 115,0159505086209 576,3632788185079 465,2795950261482 455,94002286254545 96,45998566245021 5,338790196606944 0,06928224653976194 404,1819527301332 1,0015790827605502 444766,63749843976 1
1010,6404751643623 32532,364965949848 2,015699263306209 116,15368365917983 578,1226661274153 467,4249196343414 454,86567927436226 95,49467121873684 5,39144386088858 0,07035961487989437 409,3261078795601 1,0013611862756464 440127,508643261 1
1001,6380451645522 32632,351592198876 2,0105253971157304 129,76989150473915 600,1104227090755 460,9532017886944 448,5573878464575 93,45505055122683 5,402591438378153 0,0709622956080368 410,32297530904395 1,0023797597564275 445298,14584580157 1
1010,2832564377684 32920,11419758746 2,0216483793300735 129,36673770498336 596,347180270949 464,0469592066539 451,7063798565526 94,44313377938319 5,457014997410256 0,0728598005532975 404,1291346564426 1,0049486032143324 445893,6347304139 1
1003,7170953280819 32497,098371701442 2,005230154871708 120,73326053105964 588,0511510447301 463,89433377200584 460,7164291716243 95,09291894469817 5,409035323380568 0,07318693556957218 406,4212313467159 1,0075451994094249 442977,8617223509 1
1011,5340920602314 32766,852144532797 2,0227703114792024 119,97056375573564 577,6712900916161 463,9799409739718 460,2027763150502 95,10559478677087 5,407633106189491 0,07569750279442437 410,3965938006272 1,0067833818884608 444574,3023960555 1
1011,4598135604019 32445,73943051463 1,9902792241418426 134,9701838156838 583,5932042130404 465,2909495291171 453,56661794176705 95,1506187242891 5,428575645782058 0,0746028528148243 409,4377018899449 1,0046931589591992 440131,4914341046 1
1009,9163220130799 32545,484747587776 2,0082462922229776 134,77248200260698 567,4590993447227 468,6152800004357 454,2191674010451 96,36747648346515 5,388415657009134 0,07825071925221289 408,9391998681181 0,9911062444941966 437066,8267867385 1
1001,3519414936525 32552,5044587023 1,9815831412175413 133,40013709850993 567,38148260563 470,3806549136353 454,0531860827621 96,03466514061273 5,376095815901407 0,07764315114468652 407,9078275424076 1,0051050873370917 437315,19584864925 1
1006,3392402326726 32562,824682578743 1,9958965945640523 118,82531570538926 582,7764963099476 458,1506983862529 449,5439764737784 95,23799629609783 5,402105960363046 0,07735969178843707 410,23420065805703 1,0077378006299 444607,70322226436 1
1001,0078664277028 32834,085897256606 1,978588632102957 119,14878889582056 575,3037439287131 457,97006683718115 454,16910515563353 95,16407215542353 5,3664037831047775 0,07909732243816789 409,6420539781036 0,9960141835222817 439446,43392402394 1
1011,3027674107997 32740,614349355663 2,008821997742433 125,13364439600872 583,2662461209019 449,34339182458996 450,5981448883842 94,78718890802728 5,419852050960308 0,07932219661930066 404,37173739365966 1,0055867896288115 438883,3047407434 1
1020,2525938584645 32582,662230166203 1,9992520891046974 124,76509518407154 593,1244529899774 447,13147274292487 445,4833066731844 95,1779082227639 5,389300619630311 0,08207118415395075 414,16741340264315 1,0066994142312118 441604,98965099186 1
1013,6319028382721 32957,304358030204 2,000835629182078 122,55807779995894 583,7337728918586 454,31808328290896 443,22221195025855 94,7465057068836 5,408927213563625 0,08159481085337844 412,66398157782515 1,0010593645343935 439699,27276496164 1
1016,1683906869899 32655,439549925155 2,006986111241655 122,62621067612632 580,680752959927 455,5251690395573 441,4877103978055 95,70055825263798 5,381118537382812 0,08369220579488856 411,19672656312116 2,0113845407380397 440198,93927762035 1
1010,8930603629269 32658,885562529384 1,97584660281421 106,73639332212848 578,6868082398636 453,2547701712322 449,08836362312076 94,17060108239151 5,354900410228529 0,08420734323936015 410,07301894808637 1,9961548670330593 438683,7261307476 1
1024,313065870439 32968,65896250557 2,006681732670358 105,56228436880751 582,6220625959371 455,6768354004026 449,788786030035 95,43684974449185 5,39825004639765 0,08513464612185775 410,4314579648999 1,9933601573554987 436219,0827814513 1
1016,1244236434603 32823,38160267852 2,013159120606908 106,93070179711783 579,9434233986776 454,7562824618936 444,55302102755934 95,19524887963058 5,369648704012754 0,08491994542288346 413,53221518922953 2,015517925150296 440043,50227670436 1
1020,7845307020253 32648,107653725012 2,0192595908358677 130,92622940620814 601,3540341736906 448,481781795454 445,1061240687186 93,78484332414762 5,3897168239229 0,08527078737781843 412,51459984730496 2,004975258296729 437334,2571561254 1
1012,0289661403154 32821,36544513693 1,9980690492581665 133,22404723505934 598,3612037511049 448,4463066823319 447,25751547989773 94,24280227768698 5,348531578167846 0,08628301432289873 409,9498883525228 1,9982359621165036 440070,4437819998 1
1022,2403558748781 32580,19284076574 2,012817960949871 128,80314789844417 599,2000010962014 458,2713249307283 444,565532584026 93,97450581704773 5,3325221836282415 0,08737841072316116 411,10290373223216 1,9772573475518849 442926,1003346096 1
1019,5246404389646 32956,86437378586 1,9937466707915155 129,7603068010204 595,7044794535988 456,3445914145308 445,5017570737351 93,86118575833746 5,383420347169811 0,08887238779354824 410,9828057440692 1,9952343910036707 437668,69968396466 1
1016,6710626101586 32856,76099860461 1,9888951768281748 137,51310364314585 607,7485913246177 441,11188192545603 444,18997348981605 92,61807955663699 5,392671696308535 0,08847107667906479 413,261720739448 1,9982524813090643 434111,1895912179 1
1025,6355347146825 32682,719540554386 2,000557012059826 135,79884811574047 610,1857186389911 442,14963309218723 446,79848555789005 92,44830192235294 5,356747217990881 0,09087576395847521 416,3184669514342 1,9994736373647448 436782,3373267375 1
1016,68398164137 32794,63716948146 2,0173803147812213 137,05585663760345 611,8909949458043 442,1644497260549 445,9019838986431 92,74422347281661 5,424341874625702 0,09027068596905316 411,7609310128277 2,0054985407628627 434168,5363207162 1
1024,5621940997157 32821,65537128327 2,0070370961390274 135,52280243796676 602,4273695914026 448,1642149176327 441,17931672079817 93,096809027073 5,375955399451348 0,09210446790875008 411,67810748710025 2,00287471277499 435317,4005962975 1
1026,7722166690485 32654,46774178285 2,005640245057001 135,43010689996638 599,1169574348598 443,3338520661055 440,29895769415793 93,29457013301555 5,397074518918229 0,09149234215198876 414,8236482488469 2,0045758622336116 436179,7821000441 1
1026,4208521962846 32691,774947102964 2,002067820712742 138,308807512693 609,5731221857014 453,9261234851942 437,99332234684715 92,48286847407147 5,354451825323326 0,09158958042948988 413,53549310885177 2,013814970742974 436877,89418948075 1
1017,891822987956 32721,333208937416 2,0102362227537305 137,1574965564612 606,4653721195235 454,18860074047296 441,19519590418327 91,80817922728897 5,402860570600013 0,09241345761549696 414,1561149027626 1,9947618885897178 437140,6141133989 1
1018,8187553807504 32776,27219269528 2,0010879980971783 128,22573451661816 595,9202427768168 443,32863891284757 442,0859491625551 94,45914365995384 5,403287691985328 0,09327540339355837 415,3827431250001 2,003127416123923 432893,0749474563 1
1025,6077710119816 32732,96533734781 1,9976878753993572 125,70040285131923 592,7031317660317 449,7385782608987 441,3668639774425 94,14687749077544 5,377176628055223 0,09527242916908157 414,9689486973641 2,0106492807349294 436875,4659058994 1
1028,163331778958 32784,65140541991 1,9632751240397148 142,11847168482782 611,3550546540946 442,2961718166721 435,244000791439 92,9106560027504 5,369136613989414 0,09520561206380844 415,1343007461395 2,0096704860834786 431516,11269329017 1
1027,1879686369005 32689,068094595583 1,9987306597570569 143,42295970346146 617,3873304360759 439,48324267892355 437,1070239864226 92,19426176833424 5,351807086990303 0,09575334421315457 418,6864291630298 2,002986591231712 436118,6262902471 1
1024,2578195228205 32552,531917686294 2,008253140401167 128,48300242638302 613,6348551556814 442,3763886648765 434,83100672834246 91,74615175013851 5,410806068155304 0,09652687014259749 419,14362724378805 1,9999158273020792 436649,39726099645 1
1016,6351046357405 32508,68050747742 2,0078104686172464 128,96800177632926 598,5242155218148 443,9672518741938 436,41065258120875 93,84841019934866 5,362307223811982 0,09706438393946129 415,01354993413713 1,9920849684274977 441385,9359668739 1
1015,8259751949433 32874,993926208816 1,9921277019338517 128,27638653201427 593,4598794598772 441,7881598777044 433,4003322963742 93,73183992161651 5,3803180805070445 0,09761799660044365 415,96512401314516 1,9905234018949283 435396,4837190396 1
1030,7303822596907 32900,302989913616 2,0001027954875314 136,99754164920498 611,80952913554 438,37515699587277 440,32168721690175 93,85208570214195 5,3760252699989355 0,09728873461097264 415,2188243064094 1,9957359635074623 433413,76085325534 1
1030,6612156828255 32683,692827875075 2,010074819419561 138,35861581930754 607,8314738330274 442,613613510892 443,70674015564134 92,72358452823342 5,422724526923991 0,09904496857074467 420,8227789325047 1,994745574251718 437059,07692292996 1
1019,6209124543137 32874,142078526726 2,0006378397028066 126,86273627729757 593,8959812459532 450,37710972157254 430,7705147892772 94,52947761396493 5,4293478220317715 0,09987303863477202 416,4341348405189 1,9888868215389353 437570,89399170264 1
1029,150832967456 32640,280222165442 2,00124273556861 126,49519752029306 589,0464668146006 448,8070283991267 431,67015895282117 94,38819539351063 5,418853367208974 0,10098660237747567 419,35046686011634 1,9931477965239786 437218,9172827014 1
1028,0761173571962 32805,17410016147 2,009947538300923 125,74803499476671 588,9313200994269 440,2371037344905 434,8115369588862 95,20304826739667 5,396060052178361 0,10208727632159731 417,3805905235702 2,0060189578220013 431188,485973495 1
1028,1059628140176 32411,961738823495 2,003553016343962 125,83958323595422 587,3238599091167 438,69378619864983 436,7394876326709 94,91559209439436 5,388967286165524 0,10329280402423238 416,7420805960663 1,999309959698151 432847,3491459074 1
1016,1411473942607 32702,964068546615 2,014796635092564 125,62232566706935 589,5161817225606 437,27030116477687 438,2985060856637 93,87084662250446 5,351019370896991 0,10321889397201865 420,5217965234132 2,001616442522958 434848,3571551157 1
1031,2544747172094 33028,82805360353 1,9991681583524101 125,00433461073207 585,9411982213463 442,50720669252826 438,6679025807758 93,10568003020678 5,382655947122036 0,10345789165034314 417,54774232499034 1,994744271049829 437844,4611782573 1
1027,7084545058922 32606,755122110375 2,010704173327687 124,9577532934998 590,9273138173687 437,20323738299226 439,6579997199048 93,5730249698187 5,382667672032535 0,10365494758690844 418,6634891663537 2,0063661227019867 432596,16573402344 1
1029,3168704621773 32716,71132451139 2,0092521275384145 127,21901296418851 593,2547490348594 442,50559469600296 434,5227331820261 94,88454880491359 5,397437606119503 0,10305138509524425 417,67159514779814 1,9981738900744934 429446,3651209969 1
1024,7327042294623 32603,930868260923 1,98830532988979 128,515934292655 593,4816491943565 443,96884150406805 437,61913184492334 94,1692273686012 5,372524501618126 0,10467924038276137 421,1778901286509 2,01439477128599 430680,714935785 1
1028,2284851370755 32433,99146634189 1,987758222136713 150,75140001103165 623,4662291079741 445,6219407594937 428,1016924433895 91,39562878648958 5,354405005486834 0,10549837451009705 420,48959342429805 2,01696989064348 431797,7130065711 1
1027,0637808627012 32954,89679468381 1,9980316845264945 151,79094008900464 625,7400616001695 443,56409736412314 431,80788793066836 90,78180335546944 5,388714143359744 0,10626853603547586 417,9820856267455 1,998248720417306 429817,6578873629 1
1030,455428594463 32775,05935802721 2,0031228689942284 153,42671838364777 598,110402464686 433,2078110845793 432,0827481549987 92,94799382137667 5,387104460915557 0,10564534990901955 417,3086657946862 1,9902070613968994 429018,02212189155 1
1023,0917544407872 32828,5015713507 1,9986955235391184 151,02409989754807 602,111121007091 435,9835847008359 432,21984182818585 93,90727359959982 5,411139020702539 0,1084117938128714 416,23734552065923 1,9816549542216928 431864,8791015366 1
1027,5729736838882 32768,437763758724 2,002607500498467 133,6947830246257 600,3792537411784 434,4184255218089 428,00712435152144 93,67692648531386 5,4009080878115405 0,10725555031464169 421,6048699254599 1,997817623925958 428664,36821458815 1
1026,5281511589062 32548,028551197734 2,005953922170384 133,98814124658645 603,4869916944941 442,8584427790391 428,4067257925315 92,40968257165476 5,355426538199258 0,10880030665543758 421,3329240691217 1,9973799145750462 432544,824868858 1
1037,1610617189383 32438,826020397664 2,0010586350162374 133,93773025761914 602,8009039867236 441,86364860360516 432,56562293307275 93,07551463413401 5,377179509974899 0,10814956492595007 416,8662312720338 2,024129781653216 433937,09963662113 1
1026,7126620536667 32689,92670012026 1,9956872504010357 129,8605707235321 601,8338361226444 435,5096676847873 425,58529529481893 94,3779957176 5,4265540401562165 0,10944579588797351 418,38960552936925 1,9976585322168454 429954,93735747307 1
1032,509874477958 32508,95836385555 2,0229234466594535 130,6596909318695 598,0781356187815 434,861021303578 424,88695361770834 95,05817808516801 5,371951457331757 0,11076975430580327 418,61041406337466 1,9917468855857425 426153,3995893427 1
1032,9516736297664 32694,856748598606 2,003772879617845 130,23281650269288 597,2921492365598 431,8508426818749 433,0061103242578 93,86160542865507 5,4207621381047835 0,110266162520128 424,1027523629015 2,0074879528242824 431592,4823854778 1
1031,2701460353267 32793,66504333107 2,0066379354468835 131,0208780649252 596,7901499621407 437,3110971704819 431,9210981361543 92,91666769024252 5,383546662615289 0,11176420385028116 421,41319009751544 1,9907685578976055 432754,6882415839 1
1039,3684828487949 32435,582848187838 2,000320654571706 138,4684180998057 624,3197503645346 444,5340979150838 428,4555004353383 91,39406272645165 5,406855210974096 0,11170460497792578 420,9948469766259 2,009108919216111 433496,8663222534 1
1029,4134472729534 32850,982791164744 1,9988521008319298 138,8260802000015 625,1539249259927 443,00783221649164 423,62952110688116 91,37847794369821 5,414689529019442 0,11287144249278967 422,0328009958309 1,9983936362575223 432450,7835634326 1
1033,4821635841918 32799,91547038098 2,0094426052188945 116,0163794113422 618,7486747772627 441,38010188716873 429,2892864530236 91,93943783690888 5,362009884074994 0,11183408384711699 417,88710960603356 2,007283291949695 435287,24121082167 1
1022,2008966515261 32583,614840286402 2,0040208670136517 116,66280685440748 569,5505558303445 436,41484433822836 427,8838492206504 95,5768989296041 5,429665651221898 0,11386657295678311 423,2795328938671 1,988687240292673 433094,9748310044 1
1033,4534733843975 32829,44343815145 1,98917106904786 116,62476675392615 577,8791889967301 437,285757570303 430,60962781325765 96,21523070676764 5,367532240307306 0,11246794141383072 421,2919422693683 2,0080225155210454 433198,7964695625 1
1035,2693945356277 32664,460880537674 2,0020992405392835 142,09467480009377 611,944146695405 439,2547886524963 424,3061236250276 92,14319609677386 5,395612433747097 0,11385614359446158 421,3075179996875 2,008568907080261 428930,92078030924 1
1027,6541158979312 32691,152236614133 1,99659603075378 142,28822871162313 616,6899234083018 442,3060590826353 429,42898011558236 92,44370195830604 5,397074472409549 0,11437102300643755 425,82762933456615 2,002521354490304 433690,2323540607 1
1024,3789690797935 32352,39753394029 1,9938938641485484 115,63522829656317 573,5498173467952 430,65423534226534 429,1057957318298 95,94364627899556 5,369531285513262 0,11501821909908216 419,4986775446951 1,9862891503387823 426837,79924662877 1
1034,2714019818832 32585,793252149608 1,9929678581164696 116,23978020941725 571,554306950306 430,84981300215514 432,0585140711774 95,87845851917555 5,4466000396481835 0,1170373630429364 425,90378771247833 1,98942908393483 423096,879652219 1
1030,9633341386025 32828,67029650731 1,9950711689632883 134,8317294428052 587,9836195949189 434,74943914470356 423,65970150601044 94,10744831370235 5,368154046151438 0,1161649805226226 424,3926620798961 2,009553585689254 431355,52686427266 1
1029,8504493998357 32761,470579830417 2,0229381964032247 133,62677436519934 586,0641118614874 432,9793091171644 422,88107618931093 94,92450760164037 5,404501996594427 0,11770897340970413 423,98971244395614 1,9868345105472598 427339,1252394678 1
1025,7798597246178 32525,680371851577 2,0111947471404403 138,5485732201567 596,1917572637382 437,61779608075557 421,4997648979011 94,02650472690623 5,400054299761038 0,1170757653488887 423,39553014294523 2,005766713095872 426945,99929134833 1
