Co2(scd40) raw_signla(sgp40) aiq(ens160) tvoc(ens160) eco2(ens160) rs1(ens160) rs3(ens160) rs4(ens160) rmox(zmod4410) tvoc(zmod4410) eco2(zmod4410) iaq(zmod4410) resistencia(bme688) Aire/muestra
1329,9714494294903 31643,763426281366 2,987269976859842 522,7124517671174 877,235474191751 207,8629706622675 99,98695459469144 65,72682750420148 5,439764448584788 0,9337007378889269 396,1859956302336 2,9878388806387 409340,67006252555 1
1326,6702895400329 31245,21259043427 3,0030776685513683 506,427012435496 856,1315572700187 207,04351662478695 99,68518225686148 68,52280650521107 5,465923003329067 0,948273416879982 402,81432449641596 2,999830104444785 412649,1275479807 1
1344,9798216431761 31494,512870496914 2,9906540819933536 504,97024491304484 855,0726652753127 205,3450307976485 100,6171359241261 68,61383935910558 5,450017288421221 0,9642204369319789 401,2726947620488 3,0256562880651727 414634,3182221606 1
1323,5402765964775 31393,706445302418 2,976265877041224 431,4145331462099 852,4217364741326 204,86408116834747 99,05419870073486 69,20264186498382 5,471260402038691 0,9629693870577515 401,46278933534285 2,986493779329725 411392,26499726926 1
1318,1609305679751 31254,762900336056 3,0305677594070195 429,1176610991992 846,3625622152209 203,79826653417078 99,88617931655213 69,7738700014738 5,491829821205092 0,9764641237288374 405,82882572878265 3,008511455878172 411833,51986163115 1
1328,976715814487 31203,08737948464 2,9756479063637657 428,5576559535819 839,9981019883721 203,08556476508335 99,89625387783721 70,54305689753183 5,449815414842197 0,9722007464385125 406,04666953593534 2,9928068146508098 408871,3058503671 1
1315,8454278907186 31780,90815392318 2,9949155205019 395,8588871704364 832,8233927550241 202,73355231510575 101,1413536608204 72,44376760144563 5,461974741717821 0,9714231837340458 401,77446024096577 3,009968381496566 408821,91247058794 1
1336,6615698133348 31710,833200803092 2,996408909341172 394,6447478548074 836,0658612661517 203,53215165570128 101,65450585595407 71,92719617534132 5,450035884245124 0,9945484399316767 404,2456154950476 3,0003714113019537 410604,157663404 1
1321,9278369229924 31624,314961490403 3,029265786066683 387,4646742317803 831,9784127171233 204,3616940214561 105,88393946596726 72,38111349289566 5,467456486388317 0,9868810686518735 405,3281302302629 2,972541288539546 414619,0970754208 1
1329,9836208175723 31522,702456826675 2,9937613705774337 389,742291229746 833,6685369068446 203,45381821161237 105,5679948428424 72,84107714015629 5,443402910349563 1,010303596001894 407,0270743123847 2,997820809537722 406521,8508430777 1
1306,058002718443 31629,420092265813 3,019517387675558 365,3102322700523 831,5974496019772 210,01547595075135 108,82042712256762 73,95089768477902 5,444385713197492 1,0009018838923198 409,45026062853776 3,020464714255127 407694,15900666115 1
1325,6428602405158 31425,848102314143 2,976943506126295 363,93891925140747 820,188804375096 208,8241684997779 107,67353587824111 74,24846149562065 5,475143650615689 1,0200206150081172 411,0635260101082 2,9772274873603135 407862,36265396525 1
1332,0112498138028 31124,287270705445 2,9857247063076127 353,9210913746385 826,3277223495687 209,44625213882657 108,83020508661161 73,6551194700023 5,497043551289513 1,025283254037466 413,0110285865892 3,001164976423465 410471,35350207466 1
1327,3570869464936 31459,231754819553 3,0007335142172473 351,2227431700604 815,3465649723738 207,97800200894466 110,31412769055623 74,35361421241086 5,464901613748508 1,0331325325309002 410,9902620416918 3,0043918851406324 411802,7901696499 1
1317,1117484538102 31566,520443213292 2,990817760816366 353,61756636618827 821,6419273584722 209,5222646024552 110,52363216889556 75,20593221543157 5,436689860728622 1,0246451201305404 414,673606255769 3,004512525926729 411935,31710752734 1
1323,8543388057703 31540,204759637814 2,97280394912951 331,29104669395724 811,5478421786758 205,09757584249505 115,62979487007517 75,50635550294356 5,471151241931763 1,030738974489668 411,3213790432781 2,981726581194269 413646,5395802094 1
1311,3856161148026 31270,003047808335 3,0180100077721037 325,82664026762274 810,0464913113136 208,55332301036432 114,64463982926719 77,19641511725662 5,414505842409843 1,037046223240972 415,82271846436976 3,0150015255303004 410510,2260826598 1
1323,422488386341 31788,335957395728 2,9865306642578417 319,62267863461204 804,4729670627013 210,9496223525083 116,16357649758002 76,78627341968432 5,5077396630535285 1,0424634877854742 414,26158554423336 2,9727868776557567 407866,00501257257 1
1316,7758602722279 31592,297561184398 2,9889458320388607 318,05537610575163 806,378189620449 210,68522742256226 114,96860276956446 77,38235621797526 5,435645258491901 1,0554994764814845 417,63387841337084 2,9964228908038493 410858,23778934253 1
1328,4800886348085 31561,626181451313 3,0020255720025464 310,26384979674185 809,864952697926 204,58196917248708 117,33964772196495 77,65403632567453 5,452090082884917 1,0456527277373489 415,50821312848075 2,994629484743175 407997,5632532239 1
1310,2264509790186 31703,576788707553 2,9848136286565614 310,48650909912925 803,201101709458 206,87622337991857 115,69243912155125 77,942429950661 5,467236612604956 1,056374538774307 413,93855482912994 2,9953106453853087 406921,12922372867 1
1320,9133911758306 31422,61891349714 3,00960035510918 291,6202299302739 801,7964187836019 206,3036587498238 115,37201508450786 78,12813437711964 5,423951624997244 1,052052551130256 421,3449308958926 2,9947863658322227 405910,06984900957 1
1314,430613721876 31328,183346744016 2,9922071702900666 291,0945536685115 791,3023858516996 213,4990681589748 120,48505400927588 78,95092888746707 5,427030337644742 1,065527352402301 419,4651298669222 3,006414609115371 409964,5819020766 1
1317,6707158812765 31599,134421695697 2,990647302576803 292,5727920864324 789,1843486786979 215,23453841951104 121,63494381774021 79,22314211516475 5,482022378634187 1,0564679450089547 418,71249049451274 2,9923117366189897 414612,730137763 1
1306,1711745645025 31570,012175100655 3,001823894858548 267,25871751626767 770,7229189824644 210,89297246712871 122,06507037353693 81,35351022415843 5,49142831595155 1,0587671766161222 419,3605347070614 3,000417711643485 410264,78427532123 1
1306,5634111023835 31423,768363337826 2,9624592601476385 268,6705159942016 772,0145938657103 212,37562255622035 122,31202064999437 80,16063226837149 5,425705682993545 1,0625180015044813 422,39281980633325 3,0257332429527333 410166,67676138686 1
1309,124615047197 31680,73592990464 2,989348871824374 294,7454197304016 773,1170278275454 211,00258427232876 125,64865043168342 79,82840043346361 5,487115134151074 1,0585036799158798 424,75274136878323 2,9644294286719823 408760,3134787455 1
1313,9832595169505 31476,867074401216 3,0014859090941663 295,69813750403733 782,5269357885799 211,69037653056898 125,42008366947137 79,94092547410536 5,446717233416199 1,0697926652444079 424,71999318385264 2,9998815851298217 408783,275146937 1
1314,18720033949 31383,118984056648 3,0000436930324934 253,26535006250248 750,1817261459342 211,09177611928206 127,93892009864857 82,21745403600738 5,509016996137011 1,0746992712684935 426,8094527376719 3,001186746193163 411607,92995289655 1
1311,2025970359543 31474,571041094685 3,025025845594145 251,19391298446797 752,0207580073923 214,06478440713013 128,1058087592385 82,60029294099293 5,505542477995347 1,080367336331495 426,57501687345865 2,995946230309007 411815,8910470144 1
1301,745117766243 31324,872464201333 2,9899145676922165 229,8938314224235 755,770327584522 211,8528708668853 127,61823742324263 81,28116777724297 5,489102946917453 1,0779391197070487 427,4046647719667 2,9793642922934986 409070,8289285671 1
1306,2063099789643 31501,72466552194 3,0272624717632155 229,98392715072686 733,0366127579194 219,26242608241202 128,82044361316136 84,59658454440306 5,447666802281703 1,0889987324021246 429,9537592639923 2,983797158653961 406491,02316617477 1
1308,8728326124792 31451,28818473995 3,013731789999734 228,93693221800902 733,5185548998178 221,94526399820376 129,5307050476253 83,80370048249866 5,447427932161315 1,0842705165861353 430,687199243358 3,0274485383841867 405872,110353668 1
1321,911859936673 31431,59897159679 2,9890231884157665 235,1100549024924 740,1309498271439 216,25912223205978 130,84938568966604 84,14982937563528 5,521336291197886 1,074506715530565 426,6537886791574 2,959425444286817 408273,3656794867 1
1325,4715577219954 31769,06511809037 2,9927089807837177 233,87234232845455 734,8530828888476 213,92669480463763 131,01931532227192 83,260548820673 5,50785355408821 1,0804892797667538 434,4877154866892 3,001443987110655 406805,3350181717 1
1305,3819080312846 31412,218722137088 3,0038362295826264 234,219048043997 774,8346714584686 215,58705676847646 134,751336468306 80,1182691231044 5,458798253124516 1,080804140580925 429,5709526216076 2,997092715764822 410445,9195178127 1
1306,0070163171004 31566,24553679819 3,0055477645167574 236,81210054381592 774,4195819148238 214,90080735067716 135,68537014369082 80,76715986240357 5,419868709241265 1,0802813973226721 434,80215740136174 2,9872639147991578 411669,66907557 1
1323,120693822918 31542,06067177061 3,004360887434384 247,31694845356765 754,6089180002073 216,19258903041552 135,47473042088822 82,3841580187893 5,465386772112305 1,0748566824562065 432,24068960444697 2,9907123178636636 413348,0755081094 1
1317,4306809734662 31383,37393794937 3,012201083304573 249,64016107703213 747,8036781005186 216,9736944633366 135,98310824287537 82,16628541210358 5,455534213177622 1,083420250161735 438,4218927902779 3,0127457518017327 413010,4359795296 1
1306,057324828962 31922,763889142094 3,0093581832540766 262,2780122814436 753,2554453004999 216,13707442267193 135,3520060966245 82,18994237110117 5,46388884578567 1,0923790375526876 432,54051169009597 3,00186574279289 404519,6756942955 1
1312,9838644244862 31658,921383554632 3,0000679038445512 263,07285850473727 767,8110502261188 217,72721441419037 138,69585490865762 81,56537678964196 5,4515176878469465 1,0710626462272768 434,9298689841877 2,9931110568148345 409172,15669338737 1
1315,2708463530535 31483,510602678576 2,9660778823557186 264,03000370015013 759,9697794195848 216,69952556139432 138,39923342050173 81,22136043144354 5,478728356893303 1,0824483957108486 434,07276410010184 3,018114307998967 406168,4122781583 1
1315,5587955656129 31655,633550523453 3,0049556573919594 243,31200732250988 742,964962411769 221,83719035393898 138,61834916325535 82,28388541873754 5,488961114354579 1,079077201058695 434,9584344453329 2,985957336039718 409458,7049019635 1
1318,5230966472943 31493,824871248667 3,0084117000123807 244,27979672461962 745,9447295394551 218,36056296894859 139,49255695101562 82,59431900453163 5,438979450842586 1,0821808747021269 440,7552825693262 3,0106837412662912 407318,91304559074 1
1292,2179006141755 31352,576198033792 2,0050808967783196 217,30601746199397 710,4439031532942 221,5215428129575 137,7555579934862 85,66995369251484 5,48371660500797 1,080664325941039 439,33254394509237 3,009312315609051 407347,601888545 1
1303,6618011258104 31584,275669927785 2,0028334974759887 214,67145652441764 713,36595074331 219,4830973892947 137,59365692223878 85,36116692153333 5,485054129101962 1,091049118271767 437,32461157057065 2,9813564997190394 406828,17003811867 1
1297,4150955799782 31594,82897158442 3,008981125537498 222,29768987358221 726,9135257667367 221,41907316191964 141,02066689828334 85,11592593980441 5,415474089833719 1,0721082593678948 444,6512081058018 3,008953563290035 410196,4291527484 1
1303,2342529560399 31787,779634673538 3,005200046046255 222,70836807342786 719,2687775887466 222,4693114526971 142,67672153830995 83,8827076629511 5,417983477453032 1,0895926277412995 442,17396342791574 3,005973582355269 409951,43312842614 1
1304,5278843369722 31769,94274484509 3,010461945597381 240,97562609784077 721,1448395816287 221,31841973000724 141,23808776655906 84,52396637101248 5,487245091622055 1,079744277973041 441,78638574903874 2,9867249352160505 409499,1128689058 1
1290,6048745885703 31486,059269867408 3,014197695193369 241,80958146386354 736,5745808063153 222,85850072531255 139,97066044165163 83,28167275708505 5,4543854531985785 1,079244517552914 443,3511698249074 3,001299909995286 410955,38041191397 1
1287,9734552776006 31300,386255253932 3,0006142008041943 240,05390232832124 731,9944458567035 222,62690795692 139,40415685907467 82,92569079832751 5,47028711858684 1,0815851871809756 442,23378361486726 3,0145984116194438 407824,26561966474 1
1302,8799298679346 31334,231111784607 1,9945757201845402 213,51907982535798 714,4645135150818 222,5349837975973 142,13466875208044 85,2780642911755 5,44891013803905 1,0858469688454013 445,3969643340945 3,0046215032699113 406796,19613873353 1
1282,869019788497 31619,316468920446 1,9984306015264415 213,98600812870887 714,1239592321638 225,42326613150206 142,36032408493375 85,07787136583717 5,478815936718557 1,0881021676486566 450,041814179015 3,0093353241641516 401729,75773916696 1
1299,7940432112039 31348,54724467922 2,9962385506630325 233,85796838663705 747,5736759144056 226,4923488024933 142,63613216098287 83,08803681065886 5,456814019118917 1,0807963897083135 447,0221922662048 3,012870377634219 404261,54248859093 1
1287,8470377930491 31581,77863615731 3,0125855655045273 233,64112736347425 742,3832644921474 225,98502463020282 143,63994374385655 82,165737259233 5,4523636307268015 1,083910193155532 444,8609492797637 3,0016935283093997 406035,6665638754 1
1295,3869854821453 31520,565151269537 2,9913958333062567 229,4522849331829 724,7050549118219 220,84089053152638 147,39135583069574 84,30229854405843 5,525667425347001 1,0826156924459702 446,99358291724934 2,990174610748495 405549,84678103414 1
1290,0065304182715 31505,297384748366 3,00166093037031 225,37903876092705 732,0854725800327 220,94380308775249 146,56447341002166 83,82545416649641 5,4701433016493 1,0869436870806557 451,21683872220433 2,978647439575728 412636,75317628373 1
1307,374266651892 31504,543674532 2,997611796587581 232,83285321273695 726,5555678245237 221,70519226684675 147,56327519551417 83,46107448550306 5,491221426531292 1,0829946893802818 448,00641231839364 2,993182592172708 409643,51962089934 1
1295,3462502728178 31462,539662929365 3,0228616598281643 230,6972883930308 734,0217554134739 220,55479432736652 143,58576987586753 83,67428474552955 5,423138880120422 1,0823631744858457 445,68569972647776 2,9807286890652653 408381,7376114607 1
1298,1944481986452 31660,454566363194 3,0135683590134965 233,2867884092853 731,3255925952913 220,65490912131548 142,8258216569111 83,55846329586679 5,487678331174123 1,0840282407165196 450,10566269251746 3,0137116901958603 403031,2435138201 1
1295,1423801183562 31326,442522544254 3,0063840297693254 242,13252454602386 741,6779364128956 224,16276101171152 144,8118534102052 83,25157345035376 5,439229404245191 1,084015054852722 451,08580334532655 2,9860625109204575 407295,06687348295 1
1298,8086329056866 31403,277155753203 3,0076608850435647 242,82081972960023 744,4998509902706 224,62379535399373 146,47250634012718 82,44127861391296 5,3997524522185625 1,0809855688503558 448,5862311220036 3,0089421897853157 408390,5812735564 1
1284,7707550454172 31243,356206044155 2,978533499752609 226,50615581230983 728,8816688766449 222,5674565127779 148,40059689590728 84,87579785490522 5,418546734844426 1,0802385573635658 448,96169536745435 3,0147184203241597 404589,3342584843 1
1295,0860155940163 31485,43550134364 3,025603003403098 226,70641868324782 723,700979046907 224,2566545647381 148,4970018700501 83,55805351377666 5,475666701914086 1,0907803370575604 451,1411013322788 2,9939327507755404 408642,1885902137 1
1295,5454729756038 31479,39547637249 2,9800320389953248 232,1427661520196 739,9709138476538 222,36691570189225 147,89173623639243 83,77648798009386 5,441527114353967 1,0820200489387157 450,7292407525739 3,014396908736363 405211,69091429503 1
1302,9477578858553 31449,513179877777 3,000313865686606 235,34315737108489 734,2965700796519 224,32521930447882 148,6694880352716 83,12655717495332 5,505492345466551 1,0820733329485406 453,9481694846525 2,9940408761135355 406991,0253333595 1
1282,5082501399331 31511,628019862233 2,006788649900048 191,30879004888905 736,8061466198675 222,8260252830753 149,2927284833281 84,25021407462995 5,45006964049162 1,0879553306261995 449,0130736062467 2,979934520161198 409591,90571217734 1
1292,24959156753 31405,47420671451 1,9983674719438775 191,45790039757296 678,030106989837 228,54928560936682 146,51523173106378 87,7035857309691 5,420803458486501 1,086171857741074 452,92674115743705 3,0134323260041374 412762,7744642031 1
1289,0532979053212 31518,526052742094 2,0066313519889722 190,61117767422553 677,765991173095 228,44119439736852 147,12486390619466 87,34214878542734 5,439856562003996 1,0819946596382488 449,04446979743085 2,997370575848412 401863,64818081394 1
1301,7727927982853 31521,123976325765 1,9900812832762587 209,5589167431029 704,5678704634784 227,24350659376154 149,57906434658818 86,85909055778521 5,455404191597531 1,088726515841737 449,63298471977936 3,0220802555911934 400985,25710373226 1
1295,2608779539466 31449,350020824004 1,9873276001320577 205,26388844934357 703,5000879023678 229,02204747215862 150,0036420122532 86,35891656733713 5,416549066689213 1,0773021477147873 453,7778347910264 2,9796045965285898 403997,3582070937 1
1284,5316604141606 31491,123048727342 3,019045685289528 242,4584382065682 746,8525793057673 229,4957589366137 152,80373722505698 83,06572638797091 5,452198531181693 1,0779373508399492 458,09355157905867 2,9921304117707 403408,0311493918 1
1284,064591883409 31491,951426980606 2,9810139032375584 240,2050711357625 738,7298875433214 230,0142927707661 151,78301098511636 82,98814437793547 5,450101769895871 1,0709704761602923 450,8015581806319 2,9826785342648625 402842,0165365492 1
1302,4252065415712 31213,989965441913 1,9900559835228349 209,62841121241502 699,6063861886076 224,45194158162388 145,75516881752011 85,98397887702038 5,456767181654898 1,0867478713997942 456,91566762849993 3,0020503050227916 406153,8354904548 1
1290,6121915595538 31298,064024312065 1,991265158499412 206,83317141200754 705,6082040611536 224,50873520332283 147,43513913930502 86,08098974657449 5,4436125850833825 1,0773267942247085 455,92873945354415 2,9875014198405245 401233,8360609011 1
1289,9483230034282 31506,154966927166 1,9758256221770307 204,69177284607196 705,2920903462442 224,602389358341 146,455556997514 86,75933904317174 5,460476169567661 1,0779832121833164 458,9009179597925 3,004612155164165 406504,0027827212 1
1287,241605160432 31551,70137079294 2,000959574206132 203,50478296598655 699,4969564319547 229,04587062045997 149,653708514082 86,29611934472788 5,45029406574314 1,0835946687091156 460,4469830040471 2,9953004683553854 406397,7767753062 1
1290,0829404341273 31539,448965768097 2,0027863566377824 206,2983104998474 703,8568958229913 229,2257016834741 149,83060355379598 87,09955514017129 5,450438312390152 1,0820337852127375 459,5376753926016 2,9955286105997536 404787,4209200296 1
1290,7213667120536 31631,956464072973 2,996801129738019 224,82960436702953 724,6812091354772 228,56710643322188 149,61351511868367 84,47754385917027 5,424554366547876 1,0881005735446443 459,12381640494675 3,034233990159821 406334,10183684254 1
1286,25644154557 31312,975239172298 3,004445431801858 226,04299493571136 728,2224417703474 228,560303484799 148,84344767127783 85,24659017243702 5,448586642007851 1,0742738763300965 457,5364617480741 2,9928629958268282 403857,31031230313 1
1289,0183886000043 31453,215677876426 1,9872794102289433 235,70987092367434 737,4035432457782 226,15416697069384 149,60839270563193 83,8471068057568 5,470994387027313 1,0843949689890344 455,1508802630925 2,992604080393563 404301,9009783246 1
1280,5635474930082 31366,128253659394 2,007743711709962 235,0555384363703 729,2685382084147 224,93684560611777 149,8736910477109 82,89407591003054 5,470930536989249 1,0818786254020651 454,74833044406773 3,0061134288295523 406629,0745837434 1
1282,3951859851836 31575,366498152343 1,9887644798830937 197,47597596330948 689,785395494651 227,70989788753434 150,8774843836471 87,14667600963115 5,495071261549249 1,0854530145103065 459,02901867833197 2,965912735696293 412533,9753071569 1
1286,4738473490743 31506,08854168695 2,0111930025826754 198,13337345769227 691,9256632204994 226,1876737397553 150,0309284420419 86,90174324617658 5,488344303803808 1,0720406355629013 458,89677409325316 3,006350893860354 403871,82565930707 1
1280,5256592022868 31328,401388366638 2,975561450078655 231,89173579175036 688,5265508780182 228,6213264379132 150,48732358567352 87,03399725558745 5,524080085725009 1,0751854908518201 459,204334219264 3,009985399849008 404995,84113306017 1
1294,9573178927185 31666,27930872083 2,9885017104311755 232,2134263614677 729,2781047183063 224,2737323697939 150,45275437606276 83,66366574149122 5,415160387458499 1,0710306082272327 456,32625405186457 3,007840459139145 411905,8241938269 1
1281,3614903922225 31364,371801879206 2,9949007904734652 233,09626257717275 732,5241463501798 223,96678541161887 149,79379076505293 83,80306955385146 5,492912718709822 1,0803681528212592 457,74156623197734 3,024024922279071 408966,776516982 1
1284,4762328207864 31658,058404140105 2,9765822793375496 233,00831350557885 713,7233991577092 223,68979260789047 151,41673427019836 85,01336721327462 5,4606020474668915 1,0866974849137352 458,6033783100025 2,991448001119913 403237,92720554135 1
1280,6830782191628 31228,173410519456 3,00944637559054 231,65502889020897 715,2470827238244 225,4955432446197 150,2951388756806 84,95051606587195 5,438828479852986 1,0856936415287148 458,28392084287196 2,9830103072888807 403534,17846393335 1
1277,0298627221935 31630,523398403602 1,986928498598757 228,45945908927874 721,9781795086841 226,64231291460777 151,2375780948495 84,36761189994158 5,481638273508294 1,07817275774692 458,4178350236179 2,9936491112473917 408234,5239909943 1
1284,2248278790657 31697,94808386149 2,000063306125431 227,86515564891332 731,0470000769332 227,93124880947386 151,07390463246622 84,3532304724714 5,464621477287251 1,0761585017354323 462,30367514117347 3,0297837269078505 406942,40170396987 1
1288,953257122334 31438,55309615506 3,005448812677036 220,52375811017848 718,5419396493163 226,6674017777324 153,90440188221598 84,70624289072167 5,467323085402892 1,077564459572752 462,5835864442461 3,0043170973470343 409050,2056340514 1
1282,9736225280096 31478,81047742443 3,013940528883201 221,0054437195646 716,5103634759893 229,62013336336327 154,3934224213415 85,15062596371969 5,452930815276779 1,07859648082227 459,21670480515075 2,9918873712269938 405460,8428521763 1
1286,944173664886 31514,421263693872 1,9979067279589175 207,39457621369544 722,092446240104 230,79359026757405 152,24920619604606 84,56971818611682 5,445304141029706 1,0844165683592344 456,9425781229399 2,995158996759264 406764,4911503465 1
1281,3375233898287 31460,548607571232 1,9949371113700467 209,51187172683078 701,0042068743877 227,14545907218354 153,5645466061763 87,06844230854765 5,455838928608743 1,0702477460541717 460,2297349918375 2,9720811479400004 402811,76059149834 1
1288,4184522410803 31319,921816785016 2,0139417612799675 208,2416694965468 697,6445548524667 227,6410660691137 152,61955004888378 86,01056555162813 5,396396087841335 1,0756361390260547 460,8905815307129 2,9921148603241745 397981,7783894483 1
1287,3355337240025 31263,199055288693 2,0109594133603808 205,06086742471433 699,8881575659454 231,92464514311044 152,0070351702411 85,98216888881412 5,4774616312228686 1,080169217568507 462,8632758892396 2,987349834633607 402314,2498934159 1
1283,416522665919 31253,651539121925 2,007156031694107 205,7350212240632 706,3081788337447 230,2995926771585 152,3770670718149 85,82744394551158 5,448750085060076 1,0834667077262934 459,42816338604575 2,995135431911396 406766,19760444196 1
1287,519108365585 31358,473070871543 1,9935300390887565 204,21309222186431 699,5604440664633 228,55165032152954 154,1024984541089 85,85794214789625 5,494975570623792 1,0799484196465254 461,2847074449483 3,0036094574286683 406255,9876621286 1
1277,4620705820191 31656,04342957817 1,9888065446225434 204,35966939633343 699,0208909580781 231,07354722130043 154,3961420956114 86,28666168952185 5,4400137229279535 1,0870273341507435 460,0292099492947 3,0095136053954024 402342,57484580216 1
