Co2(scd40) raw_signla(sgp40) aiq(ens160) tvoc(ens160) eco2(ens160) rs1(ens160) rs3(ens160) rs4(ens160) rmox(zmod4410) tvoc(zmod4410) eco2(zmod4410) iaq(zmod4410) resistencia(bme688) Aire/muestra
925,7047575134602 31895,577075589015 2,0038345125067902 203,95343553683597 674,4514410143837 409,4419620505259 397,8119395761345 88,88697560319598 5,424327055137523 0,05791881765866954 409,10898151462857 0,9917267578293771 431771,01618571865 1
926,4751859853386 32356,410101899717 1,9835669010524144 202,8565511998061 690,4580730209051 421,53469894048334 405,9962788460206 86,86598181461872 5,369218936371036 0,06189637487736 410,91635262898006 1,0014090378264584 426911,7218406649 1
927,2724155113436 32616,16887783118 2,0032187324915203 201,43336119547027 699,5540940085024 416,5021997977001 402,8615165087052 86,21441264807878 5,363395240664816 0,06211023589264342 410,41106114383626 1,0043574814768157 427870,67006305326 1
926,3407740299446 32700,53010358501 2,998464918312547 218,2855102761014 674,3387500067712 419,2585274523752 407,4618845446114 88,1568885782447 5,3458055090715115 0,06168325771046602 410,5190418333574 1,0013925434294613 429608,23971169634 1
922,6153162982528 32144,9128772484 2,999961265987696 218,94978788497284 675,6494151907002 418,54270088904553 409,59733842118646 89,25176175137136 5,414904235184158 0,06494012444195203 411,4764258321567 1,0055923639646303 427757,8136064614 1
920,3953573817196 32009,561090444986 2,0001987488850586 178,87735224789765 663,4607771303679 408,7504488384914 406,3034022235978 89,87453155113413 5,344632551518359 0,06443723346091541 411,9366443162853 1,0017799289530287 430803,7837348692 1
924,6242830727949 32478,723122918946 2,000004301144282 180,9624915397931 664,5695842610232 411,8913536671125 406,32428412778063 89,61297637185136 5,390659313762515 0,06831473818870269 413,21001167096347 1,0045401812471006 429532,89477093826 1
929,046740284631 32145,28296776645 2,0047379171535122 191,22331108462635 678,0497859837568 418,9242242442539 399,4315944073234 88,12002189449913 5,421851866386387 0,06842164137396983 413,2687486070058 0,9962828411952548 425201,38261086034 1
925,5429525788862 32231,61402629992 1,9967382818172397 188,76894822316152 684,2921683465404 420,2523924221083 398,97400381293266 88,1356669907843 5,376763782413456 0,07157046915280635 409,945482246116 0,9947885846491311 427371,508130425 1
924,4327528312888 32674,18596322841 1,9814265814260756 198,02289955027877 680,6649692833494 413,9256107689529 398,1613227907134 88,54224790398746 5,429509933266769 0,07199038721266943 410,4658703002465 0,9910367964089285 428394,2954509757 1
933,180764421308 32517,906620848484 2,0067010966923022 195,41144920190763 692,0270231171951 435,7256672728371 398,5549957909395 87,70761488811317 5,472086554436856 0,07676006922715528 414,5089293946004 0,9912550783860427 427802,6307405656 1
924,894820857821 32199,186063469162 2,0137751132973647 197,54702120927618 690,5073301276739 435,73580520191996 398,4956538563256 88,22236259705222 5,418972361486528 0,07665052963951655 410,61558120094367 0,9952634483943805 432819,84537724196 1
915,263692721669 32419,630118173838 1,996368590479237 179,11993813467848 723,0021748503278 411,4366721041082 403,21053961201494 84,59702279909315 5,419111074308431 0,07639200643229493 409,42743208228694 0,993801163420031 428287,1177193033 1
928,7874821844548 31986,461460193997 2,0149181278470745 180,50360251567758 723,1510797192002 409,1932354752297 401,39469548061953 84,6997211092666 5,392729532066582 0,08029009574033683 409,32224925520916 0,9938887522694985 429413,69312343054 1
931,7075705613706 32094,845040418266 2,005624876148479 187,97858923507096 680,9378315865179 409,8972285342014 388,2427816855732 88,21328230201001 5,373797003641071 0,07986168706764735 415,0979157128813 1,0028380505004002 430277,84343269456 1
929,7511832835334 32222,558314862476 1,982148168134364 191,42248130044035 682,7272225189506 408,1304842341377 391,60579700342566 88,00353439475226 5,380119779618462 0,08501474463906633 412,3415676229795 0,9919162845038088 428763,785687318 1
928,3664129578386 32040,19374683363 2,011511328565173 188,8737904073816 679,6831331777087 412,09593316562024 386,1517957703969 87,82617643328676 5,413109387953587 0,08432443005534863 413,19308565466673 1,0010956395797712 428342,0745417953 1
919,6427037591012 32288,33760944227 2,009441303442578 189,43145222770994 679,3519738200094 415,8578143073122 386,3815390047489 88,49102628555589 5,378148758634916 0,08753680359497043 412,21272638326235 1,9917766652731574 426132,6799812655 1
921,8936603425817 31817,317146287336 3,0016957438211014 221,95885533985302 687,9380357623971 412,43665173250315 386,5190526432209 88,23628221745153 5,377054889999757 0,08782039515147924 416,4875181204977 1,998873689908928 427410,24999095313 1
929,8689465714377 32466,936851076232 2,981827702234056 221,77115875632148 721,7432499080305 408,5535629033206 388,6700996975133 85,6134093928843 5,3904943672236865 0,09118120872214129 409,6582684594789 2,0056499636290885 425607,83170304296 1
928,4838299218917 32444,555808220495 2,995150084861957 221,99970151037422 720,082725542947 407,79141668057446 390,7593334544483 84,2730948179078 5,39521966197336 0,09131386010200679 414,94090348846595 2,00864872383774 426474,88270104816 1
927,4817403068531 32365,05017722252 1,998589903051366 183,0735291285002 711,7076988927728 408,5941507467597 392,24907307971426 86,91475395130175 5,385923232267135 0,0905348094327342 414,1655874723747 2,0017447425758284 429153,98338589387 1
936,3169762038995 32041,115184329672 2,006287943771227 184,04390275623044 711,1744572777495 410,0380452354671 393,37215501980523 84,82002721919886 5,3750939582048884 0,0941497843239707 412,4074568912865 1,9980943847378227 422996,995236469 1
929,0109084719217 32104,891735825095 2,0090094634091136 178,98936117174844 669,0808994614088 418,60122864700463 382,279217137224 90,31382543504085 5,4044263259709995 0,09499538968790708 415,92888681460454 1,9836875286247053 425337,91555221996 1
930,3186066214714 32146,04143223367 1,9957864066755786 176,81052338708707 667,7849674626733 412,8296960706454 384,2229033273269 90,10339838472946 5,34830592140983 0,09790502590453813 415,0561075299485 1,9830518148773975 429125,8067854347 1
921,4626011850145 32574,364485757615 1,9975044735018939 187,5248006822653 679,7372518932593 410,7328989335023 392,3456406651263 89,40600051764213 5,368172827477058 0,09812254923139863 414,3298107677868 2,0075046349298584 427165,7682134629 1
925,5578240034083 32537,347513779914 2,0032810927411986 186,97032718582955 679,0594728493128 410,07805235602297 388,5343019809593 88,4958233228354 5,38437857740616 0,09865320171475196 418,03975301842263 2,004857081289331 429935,47652553284 1
926,7761482632162 32142,414859959958 1,9976203902168364 190,03527336259256 675,0275108899889 412,1819919034796 389,91903291502945 87,82060830096354 5,3891855179746 0,09822980521983439 415,9716712807495 2,0085401741832376 421303,16268362134 1
937,7819196082633 32139,85149992973 1,9889427933164248 188,18584469223313 683,9438573529848 421,9435742512066 384,62778986816346 88,09805340507864 5,405955247700319 0,10013512432542661 411,53843633374197 1,9964506785974736 426313,4343770453 1
931,6373633065588 32452,74729920682 2,0015580563839714 189,19796357318452 677,6371239295469 419,1249086105929 386,99063649988034 88,59167287373788 5,331081209381612 0,10069056997323801 411,91415482722937 2,006045695915074 424549,6217519968 1
925,5882369306797 32271,891554270733 2,001501352446766 203,05019536131354 689,0087963235312 404,14354265451277 390,7136085016919 86,95340717856281 5,413244888851731 0,10093728583897288 413,5113552545617 2,010127837021682 426228,21004304936 1
921,7010929961305 32086,899940080188 2,0005126980350143 202,72391508464702 696,8573058559791 406,5581869851777 387,9706945997497 86,38912047679851 5,388247486456847 0,10378261188292455 415,00367146908775 1,9974476606740494 430499,433816581 1
931,656885012095 32232,3578599801 1,9902148106567545 183,4940371762773 672,8596718562444 413,09866044259536 389,87183817683 89,01556035935837 5,40803868227703 0,10272749021436173 415,4378573800152 1,9946823414580581 430388,8133356158 1
928,752517005511 31994,310748597214 2,0023988983584076 181,76728569699745 674,4009133256421 411,37115688764095 393,7031594815113 89,91463911951772 5,329250074991377 0,10526847904276261 414,2591523122082 2,014526199127346 426733,09570328554 1
927,2764004492768 32472,046911339614 1,9886789806568816 191,44657515620918 683,1128844877084 406,0478604288455 390,880419799099 88,64997370456616 5,376658856873168 0,1050979113409003 418,2003246632389 1,9954823742526646 423778,9654060079 1
926,4388982415988 31917,17314970274 1,9801369359639527 190,77686906180543 680,6248717462971 407,0381346080204 385,13926262307825 88,27444247471487 5,409084253730069 0,1070259828194063 419,6144673916613 1,9980584242888229 424082,2623604981 1
936,9263413972028 32169,270223915064 2,00576924736655 197,40191022703047 680,806803378497 407,0121435844558 389,9550579741956 88,0714033279974 5,3980980848148095 0,10751318442848072 412,64143448834244 1,998279672525377 428658,35446397605 1
921,4535513881461 32070,420486479106 2,012510488441394 196,33029649470993 689,837040300861 411,9664461343497 381,6883757316203 87,18395746518802 5,389031468254924 0,1104473054471747 415,3974116519421 2,0042527417890788 421652,04252715514 1
928,0411945534249 32463,732758710306 2,015647972955561 197,1448185595303 688,4414724919218 413,97841935706174 383,59684535040054 87,25368901684304 5,398073173349459 0,10945586347796876 417,76679453783595 1,996961991616543 426522,7307575067 1
923,6250563690951 32223,213657557015 2,0038411185630274 180,24359589187145 685,586676049246 412,4804663207857 384,29561510218343 88,01409320268918 5,386063185603295 0,10932099954612413 413,54843936580875 2,003698409615063 423437,14200210886 1
928,5104557522176 32325,96227115817 2,010423387751474 180,7618622982768 690,709925341983 404,0759183357504 380,1248539485369 87,8641915061061 5,33255640674481 0,11021755217567418 420,3604008268609 1,989569178096865 420724,58114938467 1
926,1224829232635 32273,7191845965 1,9989358003934905 198,97922618569615 696,0025877546836 399,488172302139 382,8024301294269 87,68981679929163 5,411759578178247 0,11076061575126181 418,31832268816004 2,0095366956947514 420385,36580939573 1
928,514474336274 32043,155525049366 2,0188754378643354 199,78987404059168 689,4727339394997 401,01842631282034 387,08874938480915 86,56546289030506 5,386291981777596 0,11313157450484539 417,82647782578783 2,0120359304096582 426554,6103398613 1
925,8970884106938 32339,30884113318 2,0100857098032803 199,83078099400217 690,4176381085621 409,2740135245611 379,16718262170195 88,05033914505319 5,383557838600261 0,11229725224611095 415,4494170090966 1,9985498622542235 423834,650078642 1
930,4996577697274 32410,974099314666 1,9958760893053553 199,47331947398843 694,5717899041537 402,0990323322127 377,6272779623546 86,92256506087801 5,38650268750475 0,1155339414105227 421,2481441024984 2,007820697060595 422964,45161944453 1
926,5740395368189 32361,47464652866 2,0113858363076553 172,5766159247655 694,5027135690897 401,98418040083567 384,6271485640357 87,59991979515401 5,428109226174444 0,11705691192052058 415,90720695266896 2,016945962119842 421007,53676692065 1
917,793700163776 32032,999940199476 2,0096300951486814 174,01479488525086 691,1176639528137 400,2914548118199 381,6258426224773 87,61120255555355 5,384613795441506 0,11788149751401357 418,87043640506016 2,0131091440775193 425142,28327909263 1
919,1234178829559 32195,94959360104 1,9994344974512857 174,11455105999028 694,5993181084141 404,1945580845755 382,43164143436263 87,33416359238399 5,342962191075862 0,11886913928414267 419,05994203563733 2,013033671858138 425902,4916241782 1
917,0104211711144 32004,699418935947 2,006735383506031 173,71350438176856 656,6014801292054 407,83589975646237 383,88118545991875 89,99067314307904 5,376710652366427 0,1180999005755668 420,55219141442734 1,9827676442849873 419045,5941806905 1
928,7636916877195 32179,414477398557 2,0164209542828115 175,03610098854077 657,4826282305444 402,9018871675533 380,88684335357044 89,94710516564285 5,312597968017194 0,11881776368780061 420,57814247229317 2,0017322357796132 427210,37015134696 1
932,2579005045657 32192,09884467195 1,9956800457415067 201,41204282988866 699,4551141634781 400,7983906480242 382,8016871077545 87,91358383983837 5,370423581751849 0,11990630317961486 416,26013963909753 1,994303543498448 428178,9597634311 1
918,7400105883914 32130,172086064962 1,982139919974877 200,20316260839766 694,7704665786316 402,7483731220486 377,6139844457886 87,30794666562898 5,409427193543412 0,12112685498175532 423,27503282664173 2,008212119939637 424997,1738790227 1
926,0514760540091 32148,22558764476 1,9781430225093173 206,89049830955312 703,1122212030892 403,77591589115366 379,3043337779518 86,42391385872139 5,390364325341655 0,11994476703296462 423,2659130622826 2,0175298497607463 424856,58691786777 1
923,8221493705654 32351,082837488048 1,9886834372729743 207,8604430752535 694,1697209806983 404,88487089008663 380,94937621621443 85,70769853797776 5,33952377360556 0,12257686122374031 421,7160093133921 2,0158393752727877 420407,0267588577 1
928,9765438065546 32201,279244274734 1,9892387828131528 201,06962134822714 706,9613460171043 401,8101759170529 381,45153060646186 87,21606964955556 5,422464465765363 0,12211149229766255 422,8250406509496 2,0113550366967865 425991,05736196536 1
934,3231943781954 32291,45694332048 2,014237701323956 201,26505101957926 662,5043332331156 397,6795755436036 378,6973199089054 90,23081350785284 5,374484469153007 0,1217002752151435 421,5952758303389 2,004390063254883 426290,62676185975 1
922,9900684760843 32282,97034621335 1,9990821016237204 200,5992632175357 664,2072626772723 403,3450201430901 380,0516963178758 90,03322572325416 5,373800728234977 0,12283608010242406 424,7793032806562 2,0198068335177335 419440,05002353387 1
923,8740541027304 32026,750544581417 1,9964202474252384 203,18388902481638 700,8500833646624 403,0212598576382 391,00849933802095 87,30377290852489 5,3413900636061795 0,12354711049811594 425,23463751014276 2,020818180734811 424290,8139150053 1
928,931734059123 32160,52076136479 2,003005659444617 201,8683870174986 694,9702921453635 399,9720674860809 388,73664744947956 86,36927662412104 5,427529962506809 0,12265540824966538 419,536274809601 2,0067667339673423 422607,3492308768 1
922,6203084532892 32127,732711315603 2,0040848524056956 186,72977478033346 673,2887210067408 391,9611428552774 369,3198037636236 88,83516493584403 5,392561397781722 0,12347740041469024 426,1732891885632 1,9994412288445225 420121,09869444394 1
930,1447636420392 32265,811892277234 2,002058258858354 185,50270683646008 683,5185497612165 391,39364248238235 371,9926078041633 87,66285839874368 5,377547182977846 0,12510453936105323 422,8664385252774 2,0062865196201494 423964,41333575104 1
924,2700509839743 32018,82264046098 2,0032506532384557 180,65034036033015 669,1804613348685 400,38727848672426 378,3876944255046 89,31792620585789 5,383758899478108 0,12484140786845899 420,63145655567706 2,007767651541905 422025,7758954631 1
926,8134457803404 32219,576365887857 2,0161916324063096 181,40582373470514 667,1877637293904 403,96721494133027 380,40549406680356 89,52350376845784 5,394252519515526 0,1258843787318737 421,78509466799187 2,015632865497921 419188,73729682295 1
922,587461219458 32271,613650795498 2,002061851418491 172,24391253246534 667,6093915562743 404,8232568959718 380,41044531774884 89,54155467274498 5,4004916626915405 0,12570683288903906 428,62491147752087 1,9956752549826948 421954,96787598473 1
914,9216463864057 31993,725680152857 1,9961268805698136 172,25423223095407 681,3446068277032 405,69466078411614 377,2306333133781 88,54810897636281 5,370371423184992 0,12706171769290858 423,76653464630135 2,0123673615802105 419245,34330143756 1
923,4129332827664 32309,65256765474 1,9944587037975543 171,98720848475128 687,9541167955675 406,4146394372317 381,22694710747464 88,0825629861484 5,3576726668842225 0,12600597043899955 426,1409285354254 1,998850788200118 420663,6234257811 1
926,5655087351097 32412,213213087503 1,9926900637736547 184,5378591683341 671,5040928946618 407,359825478446 384,7797255820241 89,20022254298432 5,379170432999407 0,1259846938658337 426,1028064535017 2,0065623864923223 423614,0212176212 1
926,2942526250843 32553,35707563508 1,9899409787245559 183,607501571761 670,2869019003441 402,34432808709636 387,21944499359734 88,36720476859642 5,457978984275089 0,12543992198817758 428,18132937576974 2,005361353588829 421126,5534805312 1
927,9298792486518 32187,105742031992 2,0175689090683764 184,4807910063078 675,2006357261382 403,90734807369427 381,10744434827535 88,37390982355993 5,378865335423611 0,12675253655265592 425,91640801998255 2,0062542206252303 423788,29407120607 1
921,8895424495696 32175,259945968963 1,9987405331837573 182,44304719094555 676,8994965238016 401,8279898055947 385,2107888329833 88,3315888539171 5,436833204280124 0,12482782190527149 425,5553204009096 1,9985697099962607 420562,2912568178 1
928,5466715306601 32056,97337288943 1,991626093134265 183,01894135687198 671,4427211783413 391,94664157314946 381,1962694659936 88,94189737075065 5,396430826155445 0,12553717533054232 425,08821199539614 2,0065089413736352 422947,9118251576 1
930,6833423451171 32047,889425099424 1,9875078738224126 182,17842792704676 670,6462874555993 396,4274490493864 381,99292323042954 89,83161156379555 5,389144391225271 0,12628432174481802 427,11121104840856 2,011658621324821 418666,0595987395 1
917,2475732138535 32190,472754948998 1,996944214011604 186,159596448591 666,7049462469613 396,15375822248046 383,8800986427188 88,86215477207213 5,373604609721677 0,1259824171449232 426,9500911763243 2,005633219111696 421537,79030929843 1
924,6967305987129 32449,728261342396 1,9993259199700912 186,91622186122916 686,7608605142856 395,89787721858426 372,44071841402103 87,92048468218334 5,361354481502905 0,12670248636769804 423,55166559996525 2,006442055157918 422370,6761520497 1
928,5854604096951 32293,456562493746 2,0249101315611733 185,2200467115394 694,6769399797114 395,3534843706444 377,3065584596959 87,77558987410258 5,366294560148499 0,12646749692485584 430,8548380046558 1,9989360161690721 420630,4672008862 1
933,8810141946137 32565,08242207295 1,9982737556752945 182,82166091142946 674,3443836624615 401,80965865166075 386,07649297023465 89,58669262559712 5,388043501883719 0,1261373508088698 428,3012503011568 2,0066468639277852 421542,1907694474 1
916,4561664300702 32379,646706892385 2,0185917348208773 181,08421769628072 676,7986860504271 398,34795799083207 384,8730628729184 88,90836542808809 5,353116419942408 0,12603514301044966 427,36327139436946 1,9895438368971425 424704,58342083945 1
921,5415169532287 31969,82637613439 2,0060519550374964 206,7023844612362 698,5143223016272 409,21386217618414 380,01767350986415 87,07345120443338 5,337237752527357 0,1262016284052777 428,6044136104414 2,006964150220348 422202,6150445397 1
920,9812393195299 32467,805605965743 1,9734200462949365 207,15360685935158 702,2350957206152 407,23789528579726 383,47518236348844 86,48566728934297 5,417962651629877 0,1273540497852914 427,5483094701173 1,9880843229749696 425650,7119525939 1
920,2357889472793 32326,464238324006 1,9807987826730642 199,88753084316102 693,4596343701788 401,16873755646594 384,31676915193174 88,11521869825899 5,387228982194507 0,12798879455228218 425,5048269788035 1,99397536964777 421395,9905971121 1
917,7604410719878 32354,618393740944 1,9971733721963851 199,26615538887742 691,9662003787735 402,2593582572484 376,39951086588746 87,61018161153167 5,428694457668562 0,12665639812752777 427,28455497918196 1,9893292607270603 422185,5745641594 1
921,3513442640792 32259,481024113546 1,9961520905411352 181,0283630537861 688,3708740001299 396,9544610446996 380,00996352386613 87,25010798207866 5,389215990541041 0,12567774294259848 429,4974375865572 2,002688058439536 422354,9697077608 1
920,9803790296492 32097,427002361525 2,002380813990003 179,749125309865 688,6914466115143 409,6562945581508 379,75109829863396 87,77053268216598 5,4224336344785025 0,12721785245817271 429,609196128056 2,0179124314723915 422097,3554899952 1
928,2254776480667 32172,634861151168 1,989279180114511 179,56871650494236 694,415237577549 408,68043593321846 374,5769025015329 87,32140402310259 5,370593981105162 0,12751953309010702 429,8741621702426 2,015045676700382 422619,94272392365 1
918,4341645782284 32365,67797192511 1,998916081295336 191,56935732976896 682,4562424664634 403,7604394801321 379,02140378911935 88,8655499911752 5,397414385344362 0,1269951625732571 425,82062410397026 2,0022586495402783 420378,5460150441 1
923,5154502624013 32199,109184838322 2,008439959465285 192,03117117029348 682,4139835256184 405,16418811858654 375,9616508606873 88,43532124006789 5,347445700925195 0,12771955684197256 426,94895681535786 2,011553937295191 424909,91774430947 1
918,647011089087 32276,642440403022 2,000571804513553 180,36259202120016 667,9801309481192 396,40829133947045 381,00944988314114 89,0309273527962 5,40661139407811 0,12740359574198598 424,9256579295798 2,004824097626489 423357,89857180783 1
929,3060533287762 32325,935593851857 2,003880838010568 178,9463089457077 664,0284672317678 392,20357131218645 376,84738256467085 89,40193370040114 5,331477818012577 0,1286762954016536 425,8721086891075 2,0067341939010763 419249,0394251329 1
926,4217676276181 32411,134766636067 1,9843526060454213 184,7863694964601 670,6975959805324 398,83032366241474 371,71847077826726 88,94165385304196 5,365472931787596 0,12795012561532396 429,4100698569814 2,0074897241753167 418936,0224948282 1
921,1512344037545 32287,240670795243 1,998334084320758 184,3372154458959 674,8475857202521 400,3926439921861 370,9500569550741 88,47486055517172 5,462276760328062 0,12783697808618555 427,97890502558454 1,9994643792054483 421313,7771308187 1
929,8731852405789 32106,800689117597 1,9995780150181908 190,35051129576846 672,4452777230061 400,29896231903564 370,2248661274541 89,27455342322105 5,367380192942617 0,12845968238874314 429,835453776994 1,9998951171435035 416738,52168585855 1
918,8062116601836 32327,954080780542 1,9823007012060334 191,73289906912876 694,9365947695865 396,22352249268044 374,4099964821086 86,8233199685687 5,4458655821350135 0,1284938662544143 433,1638167004025 1,9974868052828525 420985,02224091196 1
924,5080284113842 32173,954462247835 1,9902556578084312 190,8536399830166 695,6296770919203 394,94892120060916 373,8658130463049 86,00544169731428 5,423785767401774 0,12977561275911845 429,983226929178 1,9961967128453022 415832,28093602567 1
921,7199899871641 32091,858557335705 2,0093069734872335 176,4932043436882 665,8086857080655 405,85254316135104 378,2831869968371 90,67400250609124 5,422780656036758 0,12921681244299085 434,80041397604515 1,9855806450849354 418561,5163962899 1
922,4888674520928 32400,535554861013 2,0135861567393114 177,30861193294447 657,9960177397514 406,80287402467883 373,72369425962745 90,130731533856 5,380340596518145 0,12883640973945992 432,1806213377535 1,9831324789399734 420536,4834198765 1
928,7574554589825 32486,475534327834 1,9917030212370455 193,85142830559116 680,6711466408314 399,9421765780989 373,183539053017 88,41305425940162 5,41430968147807 0,12781099317388644 428,6909540245902 2,000762798039307 416989,04941037233 1
931,8137829041381 32323,74621137614 2,0108595882544806 192,49303809411379 685,6089332705271 398,63565758832857 374,55292098954186 87,98413808270256 5,360269130099132 0,13049374044147297 431,43800198509604 1,9976331930048716 420410,8524091121 1
929,2968289811083 32605,210298339258 2,0014101757182683 184,06182057675764 669,4058771616249 405,742981893613 367,53667788180354 89,14679465334913 5,394409893761857 0,13065995905650923 428,59258329280544 2,0091905956130134 419827,7858591351 1
928,356834498487 32275,341309008065 2,006089181408164 182,8463733991933 667,0293546066531 403,5623463132403 371,5865542156482 89,15977045848858 5,433170543224823 0,13009535092252777 427,6990691079293 1,999530429073541 419549,5702404827 1
925,0219868095566 32291,74416574431 1,9842699398860066 181,37324809531142 671,357653340447 404,11799819194334 369,86384734464787 88,80436959880252 5,351716708499627 0,12942060110341005 431,812793259572 1,9970058814104494 419090,90561377973 1
