Co2(scd40) raw_signla(sgp40) aiq(ens160) tvoc(ens160) eco2(ens160) rs1(ens160) rs3(ens160) rs4(ens160) rmox(zmod4410) tvoc(zmod4410) eco2(zmod4410) iaq(zmod4410) resistencia(bme688) Aire/muestra
1046,160978475243 32296,000733958594 2,0124999510328396 78,03436822752617 510,5674469045828 497,57261634516357 551,9861021116355 103,99414406357614 5,442208671194796 0,13174326587835283 398,29322794302345 1,9911094897513946 582374,228511705 1
1046,802637261436 32525,197414601123 1,9971449942323596 79,28811400420967 511,8980117941571 489,21580007364554 545,1122430111442 103,38758400405233 5,4469016635868766 0,1334457971617556 397,1017075037148 1,9924541171282475 583870,992159039 1
1053,2334057138164 32473,808123706265 1,9927157958841242 79,33806113443721 515,4320454208453 487,8551178789319 550,1114802024471 103,37050076195649 5,430985406918899 0,1597572167866122 398,6353557410351 1,9823685308717387 574960,3610200771 1
1044,7309535017878 32186,122488281508 2,0007144056757866 86,79237538954229 522,4074128034202 487,74661804628374 525,2150357529886 101,6013637566914 5,399361070947082 0,15915692762967856 401,306486436778 2,00546360662344 578913,234813525 1
1049,4880686661897 32446,08980491014 1,9833112320943431 86,91444557701064 522,2554625409795 491,44194318009835 523,3587100282042 102,26447720572668 5,403838422027328 0,19125893504745337 399,45995293379053 2,000587248238272 579767,6165522322 1
1055,1344296320271 32607,210632328868 2,016796188273256 88,34837796660963 524,0511699091581 487,79854027994907 527,0083147848486 102,30145425880885 5,415037914193424 0,18831695541254884 399,3258091014091 2,012570050904129 576974,9315852788 1
1057,7364575226334 32386,084737558223 2,0067055647124956 86,88767668844082 519,7603408867518 489,45335154914477 524,4596203345172 103,01048022049464 5,4379312592366205 0,22092707166753925 403,42971936868054 2,012070700932801 577588,2847143437 1
1050,4149985826266 32579,176414054687 2,003818192547625 88,30710299930081 519,9163048970042 484,69613786290074 523,17227709514 102,59020718929467 5,417712361304327 0,2210025063505639 400,4103792330512 1,983406452590784 567450,9188387488 1
1044,6304070969381 32236,52800640377 2,000181140458081 94,36705423035578 539,112449628981 474,68156125932717 509,3982573966414 101,1226451401309 5,475261563190922 0,22035781689809714 400,2706516276591 1,9998569997759512 568940,9030283337 1
1051,6039663339213 32488,224951621447 2,0084632032484464 94,88750609219903 534,7150184799376 472,9572524321646 505,53460597498446 101,16783014239 5,421391495525 0,25483266016482536 399,2614351588458 1,983408723968344 569866,3707343715 1
1062,2943697033718 32534,040271266647 1,9930703545829855 95,19731240422144 538,7536805961297 485,9643471228219 504,1161443369203 100,79690860508309 5,43990537297219 0,253521395468847 400,8128132795929 1,9900277553898713 574643,2815617984 1
1056,4092793493153 32669,499927010864 1,9934550114118483 95,2062036889301 545,147966491436 486,61298730271017 501,18352183552344 100,66460603751753 5,384391507021741 0,28468115075779243 406,87943145368723 2,0117922760001146 576957,302770806 1
1061,9101841089098 32290,98951551669 1,9983204089212234 86,35634744452439 527,8486932965872 476,79136477217276 486,9065394930128 102,77071679055861 5,435724723275778 0,28557616662145835 407,5583564006672 2,0051697891332068 571972,3821780252 1
1061,7392288430772 32513,840536211206 1,9902502880673567 85,68361378227766 524,6291248990976 479,3511161326562 487,9301411393235 102,42904353842567 5,450496054910221 0,31737178640957814 408,8815183237824 1,9857072576003676 570114,7424108381 1
1060,113303592723 32319,181205843517 2,0018402884635877 84,70465526212904 527,7465294106885 477,4138362249088 488,0524101694686 102,48423460991242 5,421767850665776 0,32042731044688927 407,9562599626295 1,9766569458009466 569181,2219780283 1
1056,0257544526667 32274,233941415438 2,0202298473669535 84,60854635978862 559,5240298432717 458,4494453541357 468,4542660905013 100,0683184848504 5,439279147695998 0,35126797650184083 409,0151435868064 1,9841403204591435 573095,4257498193 1
1070,8712762573628 32277,36857083948 1,9993467314396036 85,91470731383524 558,167124385591 458,6161276856218 474,02444551579805 99,41673842587755 5,485788979002698 0,34937084735637425 409,04920888970435 2,0032867112099404 568107,1574704017 1
1064,7965300179208 32363,165033593017 1,9972993916840396 100,0193755620289 546,2034411401211 470,7477792253085 464,77313513965873 99,7721497067219 5,468403155297596 0,35503341417732875 413,9056954382 1,9962268905518217 564677,0356702644 1
1075,0455428299047 32552,028404690507 1,9972979882178326 99,0412875516524 551,1303587150921 464,4313854339362 464,9919339709537 100,69027645221472 5,424106789522785 0,38483334265486163 411,27654451839135 2,0099211177285197 575160,7926955515 1
1083,7048214310848 32434,05025809942 1,999506247593566 101,62790914614156 552,0848879258646 468,6997447179774 461,45597919628204 98,47552107134311 5,4085075881305675 0,3831685860603149 419,0917763265704 1,9974697697699721 574052,6499273105 1
1076,938493220567 32250,987994559935 1,9963876788781127 102,44972797179692 556,760606935143 471,68902005973683 464,69172737736784 99,969755476158 5,438397245125333 0,41582045304524684 418,9663716313808 1,9895512360775325 562233,4630943186 1
1064,6640720503815 32176,771767987877 1,9953878489114256 100,46295949404805 549,6209149290981 451,22077584430286 436,8254463960297 99,71395796388069 5,462583511115282 0,4201920135916936 421,4076496174041 1,9984513015031968 560927,7591485168 1
1089,2949535564362 32273,757530256204 1,989090987083666 100,25179545475082 550,32535808291 448,9557250455245 438,88523079470457 99,66069462406625 5,467974014081292 0,4415913768629244 423,56350423165077 1,995408306378735 569682,7234345706 1
1093,0763158787622 32311,509624195693 1,989484252370843 101,44831384541989 551,3523504057275 455,96970784101916 436,6100888680615 100,01011116480802 5,468499657934552 0,4486153617176142 423,89073028424406 1,9949794131400622 565831,6758786899 1
1082,5702505602771 32423,39167364996 1,9947531058355708 101,94019168128713 551,511833321919 452,1959849066295 432,3633398251332 99,58964920333885 5,430604927573337 0,4752592633062285 422,52040562678906 1,9986573666329923 566193,4538100035 1
1091,1435389031292 32206,53497093851 2,016605836743118 102,04456028114637 553,8540867029441 454,86818165157393 437,31863161819086 99,32481773634996 5,451240033517467 0,47231907502835047 423,02684094016826 2,003199405258702 566061,2413043006 1
1089,6421514025203 32522,894759178216 1,9788637515464809 99,34070251899668 551,118124478097 458,3647822467322 437,01253943043855 100,85911972227677 5,421645738835775 0,47551125937903727 422,09175735453806 2,0086877060333954 562268,0392487746 1
1079,5596109113592 32174,349052032954 2,0009235743504017 98,1738598956113 548,8394797770611 451,1643541267394 434,6990948465366 100,0235319826958 5,445251907757892 0,4973798002428653 424,1771213549548 2,0061427619998686 560496,6821413568 1
1095,624913993354 32564,374788528658 2,005773154850506 91,74786668460847 537,0410485313118 453,68750555269025 426,47844237474095 101,85914092433 5,477927638471722 0,4983798554331125 423,9680430431772 2,0041981250090353 561482,4150510106 1
1088,7034118964775 32457,779446220076 2,0133612539995314 92,10792919298551 535,0983818609716 459,10808786338174 433,63910360632616 100,85415760686898 5,42483540797636 0,5230471833991522 429,67111590731474 2,002614881003847 557149,2029431666 1
1089,809669558566 32383,871034312764 2,005551135887008 96,37844257417424 538,4138529096736 454,50657515409057 430,1022282284259 101,39324343761707 5,435889782653872 0,5229912885398013 426,3577915661445 1,9871286317512773 561101,2264448054 1
1092,855947582894 32389,113507511545 2,0128799139927693 95,94760556288642 536,4634286498292 452,8455711532349 434,93615681496044 100,76017969811899 5,447359030034731 0,5462196933036425 423,37035791061555 1,9904153641227107 564217,8113046874 1
1104,247715861412 32150,43337808343 2,007577352178699 88,20146050599946 539,7713721116637 455,08367021094557 436,093389126388 100,92215545562435 5,415931219650825 0,5458345803299975 427,9315934143 2,000711438923475 560264,4855105717 1
1099,691639745276 32460,911542598467 2,003782963629404 88,19105723452948 528,4702565379986 448,14515170912085 426,35287661716876 101,94173429705475 5,4576212532339765 0,5624211922895535 426,4724113895492 1,9954842863725282 556795,9668770635 1
1100,690222798833 32287,196286609917 1,9991282666526202 88,3851638717898 528,5037812791551 449,72821439482277 423,17000920207704 101,9314021856678 5,425466888980597 0,5661939351696501 428,3973449680194 1,995762345881008 559408,9500381832 1
1095,0503284550325 32249,318005768127 2,0087631160192485 109,94593802573037 569,3823992388945 444,53857682987376 417,13249126281744 98,71913840668407 5,501841236044681 0,5633261479536001 429,94667820095316 2,0000431915445422 566277,1164339958 1
1104,431707937759 32477,945921108745 2,0155805474187956 108,70283118691327 565,2394604939875 443,05011474420274 417,0825152635166 98,5862332683548 5,446698112529591 0,5815124739994542 431,95610168073114 2,0058254221246585 558942,8318343583 1
1102,0519647493581 32172,170066249717 1,9886704588480582 95,95948355183359 543,5980871035989 451,29134907285305 407,9635694632098 100,51720708646178 5,445227827759023 0,582711656084005 430,27519319040294 2,0044548621381515 553888,7360543946 1
1106,4475526643043 32215,85811179312 2,0168020863164373 96,82830346087917 547,1025121537064 456,46603752368884 411,2243982067883 100,65267029620306 5,438422264942047 0,598754923956799 432,79748934606874 2,006187996709326 555813,3264814286 1
1116,2976639796009 32427,513206214582 2,0168414881736325 82,54838620792421 516,0575609489058 437,9479053276823 424,5719238815407 102,05082664189536 5,471172367255097 0,6020180548691986 434,571704806231 1,994957567472256 561806,1370251202 1
1113,1337058760218 32374,169197064577 2,001697385596337 82,16631684397674 516,7995197845294 440,11017528402624 422,8338361045095 101,96875553870616 5,438828896108215 0,618560295422269 430,1812540146727 2,004092111174727 559402,0914335342 1
1111,8531070808174 32259,052391388952 1,9826672702010577 92,53416007755077 520,6414630494334 438,7761085903783 420,5650700764519 101,77640426373269 5,4508995936483124 0,622283302012664 426,5267807577293 2,0000895863742083 555054,8575969528 1
1114,6852694077118 32320,885617072694 2,001624450108174 92,29996059102916 538,6581375702644 440,3981669023569 416,48045916187544 101,20180853368689 5,484095701488333 0,6266356809053317 429,76298884056854 2,0227269660795537 560210,8540243631 1
1114,1043746446019 32311,740244687386 2,022860909276952 92,29786725691946 539,74365392382 440,7639579848046 414,7985290669671 101,09846110262173 5,438198444594346 0,6259703923806392 423,5067331964097 1,995713235262652 550840,3252576614 1
1117,6313979927418 32217,84158219171 1,9958683924658052 104,45297720763779 556,7988984893709 434,159602627171 408,3439556925789 99,55620377021992 5,430334367539131 0,6287094325213501 431,04436078975857 2,015316102912807 554681,4060957237 1
1120,2889580300193 32363,001567629482 2,0073367714981294 103,33571729388531 560,9225828576197 436,61402814819695 407,3022097515979 99,2738178435575 5,443086753346184 0,6461111821428508 426,9739969084176 1,9800534309841598 557463,7860082068 1
1112,1123494842423 32310,682306214367 2,005131711903015 91,92706758316784 536,0922957160533 433,27487055626494 414,0784899135838 101,31019591274345 5,4192201167141905 0,6467753966902343 430,38828120390843 2,000189740814937 550686,0563339454 1
1115,1862143969865 32001,827847012504 1,9805585408810782 92,8050911703925 534,1350651504237 428,1849933714262 413,94348748964853 101,03443056692144 5,399781867472524 0,6513727550742371 431,1514476002755 1,993414271864748 554934,9188247788 1
1112,5217337870295 32278,58034115695 2,0006809473367917 109,18675776117207 537,9293825769012 436,7942002986602 407,9742784355388 101,19725942660196 5,419446775720701 0,6563150656525828 429,78006481864725 1,995970116271491 557772,0284382083 1
1110,4168979421827 32194,563593985546 2,0081849427733953 109,05971037356588 537,9988960849886 440,81279257375996 411,71718415169414 100,05632947882344 5,472270859654433 0,6665708195267325 434,23259775859094 1,999519010202978 551698,9592264602 1
1127,7699576714886 32236,28579884003 1,9851344397269606 85,11678410708504 535,84218159576 445,17840385352804 409,25813286869317 101,25832709099326 5,3989653821865256 0,6724653168476893 427,5061685710989 1,9931489069025892 552519,1943908464 1
1117,080833937053 32186,926062255636 1,9894538169883036 84,99442309963399 525,8352301546959 431,46355779813825 410,45672812410226 102,58147011154706 5,470727742361807 0,679640451828688 429,0692762171896 2,97937372634509 550684,8875059371 1
1133,9455980617588 32063,384703395157 2,004075704117831 85,07184990873601 525,4152573784254 431,9961389764855 411,01228594840586 102,13042879346685 5,455538890629718 0,6809012561664062 429,9999963998351 3,038121155157228 554028,7451211835 1
1129,4220447137698 32246,772393840823 2,010587814268095 65,21230058632221 488,21524566698173 432,72892291219244 411,44720712838756 105,60298586912428 5,422120336499947 0,6796428762152869 428,21432964974264 2,978263912525187 553956,7253529207 1
1118,7297846755102 32382,678047888 2,0059288002456506 64,78558077181361 486,7665618436797 437,54161381886894 411,69631632698594 105,75296304590863 5,421100249556098 0,6892948979391585 430,33595344668095 2,9956554940294224 553259,9404498307 1
1117,032412932452 32182,596912814235 2,011221057881621 75,6385397342413 506,6882964946307 427,6023932313565 406,8520489442173 103,74117142359306 5,454822760791461 0,6918092198516994 430,184853299257 3,0093070128031103 554536,9912822874 1
1125,2560603902698 32345,887781315414 2,007400203110512 76,35685169689533 509,6674952971733 431,3099032985553 412,4421831718901 103,34730409038606 5,468638621243259 0,6864036704257572 431,75011863363443 2,9975173326949256 549440,8884848288 1
1112,2145715228676 32497,319744942833 1,9841003853200248 92,35066427798664 566,345376305989 430,83622819635013 411,6173068944469 98,72504431141857 5,401455212816799 0,6951622940299366 427,04211361998756 3,0131514716995738 546351,9692327151 1
1113,2050710789642 32348,219698987043 1,9919810916563168 93,41794966317282 558,6186223241408 431,5772812562114 411,2997289093574 98,84246828265711 5,388354958975277 0,7003555271361849 427,07477792004073 3,0042211545830715 547258,9779480525 1
1123,3683594749657 32409,74135890157 1,9821403551703989 106,58624035518568 564,805999442819 424,89972303642435 409,6335329631411 98,78654739708892 5,502636752137749 0,7099108475753085 430,73128575293765 2,9906913673904434 547144,7886433508 1
1113,9814369564563 32294,17030727674 2,0013255497628433 107,33788470707505 558,868160518265 435,6469646096928 410,63559662282165 99,39968483210485 5,480336247717397 0,7095589610231697 430,0666260684698 3,011306120950657 549882,2684442936 1
1114,5787851666537 32128,82873952264 2,007272602088517 106,47540857381378 563,5020336651195 433,69909665991116 414,00727162509276 99,6079689732291 5,436503575825433 0,7081284293674972 428,54573401755516 3,0017758736055944 548526,0390071514 1
1118,1724722555311 32298,340149428514 1,9974283640457846 102,01835885330172 553,9219335239312 424,47165230403414 398,2130115654067 98,57937546017243 5,485469059578522 0,7036986375491702 428,161178605076 2,9998045331541907 554587,284466338 1
1109,447312810267 32217,73655237955 1,9855121517821184 102,57067008459823 555,5415112832849 420,99953447041446 397,4977482865042 98,98098756307135 5,496927964477993 0,7154768966622583 432,34670077302775 2,986114376370099 552543,848595809 1
1112,0982093025787 32314,252464390203 1,9866289642414932 84,04070127543386 522,8222155194877 418,71187798419305 403,1938360798788 102,52161803583928 5,42881596217465 0,7251344247998256 433,0424134941345 3,0007063008256885 549209,0284202031 1
1123,4892619479285 32132,09920217029 2,0090471280103803 83,26955469594792 517,1707486711537 423,22840336888135 399,4831235918419 102,76801750171671 5,451687184097934 0,7167071818425584 430,8025019314175 2,963571314083718 549702,6825464928 1
1120,0387686657693 31934,64170871972 1,9960823238876437 106,6365209092723 548,3546994901063 409,91882807025286 380,8937392394131 100,75008092659517 5,43688164652068 0,7251251390279327 435,59191284904665 2,9945000365409475 549140,1157357498 1
1119,6381824313166 32164,27623785457 2,0050745036425797 106,80134686030816 547,2669213154373 413,0363442548547 382,2681089707817 100,701398865681 5,431436019147164 0,7269002206731005 435,9291723450855 3,022977865090276 552420,6115916213 1
1112,4231457157885 32296,36962179238 1,99156227500431 107,41479278705957 550,0767629515441 411,07004585787257 382,6730826810568 100,17500449838768 5,4499685943430185 0,7294810434867387 435,22912827233887 3,0052257439908505 548027,8200524659 1
1117,46364699064 32295,254364741682 1,9975648423803514 107,36554980144064 560,6897898885071 421,8991207263967 384,2065071835882 98,4188408279807 5,430438698484191 0,7432694344938794 437,87662290236665 2,979982901724913 550807,2811422059 1
1112,465587311221 32312,662042718875 2,0098648406918267 107,83225131364945 559,6490351046423 420,1754846569435 389,058497533529 98,23564480413386 5,4371899523244105 0,7343542586686422 436,50039934728704 2,987191822951487 547314,6522755058 1
1114,4364802645339 32219,030332573675 2,0022630216229214 106,32060201374253 560,3819835947152 424,3393452534963 388,71702797991315 98,59568024743604 5,434981054420248 0,7421535839039909 438,5556661659308 2,9961749059068516 551324,0128790685 1
1118,1030380020525 32434,8396600877 1,9949348929167776 107,25418542675382 555,0066178705714 420,560038562509 389,20692983885004 98,68180639977237 5,423167941458366 0,7477749246946725 440,93770500620303 2,9993435195365126 540744,7906569395 1
1117,4894845104257 32090,57283711225 1,997738381911673 95,35019763526519 537,0390811194904 430,0389764724733 386,2913867072635 101,18020992931737 5,473308885550147 0,7406016579981294 436,3992904164416 3,031126192387238 546610,6319837433 1
1120,8481852519858 31911,543972563053 1,9784969767319072 95,25489137626221 538,2406144389658 429,6551290871724 387,64655922401323 100,23062723783761 5,408377106168736 0,7465003109943749 445,2564927257537 3,019816756550476 544730,1989256225 1
1114,3497418396619 31888,098726778848 1,9982954234773214 116,86543890193073 553,9759430696643 412,8808987110984 378,29660655012594 99,06568894761394 5,472625200793252 0,748074580614393 445,15053410739273 3,01819715048351 548362,0482144769 1
1109,2662159616864 32132,570661204747 2,01579159630239 115,25472019683377 556,8269595685356 413,241173982349 381,76474894746525 99,73102565565746 5,450074349707618 0,7484672723280832 446,9499299123013 3,0056713446385723 545625,008608651 1
1115,8246945323665 32308,18129548214 2,0001739382149584 93,32289518665104 559,15499085462 417,021358118888 381,46936729703515 99,3367858661846 5,379798799963733 0,7522066018975452 446,3656138804748 3,0167316612261224 543004,7026057283 1
1109,8468409282561 32085,487447488144 1,9992636500532948 94,02564432073217 535,59039769527 406,4276760585358 382,06403389911446 100,59614265794019 5,477847547406404 0,7561263434904142 451,21439439444936 2,9976187594137347 543953,3589589982 1
1101,7307057147527 32099,70501829522 1,9950875590818058 93,77035587208971 540,7052716455232 411,31176714602384 382,4177365767779 101,15002035114884 5,425164189815084 0,7577414490900188 451,5283150020845 2,9992268086090976 549216,6399866189 1
1111,114770595872 32047,389539483374 1,9883520196271203 102,73379626607633 548,6837089553843 424,36143693494523 393,6559915044159 99,79579834205342 5,5011286960071475 0,7511773594314383 452,8714007124019 2,9770024812139257 544579,2200617393 1
1109,4264131098066 32186,3226919575 2,0043003932216013 101,40496682604702 550,1012199083434 422,2791073772399 391,1498355773211 100,03090589085382 5,43054119192053 0,7551164893218617 457,1471995696118 2,9923344211293528 543543,777014189 1
1105,2988814702326 32060,121052230843 1,9948988030683799 84,08922587553292 523,7629515866655 412,38673213194915 386,93531986174355 102,14087933871232 5,450854448160586 0,7496203635763208 456,8992463751228 3,035200914460722 543855,6278313521 1
1115,6657175578914 32365,33346645636 1,9712045298985577 83,7221643819877 520,4570392292301 411,7227149985902 392,8885898087129 101,9342405750204 5,437166568765706 0,7571185785849959 454,01165412417055 3,0246401598828427 543364,828567534 1
1109,0133029633948 32444,33334360485 2,016212048775911 103,89755814402321 552,0625871794392 413,98953137096873 395,8154154828029 98,87820491846296 5,479844463005557 0,7636929498411333 456,25449545896265 3,001859401180333 544431,3778616615 1
1111,0951134240795 32955,841996908064 2,0029185881571228 103,31059278824668 556,2696301564185 413,0645751725222 396,66069474585044 99,55778582524246 5,4753396838278015 0,7661963855743131 459,62885403316284 2,994372783356469 544939,9622794938 1
1118,5846539913755 32074,27306307255 1,9931313169567744 114,22813411036324 558,0169185700713 410,12468906940444 392,85753839272456 99,3476506611959 5,401610863309484 0,7718210241463836 458,4873887658117 2,99245748810287 545757,569233737 1
1112,683376896036 32648,918640342024 2,001544280586325 113,59202109324859 567,1375118241951 416,22549892449456 397,96542736675366 98,17171292759652 5,440293300914914 0,7625947569200345 463,8017806062093 2,9905026368835115 544646,44446943 1
1112,446144963746 32521,474324160965 1,98829461089937 114,41820159994238 575,8446082445068 416,0568915736852 398,0533853574286 97,9599097683106 5,414254111960952 0,7643109167841837 461,40214427107105 3,0083633676100403 539161,3392212985 1
1108,6183870797693 32293,159107566033 2,0018196937215103 91,72823595475592 542,8765144326744 411,4919363154614 390,1166388515631 101,10342409372774 5,4218388952469745 0,7688311426560014 456,32302999314305 3,0076910500716094 539984,2004394872 1
1119,8520437828945 32481,508744888644 2,0089291809718173 92,35221898277467 537,143567023418 407,7242230514424 387,12930155219345 101,36358904425079 5,5186373164767355 0,773928857332431 462,345897241212 3,030420062928976 539856,3073731337 1
1115,9267456413756 32411,316783054343 1,989858027696004 106,4942130601274 540,9322690023877 413,6281011115366 383,9631114016541 100,35413093711557 5,4562751860540395 0,7698161408024322 466,49993363148616 3,013288718417056 544576,7321277399 1
1110,5579896844768 32207,07519174006 2,0173067127062128 107,645425754144 547,3507111730696 415,2347205385645 381,8954234255298 101,27049968696731 5,460080989181548 0,7701639224269541 465,70553128041877 2,994026660526977 545353,3234984172 1
1115,0801024988748 32283,02411247516 1,9944299033734239 88,36222333285161 529,9386887923722 408,24818810460147 390,754733475635 102,50080372048912 5,405102787395569 0,7704091751007844 474,92576903893774 3,0135631896434525 537716,0603107278 1
1116,7265150804587 32210,36028106229 2,0150781291129993 88,48878867162784 536,2786200988958 407,57140611315674 391,698785492634 101,33185546041564 5,467377817671115 0,775108677169986 472,71916588500966 2,954189381491256 539368,0919372813 1
1109,5647654855877 31932,790796271987 2,0104889536049844 97,48363482935659 529,6351251486209 402,7374790482827 395,5014710227244 101,55192014814033 5,416924541661349 0,7765819531033636 470,09192575768463 2,971977362024871 544025,6190117858 1
1103,9344250286279 32451,684347647235 1,9974481866349294 96,8486303706093 540,8133792907449 412,953975868327 400,6923254598075 100,32781025529349 5,461791683238 0,7779878575137771 474,78760157768824 2,983742429398405 541640,0296084797 1
1105,9927375645925 32364,039393232266 1,9977653711750432 97,49796060540133 542,0338278225579 410,7480533455434 400,1465098502383 99,74948607398082 5,435514728934282 0,7752645179099038 473,3068471604662 3,0325322717965824 533182,007263121 1
1110,2978783610768 32156,374636065037 2,0023455268732695 86,36846371497178 525,6390332427931 415,2048390880323 386,92435999957223 102,41746873437995 5,431043007482463 0,7786026020487355 474,4635459192113 3,0078549646953436 534300,9273943639 1
1106,384061470479 32121,394522486713 1,982798220408435 86,16412485355882 527,6449722667148 412,62314900074796 386,0744325161144 102,17050842715436 5,430514010262275 0,7816226326133184 476,4207837600578 2,9908347358134812 547462,5725689756 1
