Co2(scd40) raw_signla(sgp40) aiq(ens160) tvoc(ens160) eco2(ens160) rs1(ens160) rs3(ens160) rs4(ens160) rmox(zmod4410) tvoc(zmod4410) eco2(zmod4410) iaq(zmod4410) resistencia(bme688) Aire/muestra
1084,4098151251417 32624,15276803975 2,0004131261387723 135,11566075724653 608,0097299471804 462,4853893237813 478,4655786473678 92,99204829806793 5,4344592808841234 0,061302560295123945 419,50294328453697 1,0009690825671307 432628,4956682935 1
1072,795320007752 32613,755717425694 1,9877185491861231 135,91364485018016 605,099711556281 456,20757918121376 476,8099198087596 93,35501917593743 5,392829520543297 0,06237512757200663 420,46967455358106 0,9953657059252523 436982,2537246095 1
1076,4296972030384 32674,4450384346 2,0118005550360745 130,84110836941812 575,2668420046302 459,23322726166685 466,9302132232549 95,51325525002268 5,359548695047548 0,06270729194317631 421,34905598591615 1,0030045581539113 435449,12399142154 1
1074,6231508348044 32591,043240390034 1,9938465370564633 132,88737759736358 580,1374223620242 460,9421708577751 468,59044889947216 96,03811010635702 5,375602428534477 0,06432406304029223 415,47599614788237 0,9959099790751972 431592,5914579827 1
1081,2905778673546 32778,42078923277 2,0006226289996807 114,55953665693761 575,4430338835161 459,8011097051313 465,95516567494525 96,62616737728176 5,357796983804424 0,06277213203832924 417,9136210400084 1,0027095846324168 435657,6608361194 1
1080,78009088979 32469,503634207314 1,9988165475452937 114,73501389416809 572,9923752482166 458,21633717066146 470,09957360539346 96,63905834664091 5,416494749138653 0,06454627926180669 413,436130819735 0,9925279637941565 435521,5275814566 1
1073,8568435344362 32741,943873549713 1,9901542178972407 115,77453842078613 574,3992645581274 457,30242677337975 468,8244302515506 97,13089828521436 5,385240319857031 0,06485027591739786 418,7237099324366 1,0007027328049716 435403,19837885845 1
1068,1516014924794 32686,888527857 2,001495839790007 120,83202674396571 590,4340801377922 444,3225062203388 463,60271118538697 94,6011862845193 5,3832117148040775 0,06464889042738176 420,2986345840247 1,0016116969814663 433199,4211918502 1
1069,7418873131023 32590,390165963385 1,989789093776065 121,16397069445613 586,243665453822 446,774618779648 461,3805323793418 94,14825842245223 5,407291747277021 0,06640743233032766 416,66860209890615 0,9975567050575855 433977,8760990299 1
1077,1433182429644 32723,04413533522 1,9939319713237273 128,61219215732274 597,12372094107 454,06163605524085 462,76334602896407 94,60430965036824 5,409892287964085 0,06641695295876052 419,2489852764904 0,9983220134935253 435167,2491652107 1
1074,9907126982985 32820,211228230735 1,9945034131493193 127,50180545217789 594,6501046276892 450,15751155702435 466,4124462288537 94,27667603575615 5,387096901070131 0,06837307197560732 415,31725005698706 1,0021919976713671 430478,00757690705 1
1078,9893485670295 32612,503219340015 1,9932611996999232 136,74887316188722 582,1177843735958 449,5955791141971 455,66572921113595 96,89702754258676 5,360726900777201 0,06911537717509357 411,48790379511036 0,9999269718676365 431625,90293641854 1
1074,0492026528461 32229,091010096377 2,01405168556295 136,57781332446945 577,3453319063707 443,7497618019978 456,58713848518596 95,67543657064148 5,372581584237127 0,07097800078877614 415,45693032040106 1,0079857668257322 428349,4956435265 1
1084,9323076078867 32616,822943905285 1,9971974904242757 127,4196111121215 573,6258560146983 448,68955670672983 455,301207411676 95,70369645354613 5,391023081886668 0,07105771622620649 416,8009343689743 1,0028477939132532 433373,37292799016 1
1081,591385884891 32677,41496157552 1,9895831827341897 128,37324155204857 592,2080467715303 442,06525779780776 454,1130274680034 94,77330178458364 5,410882745107948 0,07356512765720163 416,09353348723846 1,0036437405190048 432200,8763777519 1
1078,1935356117388 32498,98434367895 2,0153818691966627 128,15191812553525 592,4044761120764 442,574179877695 449,8411552488992 94,2679802343225 5,368911853303498 0,07390565081129877 417,4574800800852 1,0028856650962128 432277,2508912614 1
1080,687716201413 32813,283261231605 1,9909211665388074 130,71219880960115 598,0240608493094 449,12911979437706 461,0793332743316 93,81482465199825 5,391251214856709 0,07325743354045422 415,5363075690899 0,9916166791383711 433993,4681503816 1
1078,6136017575536 32740,691843563684 1,9968946423759015 132,1601069477834 597,6169801504274 447,2815231442648 456,685053545213 94,50386957829684 5,4222684565633275 0,0765166757577974 414,9741821599684 0,9950827827041699 430401,75146876747 1
1086,736934746728 32692,670052341447 1,9980101006632582 152,17273555303626 630,688040673669 448,3970413383552 450,88143974424855 90,6104640340814 5,39597270689248 0,07689296989822299 420,1694401643364 0,9944978514210391 429293,5167015502 1
1077,062104775217 32643,30052090291 2,01025345285549 153,6044374354536 632,275876786524 447,2165116116779 444,74827761151795 90,44385683941795 5,402657246603634 0,07980093445899847 417,5190147007345 1,0056739596288538 426797,9391728252 1
1098,6219830443972 32753,23510904204 1,9963219666147969 150,02644861240356 600,6074743096367 447,8729150788039 445,819241426223 94,11378169331265 5,352876207345774 0,07951646783684098 417,43750341323613 1,005439093564452 428007,4236854736 1
1093,6439875838228 32629,980989765205 1,9934656610142496 149,23058986715586 598,9987761928892 445,33957462478526 444,18613734966067 93,40444004812883 5,391920327923615 0,08185596452035691 416,79606193050427 1,0074596917074035 430949,1167423713 1
1095,3296644287032 32910,320720971664 2,0003663734722115 152,16393558300018 597,3336580074556 442,16469466799975 445,85541844671286 93,3178029856295 5,391629269171381 0,08242660980313003 411,7049254350077 0,9956873061499081 426218,5962050188 1
1099,543504928002 32893,57696359211 1,996522909637739 152,95479876606223 633,0273255188646 437,9094122563885 447,5798287119579 91,33530245325804 5,333875459450293 0,08397326959959012 419,630735641403 2,010134453129022 424454,07636469015 1
1105,4714172161202 32888,718809570644 1,9958999548072442 152,65507636078388 631,178647557033 433,4761748148126 446,13794270003154 92,0464746051701 5,398948193509206 0,08491550455992558 413,75042354653175 1,9936576607747487 431085,16926894296 1
1106,4536280525174 32791,34994296415 1,9919227720336734 143,1598907708892 618,1631630770023 448,78412148928015 444,27644144630744 92,79800501572325 5,375717954933576 0,0852704660258791 417,0060623394152 2,0133213706850897 432043,483237831 1
1104,5772396429663 32820,28278570377 2,0045964495428774 143,81503679371505 612,3771622625964 448,3316551930801 438,4993227459969 92,50399464127354 5,370994835329465 0,08920931435845854 419,966843044469 1,9910551485154757 428858,6667707505 1
1108,4488820871936 32611,487786306498 2,009018595437163 154,2064982790668 636,6592753640817 434,2646326138767 442,83470600277053 90,35935313170559 5,391571685450183 0,08882946233945932 417,353329801899 2,0062531973249143 428710,4670391321 1
1098,5409679375127 32758,902529739542 2,00610870500374 155,28976035455125 632,8033434327043 434,31428134888137 442,97374397610326 91,6157335912802 5,399678760707893 0,09187137623961245 415,58179462821255 1,9974571570135258 430496,1713735256 1
1101,4444380490636 32545,618711846248 2,0105443277764476 115,13678529445284 610,247252885387 442,4938604734103 444,61133906201474 92,48727485703469 5,4024391913678045 0,09152465217719377 418,8247303022817 2,006158768736071 427511,7722268664 1
1112,7562966860194 32563,575425941268 1,9915542881111565 113,82934933858253 612,2293276358581 441,04739443977587 447,4339779865996 93,37390443937633 5,349862905192003 0,09406820533465256 414,8930862629493 2,009423752702595 427966,2921512363 1
1109,737503372 32821,24469558188 2,001684028689604 151,81133184630707 610,0607252066839 441,39692714945903 440,7675188116641 92,50549226462921 5,378958943830888 0,09338551551000036 414,95913135566946 1,9914293847021225 427712,43544221827 1
1109,6858043039497 32457,554791921088 2,0059226675653994 150,79421002696392 630,7640505186235 439,64590391136676 435,0986735138528 91,15935486032585 5,364968728340933 0,09635889975290683 415,0817639162916 1,9901575055210439 427550,5643931822 1
1118,0546416096197 32596,629105726468 1,9914197187024727 150,74328012998055 633,115173283554 437,3055737159034 438,4324466489394 91,15309253483609 5,417607606053319 0,09676586969021246 420,16256048780014 2,0064019174110768 425032,9103486875 1
1104,2892029763102 32550,288081142004 2,0020241481408827 144,65780418791806 616,7251906040876 441,55706013913914 437,94519123132835 91,22793218993425 5,439231203617332 0,09585493046802263 417,14684037342994 1,9972794774382108 426199,3065390786 1
1116,3031543115721 32763,918828943835 1,9808552790091294 144,53945192090657 621,6313171604602 435,47943343559575 435,7317680614217 92,57421855838415 5,387811278804405 0,09914224243903257 418,8134036357012 1,9976907975624578 429307,07198607863 1
1121,3713065531665 32538,493485223724 1,9826826259386054 140,7108185226874 618,9236359735313 453,53175674579063 431,9515966156211 94,63070411807479 5,392278807148171 0,09889610616117933 418,02495308769426 2,004239107566385 427238,8197948743 1
1112,1935627656474 32616,452005399828 2,0049721325352627 140,6590981368587 614,9581290990327 458,2771687233443 435,0131158265438 96,05225961496647 5,386290923218573 0,10188597863680095 416,3250248440349 2,0034745651458343 421477,4388144748 1
1106,9236435834682 32721,769591028435 1,9945837399272595 140,43655976765757 612,2433444541058 444,53503667445307 432,17581092574886 93,41678384126647 5,338660643570985 0,10165046968129672 419,4553590384226 1,9931038775175038 423163,7014386856 1
1118,1132824884755 32679,89148067872 2,0137338497974593 141,7960917261972 620,1076766063891 438,4550471844059 428,6869873713698 92,29089513374464 5,432896713442505 0,10387534805264564 421,77456923404156 1,9994242824359627 423956,1350501207 1
1113,2623910799134 32828,577000837395 1,9884480209317665 131,20503028013803 616,2703701234844 441,72373947456344 433,6812327133383 91,92930355997345 5,432382017892065 0,10468171148450779 417,2050522399862 1,9990267451867707 424289,4697226568 1
1098,8658506509623 32817,47013460712 2,004212750809024 130,27839485204092 597,4721438757847 447,4747692504448 436,53775157824657 93,67945804679228 5,349924264604233 0,10630810457836896 418,3666531240856 2,006167799171918 424723,4360072446 1
1115,004218916852 32771,75781301486 2,008877205199458 131,00431107793307 599,4809374943865 443,4354607514196 435,3882873092421 94,01684021004479 5,413334804053819 0,10631850773051746 417,06876064343487 2,0199009150654046 427506,56662456685 1
1125,7123861814007 32908,75782052869 2,020879612931464 137,55581903487118 608,5280347628062 451,56138771631834 422,07071146810057 92,84568283968167 5,433286842834314 0,10667424686455651 422,0854852382947 2,0016019437172523 425263,0815735162 1
1111,3535094769868 32289,13245447808 2,0058709016441623 137,0821111460705 607,0429967688806 444,2734166316772 425,6032015867365 91,9070176038761 5,3653386848171065 0,108802062361315 420,547004030054 2,0109509013328495 427208,6126153807 1
1112,3206354042002 32594,12375452133 1,9988021335488255 145,04934765996757 622,8760135022784 437,6778381157412 431,53087492002595 91,3033865639255 5,414952497983154 0,10887882122239179 421,35350695733075 2,0048254812351596 427669,39174221887 1
1121,101517570925 32682,220064262678 2,0128265319979426 145,15491419444302 619,013733180987 436,28644629848316 428,9227959453319 91,82334846221343 5,349130162157864 0,11190293641274657 420,2184546901699 1,9966611824016391 423667,0882972618 1
1130,6333022484416 32531,83287091634 2,0221454303334676 133,90312251193365 601,3599798466702 436,72800190163287 424,45833375200885 93,72690580039537 5,399423618111612 0,11164683269409234 421,0682182987707 1,9900030810218219 427565,2613041364 1
1127,7323867794246 32659,16174929877 1,9836251447778162 133,50231079662586 604,7390255274516 436,350244770326 424,9313472868441 92,73560013294376 5,3639410821255575 0,11313610116999061 422,0825159157775 1,9934966971687906 426401,41251688014 1
1104,9316240742382 32470,89458718945 2,0014885685982176 150,1700085682986 605,7239313636379 438,990448450151 424,4816955389189 93,49584514815157 5,393725568967523 0,11565632446321888 422,70649837146124 2,0039065502693134 421387,4273476965 1
1117,9830241443854 32651,066920761856 1,999321600634777 151,31045037487866 633,075029132286 431,7043260980363 427,6503140325671 92,33524454916096 5,390901544583892 0,11646831907397887 416,6215198612243 1,9801825549496275 422135,43347096787 1
1122,7487687917762 33024,809536865265 1,9949583110758087 150,10043803104386 628,6888243948778 432,2652979391089 427,7649152272064 91,30735741810662 5,332671516106979 0,11928267247136339 418,8299659323457 1,9893967747930708 432211,92622674396 1
1119,6771565437493 32625,68784078497 2,0130864902790613 156,6052039668894 632,0445559579774 436,44450609206 418,4111065526255 90,73819465347896 5,358179242395714 0,11665708252155206 421,1377737311948 2,0185925232875968 419938,77602430194 1
1122,1044720912187 32425,875970061184 1,986813447681649 156,84689098292577 640,1167901813427 439,37356584472155 420,8866057160403 90,9334845379401 5,37315496201876 0,1188362082634461 425,95242195058864 2,0073444175590525 423896,8646291348 1
1118,8469479876067 32632,864212212695 2,005164899455566 129,5145953791846 598,2993957953802 425,771233951301 422,9661565677264 94,68863249356417 5,334429174888469 0,12030781657889866 424,24500400900615 1,9980354924715058 422792,4826357963 1
1125,475169559567 32537,02821686696 1,9996771249397067 128,69156329613975 599,3066144962613 431,48216399489394 424,4864904750189 92,86988513309456 5,396648033980042 0,12160435723743519 422,74082700276045 1,9876471549138064 421861,3407295402 1
1114,2826368680014 32800,6560989597 2,0112170412589396 142,52982927816134 619,1960719928859 442,1444209342113 427,85776261293745 92,94361507647189 5,3695644101308115 0,1213079123278228 422,4613064772553 2,0052873247864422 423307,34769957163 1
1121,5596295185474 32512,51688154182 2,005595743125015 143,45520615287043 614,5164098751948 441,64285905704 430,5773624836012 91,7978740956128 5,407592821642961 0,12323673813202483 421,9068510106431 2,0023486871035803 421739,8606413043 1
1119,9199734054137 32418,266021861 1,9877054672976708 135,48985520730795 616,8471662145954 440,02111041399604 434,1828933922404 92,23544967761269 5,3918836163495625 0,12381509296725042 423,08261790495914 1,9894183056331585 428793,662234419 1
1114,0013494575053 32886,491120394494 2,0075600280026986 135,84456591716108 605,7007174375594 442,3105760735958 426,20087941487066 93,87572054942393 5,425585025492319 0,12696560914787045 424,01723223475943 2,0032096759531735 424122,5777368072 1
1126,2469469023679 32746,618509185657 2,001421591419956 133,94263241563246 606,121204851947 439,0909550090719 424,8754712066381 94,28261542691659 5,369600904734978 0,12627457297401345 424,97902641858377 1,9906498532534922 424430,4515767043 1
1118,325673547767 32635,771477303082 1,999473970193407 136,96496422803176 599,9726492561194 438,8961239551618 422,5216723006573 93,07136565273457 5,381213683535967 0,12556098212682737 423,2079134699417 1,983146685167252 422988,8735557376 1
1111,4611275093507 32408,939115076057 2,0114195436916766 136,51225668810685 604,1781463549412 435,73160993456645 422,68843760723223 92,93065092059953 5,395603576215962 0,12853757446874814 422,70285712756737 1,9918090196541318 424183,4496054316 1
1125,0245073965652 32311,970955801557 2,0004675709027615 153,28174257023267 622,1087374888832 431,7956116575317 418,7345895691916 91,52116392916386 5,439813016466582 0,12766151088372438 426,55913942944926 1,9982309559334548 421691,83842313755 1
1120,0319741224737 32670,489171339213 2,0025663318206184 153,03986372888752 621,0909510312943 438,0608346249884 421,9257576733285 91,91563736746032 5,359882811857039 0,12758820142051747 423,28160372870735 1,9888334433411048 422487,0306669611 1
1127,9139351545027 33009,523509444996 1,996378414388455 136,68503318385504 607,5320233137785 430,8850689879525 418,4904594969968 92,5437113117918 5,393943517330178 0,12845651386789605 422,6800933216612 1,9997464173860722 422326,4230830169 1
1130,034937083559 32564,268483861375 2,004419094463584 135,95070802385064 608,7583134400026 434,72488973187814 421,5246443884723 93,53761473241435 5,3565999023796245 0,13014431204041155 426,9185175100804 2,005359691624022 423713,6379464554 1
1124,9706053201985 32373,051222031605 1,9943367005682833 136,52481031178002 601,3522901554459 432,4952424026509 422,8061254853625 92,71872391712837 5,436584771874067 0,13005769132435324 426,45190036841035 2,0032527670350877 421790,4824099156 1
1125,4513780383527 32697,55801370034 2,0059810055315395 135,5433610049569 606,8839518766864 429,3169877768056 420,0717447066637 93,73256182339404 5,389379757729132 0,1326180258384559 424,25313548264165 2,0061579751983847 419446,2735358992 1
1110,083567869776 32900,58416879667 2,014195969025665 137,63673757773518 612,9820939763505 434,18924091396616 418,95221287420236 93,18224656195844 5,405489409699755 0,13246662985585095 427,83038399372674 2,0087822648412326 417212,099882141 1
1123,1218214686935 32732,599559271723 1,9840256851103744 154,7552517049565 636,4556889593028 425,3998164844068 424,4500770233903 91,58877215655083 5,4417740803326335 0,1320578413719468 425,85907516848175 2,0118182566228135 419876,6920151035 1
1118,2231811579704 32542,803554271464 2,012875706384403 153,51842750706237 628,7222780704443 429,1955918011644 429,9501740076242 91,38342920058095 5,406731145505832 0,1340638011530138 429,42673870208256 2,0054673100563445 425827,87136600143 1
1107,9503831473382 32742,591759379 1,9951950301969024 123,811943907128 626,0731580169023 431,4758438012706 424,0489981595186 92,04336220974365 5,397889615770725 0,13332780741691744 426,34235615963786 1,9978328244997525 420566,7712215187 1
1120,9605742824003 32574,707055251496 1,976543280224719 121,92791847702783 623,7679303954326 430,9521878772569 429,42921274791684 91,21327405974323 5,400922129920305 0,1360447338953273 428,1811484433803 1,989554837671157 419894,6703202782 1
1116,1305608006865 32825,80317339569 1,9989115739998624 144,49074844665546 614,7493574580361 419,7866704986695 412,292409703796 92,36571039317163 5,363371229856364 0,13772602581741317 424,5750895061742 1,9986051546920016 415085,1363224105 1
1120,7692089587142 32394,208484296185 2,018325140584194 144,07724414831983 610,8404190232064 428,9226208383848 413,5624505007347 92,29587613156227 5,43788111070397 0,13710601414252935 429,0114661790899 2,014362884017411 420672,1468484142 1
1128,7915329772825 32600,768733642173 2,0028829988815104 148,91183940586185 619,4297576309575 418,9255463425762 412,94661678473364 92,59511992565133 5,352950127460931 0,136546172028043 427,86991090854013 1,9973619826374973 425668,9942738058 1
1113,023538952471 32799,67214162477 1,996387951703535 149,83140361665295 629,3446849375291 425,1370135029158 417,25278699297843 91,51411333265169 5,438381601085468 0,137837051947805 428,0944408696211 2,009653961904572 418159,81369541894 1
1120,3583474419552 32600,59431029812 1,9972344140544593 148,22283421766483 632,1294423988255 424,01058102148767 416,2141389851731 91,02871046231633 5,385518310556488 0,1382072858222273 428,28510841799334 2,000975980675398 418014,0999055717 1
1116,7624205795348 32599,84865684238 1,9884735943023026 167,64972833345533 647,7463879074008 412,48362341105405 421,22699064010754 88,65502782263823 5,429299559509883 0,13664886889372502 425,4598045686265 2,0073579617034834 422394,00784082635 1
1112,99658626839 32755,263899847418 2,003649902000382 166,8845582722127 649,3993329962606 417,74486929403673 419,15754435091225 89,813742273964 5,359300437001975 0,13985793976966135 426,40030303517875 1,986873803105865 416301,3598260571 1
1110,9243375268043 32354,07358258199 2,009365231513926 143,50054074800744 616,3815202765691 419,5548196692978 420,4007580388929 91,67938331405071 5,3732665265640955 0,14053335566994749 426,51491127898527 2,014638765490224 420993,45584083867 1
1123,9502973938652 32501,458935803334 2,0026819054828207 143,795045480068 614,7191253450944 419,10658564267584 422,0432723111772 91,94696453578939 5,394101314554452 0,1422264103189392 430,60116575877737 2,004061798083195 423493,20105862035 1
1115,4563062459285 32590,291088144982 1,9982518371219835 137,00424804790367 609,5019478122974 415,2296365174523 415,275866187406 93,24796531718744 5,372398032538139 0,14327115234408394 428,0770744407003 1,994801829700119 420240,7656356212 1
1113,9947264476364 32655,282841457334 1,9987925044250228 136,31158045751818 606,9139176352768 416,88676397385296 408,79432187868787 92,72884341518203 5,409236886126131 0,14295147161036045 428,3908335300289 1,9830347839441091 420270,284337592 1
1117,603721610118 32607,231513113464 2,010103848478247 128,3576825730036 606,0635320493419 419,4799613771896 410,68983060095354 93,3104509263762 5,382055452597949 0,14268976279179826 430,4274777702227 1,9982546729393005 420271,2289335538 1
1115,2278775179045 32577,64814957208 2,000765657250124 129,51540737409076 592,7328258318075 436,49806891832816 409,07952947923604 94,15370001675069 5,41634576056118 0,1455846636168003 428,45361335176 2,0156121354949614 416747,56101072434 1
1125,5237024884104 32439,75210901798 1,997621793274239 128,47896748070718 595,2946903928815 435,3305838614564 406,15124794899504 94,0186610503334 5,406524554533058 0,1447597250202533 432,5036084709036 2,0089237444905406 419003,1094514301 1
1124,6396529283297 32741,17812333251 1,9946855679090163 150,00018437466647 633,8649471671447 416,9100754418674 413,9752761154672 90,77701611781558 5,380348164988078 0,14514916890006768 432,3958013548874 1,999652995383951 417875,9004787981 1
1128,906951882413 32513,708420773775 1,9796226400429813 151,51370704811777 623,511288522424 419,3964231836345 412,277085394544 91,54357270051908 5,389222855831203 0,14620138725293605 431,1045198112835 2,0015070796817898 420040,5950503686 1
1123,5009509561635 32408,892321593656 1,9871719448086276 167,920650594818 656,644357611646 425,69001308788444 410,2233775336537 88,41106568703778 5,368999548989157 0,14472313479531465 429,58419970177687 2,0007643121682475 413898,68942152214 1
1120,512443951981 32760,421864967404 1,9890506395504397 168,7994213673623 650,5417115010533 421,20251046640794 409,6815498934901 88,19818978510335 5,358128341621603 0,14728137313028028 433,7006423941765 2,0081981949599506 419756,7180331883 1
1124,7712545167556 32586,337953645172 1,9988108604604493 145,3272847283514 618,9664165903695 427,60933531678023 408,0089696488814 91,85864386203802 5,356508518380043 0,14681221323326124 428,7466063481053 1,9935813378318892 420171,36908901227 1
1114,5007331715835 32494,471180789013 1,9940547712956753 146,8393498843119 622,2084408962668 423,97189718985646 408,1227809749247 91,81050429557179 5,36763706177203 0,14773859367007575 431,34631043397366 2,004459343734936 416819,88820603583 1
1115,307206993359 32222,272400974533 2,000278128387183 155,77395284376001 624,4274726155085 421,26159329728995 406,61995292926747 92,37075482355111 5,363919316725026 0,14694059285315875 435,2069921737991 1,9865842308431565 416863,8236067935 1
1117,286046076133 32558,633208143823 1,991806285137751 155,7895620235085 632,5197468487917 421,95229459925525 407,8851967688018 90,43124600147664 5,354876205507362 0,14831016786295367 431,4599730355985 1,995224586092238 415297,43185896415 1
1112,5199414430379 32607,65300638435 1,992670923564848 155,4492786019257 632,2702693029136 418,56720951093274 408,4429783288075 90,27537568927384 5,354287002919339 0,14885587197723224 433,0039770961218 1,996092959826714 416712,6360586929 1
1121,6669635786307 32836,73844237238 2,016447032280257 134,10104952687172 600,5658898729014 427,97540676445544 418,53227870306523 90,70824155383903 5,374015113140325 0,14794310059593577 432,3769807671123 1,9903929810000518 415471,3380986609 1
1117,9360878501411 32512,20660296138 1,988899983191802 133,07119344004957 606,5530823598157 426,845461172713 416,73308628057555 91,12652616664784 5,340557683146494 0,15004446227505366 433,51853922186143 2,0015582372857494 417153,3768547087 1
1114,595902329039 32634,617897223437 2,002512937077458 168,89559468183586 656,6398024013881 417,3141411263775 415,2149979781489 88,3543574483232 5,322840755553073 0,14851053010564216 433,3651151838612 1,9836735400527943 416601,7992165541 1
