Co2(scd40) raw_signla(sgp40) aiq(ens160) tvoc(ens160) eco2(ens160) rs1(ens160) rs3(ens160) rs4(ens160) rmox(zmod4410) tvoc(zmod4410) eco2(zmod4410) iaq(zmod4410) resistencia(bme688) Aire/muestra
926,7216794092196 32532,461809813583 1,9944396356484353 120,0686338253137 590,2311450474833 482,8015309260859 490,6256006575317 98,53763133377235 5,394374399272217 0,023159691203204772 402,92517276316795 0,9953246018067134 455019,7943551171 1
933,9002974384204 32872,992068825784 2,0067178504447525 125,76210666120203 591,0687191796193 478,20698775398245 488,4316192652709 96,6402389980791 5,3924694282796555 0,023363476980689 400,80778137299325 0,9952946461861762 459941,21456657187 1
927,184675425944 32626,9885870738 2,0047565543407555 125,73385086339654 593,9817579137696 481,5356519447828 490,3054225697557 97,07934976528591 5,376113751194448 0,02431475450406837 401,0982656300006 0,9981155209984959 456297,180703712 1
929,1390794451702 32721,607604832818 2,0033128311389365 132,20775424333587 615,3265988981052 475,2529431781541 482,83165500949366 94,82777197343633 5,404844187261935 0,023927531228200342 399,7054281154931 1,001498166926532 454553,940506325 1
933,9149263393315 32563,383854921383 1,9948394054731713 133,04904418254304 617,2832854377525 475,3471689843218 486,6739597472122 94,91121474069512 5,441662848983452 0,024239258990452952 402,33055456382516 1,009540048464334 459462,00535252003 1
920,0728951071761 32517,91366207647 1,9633941675409108 148,0123344067764 629,5433098166914 480,2082375676467 474,1391117104195 94,25432443861693 5,376728617678741 0,024618130514950147 398,6313906254913 1,003022287102925 455181,7016609817 1
933,9396805991079 32821,19474152944 1,9928326909136682 147,1785768973828 621,3516929111195 479,49418368953405 478,15542621716367 95,29459787793401 5,383600395670531 0,025756774485679493 400,2379608841469 1,0095277510110694 454524,3301674645 1
937,8468267559267 32614,175799172488 1,9931614149152137 130,10808425671038 618,409437638116 477,39248463832996 478,6464929979198 95,09695293473868 5,398984474052229 0,025697482728803286 401,03694087479215 1,0002556385970445 458817,2708670709 1
938,6050675060089 32848,58173691597 1,9934133668573482 128,8083927256346 598,5604662095861 485,47678486282643 477,80239334645665 96,89407790712724 5,371305668203063 0,027132385795022033 401,7950613657163 1,002686215918706 457968,4809081175 1
931,4516607625525 32813,05184407165 2,000488887236243 129,47439863410733 599,5105270840949 487,6753778845371 482,3874555079949 97,06754597060178 5,371113474188132 0,02700109227676368 399,6327464583701 0,9908893772434392 457344,32006275764 1
936,7571827662273 32566,272731109908 1,9884457397915662 129,7246770139456 597,6421574095482 477,226858028519 474,6278028070217 96,76698404576901 5,37954998998292 0,027161564326034292 397,752504951783 1,00280919828149 459201,85724529985 1
936,0494196533274 32745,240658146427 1,9894257778683229 128,93836496696758 595,1687366402208 477,42421128138534 477,941980615593 96,35426568841962 5,394230823989908 0,028494368011132937 401,2290440358402 1,0010089505185509 451701,9201270063 1
934,1092440660395 32823,98710645996 1,9716185759420506 123,45637728183299 600,6678622731804 477,7287792485678 479,38092523268114 96,75796654192196 5,37546681013265 0,0285598062860985 399,8178456455238 1,0089242769544458 458551,831753548 1
935,4948465984381 32391,109108905053 2,0146150853706613 123,7336154910244 601,8224662453161 479,4093761877965 482,3164541018968 95,97939987339015 5,421233970014467 0,029278993298247707 399,6198871510223 1,010858285249708 453508,4206326773 1
925,1218351190463 32556,367623732414 2,025102648840858 121,37540972240662 581,8423869640811 479,82171521780396 481,89495641397895 98,9087680292069 5,363179894411406 0,02896888825264537 402,77298932356155 0,9980139445127081 453835,5262021414 1
934,0474599795072 32867,0112832584 1,9929378336515657 120,81345071323636 583,5253295372626 477,88488409492146 485,30750822253395 98,1201869372997 5,417038037463093 0,030352831356916424 402,09608459942126 0,9944324922597484 457794,9283450265 1
930,4812546172515 32560,45740720423 2,0243302181821683 142,70416635291647 580,977326110063 478,2489028472624 484,2171524072613 97,38591550201241 5,402073311762087 0,03051870105711642 397,2201509239909 0,9898711678541915 455923,7470629791 1
930,9508910097942 32548,713753130218 1,9955357901381494 141,6540597600323 615,4067566127384 481,1388414168549 483,01562315034306 96,15307680772487 5,3938417878674105 0,03128629636381511 402,80192789616723 0,9924727839949244 455964,04465787386 1
936,8948226690745 32611,347770820477 1,9908717526073716 142,08927856126533 616,2821337999447 480,82990105976995 481,11850136700554 95,71720351192971 5,372560327897237 0,03126389126141989 401,80470121094 1,0047431875972248 452876,5292532116 1
931,4366145718303 32363,650197589646 2,001240991868527 122,98268368058314 593,9779010448552 470,43358171079865 461,7227039688313 97,56882008858527 5,3803483344846414 0,031154849962333565 405,0655814739586 1,0035081023214039 451255,2412388893 1
934,0338645584869 32815,65730859175 2,0060820779122337 121,9498799175746 585,1573117929632 469,5979999676182 461,8492433586327 98,0787779988938 5,360822775311878 0,03197035913651472 398,2699560849843 1,0041158399780723 458662,0583392831 1
933,0350541231113 32743,50996544984 1,9939179589539269 107,3148131272207 599,9720994190588 474,3335815821753 474,63200214631246 97,14469144372809 5,40452479495001 0,03248956088089464 402,07099905773475 1,001197046279077 452545,7089611259 1
937,2809907720443 32367,720952522224 1,9968738154543002 108,31491952548231 590,7117550551541 475,78771847109874 470,6345471869785 98,17337884266288 5,393637914221654 0,032847091105752686 401,68718493097094 0,9920769477850268 456779,4126503343 1
943,4760280228671 32618,688335573275 2,0015777963990313 127,10544324981294 588,9600307851899 480,2183056140005 477,1627219146254 97,03688198442576 5,39904429559278 0,03294473930202152 405,47375077213377 0,9985628459291837 453997,37536887033 1
929,6985406324279 32821,080389781506 1,9936155914086395 125,48040448532677 592,8286548778518 478,36595295342084 477,40901698023964 97,51900388041808 5,335522544136765 0,03364397218806874 402,2735570486148 0,9977080365224092 454124,1220940902 1
933,9349804186546 32608,228892500345 2,0011906987323287 134,89214927004073 589,7474495476613 477,67764026334174 474,77633898198957 96,44316571074022 5,347673825957608 0,0333605175101934 401,80211775200047 0,9996985093413566 451394,4256932029 1
931,9510762636767 32581,175428873037 1,9963381585330082 135,55045248379864 604,0205015875766 472,4078724766349 470,10062593065766 95,50254685144378 5,3768091547282095 0,034362993930011396 403,2859350580449 0,9958724142831467 449600,84035387804 1
931,6590942217789 32758,431638789847 1,9990857055895503 135,7599774369006 606,4153305757765 469,47382568983664 470,8409317551011 95,66014944619458 5,410218119723426 0,03409133077506997 404,62363618417885 1,0044037624328885 456072,7151627609 1
929,8180968281436 32531,492237142324 2,004774764482684 128,70165293086515 598,374407384825 470,47817570032976 471,5841192274042 97,27694769787712 5,411057802842663 0,03399351115179944 397,87240359983616 0,9975583580366201 452548,36414804525 1
932,6775696977776 32245,151911136258 1,9976230252161211 129,22984692955973 595,4846816307871 476,4285922198358 471,31929558476384 97,06949255445893 5,386346834849911 0,03523690646765503 402,7654151160492 1,001540710117159 455526,2047559895 1
932,1310013432375 32373,15396788978 2,0031146580465196 123,89061228332137 592,485095358957 477,3147533806756 467,30607272934503 98,47263769897665 5,397887907885907 0,035126765111894796 402,16082455197386 1,0034138552921212 459296,05683524534 1
941,809366089348 32528,502013232584 2,0108302876978703 121,98092595846356 583,4725582035586 477,2794738021835 467,790993426424 98,35479227411206 5,37684049614789 0,03612980836128762 406,56668839954955 1,0079170905088455 452531,85094914923 1
941,7512954552129 32876,919903535854 2,008380156110635 141,57578836534844 616,0070914187799 479,4712097700113 464,72402622256027 95,71597021247102 5,433249802889575 0,03614541416313875 398,8794791016602 1,0019780345005926 451379,30912710767 1
928,8550375560709 32456,118385650803 2,01723848994915 141,90284591365054 619,2018125762818 480,2519097952251 465,4019996321466 94,35365169500501 5,4087470754403215 0,03654290330199916 403,7151324316002 0,9995297818778844 452090,96535794024 1
932,8957795948642 32772,43517368089 2,0018836247235448 138,23179279090746 615,1136147717148 478,8181342986615 462,0833103971741 95,29320944747377 5,4230882783533945 0,03635557524779003 403,386966243095 0,9998149983219207 447032,48684624187 1
931,8439146703565 32391,69540055412 2,008334461085333 138,2736793435507 606,6951884650927 464,0331950180213 459,966828060246 95,77014239414781 5,412061396872565 0,036364152833508946 404,209415465729 1,0025074163636958 450483,4674980432 1
930,7386201904316 32739,265773608357 1,999358229412642 138,4687845131768 611,333838368484 461,9360583321917 462,06316639321426 95,58072176978428 5,401640526247827 0,03659916950773811 400,83487418028193 0,9973889486772118 449707,77441344 1
929,0633599099122 32333,47289248964 1,9909483391836398 140,5028889147329 609,8556986136039 472,1421875388349 463,7147293656543 95,85562329980078 5,412468149886421 0,03674230266864347 403,5793879213131 0,992698048321263 452627,72853521694 1
932,0255860092777 32627,554044399047 2,020951796413711 139,24585219572137 609,4805511486062 472,8820957723572 461,90928139112305 96,85336686787909 5,403907066455212 0,0365750902115107 402,653212031453 1,0050776414507985 449868,94973382994 1
927,4872639100716 32515,343149271695 1,999562152642891 132,29915599966117 606,9445861861927 473,93417909612856 460,5784352262751 95,95743822609627 5,413684680402205 0,036947307965680874 407,0742633221656 1,0007269772188883 451749,2531683044 1
929,8638210153106 32592,548273666784 1,994753778341724 132,6592718009243 600,2936335591075 473,368847151232 461,8983433967881 96,55579384794125 5,375470046240582 0,03664627475498983 401,9119418615517 0,9978552499119032 456132,8579064006 1
932,8034399052564 32756,040184760845 1,9952634717440147 125,67166235004315 588,8862702782463 486,7650989112478 462,3929652406227 96,73220998973184 5,3909778060154565 0,03718037502669969 402,29211025476735 1,0000068085454716 451529,3646413612 1
941,8771906634696 32618,912768830298 1,9904070172062678 123,98844068464999 587,3467375785684 482,41929004546193 461,49714791167247 97,42593494932201 5,3841084721695145 0,03826090078776716 403,92774000964255 0,994261301662999 453290,7793291056 1
935,5405445964034 32651,58947637009 1,997614968522457 128,53078564840365 588,3553641145702 486,5055666775937 459,7845751612574 97,25969343620338 5,386177922339332 0,0377470200849664 403,9510397945383 1,0029327081484092 450570,93149054877 1
936,6890505252512 32609,79871405957 2,001799509180903 127,3049507919917 593,0728863900806 466,9629833336463 456,16203044075644 97,38929002600514 5,395635867031552 0,03837980847601485 400,5411276560599 0,9975952304342407 449316,3395570718 1
929,7509688883611 32514,422372806042 2,003205545913057 128,30915256683605 595,0204376074114 469,0782408126502 453,6179347994776 97,73558715735149 5,354925351507037 0,0386282481705015 410,83592102948245 0,9983979686398969 451672,4483280698 1
942,4160733969494 32882,300878511785 2,0059767761235308 130,51594114081487 610,0338376617841 464,61799451827676 465,06492331203003 95,67296364169992 5,42768903844824 0,038615947278823955 404,00541051723604 0,99014205634561 453940,59945270437 1
927,0379988522203 32584,393286829632 1,9966255733860239 131,0875393125227 607,5709932355338 469,5740104528875 464,8721803282844 95,35424957180408 5,3908516168130145 0,03903001751619162 409,20125517671767 1,0002822931771558 446715,29220920696 1
938,5144647020703 32455,097659873478 2,0146796490132766 153,45175452888085 633,6319671830653 459,2785064897867 463,3341078050418 93,32959204887096 5,379511728273353 0,0391506309251882 403,4471046194537 1,0004539413912028 450317,8421638799 1
932,6123557892173 32498,587026166584 1,9967764508981776 154,87168151955288 636,4940638528329 461,4065255734904 462,88171486181744 93,74402972095281 5,38399531126154 0,04056827918267672 400,8870820379376 1,0035087469427828 446361,5117991588 1
932,2243077817096 32697,628297569445 2,0252241346059674 143,68719158570195 618,6418554670473 460,318332943515 460,5685701544564 94,70573755117542 5,388703855639335 0,04047308352550523 401,05869184713436 0,990504980363853 451761,79965315876 1
933,5385257436967 32699,916602657613 2,000203519966867 145,3399316956402 617,7368208894301 462,816424452494 457,9250379061758 94,51170530754158 5,379364254384647 0,04112966965138005 403,03787945356214 1,0011624095063305 450357,77529170265 1
928,8736289919384 32678,040891664903 2,0097438973665303 129,09875675541915 616,6483242778979 460,68348923444114 457,9075722097671 95,36311414166106 5,411128600233207 0,041260694837914766 404,86837847775485 1,003877076483115 446362,3247094139 1
932,0149903211105 32868,99641501812 2,0031305593508244 129,69293601792913 605,3677780838024 474,5310103057223 449,86443524434793 97,23915225943463 5,392296234369949 0,04248174474529074 406,24836196756223 1,0014739496156702 449133,7031255239 1
927,3056106633015 32394,877618848175 2,0005582675447036 130,4888670851783 598,1089338247614 471,4374177227869 455,26807542711794 96,90062931103643 5,3789050027350935 0,04270176000428814 401,0608084184722 1,0043498544521436 453763,89915031765 1
931,5084317454064 32433,517772213592 1,981151303274277 136,48507097566377 608,6800277200867 469,1555143904543 463,5273192113768 96,30396598869979 5,371687192085404 0,042590049188461966 406,12847538320875 1,0016417812344063 452336,51083314023 1
928,8796415602999 32713,380291571106 1,9864132147835276 136,6878946687226 606,6941173573847 469,8466669919606 458,7886722893398 96,19836722328098 5,3905084509314625 0,042779217094486184 401,6711993219811 0,9919609852541745 447587,0165542488 1
937,3797534532677 32430,723719880778 1,9956352529625732 138,38527615382594 613,4853573842137 483,7460026130446 453,92009393038023 95,54383514080817 5,439470205080133 0,04310759921036624 409,4895597364892 1,0000832929958987 444286,59078006976 1
932,6142502206002 32523,325204065124 1,9908836873126725 138,46249158209906 609,504975631243 483,76635667425467 450,86880372154155 95,50175386437539 5,395433273498533 0,04374389664080257 402,97076169998485 1,0045109298716928 450281,50420984486 1
935,6268969424902 32764,30999746971 2,0008651735607597 120,22679605864259 586,077677288474 462,1580297208026 456,0365941994632 98,6469946604708 5,36545671855653 0,04378525367130076 403,7444597635282 0,993109986245559 448518,36145497515 1
933,3097363376964 32562,085279356193 1,9920594873130641 120,80709646857866 578,3695633092734 461,43115349426165 454,70089224790604 97,60202253150553 5,4423920759456035 0,044359673006353 405,813341578712 1,0081677437157042 451196,87884889264 1
935,7283515142212 32476,75753857104 1,9936336831463126 129,30716003536745 577,7565409733896 459,3699731014273 457,0621419372255 99,05415501323131 5,441861456162458 0,044883744207301436 405,5280425929943 1,0004804218144987 451167,17576785473 1
933,1326961386319 32378,194083515988 1,9971226548903562 127,94484714266332 590,2777973136338 454,66223315281303 456,81209892288945 96,87320737232768 5,400694647975763 0,04520985941237822 402,8721491002049 1,0009485939080278 450717,1587626429 1
939,1456812934707 32826,80554998129 2,0009255881579255 128,67062706380392 596,1761699560196 453,4467785255641 458,4005127518988 98,3315783597659 5,408534002746901 0,04504730748794931 406,8883347666299 1,0029630877394649 444406,6700999509 1
930,4294259203026 32634,484242059072 2,0128749102384584 131,39931545135033 610,5881429384733 468,15512442672855 452,38315341337415 95,69606472408847 5,408630632963253 0,04520678511605411 405,0234078688374 1,002557238722293 446094,587782926 1
937,9028001108408 32630,10373940083 1,9926298496218082 132,85792353552267 607,6688956419865 463,70287689347356 450,4730264791546 95,90107762159431 5,323605338125044 0,046274499769005106 407,1721721617355 1,008699848037834 444566,0759150484 1
931,1450300361458 32721,315366797982 1,9936043087974804 156,26072653335066 629,2422119459372 455,97475630447946 447,01274591042704 93,18744317442709 5,380919863404147 0,04681270218218767 402,9883086102647 0,9932458043649784 445478,23283826996 1
935,8338819252953 32882,48698306966 1,9902637475225193 155,6161993145304 630,099627262359 461,0113635556199 446,26955651085495 93,28272770208787 5,376193419463776 0,04704736149082769 407,75747252894035 0,9943145472460289 441268,8672071179 1
932,0747104431767 32426,560005252915 2,009281901695972 149,14828883428396 623,6405427246553 469,2818524174005 454,9042845655294 93,88284766799018 5,366671671095911 0,04690955093451677 403,2763906159507 0,991575059718379 448861,6433404446 1
938,2817846308305 32400,17507302851 1,9968011047779188 149,43218114714597 624,5961923896665 463,7728922414672 450,0023256654329 94,25472166890852 5,40542847444723 0,04799358482365522 402,48300828480694 1,0068033087551405 439789,08309496613 1
923,917663761779 32441,23058466245 1,9940406904828614 145,6891491654908 627,8758483169852 464,00009228303537 455,5842313420675 94,7311615226343 5,39429369319678 0,04779823541073514 408,07600676095507 1,0033882198219568 445765,11964640603 1
930,1078367925563 32312,814992507505 1,9769112537529996 145,47787591570304 618,6212508310601 463,1976678071223 442,8827433191553 96,11000697670718 5,393486370180837 0,048681346708663566 407,03034405644695 1,0162958101344493 446122,2413864079 1
935,623599084246 32817,46415168904 2,0016403489665735 145,61328930296378 618,7538606685016 460,92374186504793 443,28413374052036 94,75581121643553 5,357583235938885 0,04848673090449031 406,1638773148191 0,983286543402342 449667,7731209261 1
931,4674413987684 32173,096951889303 2,004290509583154 136,141285143924 588,9247371345081 463,25169771976147 439,3397912832296 98,17145532563157 5,4223004010539695 0,048696745647696216 403,5106108447575 1,006963918538497 445355,6966795718 1
930,8681716234601 32577,58507223559 2,000267777359692 135,94703206822493 587,3818662080798 457,7452542616933 440,9630127536228 98,35502118287573 5,440061685120497 0,049912575928621764 404,18717846944645 1,0038497599166782 445671,7815961414 1
937,0877481751049 32683,39563563704 2,004781509223889 134,40972157683197 602,861139749617 454,8794804863986 451,4245366558266 96,62392982559098 5,36253202049246 0,049787641207756396 408,6986736197517 0,9974549839220336 444891,6361682415 1
931,8022598486588 32651,98542112221 1,9905187534168052 136,29943361252782 606,777340445348 454,5562662021262 449,18710073861314 95,95738645574676 5,3825323590423855 0,050182116246909506 407,98648785999814 1,0017692546349528 444491,63992310275 1
925,760282006847 32716,433146900683 2,0085629897370256 135,57740277968688 613,0536050327062 459,53661503660055 451,5121387516216 95,49872718988082 5,4019439761409425 0,05056816843102198 407,41575088275727 1,0022243933537025 444070,31612820114 1
935,9118822612675 32526,86094236777 2,010586214328187 135,3188224459815 609,6651866675884 458,69421082320196 446,6649719952012 95,995546936869 5,42835845477205 0,05096079405478714 406,3234093152911 0,9980204161765414 444083,9979300999 1
935,8662826303155 32835,69255548572 2,0001316401394904 143,86303581222722 606,3980945050162 457,89424349991316 452,5503846932775 96,33446366124888 5,422991588458678 0,05067193987268068 407,02821733499434 0,9961060969102062 443736,4065162669 1
941,5020236061706 32593,052641056354 2,0020312982518877 141,71998849420388 623,1653256329146 479,7337286642561 448,49026085613326 94,9157155279983 5,391719271424416 0,051698652066244376 408,02685637929466 0,9971429296461627 445608,9146124817 1
931,2782200367967 32795,70132277818 1,9951628311754872 143,01566056936582 613,4651124160215 480,997946586003 449,93337070906534 95,48436159212051 5,402121939786464 0,051752146519277314 404,620690694969 0,99849312263135 439639,6232963215 1
926,8404760715252 32872,56969520553 2,0011613648233673 135,68229096076203 611,9660583550548 451,8441477896364 440,7222908376797 95,1705759129552 5,317115167535087 0,05177107608987196 406,49471197310174 0,9965664186742997 447651,3930394576 1
935,5155540301045 32452,832395715985 1,9987544539517155 136,0548477271535 616,9367165474797 448,8301765878933 444,6008991548053 94,71764560623419 5,339977084849096 0,05293005868255501 404,8688884670323 1,0031977414791509 443862,4540977746 1
930,2771729860668 32546,27848103398 1,993163931832046 132,54876413017675 600,6921753245729 461,5620143027976 446,253957509314 96,28706718426366 5,410969245838227 0,05282502636941819 409,66773594712384 0,9972274599200286 441288,3547584062 1
926,4523880124676 32535,17089286069 1,9884759367683198 133,5650391126077 605,7602334059235 467,5177011884565 442,94758443180336 96,76277415621908 5,342882206300096 0,0524113717670891 409,427161280189 0,9964737083474355 446915,0281958355 1
932,7529138392088 32329,954187539013 2,02986385084568 149,00159487655432 629,5330946335549 451,7030180494273 442,53587170581915 94,46940008630209 5,403637948303527 0,05265566909051914 403,8936804975974 1,0085623178199468 441830,82471311203 1
932,3399550384167 32784,88851192487 2,0064246392675162 149,05392769140803 626,8941401919831 450,28269750415717 436,49048915960634 93,9641225195937 5,390125614470691 0,052943492246409 408,7904739799948 1,0015756673977196 444522,0761120897 1
937,4386278378695 32591,06773961258 2,0052999998350907 139,23291066684362 625,2693189986676 449,8677777349461 440,8261077775631 94,46683790516346 5,429566965645906 0,05276905266882965 405,57371090298625 0,9972763096109943 444593,80657842534 1
935,2323166679205 32475,985547760338 2,00786914365099 138,23993891266548 608,4411130474737 466,564959653417 442,73961217398056 93,61143983993082 5,39818854007651 0,05298624455319127 406,4817792833265 1,0004936003830744 449197,14452521765 1
930,5078275469243 32327,61174208223 1,9935480816639954 138,47309655016903 611,9841526927535 468,5445005419584 443,66288007929 93,02209257265203 5,421890259877169 0,05333107974210722 406,1911302451234 1,0095739559460488 440673,3111566125 1
937,6358435608295 32368,029002591087 2,0098310108837945 118,02582661394074 577,7344664611477 454,9267463595353 446,3684653800078 99,02715680473348 5,390388298420746 0,05394689856216226 405,92149682332854 0,9991064369981051 441186,15030365705 1
939,9452731367498 32676,98066079817 1,9960382076848835 119,03290262338037 575,0325803879612 459,81648102962913 443,23841890716835 98,05017847619732 5,386650068196806 0,05451567432911847 408,92250011586026 1,0024371615298608 445954,0027240789 1
941,372869138825 32287,507126348024 2,0071927778093475 127,66419037623875 593,1558592699354 455,4498615785052 447,51778378870125 97,21143207280726 5,393835707013746 0,053645691443909474 407,86040668502784 1,0073751713950965 441849,61165057286 1
936,7554984955214 32712,104627010987 1,994490100189553 125,80368302119415 592,2656680165553 456,72069240407797 452,7675631897721 97,26661792716938 5,3594211969302465 0,05428902565788511 410,7558519212002 0,9921478230062339 442667,6463000537 1
935,0679252357091 32919,134198199434 1,9935969692443836 135,67672451139563 599,4871105704638 452,6014198777227 429,3066684159562 96,74602625610862 5,394121151114373 0,05459193257096129 406,35532489264716 0,9973255320985885 441866,48190951545 1
938,1146897406857 32509,646559867837 2,0047977298870205 136,71900437500426 602,2661519324384 451,0329420574314 428,81957558306146 96,25819822395187 5,355218544315816 0,055052865908894424 409,99996591436434 1,004206199842226 443574,30450477486 1
937,4385621801985 32733,07367029278 1,995356995704529 143,67519217078615 605,8048461595565 457,25573650058686 427,8933669225489 96,04832084395377 5,369473986160499 0,05462081635924715 410,46551956669737 1,0003847766775102 444616,1814556116 1
940,2604945741239 32574,01574707806 2,0092314243487395 144,6944265599825 599,8067405184743 447,3138337556715 433,62568103555606 96,18603636075069 5,381544767460634 0,05470955937826563 406,68214722305794 1,001572353736513 442542,1624251072 1
934,9406753331882 32582,388016505483 1,9946567743611714 143,22421206292262 600,9212635399126 446,96585861098276 432,6226701312562 96,54790129115403 5,423534362381851 0,05533550924825374 406,10167695703615 1,0070411980688296 437271,66662515013 1
