Co2(scd40) raw_signla(sgp40) aiq(ens160) tvoc(ens160) eco2(ens160) rs1(ens160) rs3(ens160) rs4(ens160) rmox(zmod4410) tvoc(zmod4410) eco2(zmod4410) iaq(zmod4410) resistencia(bme688) Aire/muestra
1055,4754603969727 32398,32420889653 2,0099656178082372 198,80168137681028 686,0808273195327 510,8239580247516 508,0037236098464 87,7748549227995 5,381430930666214 0,02118381203228855 400,85685476275705 0,9933888108347104 462146,2898662827 1
1068,7655958877851 32439,103045673462 1,997521385088159 190,7162130716744 681,9860833367004 517,8335817154723 503,32567107897023 88,25069006489402 5,418783848742492 0,021223059596734834 398,4286932202367 0,9974779159867396 463497,7666130285 1
1075,5500956058231 32793,34907517752 2,0012910702628854 190,13217009435112 679,1886520574859 513,2164502418129 504,14183531670415 87,97469295268557 5,334944367316274 0,022183129725126868 400,1536397769745 0,9994505133964021 458554,749547405 1
1077,9016345219015 32563,55151517874 1,9966041393455431 183,8806056745273 678,7268151680194 511,4603914673823 503,6326867307019 87,58888494173789 5,380751842422095 0,022070954673884285 398,6664966467747 1,0066757537224833 456570,373925385 1
1075,371196684452 32028,58537051166 2,0098003963242843 184,82818126492714 706,8973858178485 500,7681676619995 500,7216866004796 85,87955543173747 5,400500630770763 0,022742602821689138 402,6594074107055 1,007783265346845 458031,54577599466 1
1074,1653199470104 32595,809895761366 2,0055452754640974 184,47055101887995 702,765607318953 493,3704771051075 498,44588289551507 85,91909314150152 5,390026132804075 0,02279388282190184 401,79078804101846 1,007213815490863 456736,9515513048 1
1081,8743172589136 32514,900913204514 1,9899243093557712 202,88528905074676 700,0608197221709 508,6907560182515 499,25811677936053 87,19259425234716 5,362509616262741 0,022844546096238497 398,8286467175447 1,008349337361304 457476,61016629444 1
1075,6893750111158 32379,982949467223 2,0023676051844146 204,07675321374063 703,2678036885345 512,9556737251309 503,8859380048126 86,9010473064284 5,419740856491444 0,02405657331116104 401,4429036072738 0,9978473932576553 455506,3295394613 1
1081,2698897151217 32140,45953745298 2,00578590095546 196,09658734929653 685,5287541879493 513,2244778239373 506,27952846567604 87,65097599797775 5,4269543060128305 0,023992231307660254 398,24381744992627 1,0005932584465211 455230,65483433293 1
1071,3014278375636 32185,652985096298 2,024346537643602 198,38370082478085 685,5614699338778 511,3720993062215 509,1854949697309 87,6465450705671 5,392326246113439 0,024727629138822364 400,43566973408684 0,9966495043764716 460798,44807958335 1
1067,3507641786794 32315,681597683644 1,9992152844546363 195,4575078860149 686,7299318613453 505,59222513329723 492,9766104582745 87,23856318940037 5,411768054443812 0,024760206207851042 399,66725485088045 0,9969581223035886 458428,8099096242 1
1072,2029707557479 32157,85124863198 2,006101590174068 195,89459904131658 687,5779132453588 504,3996776821332 491,1158256576145 86,8294199926828 5,34986217037845 0,02597914990289124 401,46456331281655 0,9941610502419513 454997,75045373524 1
1072,380902826602 32079,40006804163 2,0071418645436596 185,94776756367364 689,004360879708 503,8675246552373 492,7551964036197 86,80669654889495 5,3760359147721895 0,025994480107332584 402,0499068581083 1,0038795146090107 458751,09669181134 1
1075,8565404962546 32175,024625462567 2,003769991959233 187,25192844087718 706,5109159092914 506,3161028296584 490,838167254676 85,94527486688719 5,345681172373896 0,027236122203997657 395,9743244543702 1,0063649001699373 464979,00662595563 1
1067,5401665818456 32438,450814582804 2,0065382013110473 186,57657328118393 705,715734678636 506,5029545030906 491,0336444477813 85,47798706524145 5,392102579589381 0,02677895919263954 401,09769257424927 0,9958343139099299 456150,23342353024 1
1072,3674068209534 32427,884184366878 1,980569436328096 205,7769206263614 705,0850864147192 504,73063952388463 488,3425729089681 85,69227698983048 5,35867627069257 0,026939680170670686 403,4185978585023 0,9976732626277303 454958,51579455804 1
1071,8189102541726 32271,195846187697 1,9886209667443182 205,78764300055226 696,175509022627 506,3974139339926 484,44278948804447 86,77583020236429 5,3988012481012 0,02846383763305738 402,16015482086794 1,0105245744950708 461707,32599679613 1
1069,6603693457268 32367,4311234653 2,0055063310358974 196,07210321636592 689,003963318703 504,2537726662492 491,6858250545367 87,44046743259344 5,384112290795475 0,028388042042939807 403,53016711255356 0,9959772693078244 454816,9519318503 1
1078,07220121725 32390,69375000258 2,0082808311749 196,53804950559055 689,7322978073547 508,57408810912284 491,1234706735081 88,13038349085457 5,392233030603272 0,02925826574503894 399,15142586286254 0,9958879612704785 452205,2045400643 1
1073,144152614524 32406,41405012977 1,987966835352064 184,3155538406192 671,6733416308756 505,02043025609316 488,8144607950693 88,96646250120824 5,36854361500974 0,029172499206012687 398,9502648634163 1,0030796871516532 453825,0981696129 1
1073,1180175625502 32302,928632874024 1,9849064793007405 184,39687237095097 673,7129627098614 503,6784111779263 488,48706625919556 88,79188912021972 5,391348154004359 0,030338828667257508 403,76554037544673 0,9962293441807029 451824,33712675027 1
1066,9117047242876 32248,22623251763 2,0013873281529566 200,38916006757233 675,4918735058941 504,84404171602085 487,7387184426601 89,00835766975099 5,417994850975923 0,030400278854029635 402,74689177960687 1,0007075253211835 452087,4453416872 1
1083,9887694212755 32346,37839405062 2,0029783001074284 200,42824465592872 688,9915572762001 493,3680684650529 496,72992887480126 86,63813273302739 5,419254185774136 0,03146973046193092 401,97336043608215 0,9957716574515731 453884,48518293945 1
1077,0256418849547 32464,723948165418 1,9948628880405714 198,60062163877447 692,7743570369546 491,5794410317077 505,0589418630598 86,93671343025412 5,413192093124304 0,03202212287127217 402,8238745120664 1,006579166518778 460545,24398319534 1
1072,3219553556296 32395,986920253275 2,014563431567772 172,0820886789943 649,8703344186184 491,1819954079201 487,309339611375 90,45805460729909 5,381153655448111 0,031793638805785576 401,050732119426 1,000048386983003 457753,3858553841 1
1068,8889861943917 32620,092685373987 2,0079158130474455 171,77886690108213 652,8691851459482 494,39926486835435 487,8315051940087 89,13483267995768 5,40414099249086 0,032846999045796285 401,94016817097116 0,9939299195315275 459439,0697165129 1
1069,4751648715423 32395,272397949688 1,9918930813862494 179,8330512302889 664,513876235789 506,0055764414492 482,1600130759186 89,9681440995493 5,391098095484254 0,032890638249699455 398,30947338329804 1,0016879347262833 459902,9081369696 1
1074,540859326732 32500,60609526627 2,0030644440006773 178,34739374935427 667,8255314979401 507,6156563829214 481,1743765854412 88,41025830618835 5,390543074353245 0,03348694438037762 399,2524717458401 0,9952918487408923 453989,8451273581 1
1070,91870859124 32482,702797800684 1,9990664453717115 201,82022537198642 698,8140337515488 492,23004443299936 493,6471746578104 86,4057739505171 5,384809724363743 0,03382457369146016 399,440546368113 1,006250170807646 452923,8298437452 1
1073,9214467105621 32201,97302452948 2,0054153029098645 204,0661678841482 696,8909580777371 496,9299457256464 494,44799222798207 86,29492077444763 5,370354816546343 0,03417052333743392 404,41592716202905 1,0015960366434449 453577,5855065975 1
1079,2197567367355 32198,724298852474 2,0012204478435325 184,01170047122713 691,1696004105155 489,77895289872185 494,44099765854116 86,79700123679254 5,38424572985454 0,03434619021026283 405,053221317711 0,9939825414194813 449506,5264934223 1
1065,358499401761 32476,749663193248 1,995717599686987 183,15732228933726 642,4592486126176 496,955903293948 486,07463951280295 91,67927706777479 5,36790118299888 0,035402367232157485 398,6611822144898 1,0107837690032624 446824,229396914 1
1067,7789600459128 32448,741186746232 2,007577609663163 185,36167304280397 642,6803952446401 499,00541291267336 492,53471672735185 92,09971682762158 5,41110556007889 0,035428454538866054 403,02388324915995 0,9866828305970347 455603,7213759148 1
1074,35465070321 32225,21141988164 1,9995885043870563 211,17489842757095 709,2268748030198 502,5216733963228 490,52656889617225 85,85510244606256 5,381605469744658 0,03560903567734976 402,2372171110174 0,9953090939341055 456518,07483655744 1
1076,9580531258173 32306,968414909523 2,013582269640744 208,67841669763337 706,8970500856711 504,6665784044496 486,2537597589299 86,25607170192794 5,367729174580699 0,03625320163653764 405,1629910163322 1,0069203658483916 455941,68674315506 1
1077,5098576390621 32566,635929992048 2,006083445474078 188,0709348059121 676,0707465361469 491,31224415672966 476,10326790012044 88,01720281459336 5,427882115720864 0,03646934683094254 402,4712092865583 0,9922696175917459 450786,3941187466 1
1076,1837038357007 32372,771308696992 1,9986217481774309 189,21968757759817 679,7263366232813 487,65001973459977 476,009712492542 87,7523984863891 5,379060476981236 0,0371001987914506 403,77478309089736 0,9998884597871093 455875,91012414143 1
1070,1514955124578 32410,255917179988 1,993496126335258 178,5789022931067 671,7022279575156 498,2125460715756 479,89511550602225 89,69229677815576 5,4201134626199226 0,037145800515656496 401,3805181936715 1,0006277575896612 454136,3059436507 1
1079,5659496524652 32070,78161866228 1,999274936946982 178,84210723741435 668,7764529074229 499,6438309797333 478,8534633856248 88,98437892642454 5,383782567796277 0,03750434012038076 402,8053344347123 1,0027911830415144 453428,6011091339 1
1079,3605961277658 32455,38848161567 3,0090781532574455 220,15435144997699 664,4535990201797 501,3243860748194 479,719521193625 89,21222728424672 5,381442146367507 0,03741540523162664 402,40005604960686 0,9950458723440417 451659,897928086 1
1070,8961356928107 32084,06151437344 2,992200842042096 220,90303283369443 671,7993021944935 500,65865185222117 476,7616414372067 89,43675663133511 5,4022538933745095 0,03831317630707849 403,1181134626385 1,0026417868785291 457017,008602829 1
1073,9137312347966 32272,383473327864 2,9888375413201436 222,2591514900735 670,0321028155199 497,16513917887175 474,8049140186212 88,72925483137898 5,376771752776432 0,03892508939093292 403,6584394014584 0,9998446885907256 453432,5645876799 1
1086,39643692873 32158,21143154756 1,9957652107175883 188,07719714672578 675,0397524807222 497,28339018984036 475,48568367385985 88,79208756299066 5,349047279777436 0,038011003713593484 404,07911600809507 0,9968501687354904 448127,66901343205 1
1072,2507933495442 32356,74252476837 2,001736220481472 189,83481432609025 681,6173809013535 496,7386817903621 481,0467635935546 88,41858977367694 5,383697148876529 0,0397425747651172 401,01690034083134 0,9979339227909907 454714,3207842167 1
1071,6288906338618 32159,645652175448 2,0044820677026514 182,86645015915641 665,2564628874908 488,75479970108705 478,0732328551373 89,58171299770207 5,378122595803933 0,03980267127504288 401,54070954403124 0,9965058554220012 451328,77852134645 1
1069,9866518560996 31953,603641082762 2,00414862080517 182,84027457709144 670,018141347045 491,73183578596627 485,5695256286353 89,94170077039487 5,39246586640339 0,04055297454932979 403,7265096739876 0,9972819845578966 456489,3124097025 1
1068,0459842729172 32081,744587572044 1,976431021608356 196,30789322183412 691,3843389879451 486,50316380873323 486,12992294597143 87,03166639776092 5,392515077452255 0,04083411783375049 405,1876929916601 1,0018082346175725 450464,6719742999 1
1074,696277267438 32032,734093080162 1,9953684896867854 196,08619674150776 682,1931334879852 484,53833504642995 488,3105023372765 87,87987038468661 5,389458932280684 0,04127371281943807 402,6113490627657 1,008876028305258 453855,19573233224 1
1066,9703266567851 32364,19232165006 2,009375455843195 205,86767815212852 694,2295663497779 482,6387597287689 487,7617687357197 88,20427709947133 5,377160759012071 0,04120961988239132 407,2740266766041 0,9952586659994329 451417,3157672921 1
1080,3409731898796 32196,921249653657 2,015881801164413 205,79310010609723 704,3083082965322 485,01729558905987 482,9738321550902 85,74935420807765 5,362093216418526 0,041886055436931344 408,1716613225475 0,9973010761131591 448488,9828829178 1
1085,3430973014358 32237,095046721803 2,008305821126121 204,14501301022008 701,066939713818 485,564146421289 479,766025571667 86,39319037486305 5,3921175882120025 0,04221348594198961 408,80558503477954 1,0073541049305055 453747,0283750448 1
1072,9069719064735 32406,278199478853 1,9933510299988517 198,60018585740985 687,2374258619792 484,8808071787857 477,9535513340768 87,5503534817495 5,370106340206655 0,041887801538453964 403,50843696798603 1,0022682720367244 451604,0953242576 1
1065,1540453636585 32404,68545683366 1,9975461437076945 200,66868026132727 690,5981934000621 485,20514915568225 472,437998274152 87,82450562137409 5,418200508442526 0,04192915198640385 405,3184914293223 0,9952329105908553 450262,6109876096 1
1062,6502594686986 32600,38598822793 1,9937178528880302 190,51080920951722 690,1878832414683 494,8522078113304 470,94474998078687 88,05399989807823 5,39710855879613 0,042133101751195993 402,3730764943228 1,002222000494583 454079,12892073195 1
1072,2201749538601 32336,888800769484 1,9994747353578801 189,40303079944033 678,2583113463372 493,9490207301453 481,0808598484544 88,78764276441241 5,410065737069051 0,04280231434129181 403,68201345284507 1,0041947231290773 445089,8335364135 1
1070,9508047637707 32181,674828757008 2,0161673250863044 213,51452075757567 710,253708807439 482,1270499369437 472,3080585617876 85,90796772222471 5,406875595760162 0,04273495892796367 406,4465793919978 1,0011205655128792 447578,83080083446 1
1072,5324336559404 32295,351516475173 1,9918587928026192 213,5428119693018 706,0449276333177 482,9684384373867 468,79796808342917 85,71856222179149 5,402911052096452 0,04381991739720799 407,11429952684944 0,9953907449181538 449506,40708180773 1
1073,8488440454223 32058,0591339384 2,0059265924913876 205,59105140001935 708,4929771110733 484,1370750326915 470,6395521160716 86,47699339993457 5,390419435252551 0,04372569595795744 405,15686314339933 1,0000334119304979 454672,08983377676 1
1076,834487595046 32510,22174656088 1,9902159652332645 204,04165660624002 668,2317722702312 479,0464161414253 479,20689855391487 89,04509772839927 5,3264580978358 0,04407751592583884 407,4049102820064 1,000078405598222 447375,99776304804 1
1076,2530730433298 32256,749950726542 2,008163132190209 205,66272058464503 664,7382826508879 475,76973391667656 477,69130895017537 89,38085986948431 5,352754453146607 0,04370484595267935 403,73283724452745 0,9980456951079361 449971,8116600224 1
1066,477100096916 32399,292375025143 2,0045028792230646 191,04290568318132 685,0203678582621 482,92213495300103 472,5598899752635 87,29857806068235 5,3428313344549725 0,04387019911972397 406,9425377734234 1,007173130957979 450748,10715593107 1
1071,4593414999692 32191,266078235167 2,021720044689435 192,01620154363923 677,5550013020994 478,81915488534486 472,4609566512833 88,47084943276262 5,371604098389961 0,04466758221177694 404,18034468844536 1,0051963099904702 446392,79721106886 1
1075,9742318439605 32265,203036862018 2,0007047854046145 188,76522477494416 676,2755701215998 486,28418436316394 468,1494416508775 88,58077872633875 5,432361983089928 0,04444744761958607 407,02583497941066 1,0021290730419634 447190,6563368065 1
1069,6415953647397 32317,621553257366 2,0107024381499983 186,6931504747119 677,0163662060166 482,5324570255979 469,4520744442303 88,23385739342021 5,407257394127373 0,045061604256250394 403,43794841197354 1,002329597368064 444457,81713390816 1
1071,4608924922095 32469,117961581836 2,007319476407624 185,42961913901038 673,5335189737843 490,3071529133061 470,5853215522731 88,63852751261454 5,4029630611510315 0,044541142953266104 405,18782778833844 0,9972479450055489 440650,8417913521 1
1083,8519414746027 32371,209694024263 1,9899282361409993 182,94538498871 677,3505528027971 488,8491112171713 468,9957235143222 88,54548033717855 5,430558626291692 0,045455735177664845 407,55370793624166 1,010092571975413 446928,7272204161 1
1073,478868204728 32248,66082340387 2,0062398696893675 187,3581643361258 669,8586981713256 488,3322349860056 471,88738391852644 88,56926261753361 5,379701758972922 0,045382083033028923 406,1754600597521 0,9982445865926228 445307,0540286097 1
1073,6967380792535 32431,552848270403 2,0042068436371303 188,51626172861387 684,0503953199877 478,6974439637612 463,16236557803984 87,04144194907141 5,4249757101979155 0,04638679023772703 405,0937552995081 1,00068280693786 447689,1537935785 1
1069,0843306082331 32157,58742506374 1,9934914022775785 188,11754001691932 691,8523154187588 480,19555847440745 463,45086921782917 88,09239521884601 5,408237494838844 0,04629938692013944 401,79084807014556 1,0040169351375912 449841,66472658835 1
1076,790709826376 32276,5623172795 2,0018170025130755 199,32362873048461 687,2192975827983 493,2136511416243 478,07597725444714 87,48330799308094 5,406877098556296 0,04608338837798944 402,29261279171476 1,0087229900418475 450524,1931962202 1
1074,1139709637293 32082,39150762622 2,001488788132695 198,6610701068085 689,5499866274478 493,66497422675775 477,8558327566675 87,23258391985827 5,365822463342872 0,046744437628571105 405,4675758816088 1,0058830554019884 446481,7501794002 1
1072,3045767986173 32432,0506067162 1,981176329143382 180,72620956464093 667,3791904994945 485,4219753928199 472,99813150332824 89,32057660112699 5,380284328174267 0,046474925921775635 405,31891905984406 1,0087388711760417 448672,9860393199 1
1066,8291310554898 32440,11707263936 1,9941510859778415 179,37275306370623 665,0282462865528 491,14872526207034 474,244929209336 89,22745496539605 5,41196361342032 0,0473779579312539 403,60145307504513 1,0057238607773262 449167,26192918606 1
1074,7324835041659 32370,682238565474 2,008837797121819 186,80689344457645 680,7516773032143 486,7623696502047 468,2516941516264 87,96326368330226 5,392673372947895 0,04719035153476301 406,73822528135514 0,9990371461658012 447744,02838018816 1
1074,379458909603 32467,52307362062 1,9980660148550466 186,56439932290186 673,4658745412244 486,5476512414791 470,9103463279135 88,77210230847214 5,393604116906221 0,04821735556072839 405,37357466875267 0,9994644831702101 450836,9665638708 1
1075,539758082811 31973,083584422235 1,9892406844603285 197,39718222529783 677,6998071120169 486,48818297174404 471,1847700266896 89,11927882541286 5,410110602312205 0,04818367722082169 404,80173258033466 0,9987558791364564 448120,73316998256 1
1070,1051707526276 32186,08545827243 1,980956500624368 199,36733916705936 693,323962593605 489,4586981287615 471,09136049795745 87,02831170640403 5,44671477626207 0,047735083576221825 405,47637868536805 1,0005868144668482 449590,2555049166 1
1069,8210740663426 32265,473993759828 1,9822432104863326 199,29832740480686 695,1790801033854 487,66229669084845 474,9869601807778 87,24387961552124 5,3916279520185695 0,04794120951408738 407,4029588715792 1,0015437826528968 447532,1056570061 1
1075,264433298997 32170,824852531852 1,9866280306496025 204,55150471983706 701,7039771050598 489,39256087666365 483,6817544262137 86,51190036725711 5,3827332134763175 0,048142218170052584 408,1569222882172 0,9974700198436132 442580,41075660003 1
1071,6490020689514 32126,089128750988 2,008765753554574 204,97223028926578 705,4270346338845 486,6747549494378 481,9378820862314 86,27109935761837 5,4294241590508525 0,04832274644854001 408,65181435697895 1,0063162797413219 446355,4301788152 1
1074,9830121238756 32395,904501826306 2,0021882527055785 175,0839047829932 663,6713171143252 476,26214119510087 463,71496696326756 88,93375844287544 5,354425632287105 0,04824746338435107 405,32372746695785 0,992259997492598 446634,39216142666 1
1069,7631538083588 32204,98413930431 2,006401503424129 175,1029687326365 657,2697588473287 475,7023903526935 463,9844070641828 89,9786770408049 5,43357032863781 0,0489923855221121 409,0778513806564 1,0043691927218783 442752,26092471014 1
1067,2059922703415 32165,365568586378 1,9912731788645228 195,98969731457183 694,59734258655 474,6226742749178 464,9631534435211 86,99942380309348 5,409088412175576 0,049160363293419 407,9692793387022 1,0006980396286476 444250,8638796895 1
1061,1325245296202 32309,772363675827 2,004552549702571 197,36994004263946 700,5696651901068 477,7508875277407 461,23239760802284 87,03555346865589 5,379969861341326 0,04956896863918071 407,38651494520764 0,9958464844132919 446536,84363871615 1
1067,4241888737567 32349,85703326991 1,9914678845522151 201,3439296421245 701,190024687288 472,11433727928966 466,2080953891618 86,13811922767721 5,366049074283204 0,04923326340526599 411,4522338505964 1,006409860886704 445706,3521093099 1
1066,2870927660297 32115,37587705076 2,0211261032200962 202,5051171939644 697,3332727888136 484,1207744482789 479,0403390135333 86,81249119239214 5,399670475487066 0,04986029352571099 404,45616381076195 0,9965559306885299 448520,55681412417 1
1071,9855261187583 32225,902620771212 1,9957125290012165 201,6308852196662 703,3199100078938 482,2183677547491 476,4001659111409 87,46084981779632 5,373411238876929 0,04988193737747457 407,15922791151604 1,000184159142711 445574,93619001214 1
1068,0556810150597 32274,752286305622 1,9978059521079201 215,49907787658972 712,2084512081694 479,73756888203746 466,3522846033956 85,76316558415672 5,324485872410858 0,04997335170906072 410,3450561658432 1,0040948061234476 442935,1613606766 1
1064,8541144807693 32232,62325320976 1,9966455744117193 214,4870308113624 712,813822795384 480,9936784197898 465,7443059568935 85,180370992296 5,381805178839518 0,05014196634887246 408,9674172142375 1,0030252305352008 447475,33430295554 1
1061,8149678929897 32215,74258291331 2,005725889023735 179,0858055457919 663,719568540203 486,8292304264567 460,6281794270958 89,2932831743668 5,355109872833804 0,049893724445314105 410,1364142874659 0,9957788744020558 449717,48581779853 1
1058,7156455183044 32364,196675838506 1,9783281766168188 180,04026111372588 668,8939214831399 482,03410180332315 468,81574286907534 88,4242923897832 5,372032359030868 0,050528403297370475 406,54828103386893 1,0023198627288716 446819,01054754993 1
1067,7123873713556 32353,371343198676 1,997080196477252 186,78291625280877 696,2830427762079 473,70511030347046 469,1945352556998 86,84807956864817 5,370152287367395 0,05046207860610119 404,8895670818893 1,001036301618328 449048,8484103844 1
1070,0284393139643 32215,167816799236 1,9994188161363422 185,60000693648772 698,7361229928292 479,75069768288495 471,18235456191763 86,64225535275705 5,408541998416343 0,05060663159738602 407,4231784309077 0,9998723576634828 449530,5287295714 1
1070,9050752938188 32419,27261770208 2,015543885409246 193,16406764275388 686,1924063728836 476,14755469344215 465,9010628108414 88,00190180710385 5,441959782101767 0,05081524915030215 409,7459505291076 1,0028100786902332 440845,2811494417 1
1075,5703252886883 32287,791431763366 1,9938923565989812 192,85789535743228 678,2113688948131 481,9997787600504 459,5584741103296 87,45697511460435 5,40069828936447 0,05003230255485055 405,50126019129334 0,9962269922517777 440915,971118028 1
1071,6830988361965 32209,853301473562 1,9948664535652316 192,38665013426478 682,129766773535 481,5145025308481 459,83456620940177 88,75203818237516 5,419053946667417 0,05051208217464465 409,0833989037208 0,9998141064730379 442843,9013303113 1
1071,4983669741525 32182,93183735163 1,9893743181673584 199,76572386467348 696,2034673302331 481,21722559740437 471,11849184396544 87,12406113062883 5,404182398997719 0,050508149866319796 407,6253489457728 0,9992965159053725 444087,99750115036 1
1083,7107259254824 32368,024241171817 1,982175695430339 200,54558645418197 692,2367519305976 477,609444191579 467,56181596583775 87,06862058578494 5,392272674325284 0,050464814834983746 413,08349924593466 0,9861410592981878 447063,3765424544 1
1075,5113061087372 31930,335821583136 1,9957139406848128 196,12688392465486 686,2673437917764 490,86485144951945 465,9696363432867 87,67577192473647 5,37992311215039 0,050841597265977055 409,75796887741126 0,995367511881953 446480,55232096225 1
1068,3285240749774 32249,218721257217 1,9882456018379124 195,6175344258836 689,8704118525815 487,21600970184375 465,9170873538672 86,67828515820837 5,378947639739628 0,05084379038502166 407,7590806540311 0,9939251944971835 444879,2857185748 1
