Co2(scd40) raw_signla(sgp40) aiq(ens160) tvoc(ens160) eco2(ens160) rs1(ens160) rs3(ens160) rs4(ens160) rmox(zmod4410) tvoc(zmod4410) eco2(zmod4410) iaq(zmod4410) resistencia(bme688) Aire/muestra
2274,747455015158 31538,410223855695 5,0144855125682195 2799,909868529737 1371,4559002247352 120,81311928335177 46,900842271152825 35,10531069510524 5,421639236524037 0,8014720996157476 420,1842415474727 1,997675357683147 405814,6255897164 1
2283,918172334469 31817,440336629166 5,020398053842783 2886,15006789119 1359,0097546671457 121,03617489769769 46,85841107378502 35,440764264327896 5,380142040953196 0,8066213052621343 417,254888651532 2,00546635426833 396400,16365797 1
2284,665654197117 31906,567247589293 4,990974343562836 2878,4109626035024 1390,9406501370722 116,9903191911827 46,43126632030213 34,88035650217911 5,422352832510791 0,8527124439572348 416,103270659651 1,9895573742491062 396134,02813616226 1
2287,858884240773 31728,58277777573 4,981562400509872 2871,1648035804683 1373,068071349411 117,59292224660801 46,3761665364131 34,56786085082708 5,356082860210247 0,8572899877687643 417,0963086183153 2,006881451662161 391371,99019178026 1
2267,893462240327 31566,84057595988 4,967848190019729 2747,856407859885 1355,8140487237242 114,73453630176196 47,589456318357236 35,68666636412667 5,4102499380067 0,8558967276878938 419,8781806304966 2,0052688611618135 391808,1739315295 1
2278,3896108443128 31416,274730151166 5,0305411932434065 2734,817070489684 1353,7452170338884 114,93962299635061 47,57700987074738 35,773323855964684 5,4132248530943174 0,910003882911603 420,30962889821774 2,9797341817656458 384167,84669187514 1
2263,831986226847 31827,986218301096 5,020672753965681 2688,053409268123 1349,4450940868535 110,71306774359356 46,447516947240295 36,30640414811163 5,409132053742872 0,9020953424340242 417,8037949059929 3,0026878675236945 382152,0248835463 1
2242,312361784846 31569,026436869317 5,005669606818551 2730,287945658288 1343,2286840253976 111,51077091204328 46,24076627999644 36,088402630037145 5,453290943277555 0,9539678376659119 418,3526605311595 3,0091570144804884 376652,66801841796 1
2282,1043345120825 31559,927969085857 5,0281974049063525 2861,617416185941 1374,7202269227682 109,89287755037685 45,04704510373382 34,87225351743148 5,431422341745486 0,9556224023075802 418,59145356543183 2,9879911375781028 381195,95181936567 1
2298,6901807356962 31396,256022389785 5,017273977159532 2867,674311785984 1366,6486819145518 110,25941938432366 45,481311967187956 34,88433849821325 5,401908766640289 0,9975769931281301 418,24467792195514 2,9837366875278386 380258,8188581454 1
2271,04238308361 31733,6549191016 4,98520888410263 2674,021917410618 1388,2687501769688 110,3068891390711 45,24776145565556 35,279163377516525 5,445627767655655 0,9918989344472944 416,87496165493457 3,000509195665427 365702,6584812493 1
2267,206994538927 31337,36838366551 4,9919336183722045 2667,5195899220325 1347,6293276779945 107,22523017529127 45,05840742121965 36,24004892482773 5,416777827186995 1,0282185936831199 417,40982059818344 3,0002579281189474 365901,3251471622 1
2273,6819203784667 31170,038736062084 4,9772368101009326 2637,585106894449 1350,15005610788 108,63989215449426 45,18944490246797 35,82324914110051 5,427309474748995 1,0347020680171006 420,37146509924736 2,992079545206387 361042,7814440457 1
2271,638505874832 31761,105534856557 4,970645147554296 2684,833881110776 1344,6536103501962 107,90649901618144 46,14361233269703 35,98697046368408 5,39811694266101 1,0162240022879465 422,13972069404724 3,0030772442788423 363859,70883865707 1
2292,4557146354714 31561,009168198172 5,052612907552514 2680,8354232316246 1335,5294021247075 107,99849041455141 46,66582997864206 36,05453955794642 5,391579131593374 1,0626854679349755 414,35999512438667 3,0129563133594495 360615,3803899506 1
2276,2454304702137 31474,526260263247 5,004388667756641 2616,9876004120533 1328,9757820090717 107,57089116859856 46,10286549639314 36,31626695681378 5,385719490786232 1,0469164122830452 415,9779950970561 3,0167503658341914 362782,6921727781 1
2269,737499223937 31443,084852316624 5,010139486137354 2602,5117224911887 1333,623747918175 108,22026560869563 46,00305922165166 36,30293332048769 5,468137974694765 1,0936769122158723 416,62652750551734 2,99865271863142 356579,6331804604 1
2281,1524865267916 31480,4821135036 4,995439677162568 2468,759252160971 1303,8446193298553 105,26769903643647 45,16325772075908 36,91500535139934 5,384102698408406 1,0891870625481337 421,5237306017416 2,9816170638629056 358355,8995698124 1
2294,7121147317052 31323,609520797385 5,01465112174119 2467,7397664459463 1312,1669731473237 104,67015265376439 44,931799158923376 37,41710722455347 5,385001995291131 1,1063361918058066 420,67945844388737 2,993260711185692 355011,3842552349 1
2275,6943779861153 31290,765453643355 4,955834534795885 2496,3603048170266 1297,8700558530256 103,83812805939588 45,27639221825961 37,04078229249956 5,428105072508656 1,1244735096388652 419,93382450972035 3,00302996838969 353650,4865707929 1
2274,380178121893 31335,013546736343 5,0267903395856015 2479,6575355776013 1300,28150974259 102,78060425786174 45,942524573343405 36,8339557484789 5,423577783703424 1,1416278392906634 423,5765776903996 3,0158743266482517 355652,12083135865 1
2279,5131139705395 31580,50332108942 5,0302868476251605 2476,2245249421585 1293,0713144999809 102,96263691622326 45,927813855843006 37,269865281333516 5,416844272604722 1,144838917282216 417,05525745375144 2,9989996530432186 350031,92704089894 1
2290,5071474855417 31436,224178713277 5,004980964344432 2428,745962083103 1303,9865950155308 101,30660756449713 46,271249140066836 37,20458180177296 5,463888593432065 1,131609470432277 421,888059778434 3,019593473545156 349844,97741022205 1
2276,5408487728255 31421,75113273035 4,974996975353745 2425,1960629050054 1301,1355949081653 101,45496989980887 45,87253002688665 37,22263117912087 5,39651905447555 1,1744670581485581 424,45671803387063 2,997058878601557 347763,864665312 1
2275,5752051627305 31482,71624020249 4,999941987370606 2427,6574912430087 1299,7661068771156 103,45176239485396 45,86780958245177 37,720921585423284 5,395820342397673 1,160438586751689 421,033961546924 2,992591490943726 346929,28367737605 1
2276,4291823223625 31339,238139883415 5,046257003103399 2409,0548599734025 1292,152502985137 103,45434471953627 45,722040900009326 37,57282479522689 5,430992773483209 1,186655210958498 419,74786719312885 2,9810707150660116 345253,4536390374 1
2284,8147545827014 31475,453882197613 5,007818771699174 2459,830100681766 1317,050210569828 100,07605236399712 45,51442674898431 37,38114832581376 5,392427795940039 1,1817465148899484 420,20342342321726 2,983927969876405 345205,1258641428 1
2262,3254973734747 31181,48236056766 4,97946870267067 2468,435074571218 1299,6333143827696 99,45697120684329 45,16449110600155 37,431455197795174 5,393832116216915 1,208834986041453 419,20080287863357 2,9907637970802368 345440,74393390096 1
2297,3155620896646 31322,349317785945 4,985669164311997 2346,3911865590353 1297,0612272517265 99,22719714896539 45,76773847629334 37,025068462749516 5,426389111619761 1,2109781839736278 417,54558564109817 3,007136489894303 345161,6379016694 1
2269,2192825597504 31413,988696896165 4,983191973802803 2359,58230487399 1280,410375085149 101,7233193008345 44,541639608572616 37,881436934515605 5,394781825550677 1,2052308689876177 419,80890061742787 3,0077116442672343 343610,90426043386 1
2300,569853812126 31262,19364380961 4,987533054534286 2348,3702105230227 1281,3628718468922 101,72794157677566 44,755196786279825 37,587901660704546 5,413870897690436 1,2218599557112728 419,4348200713883 2,982507677629212 339168,3552168991 1
2275,1986719234005 31579,018832951522 5,020226894461704 2471,654461153229 1288,445883267865 100,44439453317018 45,04734298753822 38,101556294508995 5,434266066247402 1,2147440066217954 420,309779917236 2,9824081891273204 340337,3734512079 1
2286,989920578897 31182,495340895646 5,03034239906507 2488,0560681016896 1260,9480164623697 101,31629155818452 45,11193036556567 37,876087576466176 5,397259339426699 1,2407925468041998 417,9857314116936 2,990075313313098 335850,9949400084 1
2298,76051766396 31388,56828050511 4,988965595281045 2297,8123455129285 1279,322229451063 98,62578564625366 44,69546647892411 38,388618170549876 5,413499366627534 1,2296827755751687 420,6093411617254 2,9891648845573604 339282,198851774 1
2269,208584798205 31223,616888661425 5,031482118442334 2307,5763875676867 1270,9836915652108 98,25146640694273 45,4439057348243 38,32357955686467 5,3377020868627465 1,2532735796536578 424,5015849869543 2,9904308388249348 336980,56134692964 1
2289,793887311169 31493,205083138877 5,002599466362944 2315,414639988838 1275,8994513640753 98,9289252724406 45,60819444003811 38,29495119508332 5,409530647454513 1,2510030883990924 418,91413527466085 2,9941470176607243 332020,3071778746 1
2296,387630951014 31271,666234255248 5,01440539395503 2303,7878931176847 1286,6452796513317 98,57006813592916 45,36728307470964 38,2723235376286 5,414581531777455 1,2591925256500098 419,61129127673644 3,0021976162930883 336266,27693895024 1
2267,7277383127466 31534,8086021894 5,004312345939315 2402,6122982924194 1273,3860660889254 98,57161038276038 45,62376336100617 38,18476970472332 5,4352089998031525 1,2624325717839384 420,275844187749 3,0014331315955562 332248,9403445371 1
2292,8759831962147 31467,576594974278 5,059420420320571 2377,3481877982736 1284,0364218931113 97,06495580736326 45,760103606220696 38,00929502146032 5,423365191486741 1,2725350862700748 423,16177283220196 3,0009239221954846 334775,1008708567 1
2280,9406476063327 31345,404218986518 4,980289717662201 2411,311487693274 1295,0302179086616 97,66573003260261 45,808479023722306 37,25961425257723 5,4386958934778935 1,263087234238963 420,7957002280646 2,992204918895766 330648,4194147859 1
2278,6393187605995 31276,58581537776 4,99440324939453 2535,8112020368276 1294,6353207557477 96,88391182053635 44,755223345596775 37,94334048721952 5,420854787514587 1,2716983323137363 420,0229664186709 3,020119933715235 327916,5324541859 1
2325,6721228961037 31292,060685164794 4,957739879580282 2516,511390457533 1298,434994338711 96,89886697684315 44,6736552907228 37,41385745571961 5,392194934180563 1,2657575385699988 420,5041675749177 2,9754843556599444 330910,75018333184 1
2283,078222716367 31429,83681411394 4,994121567378812 2257,9554571549706 1270,3441875628812 98,18888312343019 44,962134345439566 38,24920503218415 5,390123520694607 1,2750419470873497 418,31515823224447 3,0125444787446343 329320,258716095 1
2291,551555590366 31003,20249958037 5,038200480210317 2251,2147743848627 1256,868076483846 99,09602089218525 45,211659837080425 38,748626265445495 5,414409730765499 1,2913758979397538 420,8934438134105 2,979401444039461 330416,54366980423 1
2293,4403261092543 31209,608026720212 5,004848005827211 2332,77112238903 1275,2139993739072 99,23876666755332 46,2475108750923 38,183561512740496 5,400497478853332 1,3073893726825638 419,39170253854866 2,9987591690477737 331008,886067495 1
2282,7848621604394 31642,034490515867 5,019199028440604 2317,028513995042 1277,2191911549248 99,30346708428822 46,0453895557464 38,45322231426043 5,4292086396116 1,3081855389849428 420,11443635928924 2,975514660857342 328810,58404142637 1
2283,092018782403 31155,08033216624 4,956338343129817 2289,4496103596603 1275,5310339070534 98,98281915732329 46,432882034886696 38,15927523933568 5,446868125508865 1,297574454715047 421,313986150167 2,9919747970643824 324221,0317195473 1
2286,368324259645 31210,59281592177 4,988090761288984 2317,2538605473233 1269,9147415692305 97,22927663453875 45,71628324713179 37,85730844768514 5,415086926001198 1,295943363935452 419,292866775931 3,0002630005432014 325518,35216964607 1
2286,0145110655167 31299,01744348315 5,0028332768881265 2306,15615048364 1266,1207165931537 97,5588524265427 45,65638783295277 38,138862408292454 5,440086080498965 1,3106332433885497 418,9383413158356 3,0176037416283066 328378,5805883174 1
2301,5706727756083 31255,44320463696 4,997493683157942 2319,9966677949474 1295,1293208292052 96,70646239893378 43,88315273122695 37,238468480567754 5,377894252360512 1,2951950189665777 422,78387227545596 3,0096739758188704 328108,1041412904 1
2304,572810968528 31047,220920562777 4,980066766843989 2324,240134130698 1287,681306842609 96,66046004149028 43,913255007223576 37,69884856091927 5,397307975042362 1,31227808521019 417,27644736281695 2,999703190735714 322756,04021911515 1
2276,5101925582558 30994,287013133962 4,9810870539608745 2354,6348536824344 1295,2820682223864 96,4991788380545 43,75341099529318 38,13022400858351 5,447308365706242 1,3167366886957463 419,99585037769975 3,0068368736454874 322838,33103546826 1
2275,1232462365497 31345,037729361506 5,0320367121851834 2345,9813931417293 1263,380553124476 96,27329391078679 43,610814673572776 38,053817379334006 5,402773164153846 1,319322569746022 422,9910486148064 2,9856765509414154 321339,74633368873 1
2297,840560399307 31147,624929740028 4,975315923602748 2269,227886039445 1272,7963637318603 95,20385887417163 44,42726249861882 38,32812523185633 5,432932836794326 1,3140162759511806 419,30272190435875 3,013606963655639 322668,27686580125 1
2305,360915933545 31069,63072246735 4,9850535057615 2262,975679745007 1264,82665918258 96,65789140624854 44,37468642076896 38,40534397734202 5,46746995709239 1,3211877059743107 415,0386132324444 2,978988509593047 322792,1877015859 1
2292,2129668863763 31227,941515521376 5,010299543619812 2222,2684662440306 1265,3092372782219 94,79498216518998 44,661915980916035 38,19093720370299 5,470731587440376 1,3293151555500498 418,3041907117979 2,9645346089623503 322667,48077965627 1
2299,2054650530768 31321,540228458132 5,0051958300212895 2202,4035188607545 1257,5055606652318 95,98742717761468 44,769441308833194 38,72954798985512 5,375182356657751 1,3366832890820048 423,6416963525423 2,9912589095357083 321363,85458879895 1
2294,324280107066 30959,176873149056 5,022858615229248 2225,714669750524 1255,1735660120405 95,85285564692477 44,795985420743705 39,051113790807754 5,400537162169284 1,330164499491648 419,2666376396291 3,0228448110496045 320546,0829525364 1
2292,985833244458 31468,809453965452 4,006332082432047 2138,580813912022 1267,00010918888 94,66107421015082 45,67418848506248 38,91155429251826 5,405148251638113 1,328221545637568 422,01882886177975 3,019196537651287 320566,13069769845 1
2294,7170843761282 30999,494380067372 4,008024730418798 2133,4000816261496 1251,4134944451328 96,03574203062702 45,59506008710951 38,40509288240614 5,34935140978507 1,341636688012997 422,43905612926864 3,0077639869663138 319413,689908973 1
2309,119175737595 31210,399776622664 4,985703282092527 2218,3605868256777 1246,9586874071115 96,71754206378166 45,4451160455859 38,68822072927548 5,456544153177256 1,329659180258073 419,907301425653 2,9966039898968173 315056,5958105029 1
2292,2603326058925 31127,29116206291 5,003079198608818 2193,1440072128603 1262,205627951035 96,51785531415972 45,38184922409605 38,76530734938197 5,477221088546271 1,3393362884971527 420,73799943938906 3,001859870283769 315780,444919288 1
2281,1756599512773 31159,90909213456 4,000607730894126 2127,1330678177587 1233,1178453892019 94,75080218008841 45,782697801142895 39,542748240212056 5,40777638125242 1,3385689692530078 421,94987332791084 2,9934280812240335 313168,6085154912 1
2285,8822617144774 31072,54036339056 3,9663739715768567 2118,208053122358 1244,7630897596107 95,03105764438604 45,566606505047766 39,71533620118626 5,399977253477251 1,3409451885170967 417,3823002222874 2,9909031672800968 317235,26186834066 1
2280,3007611741873 31217,186138638688 4,998114639982782 2236,320150384317 1243,3161918131327 94,94137958593979 45,04218266649397 39,53163440481246 5,45150366271129 1,343527922189387 419,6446787504071 2,9992721228338155 313816,9967797837 1
2278,4986962953094 31426,697612321637 4,957966100105365 2235,2956510874383 1265,348161619651 95,19663657317858 44,9016588226703 38,31407752533038 5,401183838019569 1,3369172916680163 419,6403639483267 3,0050849277559166 316763,23942295037 1
2282,646173042929 31192,79642211311 4,97561359377377 2242,7939597750874 1260,0110273477528 94,50806886779034 44,94276413175442 38,62451803905511 5,400097349008373 1,347796314885915 418,36624708059287 3,013579847651349 315470,2591879802 1
2300,727336780918 31159,30830750959 3,990938238672072 2138,46397072552 1230,005872662916 95,19373668668818 44,84316196517863 39,96181655675487 5,452842671556165 1,350275728435112 422,2098542594274 2,997769225604607 314373,28210278356 1
2283,3525543353335 31097,57739783241 4,005369843080963 2136,1015189050686 1229,5047882461067 94,80891474538676 44,41892253071711 39,541331690026354 5,37807805496773 1,3494632853167976 422,5849900922755 2,9804026907017453 314207,12950663967 1
2287,3013767164553 30913,827728178687 4,9720696904135595 2209,9408154256166 1260,1258167358124 95,71749860328214 45,27663572944921 38,77079539987073 5,4668111193410365 1,3400681073082643 421,6831495979199 2,986105874720655 311903,42905897636 1
2290,978149345632 30879,813829535837 4,979213845724119 2214,1770258283937 1260,4697569411858 96,03972668110184 45,841756954712 38,86475735296287 5,402087639505375 1,338178231962651 418,9041197884443 2,9797132067956236 314471,9490734485 1
2295,173639159771 31011,36941856564 3,9923267020102764 2004,1000500054727 1214,9005209671686 95,95171176022649 45,155062718266414 40,64149033905821 5,449569937484792 1,3509349490403262 423,17931709206414 3,0276207428990554 316422,97243628226 1
2279,6791341665835 30854,83112314991 4,001388445015331 1998,7184368634673 1216,6598671109114 95,21298919215441 44,80210671779018 40,698550353456476 5,422612142006599 1,3417200349679703 425,9875818078656 2,99283926020849 315499,0424579368 1
2315,5491851118145 31138,789223807176 4,019339001134096 2111,121996825524 1226,2313586177927 95,7682783328201 44,83260987644162 40,50026087317499 5,411388389824129 1,3507782029094244 422,3182024675407 2,9890654883159904 310612,27082965965 1
2305,397999028928 31180,901390617928 4,004848222689741 2105,2970663745505 1245,2189770334492 96,82492740269272 45,91851310306494 39,62475601222559 5,4229062542299795 1,3446186320359077 428,6174303249442 2,9908921139336355 307575,47922177764 1
2299,958611830515 31182,801524404465 4,00954061736377 2084,190901669866 1239,1576248803115 97,46217535006366 45,907305766441816 39,577160742808374 5,47415814376909 1,352003584469781 425,81679341347785 3,010441319316771 313927,8637291359 1
2279,804832789722 31064,424117517727 3,9947349483417516 2189,4389425344543 1225,7840811242052 96,8922765074547 46,513302456063165 40,19362449555379 5,403848152294378 1,352756856880951 423,5825898265747 3,01299274980647 311821,1499552339 1
2287,4338199926483 30935,046021494647 3,9610821879879206 2200,6175324792625 1216,9789325523188 97,39939786783148 46,17183594615458 40,30146519810889 5,4373653501262575 1,3469154670605548 428,77763988325466 2,9960358441558137 309674,65093365876 1
2290,030528138318 31064,840299757234 3,993638299400377 2163,143777374375 1260,7972060190675 94,63406904519059 44,89118549311203 39,248801219850534 5,3953772224647185 1,341006474514295 432,22144126148805 3,041208885373563 310605,3555840066 1
2273,4146864148042 31023,204715472617 3,997903495640987 2171,187558704569 1250,6733726664456 95,19046536759411 45,57771938403681 39,11439521404006 5,429223300826641 1,3541292617664673 431,19955682821745 2,997329148690473 307948,5326613351 1
2287,9413079817086 30955,89297181214 3,9967109513173154 2166,6131639797054 1264,4755088774514 95,61595594795357 44,86446130356604 39,22026823735519 5,380545145230271 1,340706152761728 431,20228835248724 3,0221593243877996 306742,0873345127 1
2281,1916010257632 31275,056881099867 3,9565058350123845 2180,7807714888677 1248,6406815153675 95,27150953490379 44,47799103742988 39,199989878144606 5,385860286489214 1,3481025219225986 434,4929513015386 3,008702902837791 308423,5911380127 1
2301,007263496977 31090,849598192057 5,001254754550265 2269,8821237117445 1247,8209125675296 95,78585045459727 44,52328729650492 39,09999632588975 5,359952566064869 1,3468817796940773 431,44430080214556 3,01350832192548 306097,8980359733 1
2297,1456139869915 31111,74832693651 4,987868651397768 2259,2378908426986 1271,7176206019003 94,64088239913451 44,62753125222991 40,258654772904016 5,445652858568765 1,3506531843545813 438,08254494747706 2,9879623552747505 308107,38384492067 1
2297,637074005617 30764,742837747002 4,997399257143259 2288,552482742278 1272,7165482543896 94,91768189258238 44,69881069678813 40,19135848408126 5,407969054617707 1,3513941445871605 435,3536413075323 3,0079787369513493 308307,89943278383 1
2301,3727746007125 30721,96286939157 3,9814554973174885 2004,62662835653 1220,8385886236827 94,32701256705634 45,99855989927774 40,283953125071676 5,418299860814809 1,3490873016338887 438,08347160580485 3,0067169290571614 309665,7245057535 1
2296,3791843701592 30849,510869380585 3,996490813230125 1997,0353765692366 1215,097647185715 93,60967500900627 46,052729402309616 40,56108819896037 5,396796663499472 1,3473620320354043 440,0977105325502 2,987705518205972 306259,1879378142 1
2292,556104015041 30617,863084339133 5,040776289579094 2267,939842775215 1259,7001879174816 95,07750762592224 45,53266556951284 38,47635296934373 5,42374392444075 1,3508570255381789 440,79530343544576 3,002036974337353 306071,7838485126 1
2292,402628164775 30814,31889612627 5,0003665389154595 2274,588940816634 1267,741393144639 95,40146896146587 46,208004236226124 38,67294878277252 5,396164098897755 1,3512812643050496 439,81268960213686 3,0336070995863373 305540,4740828449 1
2295,989229271608 30805,11273597333 4,964767723658347 2318,23423523393 1279,2308650074435 95,87994967884364 44,92706113511952 38,29857761481666 5,4188910450092305 1,3450961326784956 438,95705199652 2,9709131512449725 309357,0351819318 1
2302,6763348772797 30861,560923565725 4,968895966949237 2317,6556737786523 1279,937528138014 94,4564893033575 44,723930739598075 37,9461457304805 5,434793440696675 1,3619679810208767 445,49964954686504 3,0276166391856867 309330,6756827115 1
2302,1711576714574 30702,568397520907 5,044726284802776 2245,9268296412183 1267,2436820067796 95,490420272447 45,21456703996499 38,18573559620235 5,403676256498993 1,3483329583685175 443,7146745267262 3,0037330540519207 306778,50110176054 1
2289,5700618459077 31012,220985847096 4,960707690466744 2233,6242669364747 1246,7673788752434 96,30255378060845 45,577564986283974 39,46350552694063 5,38905276846281 1,3627229730135617 448,21868473994016 3,006659596651571 304408,6774369552 1
2308,2321184215507 30891,372759382954 4,9745599270018115 2270,3560595777512 1247,5666752214377 95,27982704499065 45,606453030042836 39,58010638252212 5,4552965094922 1,3477419315401316 446,1727598156429 3,0068136293919654 305637,423991047 1
2328,174921179902 31063,380271057948 4,004828996263528 2139,895904903704 1240,8079349778773 93,36426484787548 45,044371301635564 39,09781484743377 5,431728687999499 1,340626876601725 446,2184554560771 3,004028355867793 305243,9915193417 1
2293,121953770554 31271,993915501323 3,989208215457291 2138,07665355891 1254,395323937952 93,19011822564642 46,19112585122338 39,37700955752413 5,481738226985232 1,3715878806260016 446,01027745799536 2,980196372280588 304888,83999780315 1
2288,8066572687835 31113,33750603233 3,987193877777412 2097,2915065571633 1243,2869922808907 95,16606602905087 44,87072088617602 39,61230555537008 5,425976256866729 1,336504391864349 448,66738642379016 2,967368175238234 305940,8657776668 1
2288,5043858849617 31150,05926056654 4,003554844050443 2093,696584116836 1236,7638438998476 94,84380578954038 45,37451083880043 39,2952270237439 5,43119949276596 1,354113254969216 450,340675661805 2,9920116904724408 304633,4289917908 1
2270,402565864656 31226,659748094902 4,01090125563845 2136,780951674775 1250,2484889023208 95,60173623477088 46,227095351404955 39,33727868099045 5,479750034950458 1,3658899939751865 450,86905766427356 2,978273145209427 302745,2327273366 1
2290,6533244671027 30844,053913019507 4,040299486049061 2154,6205650375673 1245,6712864752615 95,59381033250833 45,404328533027616 39,546224860032005 5,43599139742483 1,335164026617008 454,13767412807033 2,9712017616000064 307864,556030759 1
