Co2(scd40) raw_signla(sgp40) aiq(ens160) tvoc(ens160) eco2(ens160) rs1(ens160) rs3(ens160) rs4(ens160) rmox(zmod4410) tvoc(zmod4410) eco2(zmod4410) iaq(zmod4410) resistencia(bme688) Aire/muestra
844,4576795043232 31680,81650768578 3,0087318537887286 484,9157975656049 861,232718794461 218,0841106726328 93,77752736201646 67,47804546005992 5,436513427341404 0,6674325330451303 400,21252580974254 2,9987367373365927 446168,8942146335 1
844,683906728953 31648,653694122022 3,021357813405782 482,54352933772066 867,193922068242 216,93095220205555 94,92972097489718 67,0287235935041 5,4584226163467555 0,7202032005517264 403,0611888399371 2,992590254561763 444961,18022334744 1
849,5128245753741 31526,079963053213 3,001852237454322 539,868167657981 860,51732535158 219,6780528285692 95,96034079877934 66,75484761383416 5,431287357811174 0,7072541285282811 400,4998602152749 2,9877953778285193 439398,55247263756 1
840,6003837400469 31751,566749011425 2,9794317229561726 537,4428522997968 872,998959621136 202,45525176303917 84,61231571443284 65,26974944058615 5,437155897156873 0,7522025286361993 404,5244650585395 3,0028108200716064 437774,8404860363 1
850,5303502877056 31730,661090939626 2,9651263398670578 539,1800543647287 869,3686146367927 201,7216359336585 84,34631775173753 64,66400160847832 5,472010257674432 0,7515805889485963 402,2169093348341 2,9881512869369837 439631,1424191534 1
843,6890880848714 31630,22690860147 3,0238776551810456 554,7500467722546 889,5354681883887 190,18433631687174 77,99057377034515 63,945930020230456 5,464592220009833 0,7511509189360136 407,14920345169065 2,9962869017379283 434097,8439420149 1
845,6658110587 31589,94389582194 2,9890638214750895 559,792264141226 883,7186469461868 190,29731742752568 78,11466420687405 64,58480501536692 5,434398492183239 0,7908765095478039 408,2456081828461 3,0047997209508557 429516,2454023122 1
840,9710993498255 31835,863100499097 3,007650871177904 558,693673664689 881,4305357339889 183,13409573959433 74,63420667732086 64,67582857244237 5,477923357286232 0,8067292107938903 406,61819546760324 3,011155530719157 430926,570240704 1
841,0317079725376 31760,650595802737 2,991068612707663 566,3120401021479 887,64129271556 183,21305594247053 74,42472174963629 63,906548034027026 5,510010166280717 0,8386848087261677 410,4077930922911 3,0184725390281004 427083,9408908342 1
839,1123638910682 31582,077434908708 3,001738465612127 546,9630980669228 879,6718346931896 173,07255924681598 71,56522377640759 65,24810249570783 5,506430013988582 0,8418156961321661 408,3212887321076 2,9881067185230483 425997,0027217306 1
837,6269727525395 31875,094064738907 3,0067392986389283 546,6521965489409 882,3068726425417 174,45602271117264 71,30408985949963 64,44308838942558 5,463794907731807 0,8846635568688179 412,7926148941436 3,0041346046160653 427366,74161460355 1
849,3084086014319 31383,006569386805 3,0050812453579896 529,5689465489102 872,2854078446804 176,41233125706532 71,65392050978113 65,14188603642883 5,430598014462863 0,8792142088077901 412,25824264237957 3,0111136215593652 423667,552560676 1
846,79318286811 31606,46492709129 3,0180497489430413 524,8497893435134 875,9541319975009 175,40739166966765 73,45801066427855 65,12850030898329 5,479168775470827 0,9158305789215505 416,9404849162531 2,9899243174108565 421543,33895941084 1
847,3634239338573 31855,326631754266 3,0206045147693894 532,3109384709013 877,0746093327527 174,99343154049774 73,92379193083288 65,64101679155931 5,523967835353088 0,9101003852999279 416,08629949519 2,9820932470891144 422391,6286270754 1
853,1847053812165 31464,25247872266 3,0175541543922892 431,04431405865716 843,9411455053419 179,2124057853295 78,4818985885001 69,59918000310567 5,4663487740728325 0,9161874976011047 417,77283371130187 3,013738073693377 427335,4541668879 1
852,343982356959 31524,293284798052 2,9929908968003502 431,6554298406795 836,8691382761577 178,96594053573347 77,19703402678769 70,35335165471815 5,472249272448039 0,9371009389339956 416,5505171870732 2,9800563466490892 423133,54239148524 1
861,9313923224958 31379,17784365889 3,004120662118349 443,4815642206685 841,5820239241817 172,10458889227564 75,94949315747157 69,77178069999187 5,444290680641862 0,9390984498865893 414,7255862213432 3,024123210926823 423887,69998550194 1
861,5647634997681 31495,888620694754 2,9843470973333632 442,911543580085 851,6832254056754 173,2813963173247 77,05370156868814 70,34595180205919 5,456923145236641 0,9635898539486116 419,53579494825806 3,0199258072865516 423432,19667120837 1
856,115675442174 31369,840847599186 3,004157996062231 450,9426359382753 852,8274569002479 168,84266555517445 74,93080871989274 69,10706370335325 5,433943163634375 0,9784242772497752 417,33029480613925 3,0200408583078007 427467,7990448242 1
858,8224598551541 31362,971948485952 3,003240964283033 448,33202176608785 854,9437082613236 171,17525610135647 75,21276143838071 69,3346356877234 5,494323505768571 1,0001222535734133 416,264814713854 3,006684400658652 421987,5958611887 1
861,1533961905039 31350,010295642598 3,010435639754376 538,6641569982487 849,9537718287318 170,01736751846303 75,60344714082542 69,8726727613517 5,461457678694039 0,9891653811644805 417,853405510068 2,9989532333925624 418507,41796060675 1
853,5742650956923 31672,702167956995 3,003363915463438 531,3912193024935 877,876208403358 163,0915499421669 73,69264104340988 65,46380052200435 5,491415044619645 1,027186028027368 420,78973577646707 3,0059010258238237 419261,2778585125 1
869,2661622014864 31270,485639185317 3,035446751573674 535,0514514548527 887,5143204470422 163,67992813068346 73,68179280730551 65,2811626120895 5,478257415497597 1,011969866745373 422,0416102381087 2,9918260630600226 417959,9291811662 1
857,1469910008487 31455,359555796746 3,0129175005041557 525,0246918442659 868,0568956554139 166,6635969159396 70,57948969836804 66,29746254087287 5,470864766122098 1,0124213322746654 421,066382295963 3,0088122935870443 416356,3902450877 1
869,2399825377237 31807,29058197199 2,996201848090178 526,3819712873228 864,2848848136853 166,44579134556298 71,7491350188116 67,03569845287394 5,4922383407217215 1,0532736844388073 419,9607248763098 3,0117086213503783 413245,6620588255 1
871,8200021774604 31676,88911924276 3,023128649663461 518,4942402506063 874,4406408795054 157,93653187851967 69,7027555316168 66,03083282409408 5,398358172567162 1,0466523317105554 418,81048655116496 2,9972812128153614 414411,01648581016 1
870,1692165657973 31691,705818363695 3,0109907689391004 521,6713831946116 863,6865609909547 157,34860478626803 69,07954136426949 66,19079994392635 5,430346358594356 1,0648559943072677 424,5300948464531 2,999934126483134 413095,6106240507 1
877,3789699044895 31567,481275639755 3,0076469367504535 484,04824579255506 861,7343629680211 159,11038605009423 70,58553022415806 67,24655661363714 5,464016612382484 1,064104937102377 417,905526223259 3,014075899142909 410581,053638427 1
883,9176197876325 31485,19563846887 3,01402752305538 482,13571949924096 864,8073403773632 157,5832468916051 69,89310106066837 67,2315433687669 5,43875396118808 1,0899464613821992 423,75150865257865 3,0092115210353905 412808,3393364477 1
895,0005144543013 31445,496305541496 2,9916426571925774 464,79078113755594 864,9391387576885 159,18457340212225 70,54801844896986 67,5310923721173 5,4634776614405824 1,0894424948454742 420,86840591427625 2,9935396216783285 409610,06160077377 1
881,4866159543894 31262,0314765071 3,005530288113195 467,48350064515364 853,2513281809921 156,4141128327023 71,90893152532718 68,09565154959624 5,488121346221605 1,1077235743777083 419,3130193686853 3,0360723170203485 411243,0878461289 1
893,0564677416846 31271,862589260207 3,000629065055786 463,58813015287035 856,175705106025 157,07437386434023 71,81823607749622 68,36242563640273 5,481126596419804 1,1034017973579164 421,3594196940965 3,0380772130224925 408621,7470232028 1
896,5034848554094 31353,496823536938 2,9920649855796766 423,558931105853 837,8921956694065 158,75533317497369 73,21446294929977 71,10427793368922 5,503486090753573 1,1028959496831119 421,8989653531549 3,014896255543041 411062,85133318685 1
894,9436038980956 31486,289453309397 3,0242609672403384 416,3234210210646 843,1106407331378 159,41938982302332 74,1972970042597 71,73345050475626 5,458012691780807 1,1178016765521457 424,5198377944776 3,002110307951189 410316,40884253435 1
905,5075298261183 31676,21793054774 3,0064091823814865 390,9224248019631 837,3213830803032 161,26449174447117 74,90193870721082 72,18869082555145 5,4516966250927235 1,1205745636816717 419,0364551435551 3,0081975622476556 407664,3717812946 1
898,2982201009215 31591,82895169749 3,0161732585524783 394,2482204018229 838,334470081634 161,46197498782266 75,60525622644074 72,23196561619487 5,449758347557106 1,133444632602785 428,2293983991677 2,9988920336213423 406847,40418764873 1
914,402568268557 31522,59863041209 3,0264078977144298 402,79610004501325 832,8729524343364 161,62387004562086 76,76986572342705 71,68918447423873 5,493285440264174 1,1300581330427821 423,35957849540915 3,019396205322918 407756,62268624955 1
912,1601353934884 31430,170056431984 2,993778590579672 403,76017957710394 831,7115281753382 164,21278625507273 76,86641981242215 71,83543853346883 5,413596638187575 1,1358185454978786 423,3910381453862 2,999988839104583 407623,70846926817 1
915,5006800394785 31013,2532233124 2,978010885472493 393,7891433761511 832,8212751647634 163,64801106603792 76,58376064323718 70,94509080497782 5,447706010703509 1,1407745883823974 421,1258388733577 3,0188361174013463 406892,0924579999 1
916,1601837865124 31580,442083592992 2,979061336925015 392,06040590517955 830,215299797914 161,66500406943268 76,66864059383416 72,19588827986298 5,473514355908006 1,1551409474534169 421,4160956747762 2,988267717609169 411995,4469726858 1
913,0770696132408 31495,735014722468 3,012736971980178 393,4919528451217 834,5691646374069 161,40146322103533 75,8788480904833 72,55858854999445 5,4839790671431325 1,1532156288827946 420,8027156716423 3,0105690055024543 408110,9550676333 1
916,0533650725262 31480,207922411984 2,997156928898926 402,6228295370997 829,7589829653976 162,0000880800691 75,99389534544454 71,95561258192772 5,445746776118385 1,147126984125649 419,9832523064653 2,9995059075862907 408103,91155128443 1
912,7415653863237 31441,175257932762 3,019820533997949 405,4291920693305 834,5916516561921 160,9834056831391 76,4331074810836 71,15645203597283 5,438540828279106 1,1624968526405857 418,5534634203467 3,0003749521985155 405213,9152177922 1
916,7890186799499 31574,256098097798 3,003220452901508 411,7137728156649 842,5684331141243 161,2994824288884 76,21722708378154 71,66373766273357 5,434694975791639 1,1626918596396185 418,55312869692045 3,010505446585321 404804,18148443697 1
913,6371010060618 31256,96127064807 2,972703422205317 410,35473263433937 842,0173038981582 160,2392717682694 76,86352330529503 71,15684775153164 5,423262898688785 1,1718848196888825 423,935813613875 3,003347810846546 408516,46418259596 1
921,8850162155109 31447,8835364632 3,0012121643085594 465,49312367349427 856,0941667355353 153,44247776832546 72,16553286508137 68,11545430737405 5,454865758411509 1,155309222614662 422,2316290960144 2,984739153114732 407087,9676600951 1
924,0940166902157 31392,522608691666 2,9905186323182096 464,3634985694541 858,0279355476887 153,09221180227186 72,10298930728946 67,87765581321662 5,4077975695714935 1,1801903123303679 419,8403976383025 3,009706467224044 407523,5617004684 1
931,5826530888324 31338,117262986983 2,9880557235534484 483,07070430589033 859,252820086739 152,40572637149174 71,25779367715081 68,20268262185142 5,478325738722829 1,1869280613869149 422,0338056462489 3,0103926578710287 405792,0148405087 1
925,8852657743136 31483,971546834167 2,9830983364965147 480,75645888085705 867,2304340442809 149,57524176860989 68,9979492436668 67,60570477882274 5,444504262402631 1,1931278766451179 425,5398894626192 3,015444880251164 400746,41148870037 1
932,4283093962915 31555,540708817298 2,9929997005881543 482,7957959085185 860,7994311683005 148,76270306081094 69,030939681975 67,04518078934588 5,474010234553113 1,198276948409457 425,5902653201024 2,985014638236994 400292,98218605586 1
924,870254975834 31242,480183271386 2,968558382960861 545,5113227405176 892,0385575407638 145,85238433818694 65,29575850146014 63,898778891620964 5,454750298863786 1,1801745473561718 426,17132303723884 2,9960902823618447 400168,5452200516 1
933,8738464836924 31504,351006325673 3,0331358708500478 559,2394065536367 887,3870758787618 146,5548404493605 64,90108744860113 63,95005265654002 5,4499203203657025 1,1901166477714162 418,77826517351997 2,9924244837001965 399645,95986741065 1
930,4586760327618 31365,833863537453 2,985769688115826 551,7667392871556 884,387560685859 145,10218801129383 65,39906388488548 65,41776152723547 5,426370384427289 1,2000892301125314 419,5588978560952 3,020660632903693 399412,89411357563 1
934,6439105524317 31091,738353618588 2,9838192531481784 546,9023313839474 890,766887650536 144,28985486334972 65,37153385168472 65,07851030562894 5,45141243159773 1,2040730538367839 423,18258468681955 2,983716365999343 397408,2071871931 1
933,5915923739152 31602,279290739985 2,9878941074760488 559,7360934516461 875,9131095881353 143,03551262318362 64,70428318005088 64,32091139594478 5,444075623348028 1,2118034266568718 424,25328434149816 2,99902733320956 395343,32396350504 1
929,9290550726037 31274,29530360402 2,9851401189559574 564,5233507712488 888,8150137389414 143,8988855640877 65,3214782101575 64,3705074272493 5,467305625664288 1,2137900337309662 421,45030166864524 2,99187514357595 400040,9635432713 1
925,3322836322282 31109,345760663095 3,0134191037211435 482,8670531108309 885,3877110496993 144,10253936915916 64,41541275522445 64,28782168778959 5,436027347262906 1,215682192916486 423,17844283875326 3,0037758930079033 392684,4133418599 1
925,5658208188177 31483,450277951222 3,011888389483871 487,1390477921631 857,4111914556534 144,49582425170684 66,19575224683858 67,62557467168563 5,397848091736658 1,2311779662484366 422,67241488278273 3,0158327437908135 396271,78788449883 1
937,4956342465476 31448,63335976363 2,976284702892987 490,30504148934034 867,7849716074063 144,8905288042874 66,42147332170296 67,2699167996096 5,473309379587013 1,2317892134322403 421,12981034762873 3,008413760411348 391335,4947385745 1
931,5562748910783 31084,457722725416 2,977601045346454 498,17596091145134 877,1473657774961 140,8485494584379 64,91536589953733 66,3890010112141 5,4997486569389595 1,214568896867286 423,40557562128015 3,021054303332804 392772,5010413661 1
935,050794177653 31240,468925534282 2,9761042930146204 495,6395205392431 869,7390206855868 142,01868097243192 64,6305692014434 66,8093830735055 5,489432667542875 1,2308607111326484 427,5114891769178 2,978607201343819 391779,9223196252 1
931,4858003088874 31399,540197419006 2,9804434378603504 539,6316427377338 886,6238347461247 140,36743333200945 65,43636657989012 65,8874172610336 5,462350405813092 1,238227542287408 423,7679668712027 2,977698833683736 391346,66260415176 1
939,1678236269313 31317,069439728337 2,9949086045301336 545,291810821026 879,1598002266721 140,00312673179255 65,87704918655308 65,18945327182603 5,4742162106743 1,2376499753515622 431,482986307251 2,997631469969461 391521,29280595144 1
934,2041485872379 31248,33680518358 2,9966444281448776 500,49080662976206 873,7551441113687 140,12359047686286 64,99478618614822 66,91243032817164 5,4622445984237 1,2392970240191306 428,96185013939714 2,9765915992540095 389976,90601539303 1
951,4053899104514 31046,552472636715 3,004341271475842 504,4792180285838 868,3502741718427 139,71581576804235 65,15445303675494 67,10651690326443 5,430871498938096 1,2451022895879802 427,1286901292872 3,008283737414657 393127,466380939 1
947,3256960421189 31183,71755144588 2,9930480059212927 479,96352651361025 870,5944459588251 140,1415796842074 65,24114086598847 66,49532025532368 5,4480967223924015 1,2445398318627885 427,6886966936098 3,002025533083292 393998,17687971727 1
946,8893469079634 31151,636393522076 2,979596336127412 483,20449144119937 856,1073176142868 140,11744389985995 64,78254280490187 67,33174224044718 5,476124328961185 1,251404169673673 430,76623965212036 3,0035447402686932 389864,21319876995 1
937,4793625001264 31311,195153157907 2,991432991257654 485,89077202988653 856,9046331188384 141,99499988786766 65,12885579393178 67,99367303841103 5,4318325382831825 1,2445809503307041 431,12399009944494 3,027115734690479 391869,92540348147 1
941,3962618580499 31245,3169440512 2,9940342410669136 460,6435710840116 847,6470155161833 143,8430325546713 66,7095674610065 68,43624013376875 5,479237608018527 1,2558360001191682 432,6029020155338 2,996323338485742 392366,081966378 1
943,3769272383608 31386,598079420623 2,983645379034138 462,8486350019623 851,4162687859297 142,6832469464517 65,74042516218853 68,56453170386291 5,480091958768129 1,2538265034051133 440,0448006771337 2,9786664409778973 386520,25317971746 1
947,423982117213 31350,89278483296 2,9981332893606596 436,3443622500724 852,867348876315 140,87615979353265 68,6799446116925 69,84762687831565 5,45980231929132 1,2558101410054274 438,4381617868426 3,0001695325474937 387163,5582912412 1
942,7515525455839 31211,384989670343 2,989853610236875 434,2766333662464 839,8538906016657 141,4470705464382 68,83343681808164 69,68239938583554 5,437570605525881 1,255335570326576 441,2359828109797 3,0093469445692875 388321,44369670446 1
949,6431940008905 31268,228503806138 3,0385478099684065 431,5960733342086 844,0233228489969 145,6417644292449 71,23286409945909 69,89481777571542 5,441621845305651 1,2674601351221892 437,78412733059423 3,0040331902721107 387737,7892731421 1
953,4033279004088 31150,130536739573 2,9875025442664658 435,17520889946894 841,513440363583 145,9808475988288 70,98375000572616 69,5062807007185 5,484404874323358 1,2524627171476572 443,4017933283366 2,9966431794868402 389338,59077359363 1
954,2740803318391 31419,135018729954 3,0071633788604624 432,04771635418507 834,6019016331142 145,04926422715297 71,0678196839659 69,5873625648778 5,5109569399965945 1,2583778468162277 444,33253511925034 2,9738275253277946 390486,4310711093 1
958,9815540074436 31437,82733234463 2,9949969457598655 433,266133786291 828,0892238835872 146,35937870992655 71,04225518135772 72,03948074981837 5,454943560835599 1,2626983786630286 447,82425299024294 2,998967527757656 388194,1050510339 1
948,4807997658716 31470,139054737152 2,9903988409622833 435,67533579514014 828,4946593524903 145,86346075672856 70,69367257325682 71,56063321544877 5,440153391201795 1,2702502900959154 445,74587717803564 2,987337959936153 389904,1843055477 1
948,5682989414345 31101,017826438718 2,977954701765416 401,18942310951593 836,4879390265706 145,86693478886426 73,80967902437729 71,99606859783461 5,419438911348224 1,262898089503024 448,3412631435887 2,9991906941768325 389525,1960721045 1
952,3164841965284 31197,80892567758 3,011672351467549 404,0605939243425 836,82412673548 147,706630263833 73,80808951091585 71,81861107334733 5,451900330576321 1,268877659228047 446,24313640456216 3,0181635602763848 390658,77838018525 1
958,6158547974873 31154,643966855125 2,9839181644485735 368,8854073572164 824,6046897205921 147,5978878628611 74,71936098438933 73,5493752331801 5,418564429651961 1,2657836641481193 450,2198574047618 2,9989923045874507 389348,3446454145 1
943,0328869692984 31290,17645987152 3,0322674765476636 370,4372684629316 828,9368826636671 145,33543752831974 73,57538567692063 74,04912052097343 5,4661423357669365 1,258037692624851 452,0617904439984 3,0081815584059663 389867,7970359466 1
961,9554448493346 31173,81063455601 3,006623416284384 378,66083238444526 828,1803489997649 151,39162772406166 77,29838626917905 72,74404990740842 5,390410398792291 1,2606497253477027 452,6364204722938 2,98946395918835 386131,65593740955 1
960,8134837663353 31323,02394679387 3,0170441708605966 378,2502222346991 823,5708957356319 151,67452242043476 77,61161121274296 73,43288750675372 5,466761114289867 1,2555037158779752 453,8064572277916 2,9883531289484777 390004,41381086805 1
959,8299720736095 31185,834251464938 2,986967057224569 303,85353765990567 824,5021425032052 150,2044730082325 77,50242799154643 72,44947312116477 5,419951306553368 1,264795446720519 451,78943816068926 2,9956917777295997 390890,5689201719 1
960,9965803409526 31294,546049907814 2,998747540708145 304,049150652461 818,9811200663976 149,99792219481492 78,10470787195452 75,79034838325181 5,451150243582299 1,2395434629510118 457,7885669734744 2,991797930607818 393025,8485898479 1
959,4930312328969 31437,456086948296 3,014350446203112 308,90495175717996 819,8092232143272 151,59129387760046 78,22601875807885 75,33327278280562 5,442341773870223 1,257181697329513 455,4047636072683 2,9914611512321065 387554,6403315171 1
957,8363047851461 31067,458946676088 3,00466060398743 306,09788719184934 810,9809221634224 151,38355175127248 78,00324858970005 77,27378113556185 5,434030409172907 1,2541847194822777 452,11483348736067 2,9883726067305068 390054,40310603107 1
962,6348791714561 31032,921971404678 3,0030840824856537 306,4787919495674 800,9044832002354 151,34526089216268 78,11188181667252 77,99792662786268 5,483845120185688 1,251624630479694 456,6151087775062 3,0155990132567663 390199,53453579784 1
966,9913374020507 31134,886870168077 3,0038049018479143 357,0776670941917 833,1730464230543 155,1599247613645 78,35495086790519 74,67014685874165 5,50190586702139 1,2588890748543344 457,7482214157157 2,984733651754415 389587,9808089984 1
962,7902064676135 31261,754520885785 3,0173168183208747 359,73248234840827 821,1502510020964 153,7921300740065 79,00867027444495 73,56516702029698 5,471432843388888 1,243474982324657 461,61448682017533 2,987885498822356 392714,9240987529 1
958,1254699515138 31144,857054765354 3,0105185461248265 356,3864416744325 815,1610583723993 154,9570913605208 79,74144383701612 73,91362589483688 5,462948369749771 1,2431546667989297 460,9875972825447 3,0018300356268988 388754,4850145327 1
964,7221825660821 31294,495689086794 2,998155594083968 351,26937279121205 824,7950167895888 155,13399169645191 80,42154212954199 74,88791836327847 5,448324012251006 1,2444967098851962 461,80826788406296 3,005924140547232 386228,4976418903 1
963,3047159847052 31229,10110348172 3,0265765184671913 353,7008210038036 822,7326878943334 155,20694156864212 80,8070475463449 74,57564264641667 5,458549453568026 1,2413393858544486 460,2774693722381 2,989084338522314 392013,1761401373 1
966,632104616187 31218,805991847632 2,9807555544734026 353,03452142962357 822,6209414154823 154,182367029613 80,76445403460872 73,8466334174853 5,43519598522035 1,2451532120254907 466,1440045496147 3,0058929953890265 384627,103690183 1
967,2178537398116 31283,12170872422 3,0111903198866212 351,9482805821487 822,8766142016007 154,86421787069204 79,88820095292074 72,6331586923004 5,491112207223123 1,243961127685253 459,9411748126324 2,983662924072801 388982,8317801593 1
966,1327023512869 31156,280674294194 2,983354259457482 377,7988671262777 818,3276379186125 153,6321056870188 78,91016927761873 73,34210035231929 5,436949238069164 1,2428939136571748 468,7540395516877 2,986622567273785 387314,5939383688 1
965,5601391819183 31371,824922334756 3,0228377419125794 374,50303159144653 823,0931359958229 154,87745660412207 78,795015478867 73,55818769228443 5,454228597250305 1,2446718249884579 469,1477991763472 2,99619059498656 386713,67842872505 1
961,607232608976 31097,519506500354 3,014180691062107 351,3657086251546 820,2023825398861 155,28926896897076 83,13117844294635 74,41833349544875 5,485863768228891 1,2449649829452198 466,033887365802 2,9979160142827874 388375,7583353485 1
963,7296398345551 30985,82920873541 3,0314289646428376 349,92031782088566 819,1340379504657 155,34823247431385 83,34564672231305 74,195114596957 5,459368744340013 1,248062290931461 467,85712309428277 3,0027709886100755 386024,52583654196 1
968,4391795017106 31335,22617669545 3,0047246845591182 346,445510226765 810,1387809372687 157,66383393934663 81,33289445856737 74,8879933451596 5,458866121537627 1,2497646726756062 465,9641786445376 2,9931765690027814 386767,7923403212 1
