Co2(scd40) raw_signla(sgp40) aiq(ens160) tvoc(ens160) eco2(ens160) rs1(ens160) rs3(ens160) rs4(ens160) rmox(zmod4410) tvoc(zmod4410) eco2(zmod4410) iaq(zmod4410) resistencia(bme688) Aire/muestra
813,9564937948448 33093,71029151114 0,9978464818803999 62,509007080792905 480,012953533333 561,4960510250644 728,9923271689372 104,91107905950221 5,509664300915704 0,048442922198969535 409,68947986979344 0,9924099631840151 614381,6010800544 1
813,7617288359244 32763,735826998633 1,9906555058571263 66,3971079052412 484,70775890329026 573,0723955967997 728,3078004537449 104,66454863866838 5,50582362187527 0,04894347072910631 416,3230073977022 1,008128737849036 619690,5128692528 1
824,3652091611827 33047,9668117904 1,9877644441444955 65,62937678471768 493,046583081526 572,8462964756435 723,3604864812282 104,52106478875098 5,494455788784862 0,05113390569087271 408,4594928846561 1,0016086736303413 618340,2888463811 1
820,5007453839191 32646,819729149367 1,9945009549926993 67,94271295387283 492,99022415133675 561,3865167343383 740,7235230922855 104,75835124250672 5,461273249897176 0,05112180754915664 412,02801899400237 0,9918540806202433 613605,446222411 1
815,518279867434 33032,821248803695 2,0029240769593186 67,81331359908104 492,3137956619608 561,4955346939261 733,2126334449364 104,0420269432159 5,416342759837931 0,05419012589521521 410,40634535348397 1,0040777869188138 618302,2063729144 1
817,0871251171508 32526,64084528685 2,001989581703447 78,73147540201009 513,4680277417872 569,1407724026269 721,9296735272545 107,13080334797377 5,458950207673974 0,05373440832597581 414,24615078918436 1,0029873631029416 617935,5752333612 1
816,8189229891657 33178,60287344801 1,977364524188284 78,86369534715975 511,8520263068571 566,2180063818803 723,5604537816142 106,818317535719 5,490273509866869 0,05759130295917249 411,69701606231047 1,0011449334719396 614378,0722773595 1
812,8094836118088 32948,5127254806 1,99552675606331 50,06323311043398 512,1330757742533 568,6113963076814 720,6539599774432 106,69156898568527 5,516746535674698 0,057929970935651685 410,53311107858207 1,0065769668962055 611691,6757627805 1
814,3144385307185 32927,729418063325 1,9781170009092464 49,943456064168345 453,1554179872657 562,4807337910316 707,6874749217623 108,00402151883645 5,497699911156622 0,060632724410366226 411,2718371483341 0,9983962328605306 612179,636294441 1
812,4498912920284 33104,45026963986 1,9926267840439935 50,12891386851148 456,6959950556763 565,4906604467182 703,455573562352 108,04782515469206 5,512504428406793 0,06091949248729753 412,0325932731732 0,9919533887715098 610036,651354395 1
815,5247002850081 32936,98835982719 2,002605483499619 65,76775618615262 493,4211576992161 543,6250105889173 708,128389563447 104,74075389893206 5,496303475649919 0,06109618576883779 410,0405370957394 1,0057515792718739 611184,1926694171 1
818,715030940604 32712,885898643348 2,0015793927108296 66,30924627619545 486,49059160289494 541,8603628956771 711,6637186157608 104,31443273914599 5,50151213817909 0,0636627590903336 415,1029354704503 0,996694792646955 607844,8877341079 1
820,9058615286707 32712,346960028528 1,9981048836832491 67,13534963316175 486,0222071571925 567,978541971207 699,3976699553566 103,90255744145158 5,472032641318896 0,0641684570178077 412,9682998580144 0,9987690351976071 604625,6518943749 1
824,5878328731284 32764,52359881173 1,9888571571749023 67,22484713866056 490,55454894937736 570,2021723992988 694,2123898589981 103,72279614314377 5,486771682758869 0,06641698125408954 407,91679612820377 1,002722748497767 602399,0211816172 1
814,308890352333 33152,24789464689 1,9839185039142864 80,48648374571388 508,0372863406373 556,8950241390846 688,8788463840133 101,55798279382431 5,495397748467303 0,06606166701998756 408,9084723701633 0,9953249729648106 608234,4935038747 1
822,8408124685308 32981,284115169714 1,997002191373835 81,50377189048096 514,8616207426256 554,424068761389 682,0570168604055 102,84569624486306 5,4681805758675095 0,06870274141503831 410,28598809143443 0,9938902805862988 610743,2185994986 1
821,8689185064769 33124,02186424434 1,9852805827034397 81,83184095832608 506,9165269471982 557,3468667554807 683,2524866987313 101,91667158727049 5,476741743521697 0,0692293007179245 415,34727849521727 0,9923235713801241 604025,2992754419 1
813,2610902883339 33039,252979320314 1,9957323009886403 82,05870724490346 516,0606855893402 558,6405548436012 687,3516444130662 101,97418488017681 5,490368326658352 0,07273170307112668 409,8754119174129 0,9993791793150361 606498,8320553734 1
815,0800837114576 33052,02326193083 1,9971644994708828 81,60066782949585 521,3327717522878 552,7697489662575 681,7409087887997 102,17649732223012 5,47925898862579 0,0716462153898393 410,5077359200532 1,0053972496613168 603434,0177195496 1
814,6526353944931 33062,28203763606 2,003187316834816 71,55499010910843 496,57165575194296 547,0423163449374 694,1506710780865 103,11121055442507 5,493209255633375 0,0712506431497608 414,9230136886628 0,9946556256428085 606007,8639019564 1
816,7086069335602 32955,617376831164 1,9943109957715375 71,65662628320693 503,5138420850001 546,600406158641 690,4050960925539 103,53260485186756 5,508020685659047 0,07535780764559347 412,84547649048255 1,000691228242586 604670,2867253962 1
817,2111749616871 33197,54805676505 2,0003378492743025 81,98044453629907 522,6163317887892 543,7585441877411 684,5856594661545 100,55053305693635 5,477315383153204 0,07549349742235487 412,5043043592648 1,0107857160120293 602811,9318507924 1
823,29502075328 32700,629549143297 2,008148014342721 83,0697398304862 524,846995674255 547,9012000524258 671,9429519369452 101,16294844189369 5,466515121502359 0,07743126751430882 413,12879767287694 1,0063604948673848 599093,8838701867 1
815,1994477976223 32975,77641090531 1,9973201572395274 65,1540067349585 517,8174057716384 545,3020567016255 671,7746589857888 102,16905609745771 5,453044288386218 0,07704620938380448 415,3774710868972 1,001443811550125 600063,3514710866 1
816,1532308798103 32739,453120624166 2,0084180234605458 65,9573708951231 522,6255128191913 538,005298550053 668,506880052772 101,00159065394882 5,4960128691094505 0,0794944266483631 412,3206040053076 1,0046549107747509 601523,3606579674 1
820,8396284983136 32829,18758877654 1,9890220982464313 66,53674597340319 516,7585082370034 538,5272185555757 669,2796925788713 102,41729962187692 5,466614880985786 0,0787785249862856 414,3421987325019 1,0012683314295567 603266,8368722611 1
821,5895662242921 33195,237441767196 2,0068650476658005 67,13762134689796 487,7230047216136 539,038402427415 660,4744259822297 104,6989908954968 5,5208897065546205 0,08115042379614008 414,9666477091797 1,010429222657086 604879,7192437074 1
824,1999821532835 32972,870848824234 2,0008217344607835 67,28290661748011 490,35581577503257 534,8744300846661 664,578155314979 104,09252722359899 5,467059426241507 0,08073098046170243 413,531962392837 0,9994278179142927 601747,1621410713 1
825,1390356987185 33153,41773609265 2,0012512758715477 72,50656242552415 500,06774347490347 538,5056505291525 667,2692343589306 102,33330737850348 5,427142597987945 0,0818820100764545 415,28405031110543 0,9931219597840067 599954,1786641547 1
815,6839755094634 32757,43570211119 1,9977202837224401 71,56090481094294 500,9664304200164 539,6873122163379 658,2979880312462 102,87088108919762 5,444931384827298 0,08211443324610194 414,97697950588633 1,002075288446057 603942,77942249 1
820,3072221288527 32811,83293796095 2,0027638225859516 73,81667620876004 504,87932228784223 530,1261665927424 645,4338228408592 103,18076047466953 5,4841674643360605 0,08281501503873061 417,07721584188056 0,9953172554153419 599887,9612184387 1
822,8557095392993 32831,268594338006 1,9879994426605387 74,51062801366875 504,6440132877012 526,3665622210632 646,4612306968024 102,07110829617253 5,412567791727017 0,08523829327423234 412,3472563807605 1,982489527849982 595823,3873037498 1
827,2086437518651 33049,495112834586 2,024227547757929 71,38703189777752 506,52306165733387 522,9759851642895 636,2495434465131 102,63887489905171 5,490926465125767 0,08520005495033763 411,60397327287313 1,9993287981920556 601544,4450736885 1
827,454630590155 32931,155232874815 2,0083612488061213 70,98487782279703 505,38590659942815 520,1994854082889 637,6573274012753 104,23423016952654 5,486015965023029 0,0869165504194868 411,9425430381833 2,003697551937076 598279,0141795133 1
823,4222581279188 32642,70536126875 2,0128425687280216 59,22809900519921 503,27607300999955 522,0718129366884 638,6085357338036 103,02897660890135 5,487787346715899 0,08661829326590109 413,2925560974178 2,0032626903414767 599153,4323793378 1
818,2609841422392 32712,244712155454 1,9963805202862532 58,62433924419109 474,3883372532548 529,2713647857685 642,0504233047767 105,30361288913983 5,520578603564673 0,08942905539797012 419,03420694667307 2,00346406453924 600621,8458650899 1
820,9422285732774 32673,7965994002 1,9889513387500366 58,70027684938776 480,8973065212276 531,2677509459112 639,4507478131904 105,64424537946502 5,494686598542134 0,08940938925149781 414,40521276255953 1,9878895989588272 595996,0720695661 1
829,7342127778721 32717,442610328224 1,994676071790557 75,82335742638445 504,6181891732616 510,5730258385083 640,4582959210504 103,29308112440458 5,540715937165622 0,08905796139595959 414,65692664134804 1,9842176773939988 602155,2583913567 1
817,5859258923385 33020,11775949509 1,99367871937926 75,6378759300006 508,08296209067754 504,0797602810456 635,4935550070745 102,66108154974297 5,469313528870001 0,09216024908776502 413,6238484135729 1,9785861433772964 598946,1721245798 1
821,3153146801998 33180,225715370696 2,0100563852225637 75,40856474011244 506,4299404091265 525,8347585222098 630,8646782970291 102,09826271887069 5,457684545378797 0,0910763760801249 413,1967192822436 2,0015049483185257 596974,639689928 1
827,5485932911225 32669,72953791454 2,0021774311274627 75,76174363803192 506,24868778138784 524,6117259982599 629,1879965901175 102,4793562621078 5,460450687793537 0,09377863697698118 416,50886470815766 2,011491442363752 596768,3163365886 1
826,4550698728307 32974,76473261521 2,005417174424412 65,3716707033101 501,14109789322043 516,180391084046 621,9650380506356 101,89235568263761 5,484276388740386 0,09319179051596178 417,51979650732835 2,0004218992993836 599752,7000581867 1
821,9754348316225 32782,382881022284 1,994189232551952 64,71328927819278 510,13203655036097 519,2951174693378 620,0830771008978 102,67611283201526 5,448320557892978 0,0960652372380934 417,0021270568576 1,9996534985953944 597448,1662548067 1
821,6268564813869 32853,91953087694 2,0142969730849254 88,28433163791303 509,9890107912351 518,1182078838378 623,3899035692699 102,75116303355793 5,4691231442071535 0,09643204347763354 416,4510780989185 1,9926532391672023 597112,5212294605 1
824,1528077591164 32912,776647111765 1,966602115036731 87,81877186432482 529,5062872043504 511,72308833333506 631,6094849346282 100,08337548750224 5,4483970695218815 0,09916803693849574 419,24854362267337 1,9805610348627494 589969,6193961161 1
825,5551132161191 32872,22207589635 1,9832231950820167 87,5626784111186 532,4353710062464 510,8184490503683 622,9440745216415 100,78034180938977 5,460806054722995 0,09868639539906673 415,9165062572844 1,9819108492384123 593511,5903437492 1
823,494189429449 32773,49537983594 2,001153785053058 84,98612268114282 525,3811454942205 506,38541350700353 613,3713841136502 101,37381276935147 5,524307500672363 0,09979487190820309 413,56977684595427 1,9980529814185486 588237,274915276 1
815,9433776447974 32928,11289155845 2,000138708948525 84,92965964218453 524,9335116035955 510,06317264415907 617,6576647278245 100,83272387243257 5,53302684428526 0,10059738698489984 419,0350456387568 2,031512472784367 594299,4745929478 1
824,3285525956941 32873,7487547833 1,9948816036753723 76,86854823418868 509,3315609170626 512,1768659157608 624,5921417916267 102,19219890927985 5,505512804486305 0,100902463823848 417,7196573700875 1,9904038274944278 589330,6564615131 1
823,8831385773625 33077,18967469247 1,9888217840845197 77,4968964745912 506,1991564934157 514,4287528824088 630,371483884012 102,74603822884542 5,437412469051527 0,10339778830248253 418,8425599843415 2,006288836535766 600020,201509574 1
821,864419395722 32814,632206170536 1,99645624441947 83,37264617834991 532,029931530146 508,001038007766 611,6047736325658 100,46700042991576 5,452226678968973 0,10317240354207594 416,71138071918125 2,006345739897247 597893,0161925532 1
826,5002604825954 32925,91677255272 2,0067073620601144 82,98379810518134 523,0542284077376 508,3839824468866 608,8024927335351 100,85873635945518 5,487784335783606 0,10494094265862193 418,7518711985137 2,0250429095223264 594347,894582981 1
812,6825003815561 33204,906097481966 1,9993659528605932 82,42084997264777 527,2552759668575 508,4763534075034 607,5362441754613 100,83707623020167 5,457539300426577 0,1057747797132179 420,47753724557555 1,9879321122991007 596528,5995934497 1
826,276498957158 32872,937316643445 1,9890496084004696 81,38247369468627 514,9417421237549 515,8353582006428 608,5165271447889 101,86822733055939 5,555047845709871 0,10809863410969556 420,6479669901707 2,0212407646986477 597457,9317383826 1
813,9886811556835 32533,514811660207 2,004990754731073 82,4961108162871 515,5603523961867 514,4154125840117 609,9931170076993 101,25231879288837 5,491625491658635 0,10709941152217407 420,48069362877106 1,987935605066112 591473,9635499079 1
823,9643425627881 32868,475030130496 1,9817926831860484 84,57895722019748 519,8496786030306 519,7919000944516 612,1037831526619 100,27243505773505 5,469766755758011 0,10719835338051902 419,8490915648785 2,0038192804137798 591707,3066360073 1
811,5751105413641 32855,80476876674 1,9833693595889648 84,5215393000374 519,2017927138552 519,4964493925258 609,5246594107874 101,27943760915691 5,462724740813451 0,10918298037328017 416,92424082532256 2,014066966321677 590970,2211720806 1
825,7144049860061 32729,317501049813 1,9962259123353159 85,64651219257354 522,7140997776183 506,6442698952735 605,4463600592246 100,72662284702494 5,467667650876831 0,11031856234580575 415,2187484819546 1,9861764736461551 593769,2269128733 1
820,6679779215303 32859,10975538408 1,9966796409105496 84,37923910962262 519,6677334929651 506,99938516428796 606,5380146145852 100,57181752106194 5,396592491477141 0,10998293545306437 418,0827089910188 2,001236477401689 583183,4246500443 1
819,1358250868578 32938,66589032835 2,0061913798542523 75,51568326261525 508,9091966131823 500,6852762274688 596,7580838687072 103,15316636788343 5,503413920378243 0,11164610992630362 418,6059987652949 1,9967139885364127 590971,6118752065 1
818,4153010283802 32752,191283502372 1,99717522711669 76,15906033184933 509,6274696959806 498,5524149452882 591,769261812065 102,40753028333454 5,4452240168047545 0,11344863524292674 416,5582956867519 2,00995162723071 588091,9977764741 1
825,1962779571877 33305,233333221295 2,011441487131645 66,57089373389162 510,61701298184846 503,5193851174997 596,8567144760563 103,68756496598691 5,4408632537037525 0,11242179899362556 422,6628700193706 2,0035873308036978 589497,5100299811 1
824,5673476589573 32804,10311783611 2,0130746231202483 67,58655311050761 490,05012931103045 499,67914036555953 603,8903426964018 103,69973028512175 5,512297301526498 0,11522328400793894 421,34847154385864 1,9950018795932611 588595,7692058957 1
827,7507955719555 32997,16578323867 2,0050172573686287 66,28853191305147 494,95648433466243 503,9076265343218 604,0807042278337 104,5724871515753 5,496356563505106 0,11543674482103448 418,5642096245144 1,9884648964509888 591955,4517223968 1
819,2859875560529 32825,839563726746 1,9979652250509854 83,81055078192497 517,9046950299614 501,87476388381197 583,3473450441925 101,71871276160738 5,458624276635258 0,11500088665784806 418,8993126307225 2,0190223760204318 588103,9471042653 1
826,5531176719654 32698,61500509475 2,0090774986897038 83,84541682795918 518,9187903766014 504,9005569527348 589,3468274357663 101,01842921205434 5,418533316280866 0,11670102265084967 420,1352424546965 2,008553275570065 583134,3725368244 1
818,3784314461843 32927,64311252881 1,9935217784336117 82,31261905808802 507,34420654544454 497,9031589629082 591,6827993890112 103,42833001168091 5,510481510273462 0,11763440062822421 422,5635039654669 2,002659540558501 589151,0831689085 1
828,005154571883 33061,66487597781 2,00917097776412 81,94122631431539 506,12737560021293 497,8319260808169 597,0065721654837 103,36513617300726 5,472087705459876 0,1180092086905529 421,9318734210007 1,9904100434368655 585477,0767871994 1
825,1553971757795 32814,35813861552 2,0123923405941455 78,6520794337563 508,87444127059916 488,4872839570094 586,7786263150344 102,16283203698593 5,418397581299615 0,11839914684601871 424,46726198081194 2,010429234069512 581427,5718528078 1
828,3390196339298 32977,94884398931 1,972631771673448 78,1137724553779 506,34379084038227 487,95251228436115 590,2136940682855 101,62326618759747 5,463658275089838 0,11879709078301323 424,38522018553596 2,0117210692901812 586258,6240327234 1
819,907733700011 32890,33689132636 1,984665596953675 86,19984966292515 514,1134812236083 491,92764501558634 582,816919818133 101,67250595419996 5,477177687860617 0,11966773586403086 421,9315379508641 2,002567403510972 585514,6981392053 1
822,5162261428562 33031,648451966175 2,0058120474688237 86,3636766204698 524,2266423368073 484,7033746583419 581,4690474748802 101,03687124082535 5,474699396868204 0,11995836298594682 422,62646128968083 2,0257351850607357 585301,4840486494 1
817,9433761223349 32954,84883629371 2,0014833737391684 86,11196835893155 527,926570349674 482,25432361738103 578,6002792657433 100,77902290378988 5,445310119693122 0,11988288264654488 419,8566851559465 2,013254125267636 589046,9487366228 1
823,7598366095235 33008,298803665995 1,997524068695598 84,8598083795714 527,8525100689999 495,4266392534575 586,5546475799466 100,48174119499033 5,476659312533733 0,12124973399545018 421,88666998556386 1,9910336344658754 588057,0364290525 1
823,414237045236 32696,10222428955 2,0037335458145744 85,65819164199395 527,3669095998474 497,2068262979166 592,9541904286248 101,90154926978781 5,491688949810366 0,12218172439850135 422,34636297149615 2,003325422297446 587396,7356137579 1
826,7826183384665 33131,00439625098 2,0044214288165043 66,75901849232685 534,694781361895 494,8219312011583 590,427328195072 100,84775967412904 5,513537570784579 0,12127914912355882 424,9678944463995 1,9847474327176908 586652,8633214781 1
828,9025509564758 32877,265140226365 1,9905884626197585 67,04383320732447 530,774293157397 495,16709400270776 588,0312656478218 100,10727108846301 5,50797400589609 0,12318657534614076 422,09855867031644 2,000812399883284 583318,6757044496 1
825,6174097931867 32761,80317327516 1,9856323726460576 88,79519348393629 528,5926132198861 497,6946534604702 578,8395790921179 99,77514535125526 5,466779319091334 0,12308733927235385 422,3827109997808 2,015809455427836 583224,8295965311 1
827,6576010932355 32765,62187655777 1,9936745207114797 89,13262823199938 531,3925956982602 500,81541366288695 575,4605742931781 100,58973783674357 5,490708334358959 0,12472764267073981 425,91488510568587 2,000033270092115 582972,6712989518 1
821,655422809031 33078,31542590174 1,9997377530412814 77,75690590752771 533,559163410122 497,06955888022236 579,7792706989004 99,77818498367391 5,480946575813407 0,12362432477525163 426,46475816407354 2,0045393252216757 583542,5024749844 1
826,4131680806753 32863,40792418557 1,996435473337308 78,07714992925455 516,0971891776672 481,760815875653 571,8765349028985 101,78704233617975 5,467026320514508 0,12644509830558556 425,74420341939225 1,9968990411704266 582618,8246500741 1
825,6208007802956 33098,85536011146 2,018642072019155 78,47197331879445 512,7896917383038 477,83237008641015 574,4476847901464 101,80280709407685 5,47182494101253 0,12543859865746676 422,8367371590282 1,9687679462173493 587030,6183181588 1
825,1095930564434 32727,818693823683 1,987689744797247 88,9124758092376 533,7718762158905 494,6227003851211 562,7437135146083 101,31538872671214 5,520326379475107 0,1241770726883795 421,9577155844193 1,9865196234027502 584590,2687748008 1
827,7813993240883 32441,477088718897 2,0003210323706213 88,98163711676821 528,7270043565421 499,9633265783894 565,4419089614571 100,1383639549576 5,5053101900195776 0,12606162764822776 429,3746861055464 1,997164672767383 583467,1492488413 1
830,0586116065886 33034,95002434048 2,0108159381981148 71,75489489754023 496,04893098356496 488,60228504420377 571,560802530509 103,77824764192034 5,496469179333146 0,12742166966504023 424,00716411140877 2,022535959348655 582172,2213333995 1
826,6415915479901 33111,06486515632 1,9880737528315162 71,87730736873559 498,4046018216696 487,4319434213076 570,5467827274877 104,07523958331429 5,465380211518129 0,1295462516697829 421,53127622982015 2,0070532854357324 583818,0502871629 1
828,7608964878253 32913,9208605997 1,9993667604191445 83,33512633519214 521,7104836735618 478,33160590007856 576,0401113197163 100,94333062663073 5,477512145730814 0,12872450171699118 424,3880923197357 2,001148773598102 583886,398665775 1
823,5018880787593 32857,07072183232 1,9999083462144234 82,86048637676726 523,4766853339383 479,0891350599286 580,8998795701331 101,17942346151105 5,466458296915525 0,13032367006697057 428,6440516718541 1,9988001590325182 579700,9051457981 1
826,9513068926198 32801,075595600596 2,009912832612479 91,44329017823472 523,495846638939 477,3412253314904 573,2778447926303 101,59443891294013 5,466436423406167 0,13026628238982363 426,8900251364104 2,00995580583336 576124,6442857139 1
835,5811031444251 32548,80603829971 1,9931390242286215 91,61571821749101 533,4964260481252 479,5597242117755 570,1030601523984 100,30558701071007 5,496385660072676 0,1292538763107569 428,4846216130842 2,0034557546012604 577041,0121668462 1
823,8841502288058 32673,34628540552 1,9908092320517083 92,27147955720848 535,3074742746277 479,53198408403614 566,5886008747466 99,00691656924788 5,488007182468962 0,13087144164112355 430,4109341708185 1,9929580241207676 581331,8956500473 1
826,345148771029 32977,643052055144 2,001378665706484 98,96675279540105 545,7543213922405 479,6102015536938 580,1043047544891 98,90514482598374 5,490470749979557 0,12895665985828678 427,3445153130028 2,0100646336598658 580646,4893706323 1
827,2547565227728 32611,07076746642 1,987350232812785 99,2164154240599 545,2524478235288 476,7113298950998 576,1649785294566 98,43667712355125 5,49265997168205 0,12985041960664917 423,54149148443906 1,9889093394767974 583381,5191981161 1
818,7081293248448 33289,886565921486 2,0019824398952726 74,06323819951506 535,1141572195927 479,3006904667397 567,5121984900973 99,80527966192389 5,438164030303595 0,13171073401325178 432,4681699483496 2,007793965027441 575991,4075836183 1
816,5933282504756 32599,691276336634 2,0076278598993857 73,32175652506422 543,8713999253497 475,38523254230665 565,7282413042716 99,42648894226325 5,499808183049706 0,13211504198392005 426,07993994028504 1,986028240417427 587405,3833732732 1
831,890895246422 32696,3282789049 1,998809592102853 90,82110403119981 535,1724107305571 476,44820916916797 564,7598134347381 100,55754711646446 5,442819765844218 0,13169869906005205 426,6414522595376 2,0034838374600503 581422,9457291181 1
821,3318402995019 32844,82389763517 2,003280118546018 90,98578210333447 531,9367345713821 473,67951621993694 563,0391661328821 100,34759222402124 5,467864709327413 0,13120594364481625 430,07300265394696 1,9857011957784194 585959,070399006 1
821,4766550548368 32679,624686800842 1,9974743178412864 85,65497096296897 534,6742732046425 476,3019439956435 562,2032514250559 101,1038749059416 5,5149373556590024 0,13059490665907586 431,7403001500217 2,005164164076159 577740,6429817331 1
824,8603704233414 32951,62795250631 1,9939570187592743 85,63249708684432 520,6817272343068 472,8144397451522 550,6663177317917 100,92403683563664 5,522497461497042 0,13311190025313918 428,70290536100384 1,9928390045008417 584902,3933943722 1
834,0914515435817 32649,584725642722 1,9865562036467823 85,90361579816299 522,790194285641 472,8436442006239 551,0970889403848 100,89943012543402 5,449404570713074 0,13402984774415372 431,28238181577075 1,9992889178793376 582023,1834564329 1
