Co2(scd40) raw_signla(sgp40) aiq(ens160) tvoc(ens160) eco2(ens160) rs1(ens160) rs3(ens160) rs4(ens160) rmox(zmod4410) tvoc(zmod4410) eco2(zmod4410) iaq(zmod4410) resistencia(bme688) Aire/muestra
1868,5556394906323 32473,059167634114 3,008251733086211 460,539702523052 850,8159246149031 480,051057185002 378,6517174549723 68,6986941496694 5,354398857611069 0,14573069340818948 412,84442880509835 2,004680643259749 448106,5494476658 1
1863,3499344114016 32253,246803630613 3,0081827034056743 496,14512213316254 864,6195389407891 469,45579171090566 379,43908286237337 67,66176406317715 5,375743532071776 0,14618483132567878 413,2444234276899 2,0169136281598026 441590,72799146693 1
1854,7047399738387 32506,29755247039 3,0034210587233128 490,9718105680923 872,2783576652323 469,57528125304253 377,84977379812904 67,11229524876373 5,3477239809650206 0,1611179289230574 415,85943351038964 2,0155424678181233 442024,9375121649 1
1873,506295999216 32800,099990704555 2,981760358882256 522,2521689276426 864,1128965528882 470,8989712882696 382,43306469239104 66,90557451022198 5,318651445109015 0,16188836279566185 420,65943434273413 2,0107047703330667 444438,81673698075 1
1877,8649977767511 32391,6941696725 3,012071970696344 518,5314933535163 868,6897490051916 465,267437367874 385,5701301851709 67,25195873679681 5,362284078111105 0,17934967983446068 416,8734595650622 2,0037771339167705 442019,750495673 1
1845,931109356234 32423,59818075032 3,019528349832104 525,4312671670696 872,974604996576 464,69761106968815 381,90260597718697 67,27195933789767 5,337797773769524 0,18037601036781223 416,05856000465076 1,9918759589471982 442294,4984076069 1
1867,1720395352593 32327,15351086917 3,0167682615427243 521,1610849732232 875,2220694060175 471,7087043087874 364,27095982677304 66,48657935524515 5,373676059740207 0,19804774479217493 420,1771810309669 2,0073735256192324 442056,63327724027 1
1860,7946421258837 32330,657854827477 3,001936084065099 523,4007284509445 872,8062844797084 476,1650492919505 366,8338823353548 66,0555266282649 5,396766003528677 0,19748981110125888 418,42588689203717 2,004270290936735 444616,6379842243 1
1855,3470920319987 32003,78662689896 3,000263381236438 547,7389292165725 880,3890492483969 461,2536509825764 371,6614958147751 64,8133472117104 5,425241456082264 0,19637583381378423 421,84597679720684 1,9797546661754986 437847,0839829067 1
1850,1100918793193 32146,07211033591 3,004291188670539 549,2357969830804 882,6050041890345 463,01918760139125 370,08698887636143 65,02650266208249 5,366441627864125 0,21656869614733631 420,06845765548644 2,0232186475862455 436174,1674385978 1
1861,190512008232 32495,82730058963 2,983657973037766 551,4727019499328 875,041019633745 450,3358095698532 361,4825948714729 65,09483204506736 5,352058932742644 0,21539017164460217 422,363738326684 2,0076121118543457 432435,15300509526 1
1868,274296202407 32409,58094843721 2,9797606809840365 544,6165406988694 873,9138303544246 455,01205720793473 360,5193939327677 65,42928462620094 5,3724807635961 0,23285362804306023 427,6461589729454 2,0055342747502416 439050,36107426224 1
1858,7775471619063 32262,406388897376 3,0013278601323816 552,0222846893626 883,7747601715497 452,9031821280677 356,8839503568512 64,7507963997763 5,387731327839118 0,23051469653870027 426,2045629451481 2,007933736668006 434555,27322685544 1
1848,555876277724 32347,895064845634 3,0007358576330994 545,8285942903822 885,0034129360679 454,6733101525262 359,9847000594679 64,68084773514387 5,3659305264958075 0,24813999423343666 425,2593074466084 2,011006068420095 437879,2526101694 1
1856,359404386725 32166,156665657585 3,0059882020086635 568,1610685814616 881,1551869827997 457,5541429313953 355,4030424734861 64,78450842903517 5,363594163849186 0,24942387230640953 423,4678405613076 2,002565088101744 437214,4233279781 1
1865,453466234649 32177,733494514425 3,0122693124872844 569,6846527194889 879,7964551949073 441,79532495499734 360,49202484316936 64,44803006336303 5,3834928787362895 0,2668426034717494 426,8218008295712 1,9945534155428621 438704,18938383047 1
1866,5035220010477 32232,444334593645 3,0105467925183316 575,6402611129323 892,7289031750108 441,81824821801996 359,2083074686455 64,27218998470612 5,349362222956861 0,26295500969739133 425,32086453424427 1,9917406435547378 434737,6178643359 1
1857,3716086709167 32576,87685302754 2,9937169985791807 547,2796802025559 880,7191447705666 451,95294207589217 357,7394382534751 64,84794039907773 5,355365078043589 0,26323534610990607 423,51885646097423 2,000626100375664 436223,99787187437 1
1858,284130746922 32404,939890384136 3,0059324604884523 542,6392306859893 879,225487408618 456,73547504463596 355,65103852450517 64,81603004609927 5,3986396050559105 0,2845236871757735 430,11413661105115 2,0056553924367413 431275,6419745773 1
1848,8452167729076 32477,320073113715 3,0112985825917367 535,9119772872081 869,9159389575038 442,33140008683597 349,7455506821016 65,44240514405767 5,398108778362731 0,283283849465826 434,881054063666 2,005414808348296 429596,384574852 1
1858,2658970245366 32234,930522937157 3,0156229814373954 531,86729071467 881,1178794502375 440,5984962347085 354,16493711893935 65,70478910217946 5,372095071296768 0,2998088599084125 434,1119544838358 1,999966637827176 431674,65502714546 1
1856,1540592360993 32377,29605360144 2,9940596564682624 512,7380716811125 886,3416094725269 441,37608430246723 341,7742025676117 65,13732318622154 5,38146887267719 0,30076089492156427 433,9329425600512 1,9978047045993201 430015,870709761 1
1832,786253696348 32247,05189162972 2,995671366838401 511,12596819959657 874,4723839904701 440,67694536865804 342,5091669513829 65,11511574672083 5,38773420838081 0,31300153406919506 436,83455352788775 1,9912115819880076 425077,0872626696 1
1845,1816586785824 32224,52866154784 2,9996739375368353 507,5701103775265 880,3645715771913 441,3443476299218 341,8624675955805 65,1401843567068 5,380081477395666 0,3144236890748757 438,8470720300585 2,0052396706791797 438147,6207442204 1
1846,9670543147613 32729,675618738274 3,013745454058451 510,33703659692173 880,6344797396687 451,40131391426195 344,8672817418647 66,54799044658587 5,283761983936872 0,3332143265213716 440,0713264330291 2,001962772435143 431985,81144595944 1
1838,4125152277218 32103,53468119039 2,9948603326993224 510,7868595702839 871,7122487288842 456,7614681207135 342,0976128104149 66,16951026199483 5,396480184192899 0,3282581716852059 442,0830073218051 1,997800341741037 428261,73550471617 1
1857,6719699414023 32363,629604500962 3,0123960934748295 527,4916681665657 879,6861014432129 444,4306024546876 334,6630762395363 65,09658162765575 5,3564863227421196 0,32575816442216055 439,0052728821565 2,005436625123249 424379,7275127169 1
1847,8464861720386 32171,986514944456 2,9997541988710172 534,6253553577941 879,6722176374459 449,6048961859646 335,76753414908717 65,98355153004195 5,411569381697455 0,3428572290561382 441,712491962269 1,990073173592402 430858,0484547287 1
1837,6428959110501 32118,697588816794 2,976465962763344 520,8757187441613 874,3951939242721 439,2702211334056 333,97705467721966 65,84328385702607 5,370804061851241 0,3448785085077264 440,9742467379788 1,9687046509411321 430979,27377049054 1
1847,4911116343314 32279,353552113593 3,001399766035677 520,4210156549659 877,4552748061088 437,2958053296033 336,11104744201987 66,21175094577164 5,4056870568949655 0,3597654582193031 449,41183165877993 2,008560530864223 437119,78827784926 1
1845,613017820725 32412,144133188238 3,0089960224533154 571,1200389880912 885,9832521880172 428,6001625552003 329,5979851232841 64,38622155142966 5,35307623154475 0,3615102285246785 443,6049513290559 2,0039501581047126 429973,4055949381 1
1850,8787136449614 32214,77600573278 3,0057486690629522 566,677341208758 891,0411174063164 431,72234134451986 329,5385710659832 64,49550892608325 5,368335568499252 0,37332991229461343 449,8698608923132 1,9904130512895373 435202,18407311157 1
1857,6619598964403 32293,26576501502 3,000552423383744 541,1582097337041 886,9383244719994 430,41664184173345 326,85150167857506 64,28334307967333 5,38122443899297 0,371825291559925 447,78165159244406 1,990636799264277 431314,00813411 1
1853,0849279992078 32234,94672264497 2,9990207799465285 537,8185840375828 873,4161035149242 438,6466945232952 333,8964856994472 65,26028225859112 5,377661327129468 0,3853912943684638 450,9286011846716 2,007775015463348 433932,6030255953 1
1845,6052436344294 32292,00735701555 2,9683525316599573 542,0848057754147 882,5616035810363 435,4819664414058 331,8045282942802 65,54052428573169 5,383293254331093 0,38570081960744357 451,13977573685827 2,000303788237923 429627,9112716081 1
1841,7609315371915 32188,4078359005 3,0021518594113057 562,6324154655853 877,758545099147 427,7805551857698 324,51875446898396 64,11140678456904 5,395478623074627 0,3894438356283046 450,4585094277698 1,9919754195902022 429112,33943358716 1
1850,9162759775093 32075,933377631332 2,9725087545978575 564,8826303384018 878,6526145776788 425,68775504742945 325,96424892455843 64,33916048681189 5,379065028701862 0,397475065427104 455,0929479052181 1,9977277444281587 429627,11676574097 1
1847,2300610534003 32465,43415609374 2,9974155920375516 528,1401528495685 872,6771796503681 426,2372583864027 321,77882921949856 66,52388397027538 5,386226053864106 0,40086268699264915 454,54953998653764 2,0140648302496467 426827,92862610717 1
1824,762073372821 32280,33359028028 2,97901178483795 530,684754115078 876,1895086570275 428,44522583421195 324,50839034371506 65,67873506109424 5,348341106455707 0,4087606434871521 464,146578937433 2,020684586879292 429924,25368795724 1
1831,4923862200274 32310,607130840337 3,0004177061004897 541,3332657836177 878,6421682986892 425,1748514616871 325,93013348051545 65,6627279325781 5,398573689304638 0,41170923970911305 461,8349770724654 1,9686391578369513 428854,4033080727 1
1812,9730200607842 32246,345165758063 2,9933089459695887 537,1558760606331 878,3512585048899 428,2058446410978 328,6442327213803 65,5498433967007 5,389778006134749 0,41952754253823127 467,8227011394755 2,004677245648029 427067,0743228883 1
1847,4199019720706 32241,323188172915 2,9922667405766816 537,6036088430898 873,6724491698718 425,52050256925696 327,00563887705266 64,73969738099463 5,330661601524075 0,42083516800680093 461,36613536123724 2,016803427734751 427885,1426791734 1
1819,9909175570754 32635,819426150592 3,0069126854246253 542,9219861717502 877,3998555898389 428,1564078232157 322,9606353532632 65,14717175039347 5,357819626478154 0,4380155162178814 470,53012713472447 1,9920675429672476 425987,99971012154 1
1823,4995822638805 32296,94802526635 3,0112266580645026 538,7094106812496 878,6775264065836 430,8944983737054 325,53220760091716 65,38784349554336 5,349453736697264 0,43669738468373726 468,5075352274775 2,0154258534943152 426613,55776393664 1
1826,9088288933071 32438,325164544407 2,988545638555417 547,5436209760838 883,6849199244893 422,8242228542646 316,99468678197553 65,27155306621063 5,322131481312275 0,4372400518751017 469,0319948931026 1,9892200155637192 427277,5350216239 1
1826,4906656911073 32228,07499924122 3,015006135642651 544,310528551431 873,1469942434679 417,6306528061177 320,6552975063963 64,71678474358418 5,392435489874029 0,4426103585143982 471,0120743235675 1,9913603628551821 422492,1167664125 1
1834,3231494647082 32213,038427967414 3,026734624395937 484,604442966297 876,1453139814229 422,8195622905625 320,63763178458623 64,95403190258064 5,364694008064212 0,44252015124615457 473,6618019709315 1,9932712036940805 424835,6015451141 1
1842,3833018074386 32377,53619140199 3,000501113494869 484,9340445550986 885,5600221821458 422,4413682106389 325,25936203867406 64,50538818114974 5,394293373961348 0,4544671089259552 470,85722884640984 1,9809170999410095 424852,28397477994 1
1838,7624752654244 32402,32206622795 3,00227197465012 545,8816339925088 873,9577854117186 426,6323595461203 317,2023899905728 65,58994596946842 5,365115348751239 0,45734956205037064 475,9692106390522 2,007185791975259 425476,7945978813 1
1837,3386892066296 32319,402581533788 2,9826631473485876 546,4057072280245 879,880461836903 424,84527477528434 319,3145007081036 65,62797741814258 5,387783004014283 0,4663109052373747 479,55111330573595 1,9969509872417595 425173,894902682 1
1853,8278663806013 32465,84550336578 2,990953726066105 503,7281281758686 880,3780981329704 425,48868254982176 318,134452494366 65,19945356660739 5,437911428320384 0,46422316475533637 474,9094352011547 1,9880417595836528 427655,58565384784 1
1837,0517998598168 32145,67560298139 2,9999504915609028 508,13101784512685 866,7019199977084 413,3073307620124 314,6056742210235 66,26984874373669 5,397974158683954 0,4748189009909893 482,2907697692386 2,006253126908609 426103,92922973353 1
1818,5690590681104 32098,10342748204 2,9944750357483323 504,11891495986936 867,3331730313441 411,6536988107132 315,0452199895941 67,40424008462067 5,369661338569117 0,4754064373476099 481,213908771526 2,010167606825792 426982,86253980827 1
1829,8557304026951 32207,171492973474 2,98790992883322 519,5357843827517 881,418506752606 417,1586391721014 319,1662343195977 65,93461979753269 5,373189551797768 0,4758030342733876 481,0562310268214 2,0107738634525307 425348,4324712182 1
1833,235884070621 32260,070911239578 3,011634872079997 520,2098603074455 873,2615396849155 414,09323432102684 319,3603699361346 65,70836303231732 5,370639624342536 0,4843668586224088 484,70028296661224 1,9936347853494842 422630,431277553 1
1831,4648898280604 32289,232611529344 3,0119199941360337 547,5916601384474 862,1050233788151 416,1401657514706 319,02330683269565 66,48289861115738 5,398780597128607 0,4795032701158052 488,48187389374044 2,000041313216257 421868,64469614683 1
1832,7020910242734 32132,83713225252 2,9856468536894436 553,5504409793141 868,6293836737725 412,2771563965967 318,3007152956278 67,2391869053848 5,347342212598967 0,4919755725610678 488,8746694837116 1,9805243718515537 420444,4898073054 1
1847,6107855475161 32288,546566479603 2,9945720359434915 539,093890338913 874,7511179155501 405,2528451251616 314,80910464346437 65,38200358183919 5,364016414884401 0,4902303744226151 492,8093898671813 2,01984051252147 420096,83578179707 1
1831,5636252213133 32205,820614205182 2,976434755693752 539,8892656354172 871,9378612354171 406,9208739331632 316,7199039404495 64,67353500802226 5,371420339634017 0,5005169345157047 494,29831763788485 1,97848978075691 417810,256448176 1
1839,147825277947 32230,46365637057 3,0081704147487534 538,565049099442 876,0240421272138 407,5299878430197 317,8511381362252 65,11451004638865 5,417679153010261 0,4954577921204647 492,8545338042682 1,9868732938247342 425531,65743393486 1
1844,7022360348033 32243,070172842803 3,0130410773251457 539,3795173029785 881,6769586931007 407,9318247031188 314,7962437878217 65,83509742526834 5,368473477825741 0,5090267654257155 497,0672487088158 2,0023410761388307 422254,7347339421 1
1828,5767730083633 32213,013734395132 2,9745347781976794 537,5455068881153 874,0831446792064 408,9722234717278 312,6990599389311 65,31901269093312 5,335613045755617 0,5092333155059582 497,0015979924358 1,9974351070066267 421204,5216149793 1
1816,9798665656497 32022,66713925485 3,0135901111831656 554,5808910466966 875,7433785592834 413,2863842332862 307,50563539075927 64,58821874667758 5,339993810636191 0,5033004005440185 492,151484175349 1,988797228144537 418878,9086580385 1
1835,9953592927764 31932,003986177224 2,990697406823587 544,0227083895707 884,271536169411 413,8285053932656 311,39688611439806 65,09530196418174 5,355479523602792 0,5139637128273533 500,5837930266916 1,9892869746535145 425871,35451611795 1
1827,984059127361 32274,372313466287 3,000507389349758 548,4481916153214 884,90938336892 408,6659234658121 313,0038958814339 64,20189150461015 5,358529875456323 0,5135787776724775 500,29393145336667 1,993247131986099 421828,31444819784 1
1838,1101113347731 32144,81742996485 3,0121926669810453 542,8079642074033 879,2586641039892 411,2804463648454 313,76446486469325 63,525722058672066 5,42591688618594 0,5200740428247161 503,40973197450523 2,013923234902427 422874,81200514984 1
1827,6232585188156 32277,25787970808 2,966590737793172 532,505905971578 883,4749418804146 410,91021833889016 310,528179052407 65,92802546757422 5,350879923049987 0,5215538895926012 501,2631093512346 1,997901236477218 419548,2857584283 1
1846,802181085827 32333,06412485925 2,9931962966425356 530,1109598040581 876,5479670141029 416,48787502002057 309,3778954508185 65,91334712428139 5,348840139978677 0,5276941617524039 503,26433201524316 1,9850484367424026 419805,0200725885 1
1822,8981838161274 32409,280735439024 3,011704904065645 578,1427828914907 875,4882963511959 417,7723096450466 306,31185982870284 65,93979447323505 5,3895022893297115 0,5302911943356812 506,6230374309251 1,9894557448941803 416270,1130593016 1
1821,7972973559472 32024,087469276757 3,0211370370980415 573,8237767295308 886,0410924130861 410,9582648217357 311,1095347672522 64,4195179284566 5,375994849247263 0,5347455970805497 510,8862595678725 2,0015613414083724 417139,433852102 1
1846,7052911614323 32262,17284361877 2,9989327517741518 577,4932811685451 883,2984977614997 411,13468004860545 307,21045223965695 63,721920585906176 5,361326733090368 0,5301230417252555 510,41976266156007 1,9890768251607358 413166,80656111747 1
1839,2050694854504 32311,362563241553 2,998653139703268 537,9640678612088 872,3897932707928 396,8906343956587 308,64782808130514 65,39626032084921 5,398028395657331 0,5333913882993212 505,0217258582856 2,006714044308378 423210,9087200163 1
1823,7314379012912 31932,84863660142 3,022247491586909 539,1837511455758 874,0713708397651 401,2473918510414 307,9174313802032 66,30843510001758 5,32963697658213 0,5353871870187942 511,2818646571487 2,004216055545768 417445,93586488557 1
1833,2767435332125 32266,668885222207 3,0179312792364463 537,7719033002567 887,4859981417046 397,9131436911282 306,21363368186815 63,4763643317446 5,347088621925544 0,5400821542206096 508,84564841189473 2,001107976515808 420209,33574975055 1
1822,9796785892297 32149,072837814983 3,0049985006487194 538,9758466631739 892,9966472041374 394,78482942935193 307,161948918094 63,45530713417268 5,358874414107681 0,5394010467296877 521,0524687551098 1,9851082108347562 423016,79241888464 1
1833,128139379273 32190,461091407178 3,02482982627125 572,1074745622203 888,530478655319 396,4445242744388 307,42492139953487 64,59375370699405 5,343920515579167 0,5400991383674314 511,60151455782403 1,9923797630096332 424229,0104864572 1
1834,789202275552 32138,05641892265 3,012030253793511 569,9763840798325 890,3357173344954 399,62600062300515 305,12353550763316 63,83691856843721 5,328164563007595 0,5450455672893161 518,9594568382606 1,9969197673595291 421952,51659652864 1
1821,153679940698 32142,95842447335 2,988456169811015 592,3200493662921 887,5831012431606 395,81865149988545 303,8483351984415 64,59970989174958 5,398668972477859 0,5456828540631734 514,5489276357521 1,9849907716638246 417711,1466623522 1
1839,0683738152115 32253,973347027062 2,99585492436346 593,4239068583902 891,767088966043 401,25708310241043 308,4466898578253 63,71541981567602 5,344812909233494 0,5455438119343038 517,9143205154552 1,997481270091878 416904,83021163265 1
1842,1657100031364 32139,76691510119 2,990962397000451 596,8646111177578 889,7557942342725 406,1538447323997 309,17977173671204 63,236727614761925 5,362565751382795 0,5477200602299414 519,4687748101561 1,9954880778490647 416900,4482466751 1
1829,1430512594018 32257,46240944602 3,010911210244844 519,8031921375286 870,1321177316108 398,325610836595 307,1030697520384 66,11261747179614 5,415205587705121 0,5396442936437291 517,5160344466125 1,9957041473738122 420253,78862625186 1
1845,813905057399 32514,833770181067 2,9754340394687535 520,6404809846852 877,8135658701041 402,6528514189361 303,87239380692864 66,20796587618965 5,377347171856983 0,5484466919784896 528,8133064289414 2,0050418627736466 419433,29335769307 1
1835,410100659229 32375,053894938625 2,9887131885635156 521,5726969509171 891,3098203996088 395,8431450752478 303,89987187749006 63,44263910652294 5,355492237189798 0,5484430146375106 522,2048237160966 1,9896926571824758 420492,68310912285 1
1846,8954405393506 32232,49833700903 2,9915048210029043 518,1919686372833 903,4552747967202 395,0529663517302 303,8846030998242 63,621308200976245 5,404506318809191 0,5557342395787408 524,2629293836653 1,9998946206697439 415717,88298429106 1
1819,4405975502789 32233,87914134181 3,0081301349069043 539,3798788377394 868,3430111087316 402,2685650394616 308,1019327334711 65,51859655120909 5,361682244943238 0,5545471770639764 525,1793142572267 1,9979642000597 416691,98959338776 1
1846,111263059832 32197,571907083922 3,0149742478026313 532,537970444324 882,2206256543138 405,17184570322627 306,844472284888 65,23706921894504 5,369502430840259 0,5533475717591704 527,7505478446491 2,014884492102411 417683,8283156634 1
1832,2931461108315 32348,956251751606 3,003022491514196 561,2153080008221 877,4426858586311 407,07102200643516 303,3291566514079 65,6157578142878 5,351402322138827 0,5575032343475482 529,663251181134 1,9976564903509102 414064,7778722475 1
1849,6654961878016 32091,505216274447 2,9997033667224513 557,6115115424842 882,2073702401805 404,5858599151317 301,20615785191876 64,70557689730049 5,4304683722631495 0,5616653443544226 527,7904382533661 1,987159212786807 408931,1029999992 1
1841,1336728980118 32260,614614643597 3,018321701142784 561,6513656686221 885,1527325029941 403,86642703629246 300,88548857969175 64,49277605834345 5,386222544816127 0,5598559071340472 526,6909710908358 1,9929113097182596 416860,5349528504 1
1845,8952476102465 32325,71338709347 3,00523604733171 575,6351306059001 882,7066178259753 396,2889152847022 298,7241101640014 63,96611879380007 5,350181777717513 0,5661281569057667 528,7524876699558 1,9982918643422933 415586,17803610716 1
1836,8418905776057 32354,539159995733 2,9979319932767075 574,4760155110118 890,172345909341 397,9952956708779 299,42837705333744 63,684990088341245 5,36555394791844 0,5671722026970918 533,6955688792793 2,002782352170448 421491,51326461165 1
1835,9557488074852 32004,8482306516 2,9947821209306538 565,1300821193621 899,7142671544021 390,4305708989043 302,3825474552276 62,95399789530086 5,351678831659528 0,5622456929992143 532,2143058575676 1,993542501925435 416738,57371416414 1
1839,4215744321173 32262,36471266038 2,998029069672771 560,7589528029652 901,0782322357486 389,0870176491245 303,96498104917526 63,33623945942914 5,380414479285635 0,5682606560012358 535,471067649821 2,001095239057595 418162,64606873837 1
1837,7341792259385 31771,189903859908 2,9792797866644074 530,8925639736439 879,7219493868162 399,44114251190507 301,13575274193676 65,60340032091496 5,355822421881084 0,5680447381815215 536,5599248428022 2,015111105357274 415337,2287335875 1
1833,5206851963887 32175,098743166895 3,041152106047713 533,9550148356657 882,9274063523151 400,77528222847087 299,9743888291534 65,20647597010037 5,330845018090803 0,5679879061650159 537,5301746470668 1,9874866798513644 414611,164481452 1
1819,844234658494 32216,359574407164 3,0351259944179088 545,5785751581014 867,3468054979783 401,6502173086993 301,58015973314616 65,94281713177291 5,410218263660425 0,570832098528403 533,9716025634228 1,992733618424302 413732,17562804406 1
1835,1983001011629 32516,955728670673 3,0073281819571704 545,1516217794504 881,1357424208131 392,3923593869602 302,1588455326309 64,7386122631994 5,370854863769193 0,5742225048767693 539,3012509880862 1,9908766194631966 415391,7131284381 1
1836,075106429457 32110,419807032726 2,999690902963849 546,8112364682286 882,3499801928529 392,61274494432547 300,3273059617232 64,64975931341304 5,389618237994733 0,573415717937671 543,0910457739124 2,0128736720175273 414917,54483434494 1
1831,0604169164096 31975,832957660314 2,9615331280289174 585,4664501336797 888,5280431997915 385,7775609885408 305,7703220890023 63,916189034673415 5,403826569538206 0,5725230039961327 540,7160680086515 1,994397269942838 415521,6104226443 1
1838,70199617194 32109,57540799035 3,028528482124356 589,6692822210281 892,0780546993576 389,7317965920615 304,27523744065473 64,3497950786897 5,3276841703473705 0,5771852357773093 540,9030717410766 1,9984186802348523 413783,9829431091 1
