Co2(scd40) raw_signla(sgp40) aiq(ens160) tvoc(ens160) eco2(ens160) rs1(ens160) rs3(ens160) rs4(ens160) rmox(zmod4410) tvoc(zmod4410) eco2(zmod4410) iaq(zmod4410) resistencia(bme688) Aire/muestra
1329,2629975201883 31448,15045994622 3,003582576256105 326,3706481629286 811,259892986771 206,12593991227902 114,23001521995418 75,40840407380462 5,475124162999624 1,040546642784481 413,83936269592425 2,9921102266458375 408354,04538887047 1
1326,5929322217978 31828,999171723874 2,9987377643828337 319,3992353133413 809,5519227974742 211,86226292964784 115,43249718018703 76,78595514859563 5,487790641622987 1,0491620756171003 410,7759212251565 2,9912817026527643 407023,7461003085 1
1323,7055622356938 31925,019718723568 3,021160863790932 321,6066360149021 810,080513231635 211,06297674207508 115,46968868889064 76,47334149512015 5,4504132855127665 1,044944256352105 417,4740160961249 3,008555866822822 407635,0970001711 1
1324,9117233453112 31610,29773302794 3,005742205727019 309,89169862810303 802,821952772943 207,24336574544657 115,66773558754895 76,6159332363746 5,504032717075679 1,0445237471416478 412,8557621469814 2,987253945930221 404238,14530172956 1
1318,0520587473088 31579,993374214442 2,9960431870148776 311,0867287293855 805,2042016282496 205,10007221958577 116,78800567333658 77,59691679614569 5,434037272360073 1,0575344886117752 417,4844855947183 2,9979510330839014 407457,5327245779 1
1304,7985849775528 31414,855111076093 2,99044074229013 289,9453263059222 804,0937921007101 204,0544359901585 116,16805649459441 78,02532333703205 5,433952795879922 1,0579713360005516 418,334391569022 3,0105159399194124 410726,7285397426 1
1321,8358955011286 31605,29083968672 2,993548215509522 292,63753159679726 794,0581370428479 214,8718301920464 122,08283073113047 79,40404673840261 5,439783416568273 1,0612944975040113 423,3382464444785 2,993873651912029 405060,4372492801 1
1314,7841367643919 31624,51970018663 3,003539147103895 290,6484438875173 802,959818812371 213,3418535994415 121,77449594003205 79,23778601630825 5,443354750453587 1,052206844738002 423,1749062185692 3,021899039225671 411306,96030759276 1
1316,5911076746022 31566,999182020212 3,0068686635740676 265,3645691160916 765,0494788921453 211,20706418796618 119,86037021811964 80,69111030627569 5,423210625129684 1,062341569019869 416,9594814378545 3,025049891831256 409021,05280078086 1
1312,3756786148854 31679,81826095863 3,0308579375886184 268,05966494556463 772,8572842525073 210,82722110685341 120,91501136510635 80,45962796904136 5,405463057937079 1,0684927251631162 422,73777032594927 3,0099030658289054 407928,29086080875 1
1319,0450369050768 31483,460363520295 3,006531333687441 297,6245827919244 777,1233935456686 210,19406417159206 124,89150342423724 80,22598241430289 5,441469377183724 1,067505926609683 420,43467905258143 2,9988237853015667 410659,3494337618 1
1307,0910591646018 31379,948837118496 3,0072574302308848 297,9919727052396 773,9512417971188 211,50056963458286 126,18012726062612 79,40253159522054 5,46074102023436 1,061919573694084 425,00183519459546 3,027030750060165 410468,3116059431 1
1318,1629228466663 31692,26551270008 2,9838214322136416 254,05150803217276 750,7515788559801 214,39843534099904 128,74976989459958 81,42019183227075 5,465417636860772 1,0548822149712995 423,0461793932636 3,002905101540957 407938,85730567126 1
1305,2495129846975 31563,448577921154 3,0206030806214623 254,32684178232407 750,4019429715918 213,5948056172742 128,41629116799112 82,00072311538885 5,465066134908614 1,071327300433618 424,72322521494044 3,013002138364171 410354,0941063662 1
1312,180905995238 31617,171528917785 3,0063572022556304 229,22848028132574 759,5034363086753 214,69783149777808 128,90775546321353 81,237454612988 5,481077059878301 1,07475487755384 426,86682685008316 3,0097003560995788 407345,0810910829 1
1308,320409035695 31391,580762689067 2,9994666897659754 229,34821714246974 725,3957025692104 220,0451920717901 128,5831986299501 84,91008276370486 5,48311422413915 1,0724736024806036 430,93671942340393 2,9996870723923665 408237,0598540568 1
1307,3522725339142 31584,218661622766 2,9978086707515446 228,1645028253853 724,7494165357139 218,6468905282451 129,27597040847493 84,25322339352395 5,470922178447385 1,074564847946054 427,4688416802513 3,000867155285234 405208,3906805755 1
1301,781887021559 31190,008818111717 3,026287166761552 235,33540795982438 737,2592555187417 215,29664082993318 131,86739753704353 83,59057595130399 5,489793936574012 1,0662022194181153 428,10439393756945 2,9845172842486782 408347,49670889793 1
1312,8768806627281 31542,269660647355 3,0065054688786343 234,05134565658213 739,9708171253839 215,39547668822112 131,70153211330984 84,2883426012143 5,443032815414774 1,076782697688952 433,59746002944985 2,9934469731503994 410695,2206478831 1
1324,5302492893388 31288,782432732874 2,975756811560002 233,3745540411137 774,8745288925431 216,43013901473304 133,73284906001183 80,36102656797216 5,4507194968152906 1,0797301323448223 435,52131162024216 3,0194083650386063 408931,62506614276 1
1312,4118440217098 31561,603838526014 2,9841520978691447 234,4104688579327 771,4437367819971 216,93129803982885 134,13226398886974 80,87838541062256 5,456006882870617 1,0911105610696075 432,86182573911174 2,9938181634102987 410956,20443595934 1
1298,8258069581348 31593,609494733133 2,986725586310482 247,75375633306263 749,682815622437 216,39900660758715 136,4543214838528 83,2186239917505 5,453543426578659 1,089525170637494 433,6792239112955 3,0050499664254313 413382,6537780955 1
1317,9474478270579 31781,61042703603 3,007650612803861 246,39594369285228 758,1394334368617 215,61368627678152 136,53712384868896 82,79805491876537 5,471311443967166 1,086025489771548 433,5292978927792 2,996463771247001 411466,47509347176 1
1317,4672864419142 31422,624299283347 3,046353085816759 263,75698792456063 747,901505009079 216,723081193629 136,5498861990503 82,5707949454073 5,47814130375529 1,0757634618225813 436,60454523891417 2,9986192588055944 406790,60403198993 1
1313,3519672625298 31481,24324960238 2,95964314992148 259,9429680985461 765,7752988016136 217,55044998189683 139,00672654130864 81,82456659533534 5,513314132759775 1,0856334797577447 436,575221818087 2,9912189648696077 408268,94774511515 1
1304,4730110260368 31445,51078578749 3,0015421042180757 264,6774307011023 767,4130229860128 217,18173905278405 138,57099743857174 81,67163588223345 5,433553770384001 1,0744911130834023 440,36011388565663 2,9981687696965693 407479,23922494386 1
1319,4755013923325 31316,48334636217 3,006072647178539 246,05177636504655 744,2347485508749 219,66364163171193 139,1590744867807 83,35811376341633 5,471171182548438 1,0887656291688723 434,2315400317962 2,961620541750893 404911,70238102804 1
1313,630332570551 31620,88425812351 2,989362621529978 245,5462911602128 753,1523397625724 218,9682199795106 139,3849270818968 82,99841021364372 5,469785009288839 1,0774306429306617 437,07032716523435 3,010638912653979 405062,2711578244 1
1305,892462714888 31311,425158354064 2,001887256357137 217,9378916681314 709,2274248868569 218,3703257702532 137,41799116626333 86,1327270951463 5,46658677877531 1,0829219411044957 442,7477957844206 2,9981653773384305 406440,4128890102 1
1296,5818187556497 31682,06189724135 1,9905374097560364 218,85097825459275 706,906327472009 219,68594716109516 137,59682244853238 85,28104093433735 5,441094154864124 1,0795274306303526 441,739995817358 2,9987815252261085 406979,5531149699 1
1300,6384243962282 31314,418356871985 3,0110417852584614 222,3833667027163 721,2010111403534 222,57494980314593 140,74457900864547 84,62845741517793 5,475153806524858 1,0833036567107908 443,1404032220504 3,0044125343672823 407521,8328667215 1
1295,3258956360548 31329,657878373535 3,0180873144324596 223,48865731535844 721,5334346468115 220,7935413424098 140,83091898088676 84,13705407145872 5,4936762231326055 1,076153430342815 439,8436481207937 3,030644666197041 407538,71452559915 1
1307,206299117096 31502,994852101776 2,9942557253584665 241,8933792906489 718,5398905566713 223,12747105306383 140,40572791491115 84,11521863281527 5,509689743473812 1,0815046812466695 438,49375465127946 3,0084455637519616 406826,54954007437 1
1302,4522133464795 31517,654434507032 2,990007448013842 241,3613554991016 741,5644692174588 224,6566416543588 140,35867175322068 82,688628671476 5,433115097587277 1,0745541224340884 439,6474015175239 2,9993099132365164 410248,5357974579 1
1297,7349692637174 31625,93924593647 2,9903350440540475 240,0130103686469 746,6853344840703 226,45642580909876 138,20567147818392 83,7729207078247 5,512706179230359 1,0913146749480722 444,14262880624506 3,013115700081535 403946,1581329842 1
1300,721181051459 31310,320581703207 1,9911077617178994 214,22046966826719 713,5759594184015 223,26648098556487 141,87386381802128 85,57907798619907 5,431034165673135 1,0840148869324555 448,37180847440516 2,993539937357513 402029,58549032034 1
1296,709399902831 31570,832373241254 1,994921013037064 211,85114154729905 709,1513040291312 224,94022780861962 143,18101677775536 85,40611099444 5,401583227617235 1,0817984341551556 445,1869110926794 2,986928921450097 405824,55228703766 1
1284,3924780441953 31364,620894338073 3,0013856520841538 235,0319083233556 738,9989517914665 225,927467031454 143,26386369124657 83,07750536622271 5,480946667310137 1,0851167174001664 446,24567869995093 3,0121394394030854 409458,62995526934 1
1289,410141078044 31573,731799942667 2,9966570829338095 233,72999917433143 747,1010516321518 225,087269938757 143,8499385893593 82,672604478908 5,448813252838381 1,097363155231471 448,92140206805516 2,980931599036599 407447,3253072009 1
1288,86667014607 31365,40859274483 3,010306182803875 227,68482290609714 725,4876589128129 221,5913406402745 147,08201315684153 84,20251641687 5,467099652140116 1,0914036031507086 450,5334550428615 3,0034257695926048 408294,0488852739 1
1297,027354341426 31436,719520961902 2,993420121627141 228,23102263271696 726,546224214596 222,01986496964153 146,54355170471786 84,52829437677951 5,453036397010601 1,0870237216085668 447,7964648095468 2,9963636069733557 406901,45994634595 1
1280,3640758003787 31614,058518073645 3,000491928902454 231,63039076891772 726,9832841416938 220,95068820276964 147,10641550590475 84,51302090195988 5,469071974876774 1,0866083415635872 448,0996495003181 3,013738519864491 405669,4019559698 1
1295,4347099718123 31539,57379036964 3,003247017940412 231,4276613782625 733,7254985122902 221,33984605275649 142,3022390252911 84,89749238665054 5,470479812369117 1,087396065380508 449,54714745814704 2,99092853926255 408138,2056148 1
1298,6975486877823 31688,07512736125 2,984864958715703 231,31082880274528 728,5153877561793 221,188184794127 143,96945710788836 83,71318893423202 5,505302264282803 1,0823243497108794 447,13617126966767 2,9976376580464903 403077,3826318482 1
1286,926463661254 31635,835337301716 3,0144055624280126 244,4758704287217 748,192464715318 224,64628215152598 145,32935688599676 83,17284540819499 5,431463848805961 1,0821754971400004 449,03869668787826 2,994375951805832 407284,13635019725 1
1306,80356698648 31376,167251494102 2,992032754637676 243,50658936248627 744,9171724573167 223,807215689685 145,14265307084378 83,44333942875532 5,466864518186971 1,0871460831302846 451,0286805234813 2,9998652556433534 407747,581654655 1
1296,085304602467 31344,137818090272 2,9919331790235724 225,29111248675332 721,9004301021696 223,12230841826755 146,51089819412798 85,10262870485197 5,416964864391262 1,0911153170350854 454,5966655910133 3,0113183935492964 405632,575282546 1
1289,5332988424957 31191,927942784252 2,9755300315631414 223,80385133645882 728,2205312808665 224,00653925605152 148,43696002205016 85,22692219021008 5,495361227911187 1,0844959785197283 454,1883082728962 3,0288723126599835 409986,3137196837 1
1292,0434605960697 31186,75332094157 3,0093543747076 234,6307871693732 736,9013031693275 220,48841460741622 148,56290861493707 82,78282446257657 5,499629171272739 1,0887397196918274 452,0690267926166 3,008870994152589 403798,31210264744 1
1287,6620314414108 31452,313462509617 3,0240222068496667 233,66567460095254 733,811133895012 223,25941989238748 149,0204380271336 83,48691445487194 5,479952014311662 1,0816653661465079 455,78933411195044 2,9837065665338898 407029,35838826414 1
1293,8066600808443 31712,655910063706 2,007493598070202 190,980095941259 733,6010472004756 221,63500955153512 148,80905619046 84,2682565165567 5,46012309923298 1,0780983031022948 452,7446354352506 3,0039899106529413 406001,10970696085 1
1296,42580957966 31341,95092663973 1,993128302813311 190,43978854091395 683,5586472758916 226,168407500744 146,7467070409901 87,35434558864812 5,447582773618787 1,0769029327391952 456,22601962566443 2,9873677967639294 406558,9193555579 1
1293,6356165425927 31318,53416809634 2,0117467800127975 190,69701870569068 677,9306822995039 227,23472928775047 146,7199748178662 87,5293124988098 5,4605451292409395 1,0840222562694959 455,1204635621576 2,988018654006173 402824,17435082776 1
1296,7255789027688 31161,006523644108 2,0014417081732034 207,75654214675902 704,5709590379046 227,3674927532779 148,1142294980331 86,15828055805419 5,4676720587329 1,0793483814329061 453,2910032892483 3,022797350623992 410623,59412467043 1
1287,2057470975521 31711,66850797146 1,999268039853775 208,50281281525696 698,337298389272 228,79789495907158 148,52108190083945 86,21437509117877 5,450729843210263 1,0778837572845874 453,98534766262594 2,970803224955511 406677,49524183164 1
1295,704409244164 31486,822305330286 3,015050262608929 242,65856325505902 741,7835484550724 227,57108694115038 153,23977437038636 82,75906343900589 5,4707786790164565 1,0759263101310967 456,52909611771355 3,018689774051669 405456,641633526 1
1287,1690817245901 31635,129355489807 3,005822121987657 242,54877175199127 740,7427194886891 227,9737292086402 152,29873393074445 82,34906257290889 5,4974620816355735 1,083367122670674 455,5392966375783 2,9937922384906934 407033,3207408976 1
1288,2728327619834 31579,53472016402 2,000229459491698 209,0694491737431 703,0139493815885 224,42691616579395 147,55752118127288 86,49948164116734 5,471729832839552 1,0823166053682076 457,0190429731335 3,005142621871227 406673,76057556097 1
1294,8052616414611 31516,48800555607 1,995652799527304 206,2995942330456 706,9060531133397 225,11406122810226 147,26551581964463 86,31236051110169 5,495760514246329 1,0695470018133235 454,1413512796987 3,004848848067015 405711,57202701224 1
1292,9842776725066 31539,763195666535 1,9904979233160873 204,406658663051 698,6893881403329 224,06873842805496 146,99065445841615 85,76600302277116 5,481190057709965 1,0808801579195262 455,2807858300064 2,9916085858184207 405044,1943015947 1
1292,3669492774056 31301,41600606543 2,009893489412658 205,31476554051926 699,6582867558702 227,85707052057066 149,06684704376397 86,47182736169816 5,480915348222128 1,074259925678042 458,7719593749165 2,998495792139739 411219,1583412305 1
1294,1852366668695 31447,851064881776 1,9826426913997903 205,54238702135243 697,844510611018 227,582327390874 151,10022003643385 86,69590424401214 5,4982773522840995 1,0786031220082632 454,6897612832499 3,0021571448684203 406458,51267663017 1
1282,786995698643 31629,687292806775 3,003304369791967 226,80582368886334 725,4996708370184 227,06297400608196 150,09062544494464 85,48035130715533 5,480334136110935 1,0767576772272958 456,9573092035076 2,9896154522712335 408742,389256975 1
1268,7942052023257 31393,50307855505 3,0086156488515794 224,53227359394447 722,688237961956 227,33982520120387 149,80805151795244 85,46459263921659 5,451888400731667 1,0795378776457962 462,2556349358536 2,992669733073106 404524,3497808984 1
1285,668360746002 31729,983588846997 1,9995327656126836 233,45094345312063 735,4587488102546 225,73279971268693 150,40121431717904 83,88895830989831 5,502283199354711 1,0835786199628148 460,7112606013368 2,99597022366131 407311,6239320871 1
1287,5332241883125 31380,77780935014 1,9857746667306957 235,3102071368931 733,4412842269338 225,2208096795634 149,40214414199463 84,0329827184126 5,453236338872361 1,0815848441730762 455,3070167755992 3,005027329610165 407959,6088691581 1
1278,7699197922977 31482,1297221132 2,013724838728221 196,70886588102812 691,9396438866008 227,36871491362606 150,39923390385823 87,1281785770597 5,47638501610988 1,0815369467798897 455,32215419688305 3,0147250245340462 407769,1772316304 1
1283,9933471562988 31558,19234415119 1,9998316223468178 197,55464037347548 688,6387608645234 226,6691608400235 152,2223654575272 87,13467258993586 5,446547825896228 1,07392677305613 454,06493823792994 3,0140635204656796 407023,6133597038 1
1288,6763254115708 31298,670867969366 2,9821478422116567 229,37828804051887 695,4151762251539 228,05096396904153 150,0399900277702 87,01812472525349 5,478786735099039 1,0712402785869315 460,24203030824566 2,9874059713335193 405525,2784245315 1
1277,9157454057558 31399,121431319843 2,9959823445372784 232,6510541343856 727,2128708316055 225,94917349223374 151,07889104408352 84,19092980969315 5,479561333370627 1,0763449002046988 459,40173676041184 3,0057867203354967 406829,629919628 1
1284,3369100505674 31250,312001137478 3,0014003668151057 231,2643841171907 724,9712754141298 224,2336607247882 149,34656478584412 83,97288341605876 5,4929110145025515 1,082649799063954 457,9450532473064 2,9868367391461645 407603,99334873393 1
1280,9370718092698 31464,21116204074 3,0056802614014964 232,00032930288342 711,4003974430696 224,43662867575074 151,45209461120658 85,55064695969175 5,442577616142056 1,0802559954288005 458,8004117420176 3,0207924193959066 407618,56215206394 1
1275,8512923448145 31430,67441004417 2,9945806557289636 234,05076242939535 716,2978089334187 226,09715695342774 153,2994657909413 85,0697172188779 5,435789041332069 1,0702761210855045 456,54746368998246 2,9826712563051823 403955,41597211483 1
1270,2631412367941 31468,4315885028 2,005415058554289 227,80784783473132 724,8955356172993 229,34669781801483 152,22281418192327 83,79701262687401 5,456461476757775 1,0816023645187722 456,72076014706977 2,997757501604943 407360,55698368786 1
1292,3293466474324 31261,242287782035 1,9944038156606572 227,8701281154493 725,7938354266741 228,97618677014066 152,22245654140661 83,84713363171211 5,49035597919426 1,0712124809952275 461,936507160599 2,968928971998657 407508,37629281246 1
1281,7859456761898 31554,789785481644 3,0288551086933295 222,05537451716802 724,6394131129468 228,99904657283673 152,88269573388396 84,5175236794221 5,4711200870284 1,073184458100734 458,8312877593788 2,975371438679936 406491,8075602124 1
1278,7954290376897 31493,29278117463 2,994517263833696 222,20882901843763 719,5688588932287 228,3893963859338 153,33629418234 84,93782420309319 5,477618436818043 1,0705328649836747 462,14420393253147 2,996115238070826 408080,2177561972 1
1281,9423417262644 31197,98534809035 2,0000911712771328 208,0996486357519 722,6882417273835 228,76424166636056 154,14188831344026 84,60270324514663 5,468896375794604 1,0788069763885735 461,3646134490804 3,010574440384115 403753,955612044 1
1285,1699389007724 31521,099018444682 1,9914286114785433 207,86960614981953 698,0464531617978 227,79552554623993 153,80786504379782 86,2040639587371 5,465158680908862 1,0798739166651816 462,5775286165104 3,0084876033210297 404067,55639339495 1
1271,8233701800873 31141,957135025754 2,006263695892696 206,70097195929495 701,6979512409897 227,39744288552208 153,333019711647 86,11044158138463 5,494975614441606 1,0821531113693155 461,3878721457697 2,9941576875111555 401009,66049098165 1
1284,4228908359958 31343,5387142574 1,9996085524230758 203,89319472500654 702,246405868354 233,3018319168067 152,3936971062815 85,54069548882163 5,451852143818259 1,073880087713699 463,8668858423068 3,0217047364396636 403476,01508555014 1
1277,734724870027 31886,432275304684 2,007214804533764 203,6999672074475 704,092160183358 231,94167723005478 152,11156798106103 86,18705932773966 5,540385723921558 1,0827157944686008 460,19451376037875 3,0102990343244667 404237,14175412536 1
1275,3020263012813 31574,480248875225 1,999350113743863 207,21168588868883 702,130152656438 230,89443078794062 154,08398614545487 86,89502606847516 5,512429648040766 1,072979271268699 461,96265100714027 3,0275481353018234 409904,38325013645 1
1281,274040625236 31374,513512653935 2,0058728825495753 204,57584065490468 705,0018448308465 231,75455166106227 154,53275132460223 86,58625990038631 5,455340853773091 1,07832049358819 462,4568349251432 3,015999620660825 401742,6180463997 1
1289,6402541700666 31341,123550479144 3,0081535475746364 221,44838501683253 723,6011155367503 227,4664740136399 153,91170523520637 84,43784424706784 5,462077236668265 1,0756539858527452 461,2518294274843 2,9986551105951573 401739,74798689515 1
1287,8938982961677 31122,678872452318 2,9998922864590245 220,35877315840966 713,4255773250695 226,77950094511598 152,69715019275128 85,1476454370119 5,4976833153848075 1,0824115360779825 458,36027903634425 2,9853281306318262 406234,0655155445 1
1282,7261073906382 31155,874893915123 3,0078091291216174 229,4838792258265 727,689582909442 225,7963011228164 152,25736211209104 84,5465371579818 5,463373056873267 1,0746743605252547 460,41840992885847 2,9754346265067726 401970,56455019 1
1277,700960507701 31418,941392507066 2,9924323820947 227,71727465095609 721,614188380058 227,00853638318262 152,59903316063068 84,2251665856366 5,44180075252632 1,0749124106798063 457,5697030728978 3,01997919786414 402762,8712386031 1
1284,4483908472891 31149,28539878952 2,9934864641948504 230,07297899342421 727,9649082793062 228,06484437701593 152,64176943934757 83,62615923342005 5,441823070448349 1,0707323023848458 457,62373175352263 2,9922428241705723 400509,1029562764 1
1278,8928370796164 31264,826856468495 1,999326787712795 197,95370069205674 729,1866092377444 228,1251689657508 157,15457773330968 84,9016663715059 5,422315105541562 1,0742426394575133 462,6856266998306 2,994985424095365 401877,3177357873 1
1268,1313479777098 31438,437464651677 2,0026575406227396 200,1442547506997 722,5185528177822 229,9139151375416 157,80006017124103 84,40924176661824 5,50937933320213 1,0782175652178767 460,58661828281595 2,997689048316266 407241,6368610069 1
1280,5671962299025 31389,515849154122 1,9953800318515924 218,35715326085122 712,3152670665792 231,56066955654535 154,7539012610974 85,37796471252383 5,479123059541688 1,0897152429502635 463,98024964692917 3,028689564632547 405147,3994284193 1
1292,0756736777464 31326,552360369824 1,9858030010567849 219,21396238293454 716,8869711213046 232,95735240858858 154,01227341643738 84,42119896720946 5,502274829598624 1,0742472065070794 457,89654908200237 3,0016817966411495 405913,3484320317 1
1286,007960757015 31399,92697081208 1,9901007864540436 209,49005674330277 709,1708784494348 225,06334073936182 156,09191538630589 85,82718994615405 5,437626493197716 1,0763754353313915 457,53942399807016 3,013973261039008 409488,44642560335 1
1283,4411969303196 31556,108792032624 1,980163190328145 208,8780264213618 701,2302037915064 226,79290126127583 154,6681825620404 86,20975822368172 5,459748121307621 1,0726343475678322 465,88070871852216 2,9616165473081053 407907,2630152578 1
1277,8263473124714 31490,53673153298 3,0056430277017707 225,6669852146621 707,0150588637586 226,6692841280269 155,8343649402702 85,34568400180318 5,48166402475477 1,0764554407263316 460,53905390552285 3,0112285959877205 404543,3566404999 1
1289,2243070466427 31266,951828677436 2,9983815087752883 225,0093389782171 726,6360711046232 228,93796123370967 156,10476255654055 84,46231869063251 5,437180124226597 1,0751873262257097 466,75434664089556 3,004976916500722 405771,3863362848 1
1289,7906080121302 31426,196144742476 2,993146393703388 224,2395408188372 724,1817083123867 227,6957174174389 156,02556221955504 84,22323187028312 5,416565687602784 1,0775810123889737 464,7309867213285 2,9911893259775453 405883,34684151184 1
1284,5836582481543 31456,19663862742 2,9897791195795715 221,43306891021194 709,096005252289 228,342766596572 157,08926552252004 85,6957731570315 5,477213949046311 1,0693974418682963 463,92947023857164 3,0017874380193055 407155,2248162874 1
1292,9149563579665 31164,905760132904 2,9901178655046823 219,26826800398413 708,3151375120036 228,42591373017618 157,4216629382067 86,0534669792095 5,4918372168916 1,0849306804126344 464,46482360110724 3,001208374461287 398819,4843271196 1
