Co2(scd40) raw_signla(sgp40) aiq(ens160) tvoc(ens160) eco2(ens160) rs1(ens160) rs3(ens160) rs4(ens160) rmox(zmod4410) tvoc(zmod4410) eco2(zmod4410) iaq(zmod4410) resistencia(bme688) Aire/muestra
1038,8848237668158 31600,678864759117 3,0001647189189162 421,09518359777456 846,1225741441765 253,56546480284712 139,90484607008895 70,33835434290246 5,421373864477189 0,5269988195131572 407,82033370285507 1,991235057084996 475150,88780160144 1
1043,940444080802 31444,35461955729 2,9979893840442737 377,91802812175075 834,2484634463437 253,07411047426723 141,20503729566542 70,57676207040157 5,422269080245719 0,5240689229427795 416,74718259092833 1,9963949624810697 480065,005438071 1
1034,0938083430171 31408,004460022632 3,000956625933025 372,67981282490297 828,8311314406126 257,1368886348987 142,40496010947982 72,48296097242643 5,455899486315897 0,5611400230724471 417,67345320541335 1,9972901681988264 477098,15581346606 1
1033,0056797899854 31572,212643163894 2,9946661780540005 381,2281401957235 826,7810325156664 255,94483338965173 141,18857524961078 71,96169074749025 5,390260998419069 0,5588810185793749 412,86646749336927 2,0075172542823387 476044,87466452766 1
1047,0778854777918 31411,320011831238 2,9961086918679047 360,19567019346357 825,8340988987627 257,06652787900595 142,10633138571703 73,28691029136627 5,36462819372719 0,5616437570580421 410,0481197730742 1,9888249099567479 478692,88185917016 1
1041,658389167728 31832,90374709713 3,0198758076865655 368,2989322260441 822,2177711100751 254,05632153387833 141,03522012689612 73,99023726184159 5,409899235384418 0,5911299691504436 411,958808864792 2,003813162048607 479774,81981839874 1
1036,4026798543914 31555,36749086346 3,022041900264918 365,0959718905644 818,575164729805 252,79480320607263 144,02280206120415 73,52634203653977 5,381934124840357 0,5885305350091661 411,68830613791346 1,9981850656143374 476483,55088051345 1
1035,3802111676746 31547,616948904113 3,0117122700504613 362,391512547127 823,7772671219103 252,57742484074663 144,4191561096818 73,26086405631334 5,427036379761087 0,6207273516762528 412,70047941659175 1,9958104808214787 474466,6244195629 1
1036,305798826232 31657,047476810894 3,0022406272988222 337,08411242013307 812,1078417933978 250,94400222969634 147,26016296759778 74,72135322291716 5,389925751261847 0,6202320154298362 414,21297614709147 1,9960240538948804 470533,6524965891 1
1030,0762685825161 31571,96655798604 2,9765550821020916 336,3824805945295 816,3005752212968 251,5121091347093 148,07693447133462 74,66568059861696 5,387202149949176 0,6471403480200332 414,907389228231 2,005374682801083 472739,4847708701 1
1043,1069984268308 31433,63090521979 2,9977013751702195 346,2845451171428 812,5018696349823 252,45992903748478 148,80809341017311 74,83967301956866 5,454443026433592 0,6519107556667004 415,5875156585625 2,016908901778729 472862,74291468604 1
1039,3578728227383 31505,051294243025 2,9925971219398964 348,8231764444984 807,608404842355 250,75981893407106 148,5511990176194 75,92753060573972 5,424128990842909 0,670203847086593 416,82179632550367 2,005201980745903 476348,713758563 1
1036,2775085269868 31850,442287590333 2,9774135099636956 349,9124932153762 808,5503498677735 252,6540462491786 148,41572812527897 75,87237290007653 5,393743346281301 0,6780005352720758 417,1775025881797 1,9966295787481676 470681,9182543591 1
1040,2184614831824 31360,92226912846 2,9947865694954774 311,0812546746185 809,1175483823079 253,89436196722107 146,0317845693023 75,26924369970726 5,465992554982512 0,6720299421559044 414,359328260277 1,9849079133861236 470109,56962335843 1
1034,0260120939795 31549,426187900215 2,997275305945824 312,22082952874354 808,7229298511903 255,08793781179142 147,74529589138075 75,20434946610719 5,3923488849342185 0,6869386902169622 414,4304653054972 2,0042992525876855 467482,3377976518 1
1047,9725600491242 31553,81347930268 3,0389914409733723 322,05566604414366 800,9344789960968 255,5281029058004 150,95868069936415 76,06499862661819 5,400324542709038 0,6973631866318605 409,818187172221 2,003188752633583 476855,89859311446 1
1039,00682208365 31556,639577498918 2,997375149002151 317,54222186067284 805,8354626211433 256,80729156456914 150,08293832167698 76,17622942022204 5,465111348344998 0,7158732665453206 413,024357680701 1,991888257276846 475303,1683635793 1
1034,1193378262185 31500,544473694856 3,007819368274961 296,0747751646949 802,8786400570639 250,8150889306821 150,55882381453628 77,77854255544959 5,4418314572655815 0,7109613182010973 412,39048151626366 2,000955081031955 473902,2889311426 1
1049,136086256163 31512,745482737304 2,977718862241917 294,7263120333201 795,1327614924863 249,01340389975627 149,732271868018 78,38400251336749 5,418508284532558 0,7289308477251158 412,3085248115856 1,989112631907154 475992,7882025726 1
1041,789632536501 31476,2466754666 3,0113959147366525 275,8630203472606 800,9394191178858 248,94931557787248 149,16938250949417 78,35675200541723 5,400997581143569 0,7333972493471738 414,2021420321744 2,009233218735923 468039,26303861744 1
1040,6094955323606 31581,672846531834 2,9893198783869286 278,8301061576687 809,4089320515491 244,000728270661 150,86505998692712 77,5872197625621 5,414416472914319 0,7504023664150045 413,2740937312874 2,0083498898693373 467553,4858473349 1
1038,9535264795406 31633,035960676207 2,981447841254261 276,5247204947201 797,7162233919568 246,228875012348 150,46532363267232 76,48595344770916 5,460136259949486 0,7495914894627983 417,93544666266774 2,0064013486003063 470914,070787276 1
1036,241952347879 31323,945305175104 3,0137413149102956 294,99559734692673 801,1752477170113 248,93567452823544 152,79692018251754 77,37764226393362 5,457091781026288 0,737583541049131 418,1129930953387 2,0051609873199876 473433,4788768506 1
1040,4420065459994 31426,32510706955 3,015747388381852 298,7351427735155 799,1713192047798 250,46803551798828 151,8106680654602 77,40759553143006 5,447281600255402 0,7565089893167732 415,1761775046991 3,0091866565638634 468984,1719237482 1
1046,9859683130558 31410,75983704242 3,0161896191246607 317,39936379780227 809,5891724501256 248,01753234114284 154,93199256532796 76,63543125575852 5,395815851595986 0,7605760924091679 414,5859308610974 2,9709903099898933 469695,15790132526 1
1031,369487935184 31281,842694349147 2,9986760527829017 315,6493589706461 807,2649366742521 248,07589471721764 154,85717388675351 76,34952629348668 5,386284311016644 0,7703157521060225 415,27180747763464 3,0031856847355938 463972,91768865165 1
1026,939802356875 31498,95395112603 2,9935753904562 320,96552992585254 804,1916018839231 246,4844859374123 155,1621854059111 76,60585813711876 5,398790891259392 0,7732400274734638 412,4809948333977 2,986388099753688 462945,1063505333 1
1047,3418519041868 31849,260588615605 3,025588482424963 317,4571005151895 802,9026182149075 246,13825266208826 157,65342000707807 75,69529410282495 5,396822779504495 0,7859434716886075 412,820416026608 3,0016842398251353 466084,3984386378 1
1041,7745152039583 31467,391743720535 2,9944717094982884 278,6943092124098 805,1256569805801 248,3070943192679 155,26871614662892 76,11542732960257 5,342263451317009 0,7889994888461255 412,3829558343432 3,0170747270921865 462711,1531810016 1
1041,536850937948 31572,33743192642 2,9695519816780642 283,3182108602359 785,998896444637 242,88717507144685 154,75002404898626 77,89312525513165 5,410871890442538 0,7943387052549816 416,08193108973524 2,9862899015771287 467303,6982020448 1
1044,482909399965 31601,494108671734 3,0219146820519933 284,83985836736946 778,6149197862208 245,70888451893336 154,53708334825646 78,77877414471642 5,4452101130294785 0,7968763580487144 411,5840479875784 3,000076562881719 464641,6206881487 1
1038,886684029651 31453,7628832696 3,001090798783846 275,17259929884153 782,2473757400085 252,95200683422135 156,4440284400857 79,12615294159447 5,3637585044740215 0,7965558505929995 412,83479173689557 2,9997702228545515 469011,05797324964 1
1044,0470423257034 31667,408527185766 2,9879083767013843 276,0727988206157 778,6871927925276 254,14740787113885 156,33548860299962 79,05535724474635 5,420617896712092 0,8060814814468856 414,9358074712089 2,9882521271565423 465197,73001031805 1
1030,178658977912 31480,7627619968 2,973737536655604 303,2258426498435 804,8682097160923 248,8286933917091 157,91716298651323 77,31860299837169 5,426467712807487 0,798506651196259 413,75004819374533 2,968256776172402 469110,16836258903 1
1040,369383077396 31623,987582875234 3,009100729483971 306,0114198041575 798,4488526389887 248,84861339940824 155,6991579713608 76,95713398572566 5,425567781822967 0,8192231949874282 414,04383145822345 2,9878454408965722 461452,6972693865 1
1033,6926468609577 31621,5712272288 2,9991968578868207 267,3029229734566 769,1359007684488 248,5728555150914 155,4426279749833 79,66362907747009 5,408213331786777 0,8144487085248726 413,0370205197189 2,9972645806700426 463945,3727075983 1
1042,128290359437 31485,50482028912 3,00352712702221 269,13924954019575 773,8595348910795 247,9553259062743 155,3516306290472 79,76261770939256 5,4555826744400635 0,820440344341356 408,32590597620487 3,0025224937414974 466094,27715176926 1
1038,3970888401373 31557,281436433823 2,9729516909785354 290,23481154252727 767,7562495683617 249,16590718882716 158,3013165976987 80,01564367208974 5,351920607818608 0,8180433303589136 413,8990750851084 3,0026509268808628 464562,1432940919 1
1039,5935743405953 31397,453259783317 3,005653755291342 286,54455460773124 777,3165404006279 245,79949846878822 158,12366464852335 79,01186452090259 5,456742660773117 0,8399501442937253 409,3897153153388 2,997947498376035 467445,2861912026 1
1040,5703238838055 31627,436391296433 3,015334490892526 288,8764666215987 776,786186410558 246,5769775724474 157,48112476654828 79,55564207509214 5,4263202592243545 0,8266539334210893 416,136724321947 2,9853884581418577 460417,92528623616 1
1032,045886577455 31510,038706571333 2,9874883129151044 309,72655215433167 800,5859182235814 248,85313949874993 155,72504998911103 76,4818208047762 5,330244759337409 0,8341359108961676 411,85622184212815 2,9786615116246975 462240,64061630034 1
1031,5348072668455 31545,02754717656 3,007525548679484 312,14612173969 802,601341599948 250,24815238911074 156,2898967834883 76,21601199867435 5,365931185910372 0,8331751906062062 414,27294299919635 3,003738865158429 461403,94676695165 1
1037,51801880806 31616,19159515498 2,991811009103633 288,51103408781006 792,8109059681973 246,34664671668628 159,53737576677725 77,94140054530878 5,427135125931572 0,8385986158408978 411,99298202334865 2,9727271954807133 462372,17737264157 1
1035,4300986786548 31475,54148919922 3,0177924777452856 289,64661552949997 790,6348739380875 246,29142296051978 159,01710199250718 78,17158950842611 5,389848742303916 0,8408934776631852 414,44387187998916 3,0020051956325737 462369,20054246776 1
1041,343469519217 31540,530947089814 3,010897503544028 281,29836401702886 788,0153281153576 249,80189655203472 159,98266028889424 78,14604069346302 5,340575036223418 0,8387248232814698 411,21673856980703 3,000564352596054 461154,04830633296 1
1046,0531630544583 31527,013786016854 3,0301550456176525 280,531639972417 779,373673144281 249,587987163269 159,39886107531495 78,61583465252876 5,40973091645864 0,8450086041093722 411,2914002297147 3,02424510161584 462480,24634893215 1
1041,9937754197726 31548,07923248834 2,969715971423505 268,32365318942004 779,9289582373558 250,0685528963148 160,07801515719763 79,48719165384529 5,391542492618867 0,8513538338676425 412,7889486695137 2,97002246690866 463420,53334079916 1
1039,4527426953125 32042,09194281032 2,989622769476717 270,52658414832825 777,4847216982961 252,50099260944953 159,0657887510082 79,46937049442302 5,3838370135369225 0,8512271570714643 409,2274289138911 2,9795391505058744 461058,38133055216 1
1033,7443208838683 32002,3482363934 2,99534675255343 270,17146037122296 771,8193846841715 251,16974486379286 159,1911221769007 79,2688234762043 5,404026727543134 0,8517929563876498 413,11527773946284 2,9932168775049806 458463,0415277054 1
1036,8290105422286 31791,814367912393 3,0115113584979216 259,3813768624359 755,2426101827739 241,51509276318197 161,7018751187038 79,90553077037606 5,404108904346312 0,8553171818903406 416,88402354449545 3,0206592634634495 461640,75893812487 1
1028,3389882508523 31618,025933606048 3,0064328560466915 260,8973182762989 762,0480693442853 242,94740577000547 161,824592014609 81,44310842641761 5,366384053455221 0,8623340247625938 411,6754196454022 3,006023375383584 462919,9996477307 1
1045,100676914412 31513,7783749387 2,9820728297507797 278,5114666067939 773,2740036868456 249,18922846821198 158,63134186054202 79,27690815480825 5,424301287459734 0,8563962141466839 415,74979104627516 3,0158909907307203 461255,5274951892 1
1043,357270995779 31447,717801251936 2,9750245527417287 276,24994008791145 787,0322676921281 248,24078574172273 158,17538550693237 79,03430405750454 5,420153399892539 0,8640865839228822 413,35250194452294 3,0011875727443713 458481,29208879883 1
1034,9767922726446 31385,839938964495 2,992958100259089 248,08746622099113 748,3518229575886 243,90279668458777 161,0601798759887 81,60813710440675 5,385885118844458 0,8630930070083553 412,49719502303344 2,9954251462802803 462915,12141752976 1
1042,6210296188729 31558,265222151495 3,0059232340306856 248,6252657133279 758,7981167107198 243,22385426330024 162,62668881871446 81,72735844110548 5,422018788581692 0,866018074137191 418,17467022047487 2,9929035529810175 460570,96473896864 1
1026,730498051446 31353,12563127241 2,9955105719147985 263,81501450255155 755,9144708775789 242,8242836911236 160,7175145863091 81,80122630472718 5,438384727508959 0,8731833579234682 418,0865816344858 2,995664453780017 459096,4962494985 1
1028,131535923595 31739,600416623747 2,9976233486655155 263,153326816937 769,3300506558018 244,26021758284168 161,21185844838953 79,93080331568562 5,432717819846635 0,8692124562305745 417,27827204480593 3,0108826916956937 460680,5859086708 1
1032,4789078768276 31743,019861934066 2,980034325295718 264,75620009934966 770,9566206066006 245,09488538695223 159,96187940243476 78,72004159587891 5,42703865807357 0,8771262777275952 414,42418982781913 3,0134937248109877 456834,5441986473 1
1035,1315863531681 31676,940860976196 3,00798381249428 251,44639021694462 750,4915373200969 244,30796503721598 159,5955393850857 80,92749547886791 5,443369499097302 0,8694385552256844 419,79669788433006 3,018745111187523 458778,92222178367 1
1033,81723392056 31376,996810903278 3,0065385686346833 250,25991599459337 754,0925626634981 244,20570264207674 158,912618005857 81,46627298495015 5,448070500324881 0,8734233146418048 417,31067840316217 2,9986933002879073 457281,0683921495 1
1029,6719555277407 31604,69605228449 2,974308296141745 260,59464657164966 757,6909651437384 247,71977450204142 159,72564208957075 80,07432208904268 5,387363816088237 0,8707251664865086 424,1819845213583 3,01443142742035 451053,2051662821 1
1035,4075242304564 31772,13810051968 3,0140996239737055 261,61343666593274 763,1399305784407 247,73372797917864 159,60954501621313 80,23433840450325 5,420355259786744 0,88267292582453 420,33635183517976 3,006580699664973 454634,5832097633 1
1028,8772729305094 31834,31071441029 3,012821993930748 268,0112788649938 739,1838404867578 241,1469221611769 159,86908779112147 81,59230119166037 5,335098110098263 0,8695092228177338 428,73363465628444 3,004380989768179 457327,60711523006 1
1032,4941534054399 31417,666378891205 3,0254443851671438 267,80687463275797 739,5864504791912 245,2375209568489 160,6476461260858 82,01948402092479 5,463900374970683 0,8777037213200877 425,806897604138 3,005213160906572 456649,54953533004 1
1022,2320522538525 31344,70673512614 2,972767475849663 263,09856538810374 739,2132305071302 244,10634635600084 160,94780956435753 83,20262728823603 5,412567700671699 0,8838906740922742 425,65510442149446 3,021941259691797 458538,9774361477 1
1036,1037993841855 31665,996940985988 2,9999919784627815 262,0448551196696 772,9748944854759 244,81439224309972 161,91392377696164 80,74540345732898 5,377250375793898 0,8763279601041256 427,9558751917135 2,965533059862012 454586,9220766236 1
1033,7642562553824 31382,889897019584 2,969600841159886 262,816658540413 770,3299313377022 242,5158180423812 161,04967391761198 80,31581544592639 5,425229395886599 0,8851160634143154 426,8043992685483 3,0328852834587563 455175,370857071 1
1032,7964686456419 31440,20882392347 3,0086914759311014 274,47539021042337 780,7836389705618 243,83942578238484 162,2415886709134 78,88371381802392 5,382397403831521 0,8900064903291504 433,7568394185712 2,9845053050935597 460708,6050973021 1
1038,0077947435848 31505,49562142275 3,0029046042718335 278,0552482550245 775,3884944511591 244,49244615692615 162,29314473458822 79,14734150167368 5,435087517319083 0,8882808870156704 433,80942455971535 2,993685834564291 450446,94709513 1
1034,9861691098617 31554,28098457036 2,9871320442074496 264,79432385766364 758,6699974423427 246,5625556857219 163,92203112047525 80,68795789977791 5,408330104180466 0,8864490095890037 436,24276604235774 2,9941228220824194 454172,97903532925 1
1036,1228606931427 31477,62948074738 3,0154438459210415 262,71308873622866 768,8269125536515 245,71346486415183 163,72190819124873 80,16061402222773 5,39389666205298 0,8811172086538636 436,84223927246467 2,99014501352057 451916,62823157525 1
1030,2819667768943 31500,773480466658 3,019911365001991 224,69350787496234 787,7864433776235 244,99184822939 164,74645321947412 78,24801150011561 5,391117511251244 0,884226841143552 430,4785650601068 3,0297682563213217 452005,37201424973 1
1032,3275750927446 31455,801254370243 3,000797837617523 226,61689512944255 784,4609272062623 243,360866568009 164,23132277237607 78,351757486593 5,450930613163961 0,8892275821007587 435,0624780523068 2,9882504929628078 456250,8141456372 1
1032,002804531766 31436,840288127918 3,0022193722501607 265,812629918351 780,5704250842255 243,99910024918054 165,2774276215855 78,43721734451071 5,432431510203782 0,8881723867074913 437,80191764910575 3,0035046342039724 451993,2939658535 1
1035,3311081844322 31434,634017298205 2,9995458301735898 266,62989489716836 767,570024864947 239,91875346763993 161,11326020375068 79,79925292124918 5,413466737764043 0,8800948732426103 438,41497611616006 3,0077850172940646 451775,76908423856 1
1039,1040697906883 31368,840143223315 2,977888183423004 268,53600029497653 765,6430420377851 240,62598212498 162,64933694088137 79,61080672862704 5,423290252478777 0,886433231914589 440,3920545815359 2,981214091584913 447923,6000284022 1
1032,0718506506291 31681,802305081594 2,9886006616250755 239,4067136886678 736,5752454148428 244,1125779398011 164,83249523981686 82,47001709357629 5,354192894456233 0,8868285066519299 440,70257510826804 3,0004220214389665 454731,95696836396 1
1037,2066598943677 31354,226481702543 2,98893500819578 236,7652553716507 735,9219881617908 245,31891717969364 164,34386644719532 82,18324321187986 5,366478110223252 0,8950494060345922 442,3118618008269 3,020978177682045 452217,9275162732 1
1032,16967306958 31515,11839578669 3,004184269271986 275,5759451284044 777,567381729411 243,78491690088606 163,05229683090204 78,94865378317084 5,3918105102935465 0,8948145074665769 449,3099966809795 2,9785166019472973 452052,8139752611 1
1033,6735051912044 31443,297624427356 3,025645851030202 277,4657289878363 780,7181970240479 244,53395110634028 163,46216826738248 79,4441789434715 5,40750135336049 0,8929892985817307 445,0755785994857 2,98385140324279 451537,66525823943 1
1046,9923476156412 31448,50755732064 2,991610472496306 260,419635780897 765,7758416956731 240,56483475546312 161,97525125134294 80,82993139799878 5,41177485316362 0,8890485505520423 444,8913817444365 2,976855441314529 454435,2445753538 1
1034,5710713793162 31689,627218474594 3,0127812706409527 259,3062299441656 761,9219780578981 244,387857615068 164,43559086101638 80,7746474515931 5,408924003221628 0,8968363279993271 448,17715124017616 3,0071189320638405 450472,1354848082 1
1040,793989800177 31437,439278974536 3,0210370963953688 273,44406096814157 763,8161343715639 244,8900294779412 164,97612020434295 80,38285656890983 5,417680103388563 0,8978829060692952 448,1704148954734 2,9874837267316057 449585,985665111 1
1033,8808529233957 31533,887016598088 3,0222936899645587 269,4291505882985 776,8195160536374 245,58492405873457 161,07253024750327 79,39355708982231 5,429170733027194 0,9021482253229 450,40269476788336 2,9936607651677445 451643,3543559301 1
1031,7609188349852 31612,55287279803 2,9974402369082362 272,84905671419347 777,1228324745608 246,80634067056678 162,069001854191 79,20961991211679 5,3688951636112225 0,8999506243574554 450,79815821060987 3,0132789045240047 453411,00913704996 1
1037,8230633928367 31774,985973829658 2,997091947602613 249,64212399166962 754,0633123973817 250,37010379104257 163,76186443043164 81,22277353548033 5,433840004301569 0,9013525227897434 451,8708757648745 3,0030785662607182 452948,5372542189 1
1033,3503519856374 31397,69166447622 3,0211498573169413 249,82231745107254 748,2142256660774 250,6925627399123 165,73928452746046 81,43682430034025 5,385937751302779 0,9011213440658967 449,9091801008854 3,002975166216686 449125,77240921 1
1041,5334762127143 31243,28607398491 3,007591614080487 232,0032333846334 726,3697504842694 237,70774888754724 168,1270482738617 82,06206520074585 5,42311917327799 0,8948460303685027 455,82929717492567 3,0183740262294116 452000,500880054 1
1034,789152488124 31287,769500972132 3,0085404557338684 232,2268622540078 733,7099930654439 238,05992450324015 166,29283699499152 82,1300005190737 5,3956942956681395 0,9011719486104338 453,3978232231878 2,977258827807245 452442,5836191435 1
1029,0041878891893 31349,423365615596 3,0051834884074355 269,28162717666305 739,7022168925538 239,1640421056621 165,56745208560645 82,15142885307989 5,405527270439725 0,8952690585374457 453,55910089767553 2,9975289946836954 451372,50613332645 1
1033,5687429763307 31496,025218089195 3,026160067304355 269,2242168131798 740,6593606722112 238,73343156267794 165,0403233910832 82,24202873428246 5,399815899181515 0,8947810998914678 456,30550542975567 2,986733336318383 449546,8214150689 1
1033,5395318553087 31435,433749280175 3,0012714383628505 246,02242857781505 744,0189666475666 240,768584341978 166,83074235444926 82,1000994360632 5,381496264782137 0,8939937494542045 453,4954520951054 2,990395629720658 453099,5084218308 1
1034,0567458878245 31502,6344896027 3,0208283171322954 246,4109430681712 744,7991435741202 247,88568115318472 161,45817815525922 81,75288860037213 5,429080788862479 0,9001555695230535 458,12110256240425 2,987398188281098 448332,7226493662 1
1039,7700940463722 31544,221149055713 2,993410550916359 247,2412077107813 748,4048459564433 245,74528200090538 162,93526799977076 81,52700445553934 5,388962172181774 0,8945910566414497 454,95352863173815 3,0090579124826995 455039,3672524901 1
1034,23965783827 31190,715143983864 3,0117111308192017 241,65183389439815 747,2420961067917 238,7220900514285 164,29450995620587 82,35702417876732 5,413339816649125 0,9048852608069405 457,29989018300375 3,009294087567085 451702,3141808257 1
1030,8160046340092 31412,541523266056 3,023841164080599 241,53283382628965 741,7702172138885 238,33662365239036 165,33438109181847 82,10153449729248 5,397653786960506 0,9014108214109747 458,6150444573585 3,0200175838047576 450098,5591607785 1
1029,268003529444 31496,516829598426 2,9942890582634902 251,1014597883277 753,0002190678788 238,78458308514251 164,05679853807695 80,736501759659 5,4617842873810805 0,8948550926303701 456,6949961028092 2,984497550685564 450167,99230044836 1
1039,567005038155 31261,83336843273 3,001534372975537 252,73132190148803 748,8024067495207 238,9155505701643 163,6124783979122 80,30290951167635 5,449340745648102 0,8946551637021211 461,6709746396178 3,0214189242671843 448438,211831411 1
1039,9216954991377 31302,280181598006 2,986322909321263 239,44650622056054 755,6140011436821 240,23368960472868 161,82334440756756 80,21648616679862 5,444376463033028 0,9076344151013681 463,3597770696995 3,000559326599384 444101,1645580438 1
1037,5728991488238 31645,48949445681 3,000233489387327 238,58984811118162 766,7764325768917 240,33692169074442 161,32833281824944 80,88681512202534 5,432627800535084 0,9043438499423211 464,9524153089872 2,989344859425585 453017,76613223774 1
