Co2(scd40) raw_signla(sgp40) aiq(ens160) tvoc(ens160) eco2(ens160) rs1(ens160) rs3(ens160) rs4(ens160) rmox(zmod4410) tvoc(zmod4410) eco2(zmod4410) iaq(zmod4410) resistencia(bme688) Aire/muestra
1205,3541703991295 32437,56541593044 1,9906004866120774 183,00483703447816 672,2117699117107 469,24097346552406 485,44822117179706 88,32398883549128 5,364654555730236 0,021710508828232545 399,494413006587 1,0043631411361267 438822,63173642167 1
1222,928863964406 32488,031002609176 1,987243979013158 203,5586441120771 667,8364253149392 461,8646175991529 472,523765935213 87,33610083408291 5,415236353899395 0,021742392324653886 405,997036953329 0,998728396252355 436821,3211185156 1
1213,4219642484659 32699,717039690695 1,998577500515515 202,91954112653204 673,0593193767937 458,0745893595653 476,6955508513072 88,45125551755808 5,371491634795099 0,021251133709759194 403,7466020622138 1,0068664649721928 437116,6398754561 1
1213,2828648593395 32537,065658556192 1,992978420630294 201,2204167395854 669,9559684064402 464,9799943790198 473,1979530603439 88,76707595205342 5,3556660695971505 0,021332174739341077 403,4756213112566 0,9878755321516437 438913,6690189031 1
1220,522478095601 32634,301154325785 1,9901999735701703 199,87453862530782 696,6663758176159 466,4199938294447 476,19614603325766 86,25074066839854 5,446500249000832 0,021604261981296984 402,93374348881406 1,0014764697569485 433395,6295568155 1
1215,676182437021 32514,961475112497 1,9956853397735927 200,41616285619673 686,1724761980096 465,2445885385079 476,74247186047876 87,26713183642192 5,387261702063561 0,02177980379822853 404,9043798277405 0,9947755529295025 440705,17437698744 1
1208,2267142619328 32402,233485910183 2,013826479087202 219,67572327021625 718,1218144274898 462,63627543515696 481,32232606543255 84,2144256201068 5,373047609572538 0,021740117547888092 404,8104888540424 1,0033144543196908 438195,3810579923 1
1212,4016345698717 32239,675175068624 1,9997375349087443 218,03260636797222 716,075606116498 464,12799560563843 476,7346699221074 83,95631776118711 5,3970696424155635 0,021941759905802497 402,3247215850168 0,9976248590156727 438157,40999179316 1
1211,342510897874 32234,29606453073 2,9721782933617016 241,55225001153966 744,0052203676245 465,68291474982317 464,4625711237225 82,72491997240508 5,318191820775994 0,02193400797961806 398,088839404481 1,0055439956458974 437941,50166874274 1
1208,2602065546296 32762,085112697067 3,032334319819716 240,59671473830758 742,9104723982949 461,2290551401348 460,9298667671172 81,95821277180156 5,422048187448313 0,02226104905952289 395,3516949224597 1,0012692176549294 436797,1276329683 1
1206,0442238963421 32326,512715860732 2,9762969538420627 247,03269900088338 724,3045879805528 464,43900881313186 463,13019491761276 84,78551031168787 5,356186709981557 0,02237742988596871 401,09345636855056 0,9917759592833886 434416,1151536755 1
1217,9066526440347 32388,027164305415 2,9976275617929273 248,30949092068568 725,3402659561244 460,75405521481287 466,9882615690277 83,39636116070088 5,361472035685548 0,02346935821664978 403,57897195596445 1,0048693927317593 434263,3730811405 1
1213,0103791128583 32467,056005546354 2,9971949446419397 241,22681719819784 720,7974151426994 468,74725887624726 465,7895582315505 83,9700149890997 5,3701533937406865 0,023565095223961958 402,10682103419276 0,9949933820024991 438438,6150715392 1
1212,9790682730734 32392,06523261498 2,9928809386230597 241,24622024897138 736,3682816363162 473,57654815083686 461,0569721330404 82,37898255023298 5,398006929320314 0,024248827107249276 400,87582953326876 1,0027169153355275 432426,8252900945 1
1212,8771370019476 32226,23442666816 3,022020180571616 242,02433385382565 739,2853528877695 468,1009452037929 461,88681857128876 82,43151809726048 5,33731584790628 0,02432085931607022 400,68080707264386 0,9982493772902653 435951,6357462747 1
1205,8031075781055 32719,42557566667 3,0038805267432194 230,4681097060227 727,0201352986138 460,65256330692426 452,78828625949404 82,61343678240071 5,375501560522656 0,02441066738496461 401,7092265829161 1,0016847362620152 433785,74830863427 1
1206,4908492833329 32137,152602002225 3,0108210058163616 230,9326617558416 720,319415323298 463,9325645900091 453,5744270606753 82,75279147039427 5,346022236032558 0,02548645842984202 403,5154434658648 1,0027332010084478 432042,8412820441 1
1215,8770262201106 32567,487212100186 2,9969540715476173 225,3210060445702 722,9417726117763 467,93159028403943 459,69683832809375 84,37390287781474 5,370936660842492 0,02564660121953099 400,90927502960136 0,9973851643905852 431193,50127481046 1
1213,6708977154829 32269,16247360291 3,011882799408589 224,55372207714325 716,3428318770053 464,6195241161677 460,8024644773841 84,06156583331696 5,377444230512112 0,027065321037458605 401,1315996946607 0,9966974482292457 435064,209126668 1
1208,9428881408953 32242,74665019801 2,9852980541851073 263,64703442251005 764,7781347250778 458,5876008294608 445,64399438491483 80,54393730565089 5,348147760693146 0,027404300786829965 401,45739493563116 0,9967146987542356 430829,9807112436 1
1218,8338281211293 32464,7956151432 2,9791855295613385 264,01453333009755 766,1033785187635 453,98527130505477 445,1804175828 80,85260501274692 5,329035520689476 0,028752333462603 400,5969089138175 0,9890476762667791 435143,0153664143 1
1210,8435561875926 32595,091992077112 2,9865673849044603 244,37768411555146 764,6741419196275 453,44346643312724 446,13343015125577 80,31884573880626 5,404520462039243 0,028863343294417615 403,6804371182841 0,9912081814478005 430184,4996965497 1
1210,5772967362577 32125,416817327343 2,9838333889799724 245,3817693805226 748,1682519988667 468,2437525452164 443,2593573547473 82,67939498466103 5,394037834806612 0,03058717318310306 405,2072568654389 0,9950534359861822 431584,56317803834 1
1202,0704203798282 32246,45679157164 3,005356766120676 246,12408771260283 747,4562502177217 466,33654063140756 445,411860941889 81,84728207221877 5,392781392705896 0,030451651640140485 404,34836380683583 1,0002129638725261 434377,1546045996 1
1221,883671870742 32094,74958033152 3,0033557186446505 249,45448368392147 749,9459289919793 453,47633096324296 440,62577102029485 82,20275661602678 5,405785532351661 0,030705687847890774 401,814021031594 0,9949846835695145 436141,2681562976 1
1213,0505339723882 32397,05239869451 3,005232555828295 250,07231936476015 752,1568746300055 453,2772221117128 444,1555540448009 82,04973808078842 5,354531086095292 0,03237555588210913 405,561479366446 1,0064175046580697 435837,97002698644 1
1223,1679051558506 32453,465978777134 2,9990741689434355 248,53549212388788 742,5469922219908 459,17216896706026 449,8397828676459 82,06182233169218 5,375679720967424 0,032487962401394364 400,89835466363394 0,9982302383007355 428462,44144252053 1
1214,067320215839 32304,01095916885 3,030865253578595 245,01307539125327 753,3106016499722 458,9985399709008 450,3657903818203 81,39995935552857 5,386323880303016 0,03464862002579167 404,48886540245064 0,9947409323313694 432670,7764445986 1
1213,1987287430168 32314,050714194917 2,987997696412684 228,42016131533197 736,0789600773996 457,27871142828195 440,453214080203 83,45151581778573 5,364052655463685 0,034349361480116816 407,25392899102343 0,9987100234286583 433151,05443246907 1
1216,185912346557 32348,503043547673 2,979089429563174 226,48021159629445 734,8397712936307 462,18990987996153 442,80457127507003 83,00895555794642 5,394593450986127 0,03620339674728426 401,4548805926228 0,9951201387975397 433514,6422948674 1
1218,8845979906828 32517,54937447892 2,999863306023241 273,39330831305756 728,108172707878 455,8899379730546 444,3616187446994 83,43932694896151 5,3431441070462995 0,0360278328106802 400,86116817737826 1,0029463526243596 431840,7118442058 1
1196,021620367201 32454,33841523046 3,0369172098720316 271,42013404815987 778,508293042676 447,00019361556554 432,91502987072965 80,03355588004682 5,417727930747207 0,03806863441172035 402,89878383094907 1,00095502571211 432868,85005488835 1
1217,4986714686704 32099,58284479691 2,995467991006876 272,3885388398745 772,5615534141707 450,7833242071541 431,52526742498543 79,90620808987667 5,391117895568853 0,0377334755564819 406,3609075254192 0,9956816021752015 432410,1820054778 1
1197,2604969441727 32189,045037030322 2,982744809925134 259,2634036655779 760,3691721234223 457,86556393168723 441,08020698570124 81,02900908828448 5,363137773509109 0,038252922319737384 400,28379408558675 1,002904748993797 431782,2151638126 1
1219,5602149992205 32195,959560873896 3,018722793726968 259,5958696648857 764,3296848905956 453,73011610885055 439,25708044816963 81,64900704513123 5,347789473216736 0,0396446459027048 400,86102722814957 1,0057182553375326 425484,72161033447 1
1205,8656971678774 32088,627386667977 3,0183155775512 278,27187761164316 783,3492795047712 451,6020127209916 443,11315497123337 78,83826825393359 5,358149284064539 0,04049395675748112 403,06298452227645 0,996602514888547 429066,8291541136 1
1205,056719862676 32257,784620144135 3,0368637456821492 276,47516534308096 789,1762313229942 453,372669903725 442,70491198136426 79,40307984246945 5,44003765506528 0,04136123313584923 405,48483045413036 0,9990885940847234 429540,34628701303 1
1212,9837404340874 32270,910572401954 3,014174817377942 279,3958385345127 736,6494336499109 456,59401632826734 438,1447560398342 82,27140819353012 5,369050909690057 0,041566857136898054 403,3590361384875 1,014266008861597 426683,77891064057 1
1201,4914559339627 32213,57278052753 3,014368271342285 279,08922117526686 744,3296514313453 451,4391790609315 437,92442265557565 82,18911764621228 5,450577729830212 0,04341471233216267 402,1961637493951 0,9934027930605304 429415,5661279372 1
1222,3288389518343 32369,292751929323 2,987130608313164 248,39323815008896 742,3896324917363 451,9717652299813 437,6477835316017 82,81427525668256 5,363604482852463 0,04283875919162992 401,8176389708362 1,0000882398949504 427132,68802341237 1
1217,4974899486706 32175,887289149126 3,0032149201178324 249,36116051563124 746,0765856032032 440,852582526792 433,2098633368857 82,12957429681116 5,330439860309411 0,04463432983479131 403,12214713875915 1,002545019372838 433095,21450594993 1
1213,018167781007 32304,981050115395 2,9918417357749023 249,90075913581117 757,5158433527051 444,5832473049398 428,4864249626196 82,71420431488981 5,369102721445092 0,044926378762064935 405,0290995267696 0,9942799199919732 427412,5868371025 1
1217,1500611990382 32443,091304883223 3,0066352245517765 248,1442996636755 740,3387369505543 455,76911813680283 434,9188205699341 81,3536214831182 5,334738612211418 0,044511104783753266 402,3420107469282 0,9972435956520215 427761,5214998637 1
1207,5786518828995 32537,425694671332 3,028305469100439 248,56784342227004 752,0320202379185 454,5020026382416 431,9212510839203 82,19301778227222 5,368866565972815 0,04595277258172342 406,3872615251092 1,0037198710599302 437368,9849787857 1
1216,2013610930805 32178,133397991307 2,988371079942187 231,32344055143506 731,8841678278968 448,7915324784813 431,31159407522273 82,66892688375906 5,387651768756246 0,04648515788682804 405,3541778625842 0,9983554709504447 433417,0877754666 1
1211,7499419155647 32325,37848838036 3,003313682335719 229,67289075643146 728,64690902077 446,45626948714425 428,83370338249694 83,26307839032725 5,386529946809776 0,0466030253818483 402,41202731068825 1,0011199405279896 429070,3250720329 1
1206,654336466603 32292,57777511371 2,981443571554918 248,44449695238197 746,8989322171277 452,24407291213964 435,51015964607467 82,76394205538413 5,369837188715613 0,04663950265098015 401,9580478612117 0,9958767759515769 429226,80311742256 1
1218,4245544262064 32178,85652428112 3,004745296065286 248,5728473105445 741,5258336480059 449,7486475809577 433,1926654643605 82,70032088576309 5,3996572500690005 0,04841401312859811 402,91256087236036 1,006144586366656 429617,99306718825 1
1205,0634756298755 32414,321170991312 3,014597424704691 254,52621092370205 743,3763337694827 452,92406001400684 437,4532192542861 83,21514372047774 5,365411196213198 0,04808569539904834 404,5622075925656 0,9991518586803274 427134,19428866374 1
1215,4001754895044 32347,36648667493 2,98148788095636 248,43919563554684 754,3323305827457 446,7371379534864 427,64016557654486 82,11595634813922 5,382155399121373 0,050048212534057904 406,07633217655564 1,0088016617725983 428028,3724995204 1
1214,9395552912451 32371,352065664385 3,0040129803334916 251,1809388856996 752,7482215509826 448,9132455754767 428,72664456138193 82,33166245145446 5,341075359548779 0,0497605730554077 404,1505866727302 1,0061357079182878 421494,1411068839 1
1206,3663294843109 32307,90009951063 3,03114789064887 252,73783675080952 760,8972893933724 460,67312884453474 433,80820835538424 81,81316455310169 5,385926996594859 0,04988048216699656 403,61340212505144 1,0134483985302432 427961,0129430324 1
1210,6774697597523 32447,060477299623 3,0110553730874994 256,1556328595434 759,7267042268493 456,1851557770217 432,58036475907227 81,1422978807389 5,337589336468003 0,051748818890840424 405,77391960378037 1,0002168628693968 432409,313910478 1
1211,1623604922358 32203,2162615319 3,0315775642367955 268,08634505785136 779,5471062143009 449,815613111878 429,2212800458539 81,65479202950985 5,377769630046698 0,05123931721013423 406,40273645665104 0,9987171370463634 425764,2790526381 1
1218,8704480105125 32318,388514549493 3,0196549539885043 266,67031172654606 768,0592374840555 454,4834561467714 431,49205951698826 82,34844777645687 5,347257096993392 0,05343565879322692 407,55538582444876 1,0067757485939892 430629,8181405475 1
1207,2562144023498 32665,788322076005 2,984474501527322 260,3041234381793 764,3872979862998 437,2288169632699 427,88589034157576 81,37027807820341 5,360582328408733 0,053042230562556456 403,5187990555275 1,000309470656801 428887,90866943676 1
1213,9799320010795 32440,413906691167 2,9990527038939936 261,46854177627046 762,0644002172874 442,9541689644105 425,0379108943894 81,17362451606716 5,359377059892837 0,054637887917263546 407,08318625449533 1,0010203481483337 427450,6880922557 1
1212,2025081410382 32490,44087502881 2,995164487403154 240,7117402864198 765,9223155447338 436,65469566949355 427,2746019796719 80,3370585304112 5,372723615890896 0,05456498445665037 405,6588525334758 1,0039887567881292 424174,79980353947 1
1210,6793314867416 32276,90744168521 2,9963622970698687 240,0136084805183 740,100482271639 446,1334030639189 432,3699536846054 82,0408846715854 5,3746056378411176 0,05646136948700807 406,3629422327766 1,0037737886381308 425926,4069852423 1
1218,052015956275 32269,42825704748 2,9885706215521606 237,99144623451352 738,0288470651224 448,0514114512115 429,8802144369436 82,1260731781883 5,359472065868137 0,05604650966278816 407,45425770150644 1,000328756476521 426364,6323340948 1
1214,0276200057529 32316,39166947122 3,014592573428518 242,00770831816962 747,2360268355768 449,41493835269335 422,8432254299817 82,31013658887537 5,3340776709107285 0,05543225357684034 405,9947935739194 1,0094245813265639 429530,17161983997 1
1216,5866303532189 32205,7760916366 3,0283140395517854 241,62272669698595 748,4887544482683 450,71909687242464 417,8361365189426 82,28141019925916 5,357083191357852 0,057474205570402226 405,0631923533584 0,9988808963685575 428622,2698945098 1
1223,4071662409879 32100,432012165747 3,001763348202327 252,02598061501243 731,6534332985534 450,35016383878394 430,1054523801094 83,33994505263688 5,3593212222748745 0,05743992211816571 404,4397954709951 1,0070816199377814 431618,29796869186 1
1213,8056333208833 32083,555752935703 2,993012329467298 255,48537666762553 732,8576134164407 444,8381090910632 432,4432786477404 82,78669592118429 5,37826274392338 0,058592870416880154 407,8779441943072 0,997357524422035 428739,5671997556 1
1206,3181695119351 32352,66772133501 1,9850930073731843 231,81230448799883 734,5102218657922 446,42773111938095 431,97036351144226 83,29183964730149 5,337637104651297 0,05898581847342095 408,54892827258544 1,001189965115991 425603,88260841015 1
1209,9163973630111 32492,38746658033 1,9752428610954236 231,8396747129306 729,8958597900748 445,8828768339508 430,84908049767495 83,45973565139265 5,395753824710773 0,059892430687210584 404,14306598524604 1,0019916635483366 429308,41966341564 1
1221,3618715053635 32589,95262878487 2,975622668239604 234,04543892434762 734,4286689878782 446,2466730319704 434,41132791446285 83,60164475767179 5,395102640666696 0,05921067413195382 406,1121519455179 0,9958236772496398 421341,52460089175 1
1215,4270324843405 32014,27290058106 2,997456522479035 235,19179502803152 736,9853780900577 440,651651909134 426,29188942705525 83,34628194046925 5,340072529358852 0,061020323642863465 406,72346512868313 1,0027006058399675 423807,67759975995 1
1218,6950844483547 32162,094187559902 2,9839469436012775 235,15174306421792 734,1193903855483 444,85408269017836 430,4818787978958 82,86386599645839 5,35585895508545 0,061072035862947044 409,63287527108935 1,0081749822998127 426969,1500413709 1
1204,5406725274186 32504,14844923256 2,984657401086409 244,452625708701 743,6227224282416 438,59907131755926 428,8073226803684 82,53283794482978 5,405735345886539 0,060486268362602784 407,12718052191997 0,9952914384648432 423890,4742655214 1
1219,1676271580461 32537,89935427651 2,9832592680347347 242,77520637991987 746,0548549583103 443,63929667898145 427,54756149347315 82,2692425590796 5,370531791550995 0,06135466780594799 410,09645819701865 0,9953683705163886 421043,6002248413 1
1210,411959851041 32299,021936945424 3,0121303975200378 238,23515892693783 752,799834177474 440,42443631886175 425,6937275699467 81,90479904195756 5,384735311448028 0,06085628257255265 405,37916554312613 0,996396299380082 423582,01928414934 1
1216,3854801398968 32360,051266266408 3,005567364878055 240,34031347281638 751,8575232322024 443,24058469838343 422,4185947250481 82,10170569449849 5,376838920860549 0,06205514128630977 408,429588596835 0,9978744357414521 423776,46757677285 1
1213,0400400500178 32393,63408774333 3,014453309071509 231,06820521456598 720,2586052898536 447,94639778789605 422,0552544524243 83,99633546204423 5,369235122501157 0,06159372510486765 405,6714274622506 1,002673171798867 427364,0570405028 1
1226,7805453968836 32099,28386024617 3,032026573455271 229,15779299149426 727,5456586508799 446,388450672376 424,0021221966288 83,99455852354204 5,357583560674321 0,06284106221825791 411,14544775144253 1,0043963091752826 427251,3454614365 1
1220,459448018428 31929,538203715652 2,9798804888730053 244,8963129833229 731,6474627578563 447,5646484677114 418,28346826845035 83,93397247317301 5,35270033218739 0,06284720110998553 406,6496030762463 0,9920735297023405 426847,35139302997 1
1203,5693722227124 32314,617933377966 2,9984902259486175 244,9813026155617 747,076460075253 435,5060786014802 423,359934460098 81,4845815355351 5,4297192741025135 0,06321830853875283 408,82702619878603 1,0078553295263128 427149,3415054926 1
1213,5085047901389 32426,986928381935 2,9923831802129173 244,37141624267866 745,3144351905414 433,545543228497 424,5585615295692 82,03144187424927 5,392880024121162 0,06380316091759293 407,6657440009595 1,0034519400786226 424615,2747941013 1
1224,4411716567656 32421,53715774851 1,9856152554647855 216,38030171599704 715,4982588742212 445,5361606592158 421,4802148520792 85,39625869315987 5,358895118458449 0,06325732994497475 410,4383663067201 1,0024136541218551 424647,3502565189 1
1214,8937770298494 32469,213990865173 1,9958157353371413 218,9289889584846 710,3793645602606 446,42387901542844 420,8813517033942 84,37609876752705 5,37791527919765 0,06283513658045772 408,30354920798055 0,9971505757258147 424347,39472213003 1
1203,6462338654708 32308,219119480113 3,003163278438179 238,15288389582 764,0139886725557 437,3681300897419 424,8970944226743 81,39304476540568 5,3505658946550145 0,06336451144269344 402,8438129111658 0,9958617573849107 424241,94934634253 1
1218,7173788149364 32644,461989340864 3,037376110071466 237,04361860515002 756,7535128403599 437,2591289288553 421,18873961617004 80,86629566474986 5,413074698481421 0,06433191776671422 412,07766514563104 1,0096884786537927 425091,6279790461 1
1216,5206974079547 32236,486564795243 2,9977674120265503 225,13810116175762 721,693964339277 434,5836680996493 420,8842918802212 84,49105146474601 5,37693032331744 0,06428332233594314 412,03496305759853 1,0071987397779654 425964,19378808263 1
1203,8718110244822 32229,132508736624 3,001017813828708 224,81284018051412 721,6508139064767 437,9131122348178 422,15015125504056 83,99149508520964 5,337957663713654 0,0648449434276183 407,93109887511815 1,0022778555781844 422423,99022802303 1
1208,826143971507 32298,47285808833 3,016638896566193 260,963219881177 722,90573800763 436,04789402583987 420,454429210973 84,54578235340631 5,343492211159413 0,06495486138245624 408,73198186018624 0,9947283825414311 425473,386923301 1
1205,7578146280491 32101,032059985 2,996087672297767 259,72152912729445 760,9247403733366 441,80504877547145 415,7422002272738 81,23357728952747 5,360973392172253 0,06534218003595259 407,98111679645604 1,0031625174166632 425452,22772187716 1
1197,8522286408825 32128,850585012722 3,0053164729857507 260,6480178941756 756,3026815478544 440,0311127216779 416,06604855769376 80,44834094399349 5,3979267133679505 0,06503133451410859 412,89893617785464 1,0003026366235341 425348,2621405962 1
1204,2042397275025 32219,456375831713 2,981382552922109 229,2946796447542 731,3535264124057 448,9814657795042 419,24205836549316 84,12970478125484 5,404498266623134 0,06467060665652166 413,13007023625266 0,9966590710792746 428224,38287660596 1
1203,3440588658539 31866,225980771447 3,0106076261454406 228,4456384286215 727,6420385679239 449,7441615445193 419,0451494215471 83,51402052221268 5,357721512599095 0,06586576919028973 412,61969791553673 1,0045810786779579 427775,1609491747 1
1207,404601999453 32419,680286009887 2,9796274213344676 249,7964696512488 717,9840088225078 455,0792334233538 418,5098762022213 83,23481304533995 5,405461835993458 0,06552327326232614 413,0272476567164 0,9992134947762757 424708,8900829879 1
1211,2989135063588 32332,4499280643 2,9803110433319593 250,93635129872467 725,3706715863875 460,2481507001085 414,24482242300513 84,37898115224914 5,368769685324454 0,06612528567502177 412,6400445131137 0,9959656786286082 424713,1112457727 1
1205,9802114169188 32347,562072521443 2,0055203529902483 216,9183559865581 716,1357540120001 437,05934934522463 427,0320111068076 84,2356351510093 5,373714804289779 0,0657276432803519 409,21103040617965 0,9884018047910904 424458,49679442466 1
1215,921665432945 32408,06936272356 2,0075444347392475 216,48616999432016 714,3132480867778 437,78986389368 427,42895830313813 84,91148807103872 5,382788876006019 0,0667301129098992 408,4343260223681 1,0003427741594162 428753,4639836741 1
1202,7691321904413 32078,97633367999 3,008897100441457 235,81278459710913 716,3211642363798 437,31112616111443 426,2282550986547 85,2160347095338 5,365031954688318 0,06639242397918377 411,604784988179 1,0014566232731337 425196,4680400661 1
1206,946859061013 32434,839374729723 3,00391585856123 235,00177398132078 738,2544641794613 442,6264315164168 422,13665009509754 82,9655962253579 5,360106103452504 0,06619456750377661 413,09666284332354 1,005164373181354 421440,38307143346 1
1211,8692549842963 32369,019015635375 3,0116449990584213 236,25347528638386 730,548689181803 442,6449958612957 421,8135120440842 83,31251160156617 5,3933289885881495 0,06721644277421171 413,53660096389683 1,0033313233879562 425940,67419705994 1
1205,7647634289192 32211,182744719757 3,004149892767434 230,3914845662011 731,1672658242777 447,72167566392716 416,14706788377043 83,05672701820139 5,373810467774394 0,06635814717183194 410,09551998167245 1,000809148500219 423122,60114052467 1
1209,208590296181 32344,17764473575 3,024821718016444 230,511024748006 726,7595678503309 445,7084798509176 415,52748221664183 83,83599206972653 5,3896067833515495 0,06687762235908618 411,8809378050161 0,9958700695163858 424555,6157923283 1
1205,2198948279117 32201,434309255463 2,99396389223683 246,28926634199948 743,6004478602645 438,3572966271321 410,74022164929676 83,55869161583169 5,4006003772707425 0,06724487648717296 409,9047857224888 0,9975744924503602 421682,52981972654 1
1200,8456727356058 32285,689321563048 2,9853323294317877 246,0889405689473 734,4011927405578 434,2751738038 411,370097824787 83,21553812799222 5,375674239293083 0,06706330268950227 412,54921207651176 1,004821156056526 423118,6378171159 1
