Co2(scd40) raw_signla(sgp40) aiq(ens160) tvoc(ens160) eco2(ens160) rs1(ens160) rs3(ens160) rs4(ens160) rmox(zmod4410) tvoc(zmod4410) eco2(zmod4410) iaq(zmod4410) resistencia(bme688) Aire/muestra
939,3719483996474 32388,758044729035 1,9890779805824699 175,28608811076538 708,5275099090956 420,3074356153253 394,2461472860356 85,97387964188576 5,378575050893976 0,09664591037225403 409,10948466778973 1,9933073038607765 428052,44033308036 1
939,8946547762667 32332,32627363067 2,0004074058541397 173,43311101449927 709,3879090764362 423,67833653970536 391,91254872214023 86,30945046735245 5,356837615822849 0,1004006569453849 413,1784266019452 1,9875644110122541 422594,3253670571 1
934,7148851063018 32175,065506264968 1,9915050521144575 184,33162149229605 678,6012593265614 414,12416028731735 398,445124543616 88,65475876406012 5,442931849049169 0,10018468184410594 411,78761006523 2,0041600591849673 422657,6282368805 1
935,2760641441798 32477,105301491985 1,9917051256807827 184,4059145897348 676,8435831551436 414,44364750290947 394,18061976022943 88,5939385629415 5,409387094223126 0,10277431632222321 412,5318424912264 1,9892980188007536 425559,61232458137 1
939,0239058881627 32617,057855675514 2,9926860521837293 224,67268946089106 724,8871905730078 403,42504306576933 388,22286800533726 84,49092769256062 5,373530397655353 0,10355795130374132 410,91743208671943 2,0009641475212416 422764,14706757234 1
940,8222015039862 32034,51922719203 3,0073965283474977 225,77190520245645 728,1705066933749 404,7913663775716 388,0602235657755 84,77877073165709 5,423837515364545 0,1065420126879479 415,2668427986376 1,9961436205592011 422402,17376823514 1
941,6559468936599 32004,70878999576 2,005738094191242 199,6953464939777 721,5109123770063 405,08193686202367 386,5626013110632 84,36465568013155 5,376325087278393 0,10566156657445847 412,51247490320026 2,0020958577203025 418901,3920494332 1
929,6921518105096 32192,973591324746 2,0036112756574656 198,7244197878997 692,3777468971782 403,007868278013 386,2279856881204 87,59528765768147 5,394332945310944 0,10845905587804237 416,76789132213435 1,9966653901479487 419640,14396993676 1
944,839339685271 32334,94358010161 2,025410257843291 199,42992036142408 696,2731873249313 399,6404200178818 389,8625803336399 87,36029598802236 5,382446987879166 0,10890352021960072 412,3908124138541 1,9939246742910879 423211,3396338159 1
937,4253230204991 32366,363804945107 1,9960880929364535 204,97765219001144 690,1522095869929 400,89312513067574 384,5678409628039 88,00690234143254 5,382653882339294 0,10933095166871083 419,63966851842054 1,998544739793815 424982,1711231976 1
935,36021405614 32197,374990530952 2,003530983219251 208,6577566738079 682,6960636658462 401,8653631628908 383,70912412036625 87,48875809656563 5,366118336559251 0,11188431353918792 413,4631087565674 1,9818468495755195 421372,97395860293 1
933,3614349688813 32171,701417702 2,0098379556086963 189,68384006586274 676,5307676418419 408,18945054955657 380,8514232271209 88,6866864281885 5,327072857037234 0,11244984535918126 415,0119645820159 1,987528644033876 423563,57216368924 1
951,6009804220938 32239,12870254091 2,010649665909778 188,97232590804242 679,7079450619972 405,953539853915 378,6239071294196 87,88985822874042 5,3754851230587235 0,11540540060071802 414,266172916642 1,992657402893214 423484,07106380846 1
938,8781476852394 32239,160953998973 2,0078210674257515 207,20167007420054 704,3177344531127 401,7762779121488 385,6223431223409 86,97279172621826 5,357382276497904 0,11614921140730974 414,75585181089406 1,991697690579626 420839,9535653015 1
935,8145026606408 32099,282609728358 1,9963285911805515 205,97030844685125 705,97749544229 406,7718401046215 382,24345143381174 85,78743718131919 5,3748653129469455 0,11757389236511671 417,3062527942648 1,9876516561261066 422186,14352991595 1
928,5335169910561 32537,34955259734 2,0038948562613603 190,800395905826 702,7005514716124 403,9093831634079 387,1906615724743 87,00959553828855 5,348626772102072 0,11701128205867677 419,3439013694031 1,993623615913292 417478,21933601616 1
942,694108648549 31844,856518897264 2,0031370473091696 192,96605580980108 686,2286349414445 410,53952207033785 387,9831765178571 87,2444965223232 5,412939270198213 0,12116639135926308 420,83381231023264 1,9958788452526057 422547,3776486897 1
941,1613269126397 32178,217408254444 2,0041235361684078 192,35605848018622 681,2937250412381 410,35206324980675 389,0785680154892 88,02715412260707 5,44261821394812 0,1216593748214211 417,4632638657989 2,0095230126805896 422608,3780730931 1
942,4086944498247 32118,131580495134 2,0092714317039793 214,9666962202248 714,3275290165543 405,2469951686911 378,5550433660316 85,76899673461132 5,3962008177325735 0,12174780722972223 420,30527859716744 2,0089863502540535 418635,44507667935 1
938,4654986636587 32425,08997267147 1,9980273896258391 215,79620171108294 719,3347905890572 408,77776006019 377,81136313956085 85,8469137913028 5,417389938462253 0,1249063434413507 413,7712845478944 2,0097894552504783 420052,19512382906 1
937,3313639951251 32309,97029063325 3,020091062165819 226,77810234036986 726,0345999095999 405,62908510486255 380,68420699736214 84,35741200359787 5,359856289216433 0,12441976217697961 419,0106176874421 1,990368357873473 418065,54152639816 1
944,5150652393773 32255,487774271332 3,0051828293371656 226,8780897310073 726,396602563203 402,0413556254269 382,8717748341244 84,67070573485512 5,361514635718487 0,12843078085402532 419,2392263525146 2,0050198477589336 419206,920678113 1
941,7215678549879 31934,599485930703 1,9854856284055304 195,81145446655398 693,3248405520885 400,03047358169334 371,2109383674339 87,52722966406631 5,427710230757179 0,1293949737520474 422,69075164430933 1,9962176343074711 422055,7404802358 1
934,2779420271127 32301,406879369548 1,9942951987240713 193,8463333574952 695,3225393122788 394,47747543047495 374,4309906709261 87,97706990282646 5,4256998329366875 0,1317818254840298 421,18498210611153 1,9901649404372268 419852,80193854676 1
940,8293259144801 32109,615605310417 3,0020090224084246 220,55612854064955 685,3032803102741 397,17498137480897 371,99906079107825 87,88583833157338 5,408740459941361 0,13344986368881512 418,5948627327683 2,002769538924387 415501,72160182544 1
943,6642540865286 32286,13107685013 2,9918930014668934 221,88338405786786 710,317186126938 396,32810554467756 380,5006088065589 85,23580972981273 5,430520628501589 0,13634216798593746 419,03574988691054 2,011931120002888 415705,3461780114 1
934,5777690374281 32018,093597458148 3,013211691268901 220,1313303685074 723,0053276702154 393,9129107433424 380,6917703860183 85,33835697595866 5,414875134595914 0,1368017764373437 421,8124838277533 1,9865646371896444 416406,9592912055 1
943,1255506771344 32065,487455596573 2,003000837974318 189,03744706575216 707,8406933781105 404,2955659775315 368,03973762599685 85,43846987347864 5,326558803920917 0,1365070474105565 420,96561231648445 2,0000814395602355 417322,00727321376 1
939,2849539917459 32503,807676302713 1,9995483970081072 190,88026131268097 714,4369969264616 408,99348013349146 367,3864240278826 85,83417712942264 5,39912923197369 0,14184376871170673 424,81882591991746 2,0007645300120904 418127,14909412625 1
938,7117413353948 32503,753183430723 2,0012513679545916 198,08505627950754 693,3306634391239 398,80031864826157 368,44081338067315 86,76783226884517 5,3926908377609415 0,13980363839776655 423,7137294847926 1,9864904300788429 420826,37394591194 1
928,1005158063356 32398,587220662997 1,9939110253915262 199,08044183710885 690,277935560598 398,0044710329986 372,8369940739606 87,1122194968169 5,469098691365254 0,14378476493837547 422,7003651389909 1,9982306702243189 420737,3868437362 1
936,7504438987344 32057,08884812598 2,006974689237932 219,7833108626951 710,1061413975248 404,2703798579419 374,4035799991787 84,56333580452012 5,4260245518519055 0,14423900080775 424,4651450087004 2,0026390807641974 421594,92024831387 1
938,5110374231517 32218,781515309685 1,9991355099014927 218,76888016048883 722,2420121290301 400,5406361179976 376,75499425216077 85,28771787912844 5,372731443003738 0,1454803385772 422,3118220394094 2,0159244048001494 420181,3699074776 1
937,1158033594055 32490,60555284504 2,0009648231776587 216,3207782648962 718,3191795907127 403,4489521970024 372,9442082824673 85,68013624982756 5,434706759099335 0,14514430733941847 425,8939008101054 1,997179449074837 416475,83172595355 1
945,8002614924014 32040,36608305869 2,0025172460140475 216,8954155431041 712,2849943792685 397,6309964491136 369,9679714070977 85,52712528261168 5,382767885166802 0,14785350908919792 421,3694767882784 1,9892813276953674 414923,2073849251 1
938,8903257819751 32350,505823807616 2,0114851891914096 216,70934593387983 719,9744657620614 398,09896359029415 371,79988057339716 85,27293565467122 5,432667983800974 0,14692129584619035 427,61125841412394 2,0021225179352298 422312,61846201395 1
939,0594375247115 32248,453633619338 1,9797950832856734 223,3877794002115 726,0272609854028 399,65426654050253 376,88541531042983 84,67645398754716 5,383023873242043 0,14707824724921564 425,82673065856346 1,9907249716454731 423020,3175501923 1
935,7922664481538 32230,50752123558 1,9994483816661572 223,88838171317136 719,965745669305 395,8553075339645 372,7051631019994 84,97952856019734 5,387199708456641 0,1496163208084493 424,9791710283203 2,007414816019071 417068,4522082607 1
937,1121125629599 32081,863645548146 2,00437616064663 216,27095220630545 713,8519695452887 397,8375367430215 375,98338149705796 85,34979663644599 5,396234698437188 0,14867959792441324 428,4398747938755 1,9983096398626599 418705,31418349064 1
935,5559800822242 32053,71587601809 1,9958811741442515 216,07453376778315 717,2025416909622 397,52091373320843 375,42021302971636 85,67195813530046 5,358142826634406 0,15038114638451752 427,7673829254992 1,9947666689500307 422424,9280567321 1
926,6851963242036 32146,498906120076 1,9886376388158309 183,88593306417135 678,86484132948 406,5034395607182 372,25287827194376 88,68191444501335 5,429809798561314 0,1499920693977264 427,60723448082297 2,0189574232997374 419973,256538031 1
939,8278990178796 32496,800451489013 1,992617780077273 183,17679600354506 666,0732952412519 403,1629063982183 373,66995612394146 88,41460716624064 5,338494686704434 0,15014655351659043 428,5221418547659 2,0156091065619943 418514,66703009314 1
943,0285208896503 32308,47647424967 1,9958368526825692 189,12177495011406 674,2591147252796 402,20025674485737 373,59617047694275 89,02627323972364 5,419902296344144 0,14979638355039437 423,6494681681128 1,9803752776737091 420988,4922532306 1
938,4126757171782 32105,41052933856 1,988872340663731 186,17564459661975 707,9432291986413 404,45470793612117 373,53751813193884 87,09547552935581 5,389328916387745 0,1512942414925623 427,7872424424433 2,011653284584679 419594,3561561142 1
933,5422129258478 32223,470116058408 2,006582710096728 188,14330413450978 701,2405966887644 403,5738100516305 375,8910616887109 86,69043852318984 5,372377155970906 0,15174953543888503 429,1639909974769 2,00183036361291 415239,2243951699 1
936,8776086735039 32010,317491208294 1,979260242429347 221,45513280088022 724,6744930022245 398,77063883069275 375,662610765954 85,03405055073927 5,386918362079965 0,1509156510643801 431,53841043649055 1,9991678989242183 418833,8178669787 1
944,6534326547855 32159,105647020304 1,9974879362709441 223,0994849725361 722,0571875799061 398,40621228748944 377,0649558468338 84,74896022465673 5,4251282315910085 0,1520842311703165 427,370981866019 2,015511291680525 422200,9206663083 1
945,8672851199682 32236,36923013824 2,9890464731180586 221,2989797740409 715,5010141319115 402,399414160568 369,2907360256462 85,22052372467093 5,433801700117027 0,1513521338377244 426,0156993437051 2,0344219974105298 422780,5269004722 1
934,021937204236 32305,394722624034 2,9964479561508623 220,9212997874871 719,8289663891014 397,12576931929084 372,024553807944 84,71738373664863 5,39131439608539 0,15317492372185246 431,11722670064466 2,013890945412326 414238,1255649293 1
936,9923400682347 32182,674947289168 3,0219710818598555 232,81895922968067 726,2668223567275 396,26768063613486 370,5901626915933 84,09549244188568 5,388885829483949 0,15248918719055135 432,95119104366916 1,9931275834130067 412941,1290440389 1
929,2728775174761 31999,695178920094 2,991342295324696 230,9382068561047 737,0387487792394 394,5051952142747 373,5601455579486 84,03419592793354 5,431934389521248 0,15415101082890514 430,06906281757216 1,9978613495687576 415769,4303521426 1
948,0921402487869 32375,50488539058 2,0046598142755605 210,65257795259174 734,529296192441 394,3446168938561 375,54883698949635 83,77568867571853 5,396112945751968 0,15402116234844165 435,5584703563455 1,995365652254382 420236,4545807807 1
938,1593522966756 32357,203450541267 2,020441955818265 208,65512900135218 691,6487492109976 404,2739963737762 372,1632398049901 86,53315104892395 5,380074204504104 0,1551468165907413 435,13013384037083 1,9980682624087875 418462,87615774886 1
938,7314886993349 32398,4434386721 2,0041849610666005 210,04964569037463 699,5089043608693 405,76691700488624 376,72631419741083 86,88939002102977 5,412237226909678 0,15353076330912213 432,87905507702214 2,0021422817108414 415562,68525311357 1
941,9523720455579 32048,88366482809 1,9807695621055887 202,16669001541885 695,8365483060893 405,16509266897526 367,6829939208582 87,03298603220863 5,359881913205173 0,15525313889293063 432,9456498445078 1,985823662555376 417146,83120681194 1
937,4203074166918 32296,536686722055 2,0081154405348958 202,19509637231155 701,0469718594809 403,1436762673615 366,18429330496116 86,94084005115191 5,367152273097541 0,1544896553394629 430,45516407357894 1,9958864724824805 420042,27252835786 1
934,6451560059389 32244,777703342108 2,005757522610664 188,43999803742204 680,5983610501526 402,931661669669 375,1470762135846 89,0205493929547 5,407599096903852 0,15434507509554296 432,46979566107547 2,005173143644193 419779,8476144946 1
930,9831535218575 32416,02530024682 1,9966264845321424 190,5885032544063 686,9431664990958 402,5003562973465 378,7552789266051 88,92463600499964 5,401300199543585 0,15563715869029895 432,43280141472127 1,9893265681020442 417993,68676885596 1
933,4478173147502 32234,314977705933 2,007430785970273 218,96291703878953 712,294984598668 390,76085650632024 367,6235631146159 85,82859645289705 5,43449061033536 0,15578620916074654 435,3472885145453 2,0106735630413017 416176,7110324728 1
939,2771593994987 32332,41448532036 1,9872773705047753 218,52048110933734 717,5626002755382 392,3600036974468 367,56903123967646 84,68364524331876 5,387835363305425 0,15543886999169226 434,1637777113286 1,9862133254116956 418228,6383705197 1
935,2358975901977 32478,2044597423 1,9894957731863756 187,21436982276634 713,3147536180528 391,3659936272608 367,1164239870243 85,4864722969593 5,364103737406078 0,15485449279492175 434,21431410356854 2,005611401282939 418672,6597589395 1
936,3138703206436 32226,580522363143 2,009520958664968 188,85838359128905 713,391767606594 395,7265786577505 373,21977661548004 85,08544017245501 5,341869627837762 0,1560517672642516 435,39555343719616 2,0147118044716605 416207,7558758018 1
944,4529056683986 32123,96528549986 1,9774777274075281 187,84208784072297 712,1606767356619 396,3553574756861 372,4432288470679 85,66642498123552 5,353454819563602 0,1566259404649898 436,0823451707877 2,0098649747764243 416240,86395848397 1
949,9121988196506 32494,117922386667 2,0024739459469143 206,1412287687996 701,7647207707674 394,02490553727586 372,5276292758888 86,89845803801143 5,369760661507415 0,1556479698122822 433,7939584799869 2,0007877797192894 420684,36314195785 1
949,0597865539969 31931,79982991984 1,9782563759914849 205,97352859164252 703,2321812723188 396,1192504107555 371,30338380412985 86,42489680341703 5,386637094599251 0,15736079294530542 437,77231642063254 2,0060144473175874 413631,9170267687 1
937,7176374880908 32106,948865544346 2,004642000310611 214,18929843713377 709,3532632607473 390,3151830026724 368,34034462972625 85,49796441920832 5,3605204583265245 0,1560345350270113 436,665742858537 2,0120668506024844 415983,1978280677 1
942,8893599904326 32496,52659939297 1,9921356788902835 212,48582814680572 708,9551210213191 389,8620577545555 368,9883435441238 86,43947739209355 5,36096678246398 0,15957226289009677 437,205138065543 2,0088574456316683 414212,74863907037 1
933,330796652635 32070,709164313936 3,011478167889366 221,9770406857565 714,8244149735668 399,1552010137502 375,5603313478155 85,7914813154524 5,399447650556962 0,15894721254118951 434,010144554495 1,9895056079123532 416878,38732010627 1
935,5289238511237 32060,02284441973 2,9995854029305358 218,99274507097317 724,1643441733808 394,19222714941054 378,5891179480165 85,10031628726368 5,404842409570966 0,15945696874705323 437,1284774917196 1,9957234784223756 412685,91437755217 1
941,7286382394988 32212,6048034283 1,9908455304847863 196,57666628755632 720,0948456371286 398,7988466477809 380,43356118903165 85,32155994773166 5,406608492232286 0,1598269115156529 436,85881173113535 2,0004240410603287 411397,8082405292 1
936,4270781843167 32299,021391302154 2,013459968056474 194,25987474712062 664,6724050091048 386,8308102909204 367,7483060763399 89,11164546306607 5,333800915508897 0,1609917780989342 433,5757963582188 2,00367916799288 415072,0781228585 1
940,6317580089261 32349,50083951181 2,010573980421637 196,54737698464757 666,0553893790923 389,01746905173337 366,906220402775 89,28493921131651 5,418267329750144 0,16089402722186477 436,5934777604849 2,0262900274622426 415254,48735313705 1
936,428098707301 31952,966539440273 2,988641652469834 214,0546368534695 710,297358337648 404,27574715261306 370,27185782243487 85,39022168007357 5,404459475009556 0,16066914838127103 434,89038512281525 1,9975402265804258 416888,1126919264 1
929,6845886676916 32434,55565590232 2,99460777964358 215,72030569129507 707,3641168749073 404,4765269106887 370,8399180436706 86,14835384852647 5,3888124473298324 0,1620396907380041 432,3882617522794 1,9946781668320333 412285,1478326604 1
946,6873604524676 31990,335651883554 3,0341812611254877 237,6082524044022 737,0485558879766 392,6696264636189 364,67974797114965 83,84835104226109 5,3938836170246445 0,16398417217117467 435,6387338587867 1,9930401400410758 411814,63001243124 1
937,3772266603146 32239,69310199177 2,9984954143639078 237,48831690231773 736,0040717809068 388,6618958222466 365,956111493533 83,33791148923619 5,380402348103831 0,16366428079752468 438,2917398337132 2,0270232006887903 415789,6526309641 1
942,9714259204778 32162,616169425266 1,995683091475172 200,248630342888 692,4152625319878 393,2678478247831 360,6540792724053 86,95300336830927 5,435347493848651 0,1635632400710388 436,3246350291579 2,0031259515429936 419674,2637124873 1
942,1218813059944 31975,117276610807 1,9922523139946207 199,942393122886 692,4012540493683 394,5968310496948 361,1912512548343 86,8589183706972 5,394709681229436 0,16402180189939744 439,95730628369716 2,0061846472898353 415351,8890223728 1
934,1797198356354 32207,46806188074 2,005046209314882 201,05155246578357 702,2299125198308 393,3491450599234 362,0936451179776 86,94974680900361 5,3974623423458095 0,16356738959082748 435,4059931924422 1,9983877602064917 417780,0596572095 1
934,8412997321402 32354,72143606348 2,014232836141111 201,1673095972808 723,4253226311337 394,6483340686851 362,6418231656959 85,32885795014396 5,348571713885071 0,16771785337897055 439,8805672543378 1,9969037131015699 413393,3478492312 1
934,8569213618639 32093,944925135624 2,0113790075339524 199,21245443698905 725,4404615680962 394,75841875297715 364,10427998629825 83,9088900692176 5,40699162153362 0,16274481973564778 439,79237560841534 1,9859987988313519 416333,1481690278 1
933,0841186533502 32337,60372038766 2,0022152235719384 207,3256303282308 702,7152361442014 395,1900633320529 369,8436337337093 86,4108056982541 5,322426302700808 0,16405376002540284 438,93507560813936 2,01120731097889 413559,73599032185 1
933,8995526886978 32487,395510842587 1,984590861716276 208,5526341472563 700,4612391466281 398,4518106239074 373,4010164255429 86,73834060193707 5,393181538912244 0,16441868415407337 439,6396637229029 1,9961715109974216 413599,5580791807 1
936,200027237142 32130,34555455587 2,005966083181886 219,80966260205003 713,903358455437 393,10549353579074 358,3575969040542 84,63846904476763 5,424188230617079 0,16336496117118193 438,8090627630181 2,0079506035894568 412070,6126374883 1
937,4573371161163 32554,387969448566 2,013673755447861 218,89708024007803 716,6939864153554 388,7674275141599 357,2243741580417 85,25588554585319 5,425323856396622 0,1643661960590738 436,8583022912225 2,0075891803746657 414937,007527807 1
929,5317349122884 32133,710346343785 2,0071977447349867 202,5270542580194 698,2519921055966 396,00249591465894 364,3340925298494 86,86994363441053 5,352134555602134 0,16523716648028558 435,04019310946506 1,9962641660872043 418054,9373884989 1
937,4140243195559 32262,494238612213 1,9949475386591473 202,40269829749704 702,3053640920989 396,4439911900609 366,15441375402355 87,16822306812857 5,355561038606743 0,16703265133851147 436,44346069857454 2,012981293149733 415872,7559863739 1
942,5884315553022 32077,790467632713 2,0132315330750266 195,27351709838445 698,5919164122738 392,23163128541114 364,6105732299751 86,79271564721188 5,346907122819919 0,16661355206863004 439,17471227718346 1,983623114317451 415336,6227296117 1
937,6139436894416 32557,08747375715 1,9800996038505334 194,5084125795772 710,9788081020737 392,9656455210374 366,32173168255184 86,16340460462513 5,375058577248197 0,16488586343210784 444,3593706489853 1,993257920209854 413264,0885638998 1
936,3982457781375 32209,60863266252 2,0310024183276356 196,53062315525978 709,507910133418 391,4237217101079 366,161399189737 85,13908274151963 5,400385766326463 0,1657256036941117 437,39143190479274 1,9965807367680501 413831,96740651614 1
937,7389835578992 32240,958315239513 1,988987507698568 199,8290965381689 689,6349394374431 392,5818783582679 361,52064686319886 87,35465086182724 5,409870293182317 0,16579967143824037 436,15015231123147 2,0125963208263564 417129,29648755747 1
934,0782371372414 32368,7816469057 1,9846599342436955 197,25189798911043 690,2681892192692 387,3216115711478 359,3773733845232 87,27447511268318 5,422161085203657 0,16609624998190553 439,12513410452704 1,998368246689822 415671,1052170142 1
940,0182504897975 32396,327566282496 2,0041900331749813 193,91933944345783 690,4237043120669 395,0878893420023 361,40035223195633 87,53177724651775 5,401132929148533 0,1673967475863545 439,228645398497 1,9812991294611544 413371,70538497576 1
939,6427061393243 32264,339017354894 2,0128863370403787 194,18630926568756 692,9833115922712 391,9185911448489 363,3401889715829 86,8513340725542 5,3760760611234515 0,1686363695056931 438,4976555068931 1,9926003217679862 413760,32349066966 1
936,8082907324995 32111,667885366696 1,9972573061517815 202,7895455353445 700,1105508364828 385,0665837766282 366,7263987754374 86,60726366655473 5,384236481886787 0,16888313067415792 439,34846594500334 2,0068807052039705 416673,63431590935 1
931,5594501184185 31893,469881390403 1,9850711249395534 202,92792684387305 700,7242346893842 383,70645922514876 364,03297865204433 87,2880548876921 5,439973680484837 0,16757228901818327 443,6691350350114 2,021034264814232 417187,49479620514 1
939,0264905249612 32292,060370478717 3,023270991164591 218,09572628138787 693,3363450588706 387,79376649261746 363,58962278108424 86,58617205187473 5,400280065477216 0,16894369142353688 442,3282950457683 1,9952753943575388 414288,5027192026 1
945,6030392471029 32363,31109407749 3,0050447329018795 216,66922114418415 724,989343619397 395,21083096980635 361,4802276521288 85,42583789046532 5,42525204035854 0,17122899405392444 444,4628355731813 2,0051433414343682 413230,83230485796 1
931,6384134311659 31763,642667988595 2,9996410077735427 220,06644696460157 718,219709602893 400,83833050090243 362,9709009433381 85,89791884963435 5,373001698004007 0,17036635627933566 443,09576329802104 2,014522507713821 409175,35304541857 1
928,361119718299 32635,228349257 3,0028938333655004 223,3907199346914 724,1268485129671 392,17881901556564 358,40158336666104 85,04862419909307 5,41466933140733 0,17107706582623872 439,09504216962165 2,005175183147962 412075,64434580074 1
